"PreSens Measurement Studio 2","2.0.0.28",""
"Date","Time","Channel","User","SensorID","Sensor_Name","delta_t","Time_Unit","Value","O2_Unit","Mode","Phase","Phase_Unit","Amplitude","Amplitude_Unit","Temp","Temp_Unit","Pressure","Pressure_Unit","Salinity","Salinity_Unit","Error","Cal0","Cal0_Unit","T0","T0_Unit","O2Cal2nd","O2_Unit","Cal2nd","Cal2nd_Unit","T2nd","T2nd_Unit","CalPressure","CalPressure_Unit","f1","dPhi1","dkSv1","dPhi2","dkSv2","m","Cal_Mode","SignalLEDCurrent","User_Signal_Intensity","ReferenceLEDCurrent","Reference_Amplitude","Device_Serial","FwVersion","SwVersion","Sensor_Type","BatchID","Calibration_Date","Sensor_Lot","PreSens_Calibr","Battery_Voltage","Battery_Voltage_Unit"
"10/20/2017","11:09:38","5","default","957498349","OXY5","0.000","min","179.054","μmol/L","Humid","19.673","deg","91301","µV","35.795","°C","1018.000","hPa","37.0","pmil","0","55.500","deg","20.000","°C","100.000","%a.s.","22.500","deg","20.000","°C","1013.000","hPa","0.861","-0.02056","0.00035","-0.00011","0","14.7","Humid","26.25","0","52.00","350975.38","SABD0000000001","AAV1.0.0.11","2.0.0.28","PSt7-10","000000-000","10/20/2017 9:36:39 AM","0000-00","0","no battery","V"
"10/20/2017","11:09:39","5","default","957498349","OXY5","0.018","min","178.325","μmol/L","Humid","19.715","deg","91678","µV","35.799","°C","1018.000","hPa","37.0","pmil","0","55.500","deg","20.000","°C","100.000","%a.s.","22.500","deg","20.000","°C","1013.000","hPa","0.861","-0.02056","0.00035","-0.00011","0","14.7","Humid","26.25","0","52.00","350853.96","SABD0000000001","AAV1.0.0.11","2.0.0.28","PSt7-10","000000-000","10/20/2017 9:36:39 AM","0000-00","0","no battery","V"
"10/20/2017","11:09:40","5","default","957498349","OXY5","0.035","min","177.613","μmol/L","Humid","19.756","deg","91785","µV","35.803","°C","1018.000","hPa","37.0","pmil","0","55.500","deg","20.000","°C","100.000","%a.s.","22.500","deg","20.000","°C","1013.000","hPa","0.861","-0.02056","0.00035","-0.00011","0","14.7","Humid","26.25","0","52.00","350772.95","SABD0000000001","AAV1.0.0.11","2.0.0.28","PSt7-10","000000-000","10/20/2017 9:36:39 AM","0000-00","0","no battery","V"
"10/20/2017","11:09:41","5","default","957498349","OXY5","0.051","min","177.098","μmol/L","Humid","19.788","deg","92157","µV","35.801","°C","1018.000","hPa","37.0","pmil","0","55.500","deg","20.000","°C","100.000","%a.s.","22.500","deg","20.000","°C","1013.000","hPa","0.861","-0.02056","0.00035","-0.00011","0","14.7","Humid","26.25","0","52.00","350721.29","SABD0000000001","AAV1.0.0.11","2.0.0.28","PSt7-10","000000-000","10/20/2017 9:36:39 AM","0000-00","0","no battery","V"
"10/20/2017","11:09:42","5","default","957498349","OXY5","0.068","min","176.446","μmol/L","Humid","19.826","deg","92516","µV","35.805","°C","1018.000","hPa","37.0","pmil","0","55.500","deg","20.000","°C","100.000","%a.s.","22.500","deg","20.000","°C","1013.000","hPa","0.861","-0.02056","0.00035","-0.00011","0","14.7","Humid","26.25","0","52.00","350690.32","SABD0000000001","AAV1.0.0.11","2.0.0.28","PSt7-10","000000-000","10/20/2017 9:36:39 AM","0000-00","0","no battery","V"
"10/20/2017","11:09:43","5","default","957498349","OXY5","0.085","min","175.780","μmol/L","Humid","19.862","deg","92569","µV","35.817","°C","1018.000","hPa","37.0","pmil","0","55.500","deg","20.000","°C","100.000","%a.s.","22.500","deg","20.000","°C","1013.000","hPa","0.861","-0.02056","0.00035","-0.00011","0","14.7","Humid","26.25","0","52.00","350642.04","SABD0000000001","AAV1.0.0.11","2.0.0.28","PSt7-10","000000-000","10/20/2017 9:36:39 AM","0000-00","0","no battery","V"
"10/20/2017","11:09:44","5","default","957498349","OXY5","0.101","min","175.433","μmol/L","Humid","19.898","deg","92689","µV","35.781","°C","1018.000","hPa","37.0","pmil","0","55.500","deg","20.000","°C","100.000","%a.s.","22.500","deg","20.000","°C","1013.000","hPa","0.861","-0.02056","0.00035","-0.00011","0","14.7","Humid","26.25","0","52.00","350620.72","SABD0000000001","AAV1.0.0.11","2.0.0.28","PSt7-10","000000-000","10/20/2017 9:36:39 AM","0000-00","0","no battery","V"
"10/20/2017","11:09:45","5","default","957498349","OXY5","0.118","min","175.004","μmol/L","Humid","19.920","deg","92654","µV","35.791","°C","1018.000","hPa","37.0","pmil","0","55.500","deg","20.000","°C","100.000","%a.s.","22.500","deg","20.000","°C","1013.000","hPa","0.861","-0.02056","0.00035","-0.00011","0","14.7","Humid","26.25","0","52.00","350607.38","SABD0000000001","AAV1.0.0.11","2.0.0.28","PSt7-10","000000-000","10/20/2017 9:36:39 AM","0000-00","0","no battery","V"
"10/20/2017","11:09:46","5","default","957498349","OXY5","0.135","min","174.424","μmol/L","Humid","19.958","deg","92730","µV","35.786","°C","1018.000","hPa","37.0","pmil","0","55.500","deg","20.000","°C","100.000","%a.s.","22.500","deg","20.000","°C","1013.000","hPa","0.861","-0.02056","0.00035","-0.00011","0","14.7","Humid","26.25","0","52.00","350586.98","SABD0000000001","AAV1.0.0.11","2.0.0.28","PSt7-10","000000-000","10/20/2017 9:36:39 AM","0000-00","0","no battery","V"
"10/20/2017","11:09:47","5","default","957498349","OXY5","0.151","min","173.894","μmol/L","Humid","19.985","deg","93124","µV","35.800","°C","1018.000","hPa","37.0","pmil","0","55.500","deg","20.000","°C","100.000","%a.s.","22.500","deg","20.000","°C","1013.000","hPa","0.861","-0.02056","0.00035","-0.00011","0","14.7","Humid","26.25","0","52.00","350573.02","SABD0000000001","AAV1.0.0.11","2.0.0.28","PSt7-10","000000-000","10/20/2017 9:36:39 AM","0000-00","0","no battery","V"
"10/20/2017","11:09:48","5","default","957498349","OXY5","0.168","min","173.428","μmol/L","Humid","20.015","deg","93541","µV","35.798","°C","1018.000","hPa","37.0","pmil","0","55.500","deg","20.000","°C","100.000","%a.s.","22.500","deg","20.000","°C","1013.000","hPa","0.861","-0.02056","0.00035","-0.00011","0","14.7","Humid","26.25","0","52.00","350536.65","SABD0000000001","AAV1.0.0.11","2.0.0.28","PSt7-10","000000-000","10/20/2017 9:36:39 AM","0000-00","0","no battery","V"
"10/20/2017","11:09:49","5","default","957498349","OXY5","0.185","min","173.079","μmol/L","Humid","20.040","deg","93664","µV","35.790","°C","1018.000","hPa","37.0","pmil","0","55.500","deg","20.000","°C","100.000","%a.s.","22.500","deg","20.000","°C","1013.000","hPa","0.861","-0.02056","0.00035","-0.00011","0","14.7","Humid","26.25","0","52.00","350528.86","SABD0000000001","AAV1.0.0.11","2.0.0.28","PSt7-10","000000-000","10/20/2017 9:36:39 AM","0000-00","0","no battery","V"
"10/20/2017","11:09:50","5","default","957498349","OXY5","0.201","min","172.563","μmol/L","Humid","20.072","deg","93834","µV","35.791","°C","1018.000","hPa","37.0","pmil","0","55.500","deg","20.000","°C","100.000","%a.s.","22.500","deg","20.000","°C","1013.000","hPa","0.861","-0.02056","0.00035","-0.00011","0","14.7","Humid","26.25","0","52.00","350526.17","SABD0000000001","AAV1.0.0.11","2.0.0.28","PSt7-10","000000-000","10/20/2017 9:36:39 AM","0000-00","0","no battery","V"
"10/20/2017","11:09:51","5","default","957498349","OXY5","0.218","min","172.022","μmol/L","Humid","20.097","deg","93985","µV","35.813","°C","1018.000","hPa","37.0","pmil","0","55.500","deg","20.000","°C","100.000","%a.s.","22.500","deg","20.000","°C","1013.000","hPa","0.861","-0.02056","0.00035","-0.00011","0","14.7","Humid","26.25","0","52.00","350503.43","SABD0000000001","AAV1.0.0.11","2.0.0.28","PSt7-10","000000-000","10/20/2017 9:36:39 AM","0000-00","0","no battery","V"
"10/20/2017","11:09:52","5","default","957498349","OXY5","0.235","min","171.530","μmol/L","Humid","20.125","deg","94136","µV","35.820","°C","1018.000","hPa","37.0","pmil","0","55.500","deg","20.000","°C","100.000","%a.s.","22.500","deg","20.000","°C","1013.000","hPa","0.861","-0.02056","0.00035","-0.00011","0","14.7","Humid","26.25","0","52.00","350486.27","SABD0000000001","AAV1.0.0.11","2.0.0.28","PSt7-10","000000-000","10/20/2017 9:36:39 AM","0000-00","0","no battery","V"
"10/20/2017","11:09:53","5","default","957498349","OXY5","0.251","min","171.268","μmol/L","Humid","20.152","deg","94274","µV","35.795","°C","1018.000","hPa","37.0","pmil","0","55.500","deg","20.000","°C","100.000","%a.s.","22.500","deg","20.000","°C","1013.000","hPa","0.861","-0.02056","0.00035","-0.00011","0","14.7","Humid","26.25","0","52.00","350475.31","SABD0000000001","AAV1.0.0.11","2.0.0.28","PSt7-10","000000-000","10/20/2017 9:36:39 AM","0000-00","0","no battery","V"
"10/20/2017","11:09:54","5","default","957498349","OXY5","0.268","min","170.940","μmol/L","Humid","20.174","deg","94403","µV","35.792","°C","1018.000","hPa","37.0","pmil","0","55.500","deg","20.000","°C","100.000","%a.s.","22.500","deg","20.000","°C","1013.000","hPa","0.861","-0.02056","0.00035","-0.00011","0","14.7","Humid","26.25","0","52.00","350460.07","SABD0000000001","AAV1.0.0.11","2.0.0.28","PSt7-10","000000-000","10/20/2017 9:36:39 AM","0000-00","0","no battery","V"
"10/20/2017","11:09:55","5","default","957498349","OXY5","0.285","min","170.372","μmol/L","Humid","20.204","deg","94539","µV","35.807","°C","1018.000","hPa","37.0","pmil","0","55.500","deg","20.000","°C","100.000","%a.s.","22.500","deg","20.000","°C","1013.000","hPa","0.861","-0.02056","0.00035","-0.00011","0","14.7","Humid","26.25","0","52.00","350452.36","SABD0000000001","AAV1.0.0.11","2.0.0.28","PSt7-10","000000-000","10/20/2017 9:36:39 AM","0000-00","0","no battery","V"
"10/20/2017","11:09:56","5","default","957498349","OXY5","0.301","min","169.993","μmol/L","Humid","20.232","deg","94688","µV","35.797","°C","1018.000","hPa","37.0","pmil","0","55.500","deg","20.000","°C","100.000","%a.s.","22.500","deg","20.000","°C","1013.000","hPa","0.861","-0.02056","0.00035","-0.00011","0","14.7","Humid","26.25","0","52.00","350421.24","SABD0000000001","AAV1.0.0.11","2.0.0.28","PSt7-10","000000-000","10/20/2017 9:36:39 AM","0000-00","0","no battery","V"
"10/20/2017","11:09:57","5","default","957498349","OXY5","0.318","min","169.641","μmol/L","Humid","20.252","deg","94810","µV","35.803","°C","1018.000","hPa","37.0","pmil","0","55.500","deg","20.000","°C","100.000","%a.s.","22.500","deg","20.000","°C","1013.000","hPa","0.861","-0.02056","0.00035","-0.00011","0","14.7","Humid","26.25","0","52.00","350428.16","SABD0000000001","AAV1.0.0.11","2.0.0.28","PSt7-10","000000-000","10/20/2017 9:36:39 AM","0000-00","0","no battery","V"
"10/20/2017","11:09:58","5","default","957498349","OXY5","0.335","min","169.184","μmol/L","Humid","20.281","deg","94936","µV","35.804","°C","1018.000","hPa","37.0","pmil","0","55.500","deg","20.000","°C","100.000","%a.s.","22.500","deg","20.000","°C","1013.000","hPa","0.861","-0.02056","0.00035","-0.00011","0","14.7","Humid","26.25","0","52.00","350416.28","SABD0000000001","AAV1.0.0.11","2.0.0.28","PSt7-10","000000-000","10/20/2017 9:36:39 AM","0000-00","0","no battery","V"
"10/20/2017","11:09:59","5","default","957498349","OXY5","0.351","min","168.862","μmol/L","Humid","20.301","deg","95042","µV","35.806","°C","1018.000","hPa","37.0","pmil","0","55.500","deg","20.000","°C","100.000","%a.s.","22.500","deg","20.000","°C","1013.000","hPa","0.861","-0.02056","0.00035","-0.00011","0","14.7","Humid","26.25","0","52.00","350409.81","SABD0000000001","AAV1.0.0.11","2.0.0.28","PSt7-10","000000-000","10/20/2017 9:36:39 AM","0000-00","0","no battery","V"
"10/20/2017","11:10:00","5","default","957498349","OXY5","0.368","min","168.518","μmol/L","Humid","20.323","deg","95165","µV","35.807","°C","1018.000","hPa","37.0","pmil","0","55.500","deg","20.000","°C","100.000","%a.s.","22.500","deg","20.000","°C","1013.000","hPa","0.861","-0.02056","0.00035","-0.00011","0","14.7","Humid","26.25","0","52.00","350400.41","SABD0000000001","AAV1.0.0.11","2.0.0.28","PSt7-10","000000-000","10/20/2017 9:36:39 AM","0000-00","0","no battery","V"
"10/20/2017","11:10:01","5","default","957498349","OXY5","0.385","min","168.169","μmol/L","Humid","20.342","deg","95269","µV","35.816","°C","1018.000","hPa","37.0","pmil","0","55.500","deg","20.000","°C","100.000","%a.s.","22.500","deg","20.000","°C","1013.000","hPa","0.861","-0.02056","0.00035","-0.00011","0","14.7","Humid","26.25","0","52.00","350392.73","SABD0000000001","AAV1.0.0.11","2.0.0.28","PSt7-10","000000-000","10/20/2017 9:36:39 AM","0000-00","0","no battery","V"
"10/20/2017","11:10:02","5","default","957498349","OXY5","0.401","min","167.745","μmol/L","Humid","20.370","deg","95380","µV","35.814","°C","1018.000","hPa","37.0","pmil","0","55.500","deg","20.000","°C","100.000","%a.s.","22.500","deg","20.000","°C","1013.000","hPa","0.861","-0.02056","0.00035","-0.00011","0","14.7","Humid","26.25","0","52.00","350398.19","SABD0000000001","AAV1.0.0.11","2.0.0.28","PSt7-10","000000-000","10/20/2017 9:36:39 AM","0000-00","0","no battery","V"
"10/20/2017","11:10:03","5","default","957498349","OXY5","0.418","min","167.576","μmol/L","Humid","20.385","deg","95485","µV","35.805","°C","1018.000","hPa","37.0","pmil","0","55.500","deg","20.000","°C","100.000","%a.s.","22.500","deg","20.000","°C","1013.000","hPa","0.861","-0.02056","0.00035","-0.00011","0","14.7","Humid","26.25","0","52.00","350384.88","SABD0000000001","AAV1.0.0.11","2.0.0.28","PSt7-10","000000-000","10/20/2017 9:36:39 AM","0000-00","0","no battery","V"
"10/20/2017","11:10:04","5","default","957498349","OXY5","0.435","min","167.316","μmol/L","Humid","20.405","deg","95581","µV","35.797","°C","1018.000","hPa","37.0","pmil","0","55.500","deg","20.000","°C","100.000","%a.s.","22.500","deg","20.000","°C","1013.000","hPa","0.861","-0.02056","0.00035","-0.00011","0","14.7","Humid","26.25","0","52.00","350382.56","SABD0000000001","AAV1.0.0.11","2.0.0.28","PSt7-10","000000-000","10/20/2017 9:36:39 AM","0000-00","0","no battery","V"
"10/20/2017","11:10:05","5","default","957498349","OXY5","0.451","min","166.930","μmol/L","Humid","20.427","deg","95673","µV","35.805","°C","1018.000","hPa","37.0","pmil","0","55.500","deg","20.000","°C","100.000","%a.s.","22.500","deg","20.000","°C","1013.000","hPa","0.861","-0.02056","0.00035","-0.00011","0","14.7","Humid","26.25","0","52.00","350359.96","SABD0000000001","AAV1.0.0.11","2.0.0.28","PSt7-10","000000-000","10/20/2017 9:36:39 AM","0000-00","0","no battery","V"
"10/20/2017","11:10:06","5","default","957498349","OXY5","0.468","min","166.765","μmol/L","Humid","20.442","deg","95768","µV","35.795","°C","1018.000","hPa","37.0","pmil","0","55.500","deg","20.000","°C","100.000","%a.s.","22.500","deg","20.000","°C","1013.000","hPa","0.861","-0.02056","0.00035","-0.00011","0","14.7","Humid","26.25","0","52.00","350352.40","SABD0000000001","AAV1.0.0.11","2.0.0.28","PSt7-10","000000-000","10/20/2017 9:36:39 AM","0000-00","0","no battery","V"
"10/20/2017","11:10:07","5","default","957498349","OXY5","0.485","min","166.601","μmol/L","Humid","20.457","deg","95892","µV","35.785","°C","1018.000","hPa","37.0","pmil","0","55.500","deg","20.000","°C","100.000","%a.s.","22.500","deg","20.000","°C","1013.000","hPa","0.861","-0.02056","0.00035","-0.00011","0","14.7","Humid","26.25","0","52.00","350356.24","SABD0000000001","AAV1.0.0.11","2.0.0.28","PSt7-10","000000-000","10/20/2017 9:36:39 AM","0000-00","0","no battery","V"
"10/20/2017","11:10:08","5","default","957498349","OXY5","0.501","min","166.187","μmol/L","Humid","20.474","deg","95902","µV","35.810","°C","1018.000","hPa","37.0","pmil","0","55.500","deg","20.000","°C","100.000","%a.s.","22.500","deg","20.000","°C","1013.000","hPa","0.861","-0.02056","0.00035","-0.00011","0","14.7","Humid","26.25","0","52.00","350351.05","SABD0000000001","AAV1.0.0.11","2.0.0.28","PSt7-10","000000-000","10/20/2017 9:36:39 AM","0000-00","0","no battery","V"
"10/20/2017","11:10:09","5","default","957498349","OXY5","0.518","min","166.018","μmol/L","Humid","20.493","deg","95862","µV","35.791","°C","1018.000","hPa","37.0","pmil","0","55.500","deg","20.000","°C","100.000","%a.s.","22.500","deg","20.000","°C","1013.000","hPa","0.861","-0.02056","0.00035","-0.00011","0","14.7","Humid","26.25","0","52.00","350345.01","SABD0000000001","AAV1.0.0.11","2.0.0.28","PSt7-10","000000-000","10/20/2017 9:36:39 AM","0000-00","0","no battery","V"
"10/20/2017","11:10:10","5","default","957498349","OXY5","0.535","min","165.745","μmol/L","Humid","20.504","deg","95762","µV","35.808","°C","1018.000","hPa","37.0","pmil","0","55.500","deg","20.000","°C","100.000","%a.s.","22.500","deg","20.000","°C","1013.000","hPa","0.861","-0.02056","0.00035","-0.00011","0","14.7","Humid","26.25","0","52.00","350330.53","SABD0000000001","AAV1.0.0.11","2.0.0.28","PSt7-10","000000-000","10/20/2017 9:36:39 AM","0000-00","0","no battery","V"
"10/20/2017","11:10:11","5","default","957498349","OXY5","0.551","min","165.585","μmol/L","Humid","20.518","deg","94733","µV","35.799","°C","1018.000","hPa","37.0","pmil","0","55.500","deg","20.000","°C","100.000","%a.s.","22.500","deg","20.000","°C","1013.000","hPa","0.861","-0.02056","0.00035","-0.00011","0","14.7","Humid","26.25","0","52.00","350339.74","SABD0000000001","AAV1.0.0.11","2.0.0.28","PSt7-10","000000-000","10/20/2017 9:36:39 AM","0000-00","0","no battery","V"
"10/20/2017","11:10:12","5","default","957498349","OXY5","0.568","min","165.209","μmol/L","Humid","20.542","deg","95735","µV","35.802","°C","1018.000","hPa","37.0","pmil","0","55.500","deg","20.000","°C","100.000","%a.s.","22.500","deg","20.000","°C","1013.000","hPa","0.861","-0.02056","0.00035","-0.00011","0","14.7","Humid","26.25","0","52.00","350325.94","SABD0000000001","AAV1.0.0.11","2.0.0.28","PSt7-10","000000-000","10/20/2017 9:36:39 AM","0000-00","0","no battery","V"
"10/20/2017","11:10:13","5","default","957498349","OXY5","0.585","min","164.986","μmol/L","Humid","20.556","deg","95716","µV","35.803","°C","1018.000","hPa","37.0","pmil","0","55.500","deg","20.000","°C","100.000","%a.s.","22.500","deg","20.000","°C","1013.000","hPa","0.861","-0.02056","0.00035","-0.00011","0","14.7","Humid","26.25","0","52.00","350321.25","SABD0000000001","AAV1.0.0.11","2.0.0.28","PSt7-10","000000-000","10/20/2017 9:36:39 AM","0000-00","0","no battery","V"
"10/20/2017","11:10:14","5","default","957498349","OXY5","0.601","min","164.835","μmol/L","Humid","20.568","deg","95679","µV","35.799","°C","1018.000","hPa","37.0","pmil","0","55.500","deg","20.000","°C","100.000","%a.s.","22.500","deg","20.000","°C","1013.000","hPa","0.861","-0.02056","0.00035","-0.00011","0","14.7","Humid","26.25","0","52.00","350320.66","SABD0000000001","AAV1.0.0.11","2.0.0.28","PSt7-10","000000-000","10/20/2017 9:36:39 AM","0000-00","0","no battery","V"
"10/20/2017","11:10:15","5","default","957498349","OXY5","0.618","min","164.574","μmol/L","Humid","20.583","deg","95797","µV","35.805","°C","1018.000","hPa","37.0","pmil","0","55.500","deg","20.000","°C","100.000","%a.s.","22.500","deg","20.000","°C","1013.000","hPa","0.861","-0.02056","0.00035","-0.00011","0","14.7","Humid","26.25","0","52.00","350311.02","SABD0000000001","AAV1.0.0.11","2.0.0.28","PSt7-10","000000-000","10/20/2017 9:36:39 AM","0000-00","0","no battery","V"
"10/20/2017","11:10:16","5","default","957498349","OXY5","0.635","min","164.521","μmol/L","Humid","20.592","deg","95793","µV","35.791","°C","1018.000","hPa","37.0","pmil","0","55.500","deg","20.000","°C","100.000","%a.s.","22.500","deg","20.000","°C","1013.000","hPa","0.861","-0.02056","0.00035","-0.00011","0","14.7","Humid","26.25","0","52.00","350306.33","SABD0000000001","AAV1.0.0.11","2.0.0.28","PSt7-10","000000-000","10/20/2017 9:36:39 AM","0000-00","0","no battery","V"
"10/20/2017","11:10:17","5","default","957498349","OXY5","0.651","min","164.267","μmol/L","Humid","20.604","deg","95876","µV","35.803","°C","1018.000","hPa","37.0","pmil","0","55.500","deg","20.000","°C","100.000","%a.s.","22.500","deg","20.000","°C","1013.000","hPa","0.861","-0.02056","0.00035","-0.00011","0","14.7","Humid","26.25","0","52.00","350287.69","SABD0000000001","AAV1.0.0.11","2.0.0.28","PSt7-10","000000-000","10/20/2017 9:36:39 AM","0000-00","0","no battery","V"
"10/20/2017","11:10:18","5","default","957498349","OXY5","0.668","min","164.095","μmol/L","Humid","20.622","deg","95936","µV","35.788","°C","1018.000","hPa","37.0","pmil","0","55.500","deg","20.000","°C","100.000","%a.s.","22.500","deg","20.000","°C","1013.000","hPa","0.861","-0.02056","0.00035","-0.00011","0","14.7","Humid","26.25","0","52.00","350296.50","SABD0000000001","AAV1.0.0.11","2.0.0.28","PSt7-10","000000-000","10/20/2017 9:36:39 AM","0000-00","0","no battery","V"
"10/20/2017","11:10:19","5","default","957498349","OXY5","0.685","min","163.965","μmol/L","Humid","20.628","deg","95982","µV","35.794","°C","1018.000","hPa","37.0","pmil","0","55.500","deg","20.000","°C","100.000","%a.s.","22.500","deg","20.000","°C","1013.000","hPa","0.861","-0.02056","0.00035","-0.00011","0","14.7","Humid","26.25","0","52.00","350299.13","SABD0000000001","AAV1.0.0.11","2.0.0.28","PSt7-10","000000-000","10/20/2017 9:36:39 AM","0000-00","0","no battery","V"
"10/20/2017","11:10:20","5","default","957498349","OXY5","0.701","min","163.737","μmol/L","Humid","20.642","deg","96056","µV","35.798","°C","1018.000","hPa","37.0","pmil","0","55.500","deg","20.000","°C","100.000","%a.s.","22.500","deg","20.000","°C","1013.000","hPa","0.861","-0.02056","0.00035","-0.00011","0","14.7","Humid","26.25","0","52.00","350300.47","SABD0000000001","AAV1.0.0.11","2.0.0.28","PSt7-10","000000-000","10/20/2017 9:36:39 AM","0000-00","0","no battery","V"
"10/20/2017","11:10:21","5","default","957498349","OXY5","0.718","min","163.583","μmol/L","Humid","20.652","deg","96102","µV","35.798","°C","1018.000","hPa","37.0","pmil","0","55.500","deg","20.000","°C","100.000","%a.s.","22.500","deg","20.000","°C","1013.000","hPa","0.861","-0.02056","0.00035","-0.00011","0","14.7","Humid","26.25","0","52.00","350304.31","SABD0000000001","AAV1.0.0.11","2.0.0.28","PSt7-10","000000-000","10/20/2017 9:36:39 AM","0000-00","0","no battery","V"
"10/20/2017","11:10:22","5","default","957498349","OXY5","0.734","min","163.411","μmol/L","Humid","20.665","deg","96172","µV","35.795","°C","1018.000","hPa","37.0","pmil","0","55.500","deg","20.000","°C","100.000","%a.s.","22.500","deg","20.000","°C","1013.000","hPa","0.861","-0.02056","0.00035","-0.00011","0","14.7","Humid","26.25","0","52.00","350274.05","SABD0000000001","AAV1.0.0.11","2.0.0.28","PSt7-10","000000-000","10/20/2017 9:36:39 AM","0000-00","0","no battery","V"
"10/20/2017","11:10:23","5","default","957498349","OXY5","0.752","min","163.196","μmol/L","Humid","20.681","deg","96213","µV","35.791","°C","1018.000","hPa","37.0","pmil","0","55.500","deg","20.000","°C","100.000","%a.s.","22.500","deg","20.000","°C","1013.000","hPa","0.861","-0.02056","0.00035","-0.00011","0","14.7","Humid","26.25","0","52.00","350271.13","SABD0000000001","AAV1.0.0.11","2.0.0.28","PSt7-10","000000-000","10/20/2017 9:36:39 AM","0000-00","0","no battery","V"
"10/20/2017","11:10:24","5","default","957498349","OXY5","0.768","min","163.007","μmol/L","Humid","20.689","deg","96290","µV","35.803","°C","1018.000","hPa","37.0","pmil","0","55.500","deg","20.000","°C","100.000","%a.s.","22.500","deg","20.000","°C","1013.000","hPa","0.861","-0.02056","0.00035","-0.00011","0","14.7","Humid","26.25","0","52.00","350237.14","SABD0000000001","AAV1.0.0.11","2.0.0.28","PSt7-10","000000-000","10/20/2017 9:36:39 AM","0000-00","0","no battery","V"
"10/20/2017","11:10:25","5","default","957498349","OXY5","0.785","min","162.821","μmol/L","Humid","20.702","deg","96331","µV","35.802","°C","1018.000","hPa","37.0","pmil","0","55.500","deg","20.000","°C","100.000","%a.s.","22.500","deg","20.000","°C","1013.000","hPa","0.861","-0.02056","0.00035","-0.00011","0","14.7","Humid","26.25","0","52.00","350251.69","SABD0000000001","AAV1.0.0.11","2.0.0.28","PSt7-10","000000-000","10/20/2017 9:36:39 AM","0000-00","0","no battery","V"
"10/20/2017","11:10:26","5","default","957498349","OXY5","0.802","min","162.622","μmol/L","Humid","20.715","deg","96390","µV","35.803","°C","1018.000","hPa","37.0","pmil","0","55.500","deg","20.000","°C","100.000","%a.s.","22.500","deg","20.000","°C","1013.000","hPa","0.861","-0.02056","0.00035","-0.00011","0","14.7","Humid","26.25","0","52.00","350258.48","SABD0000000001","AAV1.0.0.11","2.0.0.28","PSt7-10","000000-000","10/20/2017 9:36:39 AM","0000-00","0","no battery","V"
"10/20/2017","11:10:27","5","default","957498349","OXY5","0.818","min","162.578","μmol/L","Humid","20.721","deg","96436","µV","35.796","°C","1018.000","hPa","37.0","pmil","0","55.500","deg","20.000","°C","100.000","%a.s.","22.500","deg","20.000","°C","1013.000","hPa","0.861","-0.02056","0.00035","-0.00011","0","14.7","Humid","26.25","0","52.00","350238.08","SABD0000000001","AAV1.0.0.11","2.0.0.28","PSt7-10","000000-000","10/20/2017 9:36:39 AM","0000-00","0","no battery","V"
"10/20/2017","11:10:28","5","default","957498349","OXY5","0.835","min","162.411","μmol/L","Humid","20.731","deg","96490","µV","35.799","°C","1018.000","hPa","37.0","pmil","0","55.500","deg","20.000","°C","100.000","%a.s.","22.500","deg","20.000","°C","1013.000","hPa","0.861","-0.02056","0.00035","-0.00011","0","14.7","Humid","26.25","0","52.00","350243.47","SABD0000000001","AAV1.0.0.11","2.0.0.28","PSt7-10","000000-000","10/20/2017 9:36:39 AM","0000-00","0","no battery","V"
"10/20/2017","11:10:29","5","default","957498349","OXY5","0.852","min","162.267","μmol/L","Humid","20.740","deg","96530","µV","35.801","°C","1018.000","hPa","37.0","pmil","0","55.500","deg","20.000","°C","100.000","%a.s.","22.500","deg","20.000","°C","1013.000","hPa","0.861","-0.02056","0.00035","-0.00011","0","14.7","Humid","26.25","0","52.00","350241.86","SABD0000000001","AAV1.0.0.11","2.0.0.28","PSt7-10","000000-000","10/20/2017 9:36:39 AM","0000-00","0","no battery","V"
"10/20/2017","11:10:30","5","default","957498349","OXY5","0.868","min","162.022","μmol/L","Humid","20.751","deg","96563","µV","35.814","°C","1018.000","hPa","37.0","pmil","0","55.500","deg","20.000","°C","100.000","%a.s.","22.500","deg","20.000","°C","1013.000","hPa","0.861","-0.02056","0.00035","-0.00011","0","14.7","Humid","26.25","0","52.00","350233.95","SABD0000000001","AAV1.0.0.11","2.0.0.28","PSt7-10","000000-000","10/20/2017 9:36:39 AM","0000-00","0","no battery","V"
"10/20/2017","11:10:31","5","default","957498349","OXY5","0.885","min","162.059","μmol/L","Humid","20.757","deg","96607","µV","35.794","°C","1018.000","hPa","37.0","pmil","0","55.500","deg","20.000","°C","100.000","%a.s.","22.500","deg","20.000","°C","1013.000","hPa","0.861","-0.02056","0.00035","-0.00011","0","14.7","Humid","26.25","0","52.00","350206.32","SABD0000000001","AAV1.0.0.11","2.0.0.28","PSt7-10","000000-000","10/20/2017 9:36:39 AM","0000-00","0","no battery","V"
"10/20/2017","11:10:32","5","default","957498349","OXY5","0.902","min","161.850","μmol/L","Humid","20.764","deg","96638","µV","35.811","°C","1018.000","hPa","37.0","pmil","0","55.500","deg","20.000","°C","100.000","%a.s.","22.500","deg","20.000","°C","1013.000","hPa","0.861","-0.02056","0.00035","-0.00011","0","14.7","Humid","26.25","0","52.00","350216.05","SABD0000000001","AAV1.0.0.11","2.0.0.28","PSt7-10","000000-000","10/20/2017 9:36:39 AM","0000-00","0","no battery","V"
"10/20/2017","11:10:33","5","default","957498349","OXY5","0.918","min","161.801","μmol/L","Humid","20.769","deg","96669","µV","35.807","°C","1018.000","hPa","37.0","pmil","0","55.500","deg","20.000","°C","100.000","%a.s.","22.500","deg","20.000","°C","1013.000","hPa","0.861","-0.02056","0.00035","-0.00011","0","14.7","Humid","26.25","0","52.00","350194.66","SABD0000000001","AAV1.0.0.11","2.0.0.28","PSt7-10","000000-000","10/20/2017 9:36:39 AM","0000-00","0","no battery","V"
"10/20/2017","11:10:34","5","default","957498349","OXY5","0.935","min","161.570","μmol/L","Humid","20.782","deg","96718","µV","35.814","°C","1018.000","hPa","37.0","pmil","0","55.500","deg","20.000","°C","100.000","%a.s.","22.500","deg","20.000","°C","1013.000","hPa","0.861","-0.02056","0.00035","-0.00011","0","14.7","Humid","26.25","0","52.00","350198.38","SABD0000000001","AAV1.0.0.11","2.0.0.28","PSt7-10","000000-000","10/20/2017 9:36:39 AM","0000-00","0","no battery","V"
"10/20/2017","11:10:35","5","default","957498349","OXY5","0.952","min","161.566","μmol/L","Humid","20.791","deg","96756","µV","35.793","°C","1018.000","hPa","37.0","pmil","0","55.500","deg","20.000","°C","100.000","%a.s.","22.500","deg","20.000","°C","1013.000","hPa","0.861","-0.02056","0.00035","-0.00011","0","14.7","Humid","26.25","0","52.00","350191.23","SABD0000000001","AAV1.0.0.11","2.0.0.28","PSt7-10","000000-000","10/20/2017 9:36:39 AM","0000-00","0","no battery","V"
"10/20/2017","11:10:36","5","default","957498349","OXY5","0.968","min","161.558","μmol/L","Humid","20.794","deg","96806","µV","35.787","°C","1018.000","hPa","37.0","pmil","0","55.500","deg","20.000","°C","100.000","%a.s.","22.500","deg","20.000","°C","1013.000","hPa","0.861","-0.02056","0.00035","-0.00011","0","14.7","Humid","26.25","0","52.00","350185.41","SABD0000000001","AAV1.0.0.11","2.0.0.28","PSt7-10","000000-000","10/20/2017 9:36:39 AM","0000-00","0","no battery","V"
"10/20/2017","11:10:37","5","default","957498349","OXY5","0.985","min","161.331","μmol/L","Humid","20.806","deg","96834","µV","35.795","°C","1018.000","hPa","37.0","pmil","0","55.500","deg","20.000","°C","100.000","%a.s.","22.500","deg","20.000","°C","1013.000","hPa","0.861","-0.02056","0.00035","-0.00011","0","14.7","Humid","26.25","0","52.00","350182.28","SABD0000000001","AAV1.0.0.11","2.0.0.28","PSt7-10","000000-000","10/20/2017 9:36:39 AM","0000-00","0","no battery","V"
"10/20/2017","11:10:38","5","default","957498349","OXY5","1.002","min","161.321","μmol/L","Humid","20.809","deg","96860","µV","35.790","°C","1018.000","hPa","37.0","pmil","0","55.500","deg","20.000","°C","100.000","%a.s.","22.500","deg","20.000","°C","1013.000","hPa","0.861","-0.02056","0.00035","-0.00011","0","14.7","Humid","26.25","0","52.00","350175.65","SABD0000000001","AAV1.0.0.11","2.0.0.28","PSt7-10","000000-000","10/20/2017 9:36:39 AM","0000-00","0","no battery","V"
"10/20/2017","11:10:39","5","default","957498349","OXY5","1.018","min","161.028","μmol/L","Humid","20.820","deg","96892","µV","35.812","°C","1018.000","hPa","37.0","pmil","0","55.500","deg","20.000","°C","100.000","%a.s.","22.500","deg","20.000","°C","1013.000","hPa","0.861","-0.02056","0.00035","-0.00011","0","14.7","Humid","26.25","0","52.00","350185.49","SABD0000000001","AAV1.0.0.11","2.0.0.28","PSt7-10","000000-000","10/20/2017 9:36:39 AM","0000-00","0","no battery","V"
"10/20/2017","11:10:40","5","default","957498349","OXY5","1.035","min","160.987","μmol/L","Humid","20.825","deg","96931","µV","35.807","°C","1018.000","hPa","37.0","pmil","0","55.500","deg","20.000","°C","100.000","%a.s.","22.500","deg","20.000","°C","1013.000","hPa","0.861","-0.02056","0.00035","-0.00011","0","14.7","Humid","26.25","0","52.00","350183.42","SABD0000000001","AAV1.0.0.11","2.0.0.28","PSt7-10","000000-000","10/20/2017 9:36:39 AM","0000-00","0","no battery","V"
"10/20/2017","11:10:41","5","default","957498349","OXY5","1.052","min","160.950","μmol/L","Humid","20.830","deg","96909","µV","35.801","°C","1018.000","hPa","37.0","pmil","0","55.500","deg","20.000","°C","100.000","%a.s.","22.500","deg","20.000","°C","1013.000","hPa","0.861","-0.02056","0.00035","-0.00011","0","14.7","Humid","26.25","0","52.00","350172.33","SABD0000000001","AAV1.0.0.11","2.0.0.28","PSt7-10","000000-000","10/20/2017 9:36:39 AM","0000-00","0","no battery","V"
"10/20/2017","11:10:42","5","default","957498349","OXY5","1.068","min","160.775","μmol/L","Humid","20.843","deg","96957","µV","35.798","°C","1018.000","hPa","37.0","pmil","0","55.500","deg","20.000","°C","100.000","%a.s.","22.500","deg","20.000","°C","1013.000","hPa","0.861","-0.02056","0.00035","-0.00011","0","14.7","Humid","26.25","0","52.00","350161.26","SABD0000000001","AAV1.0.0.11","2.0.0.28","PSt7-10","000000-000","10/20/2017 9:36:39 AM","0000-00","0","no battery","V"
"10/20/2017","11:10:43","5","default","957498349","OXY5","1.085","min","160.689","μmol/L","Humid","20.848","deg","96992","µV","35.801","°C","1018.000","hPa","37.0","pmil","0","55.500","deg","20.000","°C","100.000","%a.s.","22.500","deg","20.000","°C","1013.000","hPa","0.861","-0.02056","0.00035","-0.00011","0","14.7","Humid","26.25","0","52.00","350164.77","SABD0000000001","AAV1.0.0.11","2.0.0.28","PSt7-10","000000-000","10/20/2017 9:36:39 AM","0000-00","0","no battery","V"
"10/20/2017","11:10:44","5","default","957498349","OXY5","1.102","min","160.712","μmol/L","Humid","20.850","deg","97035","µV","35.792","°C","1018.000","hPa","37.0","pmil","0","55.500","deg","20.000","°C","100.000","%a.s.","22.500","deg","20.000","°C","1013.000","hPa","0.861","-0.02056","0.00035","-0.00011","0","14.7","Humid","26.25","0","52.00","350159.60","SABD0000000001","AAV1.0.0.11","2.0.0.28","PSt7-10","000000-000","10/20/2017 9:36:39 AM","0000-00","0","no battery","V"
"10/20/2017","11:10:45","5","default","957498349","OXY5","1.118","min","160.675","μmol/L","Humid","20.853","deg","97072","µV","35.791","°C","1018.000","hPa","37.0","pmil","0","55.500","deg","20.000","°C","100.000","%a.s.","22.500","deg","20.000","°C","1013.000","hPa","0.861","-0.02056","0.00035","-0.00011","0","14.7","Humid","26.25","0","52.00","350161.82","SABD0000000001","AAV1.0.0.11","2.0.0.28","PSt7-10","000000-000","10/20/2017 9:36:39 AM","0000-00","0","no battery","V"
"10/20/2017","11:10:46","5","default","957498349","OXY5","1.135","min","160.506","μmol/L","Humid","20.860","deg","97089","µV","35.802","°C","1018.000","hPa","37.0","pmil","0","55.500","deg","20.000","°C","100.000","%a.s.","22.500","deg","20.000","°C","1013.000","hPa","0.861","-0.02056","0.00035","-0.00011","0","14.7","Humid","26.25","0","52.00","350166.55","SABD0000000001","AAV1.0.0.11","2.0.0.28","PSt7-10","000000-000","10/20/2017 9:36:39 AM","0000-00","0","no battery","V"
"10/20/2017","11:10:47","5","default","957498349","OXY5","1.152","min","160.505","μmol/L","Humid","20.868","deg","97123","µV","35.783","°C","1018.000","hPa","37.0","pmil","0","55.500","deg","20.000","°C","100.000","%a.s.","22.500","deg","20.000","°C","1013.000","hPa","0.861","-0.02056","0.00035","-0.00011","0","14.7","Humid","26.25","0","52.00","350165.46","SABD0000000001","AAV1.0.0.11","2.0.0.28","PSt7-10","000000-000","10/20/2017 9:36:39 AM","0000-00","0","no battery","V"
"10/20/2017","11:10:48","5","default","957498349","OXY5","1.168","min","160.424","μmol/L","Humid","20.872","deg","97130","µV","35.787","°C","1018.000","hPa","37.0","pmil","0","55.500","deg","20.000","°C","100.000","%a.s.","22.500","deg","20.000","°C","1013.000","hPa","0.861","-0.02056","0.00035","-0.00011","0","14.7","Humid","26.25","0","52.00","350150.06","SABD0000000001","AAV1.0.0.11","2.0.0.28","PSt7-10","000000-000","10/20/2017 9:36:39 AM","0000-00","0","no battery","V"
"10/20/2017","11:10:49","5","default","957498349","OXY5","1.185","min","160.240","μmol/L","Humid","20.875","deg","97156","µV","35.810","°C","1018.000","hPa","37.0","pmil","0","55.500","deg","20.000","°C","100.000","%a.s.","22.500","deg","20.000","°C","1013.000","hPa","0.861","-0.02056","0.00035","-0.00011","0","14.7","Humid","26.25","0","52.00","350151.06","SABD0000000001","AAV1.0.0.11","2.0.0.28","PSt7-10","000000-000","10/20/2017 9:36:39 AM","0000-00","0","no battery","V"
"10/20/2017","11:10:50","5","default","957498349","OXY5","1.202","min","160.266","μmol/L","Humid","20.880","deg","97174","µV","35.794","°C","1018.000","hPa","37.0","pmil","0","55.500","deg","20.000","°C","100.000","%a.s.","22.500","deg","20.000","°C","1013.000","hPa","0.861","-0.02056","0.00035","-0.00011","0","14.7","Humid","26.25","0","52.00","350123.89","SABD0000000001","AAV1.0.0.11","2.0.0.28","PSt7-10","000000-000","10/20/2017 9:36:39 AM","0000-00","0","no battery","V"
"10/20/2017","11:10:51","5","default","957498349","OXY5","1.218","min","160.109","μmol/L","Humid","20.886","deg","97195","µV","35.805","°C","1018.000","hPa","37.0","pmil","0","55.500","deg","20.000","°C","100.000","%a.s.","22.500","deg","20.000","°C","1013.000","hPa","0.861","-0.02056","0.00035","-0.00011","0","14.7","Humid","26.25","0","52.00","350147.50","SABD0000000001","AAV1.0.0.11","2.0.0.28","PSt7-10","000000-000","10/20/2017 9:36:39 AM","0000-00","0","no battery","V"
"10/20/2017","11:10:52","5","default","957498349","OXY5","1.235","min","160.058","μmol/L","Humid","20.891","deg","97373","µV","35.802","°C","1018.000","hPa","37.0","pmil","0","55.500","deg","20.000","°C","100.000","%a.s.","22.500","deg","20.000","°C","1013.000","hPa","0.861","-0.02056","0.00035","-0.00011","0","14.7","Humid","26.25","0","52.00","350136.65","SABD0000000001","AAV1.0.0.11","2.0.0.28","PSt7-10","000000-000","10/20/2017 9:36:39 AM","0000-00","0","no battery","V"
"10/20/2017","11:10:53","5","default","957498349","OXY5","1.252","min","159.964","μmol/L","Humid","20.897","deg","97408","µV","35.803","°C","1018.000","hPa","37.0","pmil","0","55.500","deg","20.000","°C","100.000","%a.s.","22.500","deg","20.000","°C","1013.000","hPa","0.861","-0.02056","0.00035","-0.00011","0","14.7","Humid","26.25","0","52.00","350143.72","SABD0000000001","AAV1.0.0.11","2.0.0.28","PSt7-10","000000-000","10/20/2017 9:36:39 AM","0000-00","0","no battery","V"
"10/20/2017","11:10:54","5","default","957498349","OXY5","1.268","min","159.943","μmol/L","Humid","20.900","deg","97422","µV","35.799","°C","1018.000","hPa","37.0","pmil","0","55.500","deg","20.000","°C","100.000","%a.s.","22.500","deg","20.000","°C","1013.000","hPa","0.861","-0.02056","0.00035","-0.00011","0","14.7","Humid","26.25","0","52.00","350123.01","SABD0000000001","AAV1.0.0.11","2.0.0.28","PSt7-10","000000-000","10/20/2017 9:36:39 AM","0000-00","0","no battery","V"
"10/20/2017","11:10:55","5","default","957498349","OXY5","1.284","min","159.991","μmol/L","Humid","20.900","deg","97406","µV","35.791","°C","1018.000","hPa","37.0","pmil","0","55.500","deg","20.000","°C","100.000","%a.s.","22.500","deg","20.000","°C","1013.000","hPa","0.861","-0.02056","0.00035","-0.00011","0","14.7","Humid","26.25","0","52.00","350116.45","SABD0000000001","AAV1.0.0.11","2.0.0.28","PSt7-10","000000-000","10/20/2017 9:36:39 AM","0000-00","0","no battery","V"
"10/20/2017","11:10:56","5","default","957498349","OXY5","1.301","min","159.805","μmol/L","Humid","20.905","deg","97333","µV","35.810","°C","1018.000","hPa","37.0","pmil","0","55.500","deg","20.000","°C","100.000","%a.s.","22.500","deg","20.000","°C","1013.000","hPa","0.861","-0.02056","0.00035","-0.00011","0","14.7","Humid","26.25","0","52.00","350114.31","SABD0000000001","AAV1.0.0.11","2.0.0.28","PSt7-10","000000-000","10/20/2017 9:36:39 AM","0000-00","0","no battery","V"
"10/20/2017","11:10:57","5","default","957498349","OXY5","1.318","min","159.773","μmol/L","Humid","20.910","deg","97194","µV","35.804","°C","1018.000","hPa","37.0","pmil","0","55.500","deg","20.000","°C","100.000","%a.s.","22.500","deg","20.000","°C","1013.000","hPa","0.861","-0.02056","0.00035","-0.00011","0","14.7","Humid","26.25","0","52.00","350121.31","SABD0000000001","AAV1.0.0.11","2.0.0.28","PSt7-10","000000-000","10/20/2017 9:36:39 AM","0000-00","0","no battery","V"
"10/20/2017","11:10:58","5","default","957498349","OXY5","1.334","min","159.624","μmol/L","Humid","20.916","deg","97329","µV","35.814","°C","1018.000","hPa","37.0","pmil","0","55.500","deg","20.000","°C","100.000","%a.s.","22.500","deg","20.000","°C","1013.000","hPa","0.861","-0.02056","0.00035","-0.00011","0","14.7","Humid","26.25","0","52.00","350118.48","SABD0000000001","AAV1.0.0.11","2.0.0.28","PSt7-10","000000-000","10/20/2017 9:36:39 AM","0000-00","0","no battery","V"
"10/20/2017","11:10:59","5","default","957498349","OXY5","1.351","min","159.667","μmol/L","Humid","20.919","deg","97288","µV","35.800","°C","1018.000","hPa","37.0","pmil","0","55.500","deg","20.000","°C","100.000","%a.s.","22.500","deg","20.000","°C","1013.000","hPa","0.861","-0.02056","0.00035","-0.00011","0","14.7","Humid","26.25","0","52.00","350118.57","SABD0000000001","AAV1.0.0.11","2.0.0.28","PSt7-10","000000-000","10/20/2017 9:36:39 AM","0000-00","0","no battery","V"
"10/20/2017","11:11:00","5","default","957498349","OXY5","1.368","min","159.681","μmol/L","Humid","20.923","deg","97309","µV","35.788","°C","1018.000","hPa","37.0","pmil","0","55.500","deg","20.000","°C","100.000","%a.s.","22.500","deg","20.000","°C","1013.000","hPa","0.861","-0.02056","0.00035","-0.00011","0","14.7","Humid","26.25","0","52.00","350127.26","SABD0000000001","AAV1.0.0.11","2.0.0.28","PSt7-10","000000-000","10/20/2017 9:36:39 AM","0000-00","0","no battery","V"
"10/20/2017","11:11:01","5","default","957498349","OXY5","1.384","min","159.539","μmol/L","Humid","20.929","deg","97307","µV","35.797","°C","1018.000","hPa","37.0","pmil","0","55.500","deg","20.000","°C","100.000","%a.s.","22.500","deg","20.000","°C","1013.000","hPa","0.861","-0.02056","0.00035","-0.00011","0","14.7","Humid","26.25","0","52.00","350116.70","SABD0000000001","AAV1.0.0.11","2.0.0.28","PSt7-10","000000-000","10/20/2017 9:36:39 AM","0000-00","0","no battery","V"
"10/20/2017","11:11:02","5","default","957498349","OXY5","1.401","min","159.507","μmol/L","Humid","20.929","deg","97416","µV","35.802","°C","1018.000","hPa","37.0","pmil","0","55.500","deg","20.000","°C","100.000","%a.s.","22.500","deg","20.000","°C","1013.000","hPa","0.861","-0.02056","0.00035","-0.00011","0","14.7","Humid","26.25","0","52.00","350123.69","SABD0000000001","AAV1.0.0.11","2.0.0.28","PSt7-10","000000-000","10/20/2017 9:36:39 AM","0000-00","0","no battery","V"
"10/20/2017","11:11:03","5","default","957498349","OXY5","1.418","min","159.470","μmol/L","Humid","20.932","deg","96992","µV","35.801","°C","1018.000","hPa","37.0","pmil","0","55.500","deg","20.000","°C","100.000","%a.s.","22.500","deg","20.000","°C","1013.000","hPa","0.861","-0.02056","0.00035","-0.00011","0","14.7","Humid","26.25","0","52.00","350105.67","SABD0000000001","AAV1.0.0.11","2.0.0.28","PSt7-10","000000-000","10/20/2017 9:36:39 AM","0000-00","0","no battery","V"
"10/20/2017","11:11:04","5","default","957498349","OXY5","1.434","min","159.453","μmol/L","Humid","20.937","deg","96979","µV","35.792","°C","1018.000","hPa","37.0","pmil","0","55.500","deg","20.000","°C","100.000","%a.s.","22.500","deg","20.000","°C","1013.000","hPa","0.861","-0.02056","0.00035","-0.00011","0","14.7","Humid","26.25","0","52.00","350101.65","SABD0000000001","AAV1.0.0.11","2.0.0.28","PSt7-10","000000-000","10/20/2017 9:36:39 AM","0000-00","0","no battery","V"
"10/20/2017","11:11:05","5","default","957498349","OXY5","1.451","min","159.328","μmol/L","Humid","20.941","deg","97008","µV","35.803","°C","1018.000","hPa","37.0","pmil","0","55.500","deg","20.000","°C","100.000","%a.s.","22.500","deg","20.000","°C","1013.000","hPa","0.861","-0.02056","0.00035","-0.00011","0","14.7","Humid","26.25","0","52.00","350102.20","SABD0000000001","AAV1.0.0.11","2.0.0.28","PSt7-10","000000-000","10/20/2017 9:36:39 AM","0000-00","0","no battery","V"
"10/20/2017","11:11:06","5","default","957498349","OXY5","1.468","min","159.329","μmol/L","Humid","20.945","deg","97009","µV","35.794","°C","1018.000","hPa","37.0","pmil","0","55.500","deg","20.000","°C","100.000","%a.s.","22.500","deg","20.000","°C","1013.000","hPa","0.861","-0.02056","0.00035","-0.00011","0","14.7","Humid","26.25","0","52.00","350104.32","SABD0000000001","AAV1.0.0.11","2.0.0.28","PSt7-10","000000-000","10/20/2017 9:36:39 AM","0000-00","0","no battery","V"
"10/20/2017","11:11:07","5","default","957498349","OXY5","1.485","min","159.285","μmol/L","Humid","20.949","deg","97050","µV","35.791","°C","1018.000","hPa","37.0","pmil","0","55.500","deg","20.000","°C","100.000","%a.s.","22.500","deg","20.000","°C","1013.000","hPa","0.861","-0.02056","0.00035","-0.00011","0","14.7","Humid","26.25","0","52.00","350110.28","SABD0000000001","AAV1.0.0.11","2.0.0.28","PSt7-10","000000-000","10/20/2017 9:36:39 AM","0000-00","0","no battery","V"
"10/20/2017","11:11:08","5","default","957498349","OXY5","1.501","min","159.173","μmol/L","Humid","20.951","deg","97061","µV","35.805","°C","1018.000","hPa","37.0","pmil","0","55.500","deg","20.000","°C","100.000","%a.s.","22.500","deg","20.000","°C","1013.000","hPa","0.861","-0.02056","0.00035","-0.00011","0","14.7","Humid","26.25","0","52.00","350099.84","SABD0000000001","AAV1.0.0.11","2.0.0.28","PSt7-10","000000-000","10/20/2017 9:36:39 AM","0000-00","0","no battery","V"
"10/20/2017","11:11:09","5","default","957498349","OXY5","1.518","min","159.182","μmol/L","Humid","20.954","deg","97075","µV","35.797","°C","1018.000","hPa","37.0","pmil","0","55.500","deg","20.000","°C","100.000","%a.s.","22.500","deg","20.000","°C","1013.000","hPa","0.861","-0.02056","0.00035","-0.00011","0","14.7","Humid","26.25","0","52.00","350082.34","SABD0000000001","AAV1.0.0.11","2.0.0.28","PSt7-10","000000-000","10/20/2017 9:36:39 AM","0000-00","0","no battery","V"
"10/20/2017","11:11:10","5","default","957498349","OXY5","1.534","min","159.192","μmol/L","Humid","20.957","deg","97065","µV","35.788","°C","1018.000","hPa","37.0","pmil","0","55.500","deg","20.000","°C","100.000","%a.s.","22.500","deg","20.000","°C","1013.000","hPa","0.861","-0.02056","0.00035","-0.00011","0","14.7","Humid","26.25","0","52.00","350070.84","SABD0000000001","AAV1.0.0.11","2.0.0.28","PSt7-10","000000-000","10/20/2017 9:36:39 AM","0000-00","0","no battery","V"
"10/20/2017","11:11:11","5","default","957498349","OXY5","1.551","min","159.091","μmol/L","Humid","20.956","deg","97080","µV","35.807","°C","1018.000","hPa","37.0","pmil","0","55.500","deg","20.000","°C","100.000","%a.s.","22.500","deg","20.000","°C","1013.000","hPa","0.861","-0.02056","0.00035","-0.00011","0","14.7","Humid","26.25","0","52.00","350073.06","SABD0000000001","AAV1.0.0.11","2.0.0.28","PSt7-10","000000-000","10/20/2017 9:36:39 AM","0000-00","0","no battery","V"
"10/20/2017","11:11:12","5","default","957498349","OXY5","1.568","min","159.123","μmol/L","Humid","20.957","deg","97086","µV","35.799","°C","1018.000","hPa","37.0","pmil","0","55.500","deg","20.000","°C","100.000","%a.s.","22.500","deg","20.000","°C","1013.000","hPa","0.861","-0.02056","0.00035","-0.00011","0","14.7","Humid","26.25","0","52.00","350080.42","SABD0000000001","AAV1.0.0.11","2.0.0.28","PSt7-10","000000-000","10/20/2017 9:36:39 AM","0000-00","0","no battery","V"
"10/20/2017","11:11:13","5","default","957498349","OXY5","1.584","min","159.107","μmol/L","Humid","20.963","deg","97121","µV","35.788","°C","1018.000","hPa","37.0","pmil","0","55.500","deg","20.000","°C","100.000","%a.s.","22.500","deg","20.000","°C","1013.000","hPa","0.861","-0.02056","0.00035","-0.00011","0","14.7","Humid","26.25","0","52.00","350076.38","SABD0000000001","AAV1.0.0.11","2.0.0.28","PSt7-10","000000-000","10/20/2017 9:36:39 AM","0000-00","0","no battery","V"
"10/20/2017","11:11:14","5","default","957498349","OXY5","1.601","min","159.002","μmol/L","Humid","20.964","deg","97273","µV","35.803","°C","1018.000","hPa","37.0","pmil","0","55.500","deg","20.000","°C","100.000","%a.s.","22.500","deg","20.000","°C","1013.000","hPa","0.861","-0.02056","0.00035","-0.00011","0","14.7","Humid","26.25","0","52.00","350084.26","SABD0000000001","AAV1.0.0.11","2.0.0.28","PSt7-10","000000-000","10/20/2017 9:36:39 AM","0000-00","0","no battery","V"
"10/20/2017","11:11:15","5","default","957498349","OXY5","1.618","min","159.017","μmol/L","Humid","20.966","deg","97272","µV","35.795","°C","1018.000","hPa","37.0","pmil","0","55.500","deg","20.000","°C","100.000","%a.s.","22.500","deg","20.000","°C","1013.000","hPa","0.861","-0.02056","0.00035","-0.00011","0","14.7","Humid","26.25","0","52.00","350064.21","SABD0000000001","AAV1.0.0.11","2.0.0.28","PSt7-10","000000-000","10/20/2017 9:36:39 AM","0000-00","0","no battery","V"
"10/20/2017","11:11:16","5","default","957498349","OXY5","1.634","min","158.913","μmol/L","Humid","20.971","deg","97289","µV","35.801","°C","1018.000","hPa","37.0","pmil","0","55.500","deg","20.000","°C","100.000","%a.s.","22.500","deg","20.000","°C","1013.000","hPa","0.861","-0.02056","0.00035","-0.00011","0","14.7","Humid","26.25","0","52.00","350063.46","SABD0000000001","AAV1.0.0.11","2.0.0.28","PSt7-10","000000-000","10/20/2017 9:36:39 AM","0000-00","0","no battery","V"
"10/20/2017","11:11:17","5","default","957498349","OXY5","1.651","min","158.954","μmol/L","Humid","20.971","deg","97273","µV","35.794","°C","1018.000","hPa","37.0","pmil","0","55.500","deg","20.000","°C","100.000","%a.s.","22.500","deg","20.000","°C","1013.000","hPa","0.861","-0.02056","0.00035","-0.00011","0","14.7","Humid","26.25","0","52.00","350080.08","SABD0000000001","AAV1.0.0.11","2.0.0.28","PSt7-10","000000-000","10/20/2017 9:36:39 AM","0000-00","0","no battery","V"
"10/20/2017","11:11:18","5","default","957498349","OXY5","1.668","min","158.983","μmol/L","Humid","20.969","deg","97299","µV","35.794","°C","1018.000","hPa","37.0","pmil","0","55.500","deg","20.000","°C","100.000","%a.s.","22.500","deg","20.000","°C","1013.000","hPa","0.861","-0.02056","0.00035","-0.00011","0","14.7","Humid","26.25","0","52.00","350046.86","SABD0000000001","AAV1.0.0.11","2.0.0.28","PSt7-10","000000-000","10/20/2017 9:36:39 AM","0000-00","0","no battery","V"
"10/20/2017","11:11:19","5","default","957498349","OXY5","1.684","min","158.875","μmol/L","Humid","20.980","deg","97319","µV","35.786","°C","1018.000","hPa","37.0","pmil","0","55.500","deg","20.000","°C","100.000","%a.s.","22.500","deg","20.000","°C","1013.000","hPa","0.861","-0.02056","0.00035","-0.00011","0","14.7","Humid","26.25","0","52.00","350062.09","SABD0000000001","AAV1.0.0.11","2.0.0.28","PSt7-10","000000-000","10/20/2017 9:36:39 AM","0000-00","0","no battery","V"
"10/20/2017","11:11:20","5","default","957498349","OXY5","1.701","min","158.892","μmol/L","Humid","20.981","deg","97327","µV","35.780","°C","1018.000","hPa","37.0","pmil","0","55.500","deg","20.000","°C","100.000","%a.s.","22.500","deg","20.000","°C","1013.000","hPa","0.861","-0.02056","0.00035","-0.00011","0","14.7","Humid","26.25","0","52.00","350041.34","SABD0000000001","AAV1.0.0.11","2.0.0.28","PSt7-10","000000-000","10/20/2017 9:36:39 AM","0000-00","0","no battery","V"
"10/20/2017","11:11:21","5","default","957498349","OXY5","1.718","min","158.870","μmol/L","Humid","20.981","deg","97353","µV","35.784","°C","1018.000","hPa","37.0","pmil","0","55.500","deg","20.000","°C","100.000","%a.s.","22.500","deg","20.000","°C","1013.000","hPa","0.861","-0.02056","0.00035","-0.00011","0","14.7","Humid","26.25","0","52.00","350049.57","SABD0000000001","AAV1.0.0.11","2.0.0.28","PSt7-10","000000-000","10/20/2017 9:36:39 AM","0000-00","0","no battery","V"
"10/20/2017","11:11:22","5","default","957498349","OXY5","1.734","min","158.877","μmol/L","Humid","20.981","deg","97356","µV","35.783","°C","1018.000","hPa","37.0","pmil","0","55.500","deg","20.000","°C","100.000","%a.s.","22.500","deg","20.000","°C","1013.000","hPa","0.861","-0.02056","0.00035","-0.00011","0","14.7","Humid","26.25","0","52.00","350063.49","SABD0000000001","AAV1.0.0.11","2.0.0.28","PSt7-10","000000-000","10/20/2017 9:36:39 AM","0000-00","0","no battery","V"
"10/20/2017","11:11:23","5","default","957498349","OXY5","1.751","min","158.891","μmol/L","Humid","20.980","deg","97365","µV","35.783","°C","1018.000","hPa","37.0","pmil","0","55.500","deg","20.000","°C","100.000","%a.s.","22.500","deg","20.000","°C","1013.000","hPa","0.861","-0.02056","0.00035","-0.00011","0","14.7","Humid","26.25","0","52.00","350039.39","SABD0000000001","AAV1.0.0.11","2.0.0.28","PSt7-10","000000-000","10/20/2017 9:36:39 AM","0000-00","0","no battery","V"
"10/20/2017","11:11:24","5","default","957498349","OXY5","1.768","min","158.882","μmol/L","Humid","20.983","deg","97370","µV","35.777","°C","1018.000","hPa","37.0","pmil","0","55.500","deg","20.000","°C","100.000","%a.s.","22.500","deg","20.000","°C","1013.000","hPa","0.861","-0.02056","0.00035","-0.00011","0","14.7","Humid","26.25","0","52.00","350038.46","SABD0000000001","AAV1.0.0.11","2.0.0.28","PSt7-10","000000-000","10/20/2017 9:36:39 AM","0000-00","0","no battery","V"
"10/20/2017","11:11:25","5","default","957498349","OXY5","1.784","min","158.796","μmol/L","Humid","20.985","deg","97368","µV","35.787","°C","1018.000","hPa","37.0","pmil","0","55.500","deg","20.000","°C","100.000","%a.s.","22.500","deg","20.000","°C","1013.000","hPa","0.861","-0.02056","0.00035","-0.00011","0","14.7","Humid","26.25","0","52.00","350042.39","SABD0000000001","AAV1.0.0.11","2.0.0.28","PSt7-10","000000-000","10/20/2017 9:36:39 AM","0000-00","0","no battery","V"
"10/20/2017","11:11:26","5","default","957498349","OXY5","1.801","min","158.658","μmol/L","Humid","20.985","deg","97377","µV","35.810","°C","1018.000","hPa","37.0","pmil","0","55.500","deg","20.000","°C","100.000","%a.s.","22.500","deg","20.000","°C","1013.000","hPa","0.861","-0.02056","0.00035","-0.00011","0","14.7","Humid","26.25","0","52.00","350039.71","SABD0000000001","AAV1.0.0.11","2.0.0.28","PSt7-10","000000-000","10/20/2017 9:36:39 AM","0000-00","0","no battery","V"
"10/20/2017","11:11:27","5","default","957498349","OXY5","1.819","min","158.685","μmol/L","Humid","20.987","deg","97384","µV","35.801","°C","1018.000","hPa","37.0","pmil","0","55.500","deg","20.000","°C","100.000","%a.s.","22.500","deg","20.000","°C","1013.000","hPa","0.861","-0.02056","0.00035","-0.00011","0","14.7","Humid","26.25","0","52.00","350038.16","SABD0000000001","AAV1.0.0.11","2.0.0.28","PSt7-10","000000-000","10/20/2017 9:36:39 AM","0000-00","0","no battery","V"
"10/20/2017","11:11:28","5","default","957498349","OXY5","1.835","min","158.601","μmol/L","Humid","20.990","deg","97380","µV","35.807","°C","1018.000","hPa","37.0","pmil","0","55.500","deg","20.000","°C","100.000","%a.s.","22.500","deg","20.000","°C","1013.000","hPa","0.861","-0.02056","0.00035","-0.00011","0","14.7","Humid","26.25","0","52.00","350040.34","SABD0000000001","AAV1.0.0.11","2.0.0.28","PSt7-10","000000-000","10/20/2017 9:36:39 AM","0000-00","0","no battery","V"
"10/20/2017","11:11:29","5","default","957498349","OXY5","1.852","min","158.614","μmol/L","Humid","20.987","deg","97390","µV","35.812","°C","1018.000","hPa","37.0","pmil","0","55.500","deg","20.000","°C","100.000","%a.s.","22.500","deg","20.000","°C","1013.000","hPa","0.861","-0.02056","0.00035","-0.00011","0","14.7","Humid","26.25","0","52.00","350023.72","SABD0000000001","AAV1.0.0.11","2.0.0.28","PSt7-10","000000-000","10/20/2017 9:36:39 AM","0000-00","0","no battery","V"
"10/20/2017","11:11:30","5","default","957498349","OXY5","1.868","min","158.587","μmol/L","Humid","20.994","deg","97383","µV","35.800","°C","1018.000","hPa","37.0","pmil","0","55.500","deg","20.000","°C","100.000","%a.s.","22.500","deg","20.000","°C","1013.000","hPa","0.861","-0.02056","0.00035","-0.00011","0","14.7","Humid","26.25","0","52.00","350034.41","SABD0000000001","AAV1.0.0.11","2.0.0.28","PSt7-10","000000-000","10/20/2017 9:36:39 AM","0000-00","0","no battery","V"
"10/20/2017","11:11:31","5","default","957498349","OXY5","1.884","min","158.516","μmol/L","Humid","20.996","deg","97396","µV","35.807","°C","1018.000","hPa","37.0","pmil","0","55.500","deg","20.000","°C","100.000","%a.s.","22.500","deg","20.000","°C","1013.000","hPa","0.861","-0.02056","0.00035","-0.00011","0","14.7","Humid","26.25","0","52.00","350039.70","SABD0000000001","AAV1.0.0.11","2.0.0.28","PSt7-10","000000-000","10/20/2017 9:36:39 AM","0000-00","0","no battery","V"
"10/20/2017","11:11:32","5","default","957498349","OXY5","1.901","min","158.630","μmol/L","Humid","20.994","deg","97391","µV","35.793","°C","1018.000","hPa","37.0","pmil","0","55.500","deg","20.000","°C","100.000","%a.s.","22.500","deg","20.000","°C","1013.000","hPa","0.861","-0.02056","0.00035","-0.00011","0","14.7","Humid","26.25","0","52.00","350016.26","SABD0000000001","AAV1.0.0.11","2.0.0.28","PSt7-10","000000-000","10/20/2017 9:36:39 AM","0000-00","0","no battery","V"
"10/20/2017","11:11:33","5","default","957498349","OXY5","1.918","min","158.487","μmol/L","Humid","20.999","deg","97401","µV","35.805","°C","1018.000","hPa","37.0","pmil","0","55.500","deg","20.000","°C","100.000","%a.s.","22.500","deg","20.000","°C","1013.000","hPa","0.861","-0.02056","0.00035","-0.00011","0","14.7","Humid","26.25","0","52.00","350020.48","SABD0000000001","AAV1.0.0.11","2.0.0.28","PSt7-10","000000-000","10/20/2017 9:36:39 AM","0000-00","0","no battery","V"
"10/20/2017","11:11:34","5","default","957498349","OXY5","1.935","min","158.583","μmol/L","Humid","21.000","deg","97397","µV","35.787","°C","1018.000","hPa","37.0","pmil","0","55.500","deg","20.000","°C","100.000","%a.s.","22.500","deg","20.000","°C","1013.000","hPa","0.861","-0.02056","0.00035","-0.00011","0","14.7","Humid","26.25","0","52.00","350011.64","SABD0000000001","AAV1.0.0.11","2.0.0.28","PSt7-10","000000-000","10/20/2017 9:36:39 AM","0000-00","0","no battery","V"
"10/20/2017","11:11:35","5","default","957498349","OXY5","1.951","min","158.601","μmol/L","Humid","20.999","deg","97393","µV","35.786","°C","1018.000","hPa","37.0","pmil","0","55.500","deg","20.000","°C","100.000","%a.s.","22.500","deg","20.000","°C","1013.000","hPa","0.861","-0.02056","0.00035","-0.00011","0","14.7","Humid","26.25","0","52.00","350016.04","SABD0000000001","AAV1.0.0.11","2.0.0.28","PSt7-10","000000-000","10/20/2017 9:36:39 AM","0000-00","0","no battery","V"
"10/20/2017","11:11:36","5","default","957498349","OXY5","1.968","min","158.613","μmol/L","Humid","21.000","deg","97400","µV","35.782","°C","1018.000","hPa","37.0","pmil","0","55.500","deg","20.000","°C","100.000","%a.s.","22.500","deg","20.000","°C","1013.000","hPa","0.861","-0.02056","0.00035","-0.00011","0","14.7","Humid","26.25","0","52.00","350008.23","SABD0000000001","AAV1.0.0.11","2.0.0.28","PSt7-10","000000-000","10/20/2017 9:36:39 AM","0000-00","0","no battery","V"
"10/20/2017","11:11:37","5","default","957498349","OXY5","1.985","min","158.537","μmol/L","Humid","21.001","deg","97401","µV","35.792","°C","1018.000","hPa","37.0","pmil","0","55.500","deg","20.000","°C","100.000","%a.s.","22.500","deg","20.000","°C","1013.000","hPa","0.861","-0.02056","0.00035","-0.00011","0","14.7","Humid","26.25","0","52.00","350021.49","SABD0000000001","AAV1.0.0.11","2.0.0.28","PSt7-10","000000-000","10/20/2017 9:36:39 AM","0000-00","0","no battery","V"
"10/20/2017","11:11:38","5","default","957498349","OXY5","2.001","min","158.598","μmol/L","Humid","21.000","deg","97400","µV","35.784","°C","1018.000","hPa","37.0","pmil","0","55.500","deg","20.000","°C","100.000","%a.s.","22.500","deg","20.000","°C","1013.000","hPa","0.861","-0.02056","0.00035","-0.00011","0","14.7","Humid","26.25","0","52.00","350014.73","SABD0000000001","AAV1.0.0.11","2.0.0.28","PSt7-10","000000-000","10/20/2017 9:36:39 AM","0000-00","0","no battery","V"
"10/20/2017","11:11:39","5","default","957498349","OXY5","2.018","min","158.580","μmol/L","Humid","21.006","deg","97400","µV","35.773","°C","1018.000","hPa","37.0","pmil","0","55.500","deg","20.000","°C","100.000","%a.s.","22.500","deg","20.000","°C","1013.000","hPa","0.861","-0.02056","0.00035","-0.00011","0","14.7","Humid","26.25","0","52.00","350006.69","SABD0000000001","AAV1.0.0.11","2.0.0.28","PSt7-10","000000-000","10/20/2017 9:36:39 AM","0000-00","0","no battery","V"
"10/20/2017","11:11:40","5","default","957498349","OXY5","2.035","min","158.525","μmol/L","Humid","21.002","deg","97407","µV","35.792","°C","1018.000","hPa","37.0","pmil","0","55.500","deg","20.000","°C","100.000","%a.s.","22.500","deg","20.000","°C","1013.000","hPa","0.861","-0.02056","0.00035","-0.00011","0","14.7","Humid","26.25","0","52.00","350006.23","SABD0000000001","AAV1.0.0.11","2.0.0.28","PSt7-10","000000-000","10/20/2017 9:36:39 AM","0000-00","0","no battery","V"
"10/20/2017","11:11:41","5","default","957498349","OXY5","2.051","min","158.509","μmol/L","Humid","21.009","deg","97400","µV","35.778","°C","1018.000","hPa","37.0","pmil","0","55.500","deg","20.000","°C","100.000","%a.s.","22.500","deg","20.000","°C","1013.000","hPa","0.861","-0.02056","0.00035","-0.00011","0","14.7","Humid","26.25","0","52.00","350009.29","SABD0000000001","AAV1.0.0.11","2.0.0.28","PSt7-10","000000-000","10/20/2017 9:36:39 AM","0000-00","0","no battery","V"
"10/20/2017","11:11:42","5","default","957498349","OXY5","2.068","min","158.560","μmol/L","Humid","21.009","deg","97404","µV","35.769","°C","1018.000","hPa","37.0","pmil","0","55.500","deg","20.000","°C","100.000","%a.s.","22.500","deg","20.000","°C","1013.000","hPa","0.861","-0.02056","0.00035","-0.00011","0","14.7","Humid","26.25","0","52.00","349995.84","SABD0000000001","AAV1.0.0.11","2.0.0.28","PSt7-10","000000-000","10/20/2017 9:36:39 AM","0000-00","0","no battery","V"
"10/20/2017","11:11:43","5","default","957498349","OXY5","2.085","min","158.551","μmol/L","Humid","21.008","deg","97402","µV","35.773","°C","1018.000","hPa","37.0","pmil","0","55.500","deg","20.000","°C","100.000","%a.s.","22.500","deg","20.000","°C","1013.000","hPa","0.861","-0.02056","0.00035","-0.00011","0","14.7","Humid","26.25","0","52.00","349992.16","SABD0000000001","AAV1.0.0.11","2.0.0.28","PSt7-10","000000-000","10/20/2017 9:36:39 AM","0000-00","0","no battery","V"
"10/20/2017","11:11:44","5","default","957498349","OXY5","2.101","min","158.514","μmol/L","Humid","21.006","deg","97409","µV","35.784","°C","1018.000","hPa","37.0","pmil","0","55.500","deg","20.000","°C","100.000","%a.s.","22.500","deg","20.000","°C","1013.000","hPa","0.861","-0.02056","0.00035","-0.00011","0","14.7","Humid","26.25","0","52.00","349991.21","SABD0000000001","AAV1.0.0.11","2.0.0.28","PSt7-10","000000-000","10/20/2017 9:36:39 AM","0000-00","0","no battery","V"
"10/20/2017","11:11:45","5","default","957498349","OXY5","2.118","min","158.407","μmol/L","Humid","21.008","deg","97406","µV","35.797","°C","1018.000","hPa","37.0","pmil","0","55.500","deg","20.000","°C","100.000","%a.s.","22.500","deg","20.000","°C","1013.000","hPa","0.861","-0.02056","0.00035","-0.00011","0","14.7","Humid","26.25","0","52.00","349983.37","SABD0000000001","AAV1.0.0.11","2.0.0.28","PSt7-10","000000-000","10/20/2017 9:36:39 AM","0000-00","0","no battery","V"
"10/20/2017","11:11:46","5","default","957498349","OXY5","2.135","min","158.398","μmol/L","Humid","21.006","deg","97258","µV","35.803","°C","1018.000","hPa","37.0","pmil","0","55.500","deg","20.000","°C","100.000","%a.s.","22.500","deg","20.000","°C","1013.000","hPa","0.861","-0.02056","0.00035","-0.00011","0","14.7","Humid","26.25","0","52.00","349971.52","SABD0000000001","AAV1.0.0.11","2.0.0.28","PSt7-10","000000-000","10/20/2017 9:36:39 AM","0000-00","0","no battery","V"
"10/20/2017","11:11:47","5","default","957498349","OXY5","2.151","min","158.306","μmol/L","Humid","21.011","deg","97284","µV","35.807","°C","1018.000","hPa","37.0","pmil","0","55.500","deg","20.000","°C","100.000","%a.s.","22.500","deg","20.000","°C","1013.000","hPa","0.861","-0.02056","0.00035","-0.00011","0","14.7","Humid","26.25","0","52.00","349964.67","SABD0000000001","AAV1.0.0.11","2.0.0.28","PSt7-10","000000-000","10/20/2017 9:36:39 AM","0000-00","0","no battery","V"
"10/20/2017","11:11:48","5","default","957498349","OXY5","2.168","min","158.428","μmol/L","Humid","21.009","deg","97303","µV","35.791","°C","1018.000","hPa","37.0","pmil","0","55.500","deg","20.000","°C","100.000","%a.s.","22.500","deg","20.000","°C","1013.000","hPa","0.861","-0.02056","0.00035","-0.00011","0","14.7","Humid","26.25","0","52.00","349965.81","SABD0000000001","AAV1.0.0.11","2.0.0.28","PSt7-10","000000-000","10/20/2017 9:36:39 AM","0000-00","0","no battery","V"
"10/20/2017","11:11:49","5","default","957498349","OXY5","2.185","min","158.417","μmol/L","Humid","21.012","deg","97293","µV","35.786","°C","1018.000","hPa","37.0","pmil","0","55.500","deg","20.000","°C","100.000","%a.s.","22.500","deg","20.000","°C","1013.000","hPa","0.861","-0.02056","0.00035","-0.00011","0","14.7","Humid","26.25","0","52.00","349964.21","SABD0000000001","AAV1.0.0.11","2.0.0.28","PSt7-10","000000-000","10/20/2017 9:36:39 AM","0000-00","0","no battery","V"
"10/20/2017","11:11:50","5","default","957498349","OXY5","2.201","min","158.316","μmol/L","Humid","21.016","deg","97379","µV","35.793","°C","1018.000","hPa","37.0","pmil","0","55.500","deg","20.000","°C","100.000","%a.s.","22.500","deg","20.000","°C","1013.000","hPa","0.861","-0.02056","0.00035","-0.00011","0","14.7","Humid","26.25","0","52.00","349972.73","SABD0000000001","AAV1.0.0.11","2.0.0.28","PSt7-10","000000-000","10/20/2017 9:36:39 AM","0000-00","0","no battery","V"
"10/20/2017","11:11:51","5","default","957498349","OXY5","2.218","min","158.516","μmol/L","Humid","21.010","deg","97296","µV","35.774","°C","1018.000","hPa","37.0","pmil","0","55.500","deg","20.000","°C","100.000","%a.s.","22.500","deg","20.000","°C","1013.000","hPa","0.861","-0.02056","0.00035","-0.00011","0","14.7","Humid","26.25","0","52.00","349961.23","SABD0000000001","AAV1.0.0.11","2.0.0.28","PSt7-10","000000-000","10/20/2017 9:36:39 AM","0000-00","0","no battery","V"
"10/20/2017","11:11:52","5","default","957498349","OXY5","2.235","min","158.325","μmol/L","Humid","21.015","deg","97342","µV","35.794","°C","1018.000","hPa","37.0","pmil","0","55.500","deg","20.000","°C","100.000","%a.s.","22.500","deg","20.000","°C","1013.000","hPa","0.861","-0.02056","0.00035","-0.00011","0","14.7","Humid","26.25","0","52.00","349950.42","SABD0000000001","AAV1.0.0.11","2.0.0.28","PSt7-10","000000-000","10/20/2017 9:36:39 AM","0000-00","0","no battery","V"
"10/20/2017","11:11:53","5","default","957498349","OXY5","2.251","min","158.363","μmol/L","Humid","21.013","deg","97303","µV","35.792","°C","1018.000","hPa","37.0","pmil","0","55.500","deg","20.000","°C","100.000","%a.s.","22.500","deg","20.000","°C","1013.000","hPa","0.861","-0.02056","0.00035","-0.00011","0","14.7","Humid","26.25","0","52.00","349944.69","SABD0000000001","AAV1.0.0.11","2.0.0.28","PSt7-10","000000-000","10/20/2017 9:36:39 AM","0000-00","0","no battery","V"
"10/20/2017","11:11:54","5","default","957498349","OXY5","2.268","min","158.317","μmol/L","Humid","21.018","deg","97293","µV","35.788","°C","1018.000","hPa","37.0","pmil","0","55.500","deg","20.000","°C","100.000","%a.s.","22.500","deg","20.000","°C","1013.000","hPa","0.861","-0.02056","0.00035","-0.00011","0","14.7","Humid","26.25","0","52.00","349965.17","SABD0000000001","AAV1.0.0.11","2.0.0.28","PSt7-10","000000-000","10/20/2017 9:36:39 AM","0000-00","0","no battery","V"
"10/20/2017","11:11:55","5","default","957498349","OXY5","2.285","min","158.336","μmol/L","Humid","21.016","deg","97292","µV","35.790","°C","1018.000","hPa","37.0","pmil","0","55.500","deg","20.000","°C","100.000","%a.s.","22.500","deg","20.000","°C","1013.000","hPa","0.861","-0.02056","0.00035","-0.00011","0","14.7","Humid","26.25","0","52.00","349954.83","SABD0000000001","AAV1.0.0.11","2.0.0.28","PSt7-10","000000-000","10/20/2017 9:36:39 AM","0000-00","0","no battery","V"
"10/20/2017","11:11:56","5","default","957498349","OXY5","2.301","min","158.338","μmol/L","Humid","21.017","deg","97271","µV","35.787","°C","1018.000","hPa","37.0","pmil","0","55.500","deg","20.000","°C","100.000","%a.s.","22.500","deg","20.000","°C","1013.000","hPa","0.861","-0.02056","0.00035","-0.00011","0","14.7","Humid","26.25","0","52.00","349939.15","SABD0000000001","AAV1.0.0.11","2.0.0.28","PSt7-10","000000-000","10/20/2017 9:36:39 AM","0000-00","0","no battery","V"
"10/20/2017","11:11:57","5","default","957498349","OXY5","2.318","min","158.338","μmol/L","Humid","21.016","deg","97275","µV","35.790","°C","1018.000","hPa","37.0","pmil","0","55.500","deg","20.000","°C","100.000","%a.s.","22.500","deg","20.000","°C","1013.000","hPa","0.861","-0.02056","0.00035","-0.00011","0","14.7","Humid","26.25","0","52.00","349948.94","SABD0000000001","AAV1.0.0.11","2.0.0.28","PSt7-10","000000-000","10/20/2017 9:36:39 AM","0000-00","0","no battery","V"
"10/20/2017","11:11:58","5","default","957498349","OXY5","2.335","min","158.329","μmol/L","Humid","21.019","deg","97284","µV","35.784","°C","1018.000","hPa","37.0","pmil","0","55.500","deg","20.000","°C","100.000","%a.s.","22.500","deg","20.000","°C","1013.000","hPa","0.861","-0.02056","0.00035","-0.00011","0","14.7","Humid","26.25","0","52.00","349963.99","SABD0000000001","AAV1.0.0.11","2.0.0.28","PSt7-10","000000-000","10/20/2017 9:36:39 AM","0000-00","0","no battery","V"
"10/20/2017","11:11:59","5","default","957498349","OXY5","2.351","min","158.328","μmol/L","Humid","21.018","deg","97282","µV","35.786","°C","1018.000","hPa","37.0","pmil","0","55.500","deg","20.000","°C","100.000","%a.s.","22.500","deg","20.000","°C","1013.000","hPa","0.861","-0.02056","0.00035","-0.00011","0","14.7","Humid","26.25","0","52.00","349943.80","SABD0000000001","AAV1.0.0.11","2.0.0.28","PSt7-10","000000-000","10/20/2017 9:36:39 AM","0000-00","0","no battery","V"
"10/20/2017","11:12:00","5","default","957498349","OXY5","2.368","min","158.395","μmol/L","Humid","21.020","deg","97273","µV","35.770","°C","1018.000","hPa","37.0","pmil","0","55.500","deg","20.000","°C","100.000","%a.s.","22.500","deg","20.000","°C","1013.000","hPa","0.861","-0.02056","0.00035","-0.00011","0","14.7","Humid","26.25","0","52.00","349946.14","SABD0000000001","AAV1.0.0.11","2.0.0.28","PSt7-10","000000-000","10/20/2017 9:36:39 AM","0000-00","0","no battery","V"
"10/20/2017","11:12:01","5","default","957498349","OXY5","2.385","min","158.366","μmol/L","Humid","21.022","deg","97276","µV","35.770","°C","1018.000","hPa","37.0","pmil","0","55.500","deg","20.000","°C","100.000","%a.s.","22.500","deg","20.000","°C","1013.000","hPa","0.861","-0.02056","0.00035","-0.00011","0","14.7","Humid","26.25","0","52.00","349936.46","SABD0000000001","AAV1.0.0.11","2.0.0.28","PSt7-10","000000-000","10/20/2017 9:36:39 AM","0000-00","0","no battery","V"
"10/20/2017","11:12:02","5","default","957498349","OXY5","2.401","min","158.325","μmol/L","Humid","21.022","deg","97271","µV","35.777","°C","1018.000","hPa","37.0","pmil","0","55.500","deg","20.000","°C","100.000","%a.s.","22.500","deg","20.000","°C","1013.000","hPa","0.861","-0.02056","0.00035","-0.00011","0","14.7","Humid","26.25","0","52.00","349945.92","SABD0000000001","AAV1.0.0.11","2.0.0.28","PSt7-10","000000-000","10/20/2017 9:36:39 AM","0000-00","0","no battery","V"
"10/20/2017","11:12:03","5","default","957498349","OXY5","2.418","min","158.292","μmol/L","Humid","21.020","deg","97275","µV","35.788","°C","1018.000","hPa","37.0","pmil","0","55.500","deg","20.000","°C","100.000","%a.s.","22.500","deg","20.000","°C","1013.000","hPa","0.861","-0.02056","0.00035","-0.00011","0","14.7","Humid","26.25","0","52.00","349942.41","SABD0000000001","AAV1.0.0.11","2.0.0.28","PSt7-10","000000-000","10/20/2017 9:36:39 AM","0000-00","0","no battery","V"
"10/20/2017","11:12:04","5","default","957498349","OXY5","2.435","min","158.325","μmol/L","Humid","21.020","deg","97270","µV","35.782","°C","1018.000","hPa","37.0","pmil","0","55.500","deg","20.000","°C","100.000","%a.s.","22.500","deg","20.000","°C","1013.000","hPa","0.861","-0.02056","0.00035","-0.00011","0","14.7","Humid","26.25","0","52.00","349926.42","SABD0000000001","AAV1.0.0.11","2.0.0.28","PSt7-10","000000-000","10/20/2017 9:36:39 AM","0000-00","0","no battery","V"
"10/20/2017","11:12:05","5","default","957498349","OXY5","2.451","min","158.214","μmol/L","Humid","21.022","deg","97261","µV","35.796","°C","1018.000","hPa","37.0","pmil","0","55.500","deg","20.000","°C","100.000","%a.s.","22.500","deg","20.000","°C","1013.000","hPa","0.861","-0.02056","0.00035","-0.00011","0","14.7","Humid","26.25","0","52.00","349927.52","SABD0000000001","AAV1.0.0.11","2.0.0.28","PSt7-10","000000-000","10/20/2017 9:36:39 AM","0000-00","0","no battery","V"
"10/20/2017","11:12:06","5","default","957498349","OXY5","2.468","min","158.306","μmol/L","Humid","21.023","deg","97256","µV","35.778","°C","1018.000","hPa","37.0","pmil","0","55.500","deg","20.000","°C","100.000","%a.s.","22.500","deg","20.000","°C","1013.000","hPa","0.861","-0.02056","0.00035","-0.00011","0","14.7","Humid","26.25","0","52.00","349931.98","SABD0000000001","AAV1.0.0.11","2.0.0.28","PSt7-10","000000-000","10/20/2017 9:36:39 AM","0000-00","0","no battery","V"
"10/20/2017","11:12:07","5","default","957498349","OXY5","2.485","min","158.201","μmol/L","Humid","21.023","deg","97259","µV","35.796","°C","1018.000","hPa","37.0","pmil","0","55.500","deg","20.000","°C","100.000","%a.s.","22.500","deg","20.000","°C","1013.000","hPa","0.861","-0.02056","0.00035","-0.00011","0","14.7","Humid","26.25","0","52.00","349925.82","SABD0000000001","AAV1.0.0.11","2.0.0.28","PSt7-10","000000-000","10/20/2017 9:36:39 AM","0000-00","0","no battery","V"
"10/20/2017","11:12:08","5","default","957498349","OXY5","2.501","min","158.188","μmol/L","Humid","21.022","deg","97263","µV","35.800","°C","1018.000","hPa","37.0","pmil","0","55.500","deg","20.000","°C","100.000","%a.s.","22.500","deg","20.000","°C","1013.000","hPa","0.861","-0.02056","0.00035","-0.00011","0","14.7","Humid","26.25","0","52.00","349919.23","SABD0000000001","AAV1.0.0.11","2.0.0.28","PSt7-10","000000-000","10/20/2017 9:36:39 AM","0000-00","0","no battery","V"
"10/20/2017","11:12:09","5","default","957498349","OXY5","2.518","min","158.193","μmol/L","Humid","21.019","deg","97254","µV","35.807","°C","1018.000","hPa","37.0","pmil","0","55.500","deg","20.000","°C","100.000","%a.s.","22.500","deg","20.000","°C","1013.000","hPa","0.861","-0.02056","0.00035","-0.00011","0","14.7","Humid","26.25","0","52.00","349920.25","SABD0000000001","AAV1.0.0.11","2.0.0.28","PSt7-10","000000-000","10/20/2017 9:36:39 AM","0000-00","0","no battery","V"
"10/20/2017","11:12:10","5","default","957498349","OXY5","2.535","min","158.158","μmol/L","Humid","21.021","deg","97245","µV","35.808","°C","1018.000","hPa","37.0","pmil","0","55.500","deg","20.000","°C","100.000","%a.s.","22.500","deg","20.000","°C","1013.000","hPa","0.861","-0.02056","0.00035","-0.00011","0","14.7","Humid","26.25","0","52.00","349915.80","SABD0000000001","AAV1.0.0.11","2.0.0.28","PSt7-10","000000-000","10/20/2017 9:36:39 AM","0000-00","0","no battery","V"
"10/20/2017","11:12:11","5","default","957498349","OXY5","2.551","min","158.298","μmol/L","Humid","21.022","deg","97245","µV","35.782","°C","1018.000","hPa","37.0","pmil","0","55.500","deg","20.000","°C","100.000","%a.s.","22.500","deg","20.000","°C","1013.000","hPa","0.861","-0.02056","0.00035","-0.00011","0","14.7","Humid","26.25","0","52.00","349902.04","SABD0000000001","AAV1.0.0.11","2.0.0.28","PSt7-10","000000-000","10/20/2017 9:36:39 AM","0000-00","0","no battery","V"
"10/20/2017","11:12:12","5","default","957498349","OXY5","2.568","min","158.283","μmol/L","Humid","21.024","deg","97239","µV","35.780","°C","1018.000","hPa","37.0","pmil","0","55.500","deg","20.000","°C","100.000","%a.s.","22.500","deg","20.000","°C","1013.000","hPa","0.861","-0.02056","0.00035","-0.00011","0","14.7","Humid","26.25","0","52.00","349907.83","SABD0000000001","AAV1.0.0.11","2.0.0.28","PSt7-10","000000-000","10/20/2017 9:36:39 AM","0000-00","0","no battery","V"
"10/20/2017","11:12:13","5","default","957498349","OXY5","2.585","min","158.215","μmol/L","Humid","21.026","deg","97237","µV","35.786","°C","1018.000","hPa","37.0","pmil","0","55.500","deg","20.000","°C","100.000","%a.s.","22.500","deg","20.000","°C","1013.000","hPa","0.861","-0.02056","0.00035","-0.00011","0","14.7","Humid","26.25","0","52.00","349890.44","SABD0000000001","AAV1.0.0.11","2.0.0.28","PSt7-10","000000-000","10/20/2017 9:36:39 AM","0000-00","0","no battery","V"
"10/20/2017","11:12:14","5","default","957498349","OXY5","2.601","min","158.198","μmol/L","Humid","21.026","deg","97232","µV","35.789","°C","1018.000","hPa","37.0","pmil","0","55.500","deg","20.000","°C","100.000","%a.s.","22.500","deg","20.000","°C","1013.000","hPa","0.861","-0.02056","0.00035","-0.00011","0","14.7","Humid","26.25","0","52.00","349893.14","SABD0000000001","AAV1.0.0.11","2.0.0.28","PSt7-10","000000-000","10/20/2017 9:36:39 AM","0000-00","0","no battery","V"
"10/20/2017","11:12:15","5","default","957498349","OXY5","2.618","min","158.329","μmol/L","Humid","21.021","deg","97236","µV","35.779","°C","1018.000","hPa","37.0","pmil","0","55.500","deg","20.000","°C","100.000","%a.s.","22.500","deg","20.000","°C","1013.000","hPa","0.861","-0.02056","0.00035","-0.00011","0","14.7","Humid","26.25","0","52.00","349880.81","SABD0000000001","AAV1.0.0.11","2.0.0.28","PSt7-10","000000-000","10/20/2017 9:36:39 AM","0000-00","0","no battery","V"
"10/20/2017","11:12:16","5","default","957498349","OXY5","2.635","min","158.273","μmol/L","Humid","21.025","deg","97230","µV","35.779","°C","1018.000","hPa","37.0","pmil","0","55.500","deg","20.000","°C","100.000","%a.s.","22.500","deg","20.000","°C","1013.000","hPa","0.861","-0.02056","0.00035","-0.00011","0","14.7","Humid","26.25","0","52.00","349877.20","SABD0000000001","AAV1.0.0.11","2.0.0.28","PSt7-10","000000-000","10/20/2017 9:36:39 AM","0000-00","0","no battery","V"
"10/20/2017","11:12:17","5","default","957498349","OXY5","2.651","min","158.203","μmol/L","Humid","21.028","deg","97218","µV","35.783","°C","1018.000","hPa","37.0","pmil","0","55.500","deg","20.000","°C","100.000","%a.s.","22.500","deg","20.000","°C","1013.000","hPa","0.861","-0.02056","0.00035","-0.00011","0","14.7","Humid","26.25","0","52.00","349880.56","SABD0000000001","AAV1.0.0.11","2.0.0.28","PSt7-10","000000-000","10/20/2017 9:36:39 AM","0000-00","0","no battery","V"
"10/20/2017","11:12:18","5","default","957498349","OXY5","2.668","min","158.267","μmol/L","Humid","21.029","deg","97229","µV","35.770","°C","1018.000","hPa","37.0","pmil","0","55.500","deg","20.000","°C","100.000","%a.s.","22.500","deg","20.000","°C","1013.000","hPa","0.861","-0.02056","0.00035","-0.00011","0","14.7","Humid","26.25","0","52.00","349884.11","SABD0000000001","AAV1.0.0.11","2.0.0.28","PSt7-10","000000-000","10/20/2017 9:36:39 AM","0000-00","0","no battery","V"
"10/20/2017","11:12:19","5","default","957498349","OXY5","2.685","min","158.280","μmol/L","Humid","21.022","deg","97223","µV","35.785","°C","1018.000","hPa","37.0","pmil","0","55.500","deg","20.000","°C","100.000","%a.s.","22.500","deg","20.000","°C","1013.000","hPa","0.861","-0.02056","0.00035","-0.00011","0","14.7","Humid","26.25","0","52.00","349881.69","SABD0000000001","AAV1.0.0.11","2.0.0.28","PSt7-10","000000-000","10/20/2017 9:36:39 AM","0000-00","0","no battery","V"
"10/20/2017","11:12:20","5","default","957498349","OXY5","2.701","min","158.419","μmol/L","Humid","21.023","deg","97101","µV","35.759","°C","1018.000","hPa","37.0","pmil","0","55.500","deg","20.000","°C","100.000","%a.s.","22.500","deg","20.000","°C","1013.000","hPa","0.861","-0.02056","0.00035","-0.00011","0","14.7","Humid","26.25","0","52.00","349879.21","SABD0000000001","AAV1.0.0.11","2.0.0.28","PSt7-10","000000-000","10/20/2017 9:36:39 AM","0000-00","0","no battery","V"
"10/20/2017","11:12:21","5","default","957498349","OXY5","2.718","min","158.370","μmol/L","Humid","21.027","deg","97093","µV","35.758","°C","1018.000","hPa","37.0","pmil","0","55.500","deg","20.000","°C","100.000","%a.s.","22.500","deg","20.000","°C","1013.000","hPa","0.861","-0.02056","0.00035","-0.00011","0","14.7","Humid","26.25","0","52.00","349871.58","SABD0000000001","AAV1.0.0.11","2.0.0.28","PSt7-10","000000-000","10/20/2017 9:36:39 AM","0000-00","0","no battery","V"
"10/20/2017","11:12:22","5","default","957498349","OXY5","2.735","min","158.319","μmol/L","Humid","21.024","deg","97135","µV","35.774","°C","1018.000","hPa","37.0","pmil","0","55.500","deg","20.000","°C","100.000","%a.s.","22.500","deg","20.000","°C","1013.000","hPa","0.861","-0.02056","0.00035","-0.00011","0","14.7","Humid","26.25","0","52.00","349866.59","SABD0000000001","AAV1.0.0.11","2.0.0.28","PSt7-10","000000-000","10/20/2017 9:36:39 AM","0000-00","0","no battery","V"
"10/20/2017","11:12:23","5","default","957498349","OXY5","2.751","min","158.189","μmol/L","Humid","21.027","deg","97145","µV","35.788","°C","1018.000","hPa","37.0","pmil","0","55.500","deg","20.000","°C","100.000","%a.s.","22.500","deg","20.000","°C","1013.000","hPa","0.861","-0.02056","0.00035","-0.00011","0","14.7","Humid","26.25","0","52.00","349868.14","SABD0000000001","AAV1.0.0.11","2.0.0.28","PSt7-10","000000-000","10/20/2017 9:36:39 AM","0000-00","0","no battery","V"
"10/20/2017","11:12:24","5","default","957498349","OXY5","2.768","min","158.346","μmol/L","Humid","21.024","deg","97143","µV","35.769","°C","1018.000","hPa","37.0","pmil","0","55.500","deg","20.000","°C","100.000","%a.s.","22.500","deg","20.000","°C","1013.000","hPa","0.861","-0.02056","0.00035","-0.00011","0","14.7","Humid","26.25","0","52.00","349870.82","SABD0000000001","AAV1.0.0.11","2.0.0.28","PSt7-10","000000-000","10/20/2017 9:36:39 AM","0000-00","0","no battery","V"
"10/20/2017","11:12:25","5","default","957498349","OXY5","2.785","min","158.219","μmol/L","Humid","21.030","deg","97146","µV","35.776","°C","1018.000","hPa","37.0","pmil","0","55.500","deg","20.000","°C","100.000","%a.s.","22.500","deg","20.000","°C","1013.000","hPa","0.861","-0.02056","0.00035","-0.00011","0","14.7","Humid","26.25","0","52.00","349852.72","SABD0000000001","AAV1.0.0.11","2.0.0.28","PSt7-10","000000-000","10/20/2017 9:36:39 AM","0000-00","0","no battery","V"
"10/20/2017","11:12:26","5","default","957498349","OXY5","2.801","min","158.174","μmol/L","Humid","21.032","deg","97352","µV","35.779","°C","1018.000","hPa","37.0","pmil","0","55.500","deg","20.000","°C","100.000","%a.s.","22.500","deg","20.000","°C","1013.000","hPa","0.861","-0.02056","0.00035","-0.00011","0","14.7","Humid","26.25","0","52.00","349869.35","SABD0000000001","AAV1.0.0.11","2.0.0.28","PSt7-10","000000-000","10/20/2017 9:36:39 AM","0000-00","0","no battery","V"
"10/20/2017","11:12:27","5","default","957498349","OXY5","2.818","min","158.233","μmol/L","Humid","21.028","deg","97354","µV","35.778","°C","1018.000","hPa","37.0","pmil","0","55.500","deg","20.000","°C","100.000","%a.s.","22.500","deg","20.000","°C","1013.000","hPa","0.861","-0.02056","0.00035","-0.00011","0","14.7","Humid","26.25","0","52.00","349852.22","SABD0000000001","AAV1.0.0.11","2.0.0.28","PSt7-10","000000-000","10/20/2017 9:36:39 AM","0000-00","0","no battery","V"
"10/20/2017","11:12:28","5","default","957498349","OXY5","2.835","min","158.195","μmol/L","Humid","21.027","deg","97065","µV","35.787","°C","1018.000","hPa","37.0","pmil","0","55.500","deg","20.000","°C","100.000","%a.s.","22.500","deg","20.000","°C","1013.000","hPa","0.861","-0.02056","0.00035","-0.00011","0","14.7","Humid","26.25","0","52.00","349866.30","SABD0000000001","AAV1.0.0.11","2.0.0.28","PSt7-10","000000-000","10/20/2017 9:36:39 AM","0000-00","0","no battery","V"
"10/20/2017","11:12:29","5","default","957498349","OXY5","2.851","min","158.134","μmol/L","Humid","21.027","deg","97128","µV","35.797","°C","1018.000","hPa","37.0","pmil","0","55.500","deg","20.000","°C","100.000","%a.s.","22.500","deg","20.000","°C","1013.000","hPa","0.861","-0.02056","0.00035","-0.00011","0","14.7","Humid","26.25","0","52.00","349848.17","SABD0000000001","AAV1.0.0.11","2.0.0.28","PSt7-10","000000-000","10/20/2017 9:36:39 AM","0000-00","0","no battery","V"
"10/20/2017","11:12:30","5","default","957498349","OXY5","2.868","min","158.221","μmol/L","Humid","21.028","deg","97161","µV","35.780","°C","1018.000","hPa","37.0","pmil","0","55.500","deg","20.000","°C","100.000","%a.s.","22.500","deg","20.000","°C","1013.000","hPa","0.861","-0.02056","0.00035","-0.00011","0","14.7","Humid","26.25","0","52.00","349864.34","SABD0000000001","AAV1.0.0.11","2.0.0.28","PSt7-10","000000-000","10/20/2017 9:36:39 AM","0000-00","0","no battery","V"
"10/20/2017","11:12:31","5","default","957498349","OXY5","2.885","min","158.128","μmol/L","Humid","21.032","deg","97103","µV","35.786","°C","1018.000","hPa","37.0","pmil","0","55.500","deg","20.000","°C","100.000","%a.s.","22.500","deg","20.000","°C","1013.000","hPa","0.861","-0.02056","0.00035","-0.00011","0","14.7","Humid","26.25","0","52.00","349865.21","SABD0000000001","AAV1.0.0.11","2.0.0.28","PSt7-10","000000-000","10/20/2017 9:36:39 AM","0000-00","0","no battery","V"
"10/20/2017","11:12:32","5","default","957498349","OXY5","2.901","min","158.243","μmol/L","Humid","21.025","deg","96974","µV","35.784","°C","1018.000","hPa","37.0","pmil","0","55.500","deg","20.000","°C","100.000","%a.s.","22.500","deg","20.000","°C","1013.000","hPa","0.861","-0.02056","0.00035","-0.00011","0","14.7","Humid","26.25","0","52.00","349856.15","SABD0000000001","AAV1.0.0.11","2.0.0.28","PSt7-10","000000-000","10/20/2017 9:36:39 AM","0000-00","0","no battery","V"
"10/20/2017","11:12:33","5","default","957498349","OXY5","2.918","min","158.139","μmol/L","Humid","21.029","deg","97184","µV","35.792","°C","1018.000","hPa","37.0","pmil","0","55.500","deg","20.000","°C","100.000","%a.s.","22.500","deg","20.000","°C","1013.000","hPa","0.861","-0.02056","0.00035","-0.00011","0","14.7","Humid","26.25","0","52.00","349860.54","SABD0000000001","AAV1.0.0.11","2.0.0.28","PSt7-10","000000-000","10/20/2017 9:36:39 AM","0000-00","0","no battery","V"
"10/20/2017","11:12:34","5","default","957498349","OXY5","2.935","min","158.112","μmol/L","Humid","21.033","deg","97214","µV","35.787","°C","1018.000","hPa","37.0","pmil","0","55.500","deg","20.000","°C","100.000","%a.s.","22.500","deg","20.000","°C","1013.000","hPa","0.861","-0.02056","0.00035","-0.00011","0","14.7","Humid","26.25","0","52.00","349851.13","SABD0000000001","AAV1.0.0.11","2.0.0.28","PSt7-10","000000-000","10/20/2017 9:36:39 AM","0000-00","0","no battery","V"
"10/20/2017","11:12:35","5","default","957498349","OXY5","2.951","min","158.208","μmol/L","Humid","21.026","deg","97154","µV","35.787","°C","1018.000","hPa","37.0","pmil","0","55.500","deg","20.000","°C","100.000","%a.s.","22.500","deg","20.000","°C","1013.000","hPa","0.861","-0.02056","0.00035","-0.00011","0","14.7","Humid","26.25","0","52.00","349851.19","SABD0000000001","AAV1.0.0.11","2.0.0.28","PSt7-10","000000-000","10/20/2017 9:36:39 AM","0000-00","0","no battery","V"
"10/20/2017","11:12:36","5","default","957498349","OXY5","2.968","min","158.243","μmol/L","Humid","21.029","deg","97163","µV","35.774","°C","1018.000","hPa","37.0","pmil","0","55.500","deg","20.000","°C","100.000","%a.s.","22.500","deg","20.000","°C","1013.000","hPa","0.861","-0.02056","0.00035","-0.00011","0","14.7","Humid","26.25","0","52.00","349852.03","SABD0000000001","AAV1.0.0.11","2.0.0.28","PSt7-10","000000-000","10/20/2017 9:36:39 AM","0000-00","0","no battery","V"
"10/20/2017","11:12:37","5","default","957498349","OXY5","2.985","min","158.243","μmol/L","Humid","21.030","deg","97083","µV","35.772","°C","1018.000","hPa","37.0","pmil","0","55.500","deg","20.000","°C","100.000","%a.s.","22.500","deg","20.000","°C","1013.000","hPa","0.861","-0.02056","0.00035","-0.00011","0","14.7","Humid","26.25","0","52.00","349851.52","SABD0000000001","AAV1.0.0.11","2.0.0.28","PSt7-10","000000-000","10/20/2017 9:36:39 AM","0000-00","0","no battery","V"
"10/20/2017","11:12:38","5","default","957498349","OXY5","3.001","min","158.263","μmol/L","Humid","21.025","deg","97056","µV","35.781","°C","1018.000","hPa","37.0","pmil","0","55.500","deg","20.000","°C","100.000","%a.s.","22.500","deg","20.000","°C","1013.000","hPa","0.861","-0.02056","0.00035","-0.00011","0","14.7","Humid","26.25","0","52.00","349857.72","SABD0000000001","AAV1.0.0.11","2.0.0.28","PSt7-10","000000-000","10/20/2017 9:36:39 AM","0000-00","0","no battery","V"
"10/20/2017","11:12:39","5","default","957498349","OXY5","3.018","min","158.250","μmol/L","Humid","21.029","deg","97060","µV","35.773","°C","1018.000","hPa","37.0","pmil","0","55.500","deg","20.000","°C","100.000","%a.s.","22.500","deg","20.000","°C","1013.000","hPa","0.861","-0.02056","0.00035","-0.00011","0","14.7","Humid","26.25","0","52.00","349842.06","SABD0000000001","AAV1.0.0.11","2.0.0.28","PSt7-10","000000-000","10/20/2017 9:36:39 AM","0000-00","0","no battery","V"
"10/20/2017","11:12:40","5","default","957498349","OXY5","3.035","min","158.334","μmol/L","Humid","21.030","deg","97031","µV","35.757","°C","1018.000","hPa","37.0","pmil","0","55.500","deg","20.000","°C","100.000","%a.s.","22.500","deg","20.000","°C","1013.000","hPa","0.861","-0.02056","0.00035","-0.00011","0","14.7","Humid","26.25","0","52.00","349846.38","SABD0000000001","AAV1.0.0.11","2.0.0.28","PSt7-10","000000-000","10/20/2017 9:36:39 AM","0000-00","0","no battery","V"
"10/20/2017","11:12:41","5","default","957498349","OXY5","3.051","min","158.158","μmol/L","Humid","21.030","deg","97092","µV","35.786","°C","1018.000","hPa","37.0","pmil","0","55.500","deg","20.000","°C","100.000","%a.s.","22.500","deg","20.000","°C","1013.000","hPa","0.861","-0.02056","0.00035","-0.00011","0","14.7","Humid","26.25","0","52.00","349836.58","SABD0000000001","AAV1.0.0.11","2.0.0.28","PSt7-10","000000-000","10/20/2017 9:36:39 AM","0000-00","0","no battery","V"
"10/20/2017","11:12:42","5","default","957498349","OXY5","3.068","min","158.097","μmol/L","Humid","21.034","deg","97047","µV","35.787","°C","1018.000","hPa","37.0","pmil","0","55.500","deg","20.000","°C","100.000","%a.s.","22.500","deg","20.000","°C","1013.000","hPa","0.861","-0.02056","0.00035","-0.00011","0","14.7","Humid","26.25","0","52.00","349833.09","SABD0000000001","AAV1.0.0.11","2.0.0.28","PSt7-10","000000-000","10/20/2017 9:36:39 AM","0000-00","0","no battery","V"
"10/20/2017","11:12:43","5","default","957498349","OXY5","3.085","min","158.125","μmol/L","Humid","21.031","deg","97080","µV","35.789","°C","1018.000","hPa","37.0","pmil","0","55.500","deg","20.000","°C","100.000","%a.s.","22.500","deg","20.000","°C","1013.000","hPa","0.861","-0.02056","0.00035","-0.00011","0","14.7","Humid","26.25","0","52.00","349836.53","SABD0000000001","AAV1.0.0.11","2.0.0.28","PSt7-10","000000-000","10/20/2017 9:36:39 AM","0000-00","0","no battery","V"
"10/20/2017","11:12:44","5","default","957498349","OXY5","3.101","min","158.131","μmol/L","Humid","21.030","deg","97055","µV","35.791","°C","1018.000","hPa","37.0","pmil","0","55.500","deg","20.000","°C","100.000","%a.s.","22.500","deg","20.000","°C","1013.000","hPa","0.861","-0.02056","0.00035","-0.00011","0","14.7","Humid","26.25","0","52.00","349824.35","SABD0000000001","AAV1.0.0.11","2.0.0.28","PSt7-10","000000-000","10/20/2017 9:36:39 AM","0000-00","0","no battery","V"
"10/20/2017","11:12:45","5","default","957498349","OXY5","3.118","min","158.171","μmol/L","Humid","21.028","deg","97058","µV","35.789","°C","1018.000","hPa","37.0","pmil","0","55.500","deg","20.000","°C","100.000","%a.s.","22.500","deg","20.000","°C","1013.000","hPa","0.861","-0.02056","0.00035","-0.00011","0","14.7","Humid","26.25","0","52.00","349827.45","SABD0000000001","AAV1.0.0.11","2.0.0.28","PSt7-10","000000-000","10/20/2017 9:36:39 AM","0000-00","0","no battery","V"
"10/20/2017","11:12:46","5","default","957498349","OXY5","3.135","min","158.145","μmol/L","Humid","21.029","deg","97055","µV","35.791","°C","1018.000","hPa","37.0","pmil","0","55.500","deg","20.000","°C","100.000","%a.s.","22.500","deg","20.000","°C","1013.000","hPa","0.861","-0.02056","0.00035","-0.00011","0","14.7","Humid","26.25","0","52.00","349820.68","SABD0000000001","AAV1.0.0.11","2.0.0.28","PSt7-10","000000-000","10/20/2017 9:36:39 AM","0000-00","0","no battery","V"
"10/20/2017","11:12:47","5","default","957498349","OXY5","3.151","min","158.129","μmol/L","Humid","21.033","deg","97044","µV","35.784","°C","1018.000","hPa","37.0","pmil","0","55.500","deg","20.000","°C","100.000","%a.s.","22.500","deg","20.000","°C","1013.000","hPa","0.861","-0.02056","0.00035","-0.00011","0","14.7","Humid","26.25","0","52.00","349839.96","SABD0000000001","AAV1.0.0.11","2.0.0.28","PSt7-10","000000-000","10/20/2017 9:36:39 AM","0000-00","0","no battery","V"
"10/20/2017","11:12:48","5","default","957498349","OXY5","3.168","min","158.356","μmol/L","Humid","21.029","deg","97051","µV","35.755","°C","1018.000","hPa","37.0","pmil","0","55.500","deg","20.000","°C","100.000","%a.s.","22.500","deg","20.000","°C","1013.000","hPa","0.861","-0.02056","0.00035","-0.00011","0","14.7","Humid","26.25","0","52.00","349826.97","SABD0000000001","AAV1.0.0.11","2.0.0.28","PSt7-10","000000-000","10/20/2017 9:36:39 AM","0000-00","0","no battery","V"
"10/20/2017","11:12:49","5","default","957498349","OXY5","3.185","min","158.258","μmol/L","Humid","21.033","deg","97057","µV","35.762","°C","1018.000","hPa","37.0","pmil","0","55.500","deg","20.000","°C","100.000","%a.s.","22.500","deg","20.000","°C","1013.000","hPa","0.861","-0.02056","0.00035","-0.00011","0","14.7","Humid","26.25","0","52.00","349832.20","SABD0000000001","AAV1.0.0.11","2.0.0.28","PSt7-10","000000-000","10/20/2017 9:36:39 AM","0000-00","0","no battery","V"
"10/20/2017","11:12:50","5","default","957498349","OXY5","3.201","min","158.380","μmol/L","Humid","21.027","deg","97065","µV","35.756","°C","1018.000","hPa","37.0","pmil","0","55.500","deg","20.000","°C","100.000","%a.s.","22.500","deg","20.000","°C","1013.000","hPa","0.861","-0.02056","0.00035","-0.00011","0","14.7","Humid","26.25","0","52.00","349828.87","SABD0000000001","AAV1.0.0.11","2.0.0.28","PSt7-10","000000-000","10/20/2017 9:36:39 AM","0000-00","0","no battery","V"
"10/20/2017","11:12:51","5","default","957498349","OXY5","3.218","min","158.143","μmol/L","Humid","21.028","deg","97057","µV","35.793","°C","1018.000","hPa","37.0","pmil","0","55.500","deg","20.000","°C","100.000","%a.s.","22.500","deg","20.000","°C","1013.000","hPa","0.861","-0.02056","0.00035","-0.00011","0","14.7","Humid","26.25","0","52.00","349819.25","SABD0000000001","AAV1.0.0.11","2.0.0.28","PSt7-10","000000-000","10/20/2017 9:36:39 AM","0000-00","0","no battery","V"
"10/20/2017","11:12:52","5","default","957498349","OXY5","3.234","min","158.147","μmol/L","Humid","21.032","deg","97050","µV","35.783","°C","1018.000","hPa","37.0","pmil","0","55.500","deg","20.000","°C","100.000","%a.s.","22.500","deg","20.000","°C","1013.000","hPa","0.861","-0.02056","0.00035","-0.00011","0","14.7","Humid","26.25","0","52.00","349830.74","SABD0000000001","AAV1.0.0.11","2.0.0.28","PSt7-10","000000-000","10/20/2017 9:36:39 AM","0000-00","0","no battery","V"
"10/20/2017","11:12:53","5","default","957498349","OXY5","3.252","min","158.250","μmol/L","Humid","21.031","deg","97043","µV","35.768","°C","1018.000","hPa","37.0","pmil","0","55.500","deg","20.000","°C","100.000","%a.s.","22.500","deg","20.000","°C","1013.000","hPa","0.861","-0.02056","0.00035","-0.00011","0","14.7","Humid","26.25","0","52.00","349842.66","SABD0000000001","AAV1.0.0.11","2.0.0.28","PSt7-10","000000-000","10/20/2017 9:36:39 AM","0000-00","0","no battery","V"
"10/20/2017","11:12:54","5","default","957498349","OXY5","3.268","min","158.255","μmol/L","Humid","21.030","deg","97035","µV","35.770","°C","1018.000","hPa","37.0","pmil","0","55.500","deg","20.000","°C","100.000","%a.s.","22.500","deg","20.000","°C","1013.000","hPa","0.861","-0.02056","0.00035","-0.00011","0","14.7","Humid","26.25","0","52.00","349832.42","SABD0000000001","AAV1.0.0.11","2.0.0.28","PSt7-10","000000-000","10/20/2017 9:36:39 AM","0000-00","0","no battery","V"
"10/20/2017","11:12:55","5","default","957498349","OXY5","3.284","min","158.194","μmol/L","Humid","21.031","deg","97044","µV","35.778","°C","1018.000","hPa","37.0","pmil","0","55.500","deg","20.000","°C","100.000","%a.s.","22.500","deg","20.000","°C","1013.000","hPa","0.861","-0.02056","0.00035","-0.00011","0","14.7","Humid","26.25","0","52.00","349819.73","SABD0000000001","AAV1.0.0.11","2.0.0.28","PSt7-10","000000-000","10/20/2017 9:36:39 AM","0000-00","0","no battery","V"
"10/20/2017","11:12:56","5","default","957498349","OXY5","3.301","min","158.169","μmol/L","Humid","21.032","deg","97029","µV","35.780","°C","1018.000","hPa","37.0","pmil","0","55.500","deg","20.000","°C","100.000","%a.s.","22.500","deg","20.000","°C","1013.000","hPa","0.861","-0.02056","0.00035","-0.00011","0","14.7","Humid","26.25","0","52.00","349825.35","SABD0000000001","AAV1.0.0.11","2.0.0.28","PSt7-10","000000-000","10/20/2017 9:36:39 AM","0000-00","0","no battery","V"
"10/20/2017","11:12:57","5","default","957498349","OXY5","3.318","min","158.178","μmol/L","Humid","21.031","deg","97031","µV","35.781","°C","1018.000","hPa","37.0","pmil","0","55.500","deg","20.000","°C","100.000","%a.s.","22.500","deg","20.000","°C","1013.000","hPa","0.861","-0.02056","0.00035","-0.00011","0","14.7","Humid","26.25","0","52.00","349808.88","SABD0000000001","AAV1.0.0.11","2.0.0.28","PSt7-10","000000-000","10/20/2017 9:36:39 AM","0000-00","0","no battery","V"
"10/20/2017","11:12:58","5","default","957498349","OXY5","3.334","min","158.252","μmol/L","Humid","21.030","deg","97022","µV","35.770","°C","1018.000","hPa","37.0","pmil","0","55.500","deg","20.000","°C","100.000","%a.s.","22.500","deg","20.000","°C","1013.000","hPa","0.861","-0.02056","0.00035","-0.00011","0","14.7","Humid","26.25","0","52.00","349821.09","SABD0000000001","AAV1.0.0.11","2.0.0.28","PSt7-10","000000-000","10/20/2017 9:36:39 AM","0000-00","0","no battery","V"
"10/20/2017","11:12:59","5","default","957498349","OXY5","3.351","min","158.303","μmol/L","Humid","21.030","deg","97023","µV","35.762","°C","1018.000","hPa","37.0","pmil","0","55.500","deg","20.000","°C","100.000","%a.s.","22.500","deg","20.000","°C","1013.000","hPa","0.861","-0.02056","0.00035","-0.00011","0","14.7","Humid","26.25","0","52.00","349812.42","SABD0000000001","AAV1.0.0.11","2.0.0.28","PSt7-10","000000-000","10/20/2017 9:36:39 AM","0000-00","0","no battery","V"
"10/20/2017","11:13:00","5","default","957498349","OXY5","3.368","min","158.305","μmol/L","Humid","21.028","deg","97013","µV","35.766","°C","1018.000","hPa","37.0","pmil","0","55.500","deg","20.000","°C","100.000","%a.s.","22.500","deg","20.000","°C","1013.000","hPa","0.861","-0.02056","0.00035","-0.00011","0","14.7","Humid","26.25","0","52.00","349805.13","SABD0000000001","AAV1.0.0.11","2.0.0.28","PSt7-10","000000-000","10/20/2017 9:36:39 AM","0000-00","0","no battery","V"
"10/20/2017","11:13:01","5","default","957498349","OXY5","3.384","min","158.118","μmol/L","Humid","21.032","deg","97005","µV","35.788","°C","1018.000","hPa","37.0","pmil","0","55.500","deg","20.000","°C","100.000","%a.s.","22.500","deg","20.000","°C","1013.000","hPa","0.861","-0.02056","0.00035","-0.00011","0","14.7","Humid","26.25","0","52.00","349807.28","SABD0000000001","AAV1.0.0.11","2.0.0.28","PSt7-10","000000-000","10/20/2017 9:36:39 AM","0000-00","0","no battery","V"
"10/20/2017","11:13:02","5","default","957498349","OXY5","3.401","min","158.121","μmol/L","Humid","21.031","deg","97010","µV","35.790","°C","1018.000","hPa","37.0","pmil","0","55.500","deg","20.000","°C","100.000","%a.s.","22.500","deg","20.000","°C","1013.000","hPa","0.861","-0.02056","0.00035","-0.00011","0","14.7","Humid","26.25","0","52.00","349798.63","SABD0000000001","AAV1.0.0.11","2.0.0.28","PSt7-10","000000-000","10/20/2017 9:36:39 AM","0000-00","0","no battery","V"
"10/20/2017","11:13:03","5","default","957498349","OXY5","3.418","min","158.186","μmol/L","Humid","21.029","deg","96996","µV","35.784","°C","1018.000","hPa","37.0","pmil","0","55.500","deg","20.000","°C","100.000","%a.s.","22.500","deg","20.000","°C","1013.000","hPa","0.861","-0.02056","0.00035","-0.00011","0","14.7","Humid","26.25","0","52.00","349796.88","SABD0000000001","AAV1.0.0.11","2.0.0.28","PSt7-10","000000-000","10/20/2017 9:36:39 AM","0000-00","0","no battery","V"
"10/20/2017","11:13:04","5","default","957498349","OXY5","3.435","min","158.187","μmol/L","Humid","21.032","deg","96993","µV","35.777","°C","1018.000","hPa","37.0","pmil","0","55.500","deg","20.000","°C","100.000","%a.s.","22.500","deg","20.000","°C","1013.000","hPa","0.861","-0.02056","0.00035","-0.00011","0","14.7","Humid","26.25","0","52.00","349788.47","SABD0000000001","AAV1.0.0.11","2.0.0.28","PSt7-10","000000-000","10/20/2017 9:36:39 AM","0000-00","0","no battery","V"
"10/20/2017","11:13:05","5","default","957498349","OXY5","3.451","min","158.117","μmol/L","Humid","21.032","deg","96990","µV","35.788","°C","1018.000","hPa","37.0","pmil","0","55.500","deg","20.000","°C","100.000","%a.s.","22.500","deg","20.000","°C","1013.000","hPa","0.861","-0.02056","0.00035","-0.00011","0","14.7","Humid","26.25","0","52.00","349787.93","SABD0000000001","AAV1.0.0.11","2.0.0.28","PSt7-10","000000-000","10/20/2017 9:36:39 AM","0000-00","0","no battery","V"
"10/20/2017","11:13:06","5","default","957498349","OXY5","3.468","min","158.192","μmol/L","Humid","21.032","deg","97000","µV","35.776","°C","1018.000","hPa","37.0","pmil","0","55.500","deg","20.000","°C","100.000","%a.s.","22.500","deg","20.000","°C","1013.000","hPa","0.861","-0.02056","0.00035","-0.00011","0","14.7","Humid","26.25","0","52.00","349785.81","SABD0000000001","AAV1.0.0.11","2.0.0.28","PSt7-10","000000-000","10/20/2017 9:36:39 AM","0000-00","0","no battery","V"
"10/20/2017","11:13:07","5","default","957498349","OXY5","3.485","min","158.091","μmol/L","Humid","21.032","deg","96991","µV","35.793","°C","1018.000","hPa","37.0","pmil","0","55.500","deg","20.000","°C","100.000","%a.s.","22.500","deg","20.000","°C","1013.000","hPa","0.861","-0.02056","0.00035","-0.00011","0","14.7","Humid","26.25","0","52.00","349795.24","SABD0000000001","AAV1.0.0.11","2.0.0.28","PSt7-10","000000-000","10/20/2017 9:36:39 AM","0000-00","0","no battery","V"
"10/20/2017","11:13:08","5","default","957498349","OXY5","3.501","min","158.115","μmol/L","Humid","21.032","deg","96986","µV","35.789","°C","1018.000","hPa","37.0","pmil","0","55.500","deg","20.000","°C","100.000","%a.s.","22.500","deg","20.000","°C","1013.000","hPa","0.861","-0.02056","0.00035","-0.00011","0","14.7","Humid","26.25","0","52.00","349786.10","SABD0000000001","AAV1.0.0.11","2.0.0.28","PSt7-10","000000-000","10/20/2017 9:36:39 AM","0000-00","0","no battery","V"
"10/20/2017","11:13:09","5","default","957498349","OXY5","3.518","min","158.207","μmol/L","Humid","21.032","deg","96978","µV","35.773","°C","1018.000","hPa","37.0","pmil","0","55.500","deg","20.000","°C","100.000","%a.s.","22.500","deg","20.000","°C","1013.000","hPa","0.861","-0.02056","0.00035","-0.00011","0","14.7","Humid","26.25","0","52.00","349794.60","SABD0000000001","AAV1.0.0.11","2.0.0.28","PSt7-10","000000-000","10/20/2017 9:36:39 AM","0000-00","0","no battery","V"
"10/20/2017","11:13:10","5","default","957498349","OXY5","3.535","min","158.161","μmol/L","Humid","21.029","deg","96975","µV","35.788","°C","1018.000","hPa","37.0","pmil","0","55.500","deg","20.000","°C","100.000","%a.s.","22.500","deg","20.000","°C","1013.000","hPa","0.861","-0.02056","0.00035","-0.00011","0","14.7","Humid","26.25","0","52.00","349789.88","SABD0000000001","AAV1.0.0.11","2.0.0.28","PSt7-10","000000-000","10/20/2017 9:36:39 AM","0000-00","0","no battery","V"
"10/20/2017","11:13:11","5","default","957498349","OXY5","3.552","min","158.205","μmol/L","Humid","21.032","deg","96976","µV","35.774","°C","1018.000","hPa","37.0","pmil","0","55.500","deg","20.000","°C","100.000","%a.s.","22.500","deg","20.000","°C","1013.000","hPa","0.861","-0.02056","0.00035","-0.00011","0","14.7","Humid","26.25","0","52.00","349800.43","SABD0000000001","AAV1.0.0.11","2.0.0.28","PSt7-10","000000-000","10/20/2017 9:36:39 AM","0000-00","0","no battery","V"
"10/20/2017","11:13:12","5","default","957498349","OXY5","3.568","min","158.252","μmol/L","Humid","21.028","deg","96965","µV","35.775","°C","1018.000","hPa","37.0","pmil","0","55.500","deg","20.000","°C","100.000","%a.s.","22.500","deg","20.000","°C","1013.000","hPa","0.861","-0.02056","0.00035","-0.00011","0","14.7","Humid","26.25","0","52.00","349788.33","SABD0000000001","AAV1.0.0.11","2.0.0.28","PSt7-10","000000-000","10/20/2017 9:36:39 AM","0000-00","0","no battery","V"
"10/20/2017","11:13:13","5","default","957498349","OXY5","3.585","min","158.214","μmol/L","Humid","21.030","deg","96956","µV","35.777","°C","1018.000","hPa","37.0","pmil","0","55.500","deg","20.000","°C","100.000","%a.s.","22.500","deg","20.000","°C","1013.000","hPa","0.861","-0.02056","0.00035","-0.00011","0","14.7","Humid","26.25","0","52.00","349778.36","SABD0000000001","AAV1.0.0.11","2.0.0.28","PSt7-10","000000-000","10/20/2017 9:36:39 AM","0000-00","0","no battery","V"
"10/20/2017","11:13:14","5","default","957498349","OXY5","3.602","min","158.254","μmol/L","Humid","21.025","deg","96959","µV","35.782","°C","1018.000","hPa","37.0","pmil","0","55.500","deg","20.000","°C","100.000","%a.s.","22.500","deg","20.000","°C","1013.000","hPa","0.861","-0.02056","0.00035","-0.00011","0","14.7","Humid","26.25","0","52.00","349774.23","SABD0000000001","AAV1.0.0.11","2.0.0.28","PSt7-10","000000-000","10/20/2017 9:36:39 AM","0000-00","0","no battery","V"
"10/20/2017","11:13:15","5","default","957498349","OXY5","3.618","min","158.198","μmol/L","Humid","21.031","deg","96952","µV","35.777","°C","1018.000","hPa","37.0","pmil","0","55.500","deg","20.000","°C","100.000","%a.s.","22.500","deg","20.000","°C","1013.000","hPa","0.861","-0.02056","0.00035","-0.00011","0","14.7","Humid","26.25","0","52.00","349760.12","SABD0000000001","AAV1.0.0.11","2.0.0.28","PSt7-10","000000-000","10/20/2017 9:36:39 AM","0000-00","0","no battery","V"
"10/20/2017","11:13:16","5","default","957498349","OXY5","3.635","min","158.308","μmol/L","Humid","21.028","deg","96952","µV","35.766","°C","1018.000","hPa","37.0","pmil","0","55.500","deg","20.000","°C","100.000","%a.s.","22.500","deg","20.000","°C","1013.000","hPa","0.861","-0.02056","0.00035","-0.00011","0","14.7","Humid","26.25","0","52.00","349764.60","SABD0000000001","AAV1.0.0.11","2.0.0.28","PSt7-10","000000-000","10/20/2017 9:36:39 AM","0000-00","0","no battery","V"
"10/20/2017","11:13:17","5","default","957498349","OXY5","3.652","min","158.182","μmol/L","Humid","21.028","deg","96945","µV","35.787","°C","1018.000","hPa","37.0","pmil","0","55.500","deg","20.000","°C","100.000","%a.s.","22.500","deg","20.000","°C","1013.000","hPa","0.861","-0.02056","0.00035","-0.00011","0","14.7","Humid","26.25","0","52.00","349745.03","SABD0000000001","AAV1.0.0.11","2.0.0.28","PSt7-10","000000-000","10/20/2017 9:36:39 AM","0000-00","0","no battery","V"
"10/20/2017","11:13:18","5","default","957498349","OXY5","3.668","min","158.193","μmol/L","Humid","21.029","deg","96942","µV","35.783","°C","1018.000","hPa","37.0","pmil","0","55.500","deg","20.000","°C","100.000","%a.s.","22.500","deg","20.000","°C","1013.000","hPa","0.861","-0.02056","0.00035","-0.00011","0","14.7","Humid","26.25","0","52.00","349753.65","SABD0000000001","AAV1.0.0.11","2.0.0.28","PSt7-10","000000-000","10/20/2017 9:36:39 AM","0000-00","0","no battery","V"
"10/20/2017","11:13:19","5","default","957498349","OXY5","3.685","min","158.184","μmol/L","Humid","21.033","deg","96941","µV","35.775","°C","1018.000","hPa","37.0","pmil","0","55.500","deg","20.000","°C","100.000","%a.s.","22.500","deg","20.000","°C","1013.000","hPa","0.861","-0.02056","0.00035","-0.00011","0","14.7","Humid","26.25","0","52.00","349747.64","SABD0000000001","AAV1.0.0.11","2.0.0.28","PSt7-10","000000-000","10/20/2017 9:36:39 AM","0000-00","0","no battery","V"
"10/20/2017","11:13:20","5","default","957498349","OXY5","3.702","min","158.134","μmol/L","Humid","21.029","deg","96928","µV","35.793","°C","1018.000","hPa","37.0","pmil","0","55.500","deg","20.000","°C","100.000","%a.s.","22.500","deg","20.000","°C","1013.000","hPa","0.861","-0.02056","0.00035","-0.00011","0","14.7","Humid","26.25","0","52.00","349745.15","SABD0000000001","AAV1.0.0.11","2.0.0.28","PSt7-10","000000-000","10/20/2017 9:36:39 AM","0000-00","0","no battery","V"
"10/20/2017","11:13:21","5","default","957498349","OXY5","3.718","min","158.193","μmol/L","Humid","21.030","deg","96934","µV","35.780","°C","1018.000","hPa","37.0","pmil","0","55.500","deg","20.000","°C","100.000","%a.s.","22.500","deg","20.000","°C","1013.000","hPa","0.861","-0.02056","0.00035","-0.00011","0","14.7","Humid","26.25","0","52.00","349748.92","SABD0000000001","AAV1.0.0.11","2.0.0.28","PSt7-10","000000-000","10/20/2017 9:36:39 AM","0000-00","0","no battery","V"
"10/20/2017","11:13:22","5","default","957498349","OXY5","3.735","min","158.090","μmol/L","Humid","21.033","deg","96923","µV","35.791","°C","1018.000","hPa","37.0","pmil","0","55.500","deg","20.000","°C","100.000","%a.s.","22.500","deg","20.000","°C","1013.000","hPa","0.861","-0.02056","0.00035","-0.00011","0","14.7","Humid","26.25","0","52.00","349734.37","SABD0000000001","AAV1.0.0.11","2.0.0.28","PSt7-10","000000-000","10/20/2017 9:36:39 AM","0000-00","0","no battery","V"
"10/20/2017","11:13:23","5","default","957498349","OXY5","3.752","min","158.254","μmol/L","Humid","21.035","deg","96926","µV","35.758","°C","1018.000","hPa","37.0","pmil","0","55.500","deg","20.000","°C","100.000","%a.s.","22.500","deg","20.000","°C","1013.000","hPa","0.861","-0.02056","0.00035","-0.00011","0","14.7","Humid","26.25","0","52.00","349745.99","SABD0000000001","AAV1.0.0.11","2.0.0.28","PSt7-10","000000-000","10/20/2017 9:36:39 AM","0000-00","0","no battery","V"
"10/20/2017","11:13:24","5","default","957498349","OXY5","3.768","min","158.315","μmol/L","Humid","21.029","deg","96915","µV","35.762","°C","1018.000","hPa","37.0","pmil","0","55.500","deg","20.000","°C","100.000","%a.s.","22.500","deg","20.000","°C","1013.000","hPa","0.861","-0.02056","0.00035","-0.00011","0","14.7","Humid","26.25","0","52.00","349744.11","SABD0000000001","AAV1.0.0.11","2.0.0.28","PSt7-10","000000-000","10/20/2017 9:36:39 AM","0000-00","0","no battery","V"
"10/20/2017","11:13:25","5","default","957498349","OXY5","3.785","min","158.080","μmol/L","Humid","21.032","deg","96919","µV","35.794","°C","1018.000","hPa","37.0","pmil","0","55.500","deg","20.000","°C","100.000","%a.s.","22.500","deg","20.000","°C","1013.000","hPa","0.861","-0.02056","0.00035","-0.00011","0","14.7","Humid","26.25","0","52.00","349745.76","SABD0000000001","AAV1.0.0.11","2.0.0.28","PSt7-10","000000-000","10/20/2017 9:36:39 AM","0000-00","0","no battery","V"
"10/20/2017","11:13:26","5","default","957498349","OXY5","3.802","min","158.263","μmol/L","Humid","21.030","deg","96911","µV","35.769","°C","1018.000","hPa","37.0","pmil","0","55.500","deg","20.000","°C","100.000","%a.s.","22.500","deg","20.000","°C","1013.000","hPa","0.861","-0.02056","0.00035","-0.00011","0","14.7","Humid","26.25","0","52.00","349741.38","SABD0000000001","AAV1.0.0.11","2.0.0.28","PSt7-10","000000-000","10/20/2017 9:36:39 AM","0000-00","0","no battery","V"
"10/20/2017","11:13:27","5","default","957498349","OXY5","3.818","min","158.173","μmol/L","Humid","21.031","deg","96905","µV","35.781","°C","1018.000","hPa","37.0","pmil","0","55.500","deg","20.000","°C","100.000","%a.s.","22.500","deg","20.000","°C","1013.000","hPa","0.861","-0.02056","0.00035","-0.00011","0","14.7","Humid","26.25","0","52.00","349721.22","SABD0000000001","AAV1.0.0.11","2.0.0.28","PSt7-10","000000-000","10/20/2017 9:36:39 AM","0000-00","0","no battery","V"
"10/20/2017","11:13:28","5","default","957498349","OXY5","3.835","min","158.290","μmol/L","Humid","21.029","deg","96905","µV","35.766","°C","1018.000","hPa","37.0","pmil","0","55.500","deg","20.000","°C","100.000","%a.s.","22.500","deg","20.000","°C","1013.000","hPa","0.861","-0.02056","0.00035","-0.00011","0","14.7","Humid","26.25","0","52.00","349730.23","SABD0000000001","AAV1.0.0.11","2.0.0.28","PSt7-10","000000-000","10/20/2017 9:36:39 AM","0000-00","0","no battery","V"
"10/20/2017","11:13:29","5","default","957498349","OXY5","3.852","min","158.150","μmol/L","Humid","21.033","deg","97015","µV","35.780","°C","1018.000","hPa","37.0","pmil","0","55.500","deg","20.000","°C","100.000","%a.s.","22.500","deg","20.000","°C","1013.000","hPa","0.861","-0.02056","0.00035","-0.00011","0","14.7","Humid","26.25","0","52.00","349729.85","SABD0000000001","AAV1.0.0.11","2.0.0.28","PSt7-10","000000-000","10/20/2017 9:36:39 AM","0000-00","0","no battery","V"
"10/20/2017","11:13:30","5","default","957498349","OXY5","3.868","min","158.258","μmol/L","Humid","21.028","deg","97092","µV","35.774","°C","1018.000","hPa","37.0","pmil","0","55.500","deg","20.000","°C","100.000","%a.s.","22.500","deg","20.000","°C","1013.000","hPa","0.861","-0.02056","0.00035","-0.00011","0","14.7","Humid","26.25","0","52.00","349742.42","SABD0000000001","AAV1.0.0.11","2.0.0.28","PSt7-10","000000-000","10/20/2017 9:36:39 AM","0000-00","0","no battery","V"
"10/20/2017","11:13:31","5","default","957498349","OXY5","3.885","min","158.233","μmol/L","Humid","21.030","deg","97075","µV","35.774","°C","1018.000","hPa","37.0","pmil","0","55.500","deg","20.000","°C","100.000","%a.s.","22.500","deg","20.000","°C","1013.000","hPa","0.861","-0.02056","0.00035","-0.00011","0","14.7","Humid","26.25","0","52.00","349711.28","SABD0000000001","AAV1.0.0.11","2.0.0.28","PSt7-10","000000-000","10/20/2017 9:36:39 AM","0000-00","0","no battery","V"
"10/20/2017","11:13:32","5","default","957498349","OXY5","3.902","min","158.194","μmol/L","Humid","21.032","deg","97076","µV","35.775","°C","1018.000","hPa","37.0","pmil","0","55.500","deg","20.000","°C","100.000","%a.s.","22.500","deg","20.000","°C","1013.000","hPa","0.861","-0.02056","0.00035","-0.00011","0","14.7","Humid","26.25","0","52.00","349707.68","SABD0000000001","AAV1.0.0.11","2.0.0.28","PSt7-10","000000-000","10/20/2017 9:36:39 AM","0000-00","0","no battery","V"
"10/20/2017","11:13:33","5","default","957498349","OXY5","3.918","min","158.226","μmol/L","Humid","21.028","deg","97031","µV","35.780","°C","1018.000","hPa","37.0","pmil","0","55.500","deg","20.000","°C","100.000","%a.s.","22.500","deg","20.000","°C","1013.000","hPa","0.861","-0.02056","0.00035","-0.00011","0","14.7","Humid","26.25","0","52.00","349721.65","SABD0000000001","AAV1.0.0.11","2.0.0.28","PSt7-10","000000-000","10/20/2017 9:36:39 AM","0000-00","0","no battery","V"
"10/20/2017","11:13:34","5","default","957498349","OXY5","3.935","min","158.287","μmol/L","Humid","21.032","deg","96952","µV","35.760","°C","1018.000","hPa","37.0","pmil","0","55.500","deg","20.000","°C","100.000","%a.s.","22.500","deg","20.000","°C","1013.000","hPa","0.861","-0.02056","0.00035","-0.00011","0","14.7","Humid","26.25","0","52.00","349719.97","SABD0000000001","AAV1.0.0.11","2.0.0.28","PSt7-10","000000-000","10/20/2017 9:36:39 AM","0000-00","0","no battery","V"
"10/20/2017","11:13:35","5","default","957498349","OXY5","3.952","min","158.125","μmol/L","Humid","21.030","deg","96928","µV","35.792","°C","1018.000","hPa","37.0","pmil","0","55.500","deg","20.000","°C","100.000","%a.s.","22.500","deg","20.000","°C","1013.000","hPa","0.861","-0.02056","0.00035","-0.00011","0","14.7","Humid","26.25","0","52.00","349717.04","SABD0000000001","AAV1.0.0.11","2.0.0.28","PSt7-10","000000-000","10/20/2017 9:36:39 AM","0000-00","0","no battery","V"
"10/20/2017","11:13:36","5","default","957498349","OXY5","3.968","min","158.270","μmol/L","Humid","21.029","deg","96957","µV","35.770","°C","1018.000","hPa","37.0","pmil","0","55.500","deg","20.000","°C","100.000","%a.s.","22.500","deg","20.000","°C","1013.000","hPa","0.861","-0.02056","0.00035","-0.00011","0","14.7","Humid","26.25","0","52.00","349726.47","SABD0000000001","AAV1.0.0.11","2.0.0.28","PSt7-10","000000-000","10/20/2017 9:36:39 AM","0000-00","0","no battery","V"
"10/20/2017","11:13:37","5","default","957498349","OXY5","3.985","min","158.284","μmol/L","Humid","21.029","deg","96976","µV","35.767","°C","1018.000","hPa","37.0","pmil","0","55.500","deg","20.000","°C","100.000","%a.s.","22.500","deg","20.000","°C","1013.000","hPa","0.861","-0.02056","0.00035","-0.00011","0","14.7","Humid","26.25","0","52.00","349721.77","SABD0000000001","AAV1.0.0.11","2.0.0.28","PSt7-10","000000-000","10/20/2017 9:36:39 AM","0000-00","0","no battery","V"
"10/20/2017","11:13:38","5","default","957498349","OXY5","4.002","min","158.200","μmol/L","Humid","21.029","deg","96907","µV","35.781","°C","1018.000","hPa","37.0","pmil","0","55.500","deg","20.000","°C","100.000","%a.s.","22.500","deg","20.000","°C","1013.000","hPa","0.861","-0.02056","0.00035","-0.00011","0","14.7","Humid","26.25","0","52.00","349704.27","SABD0000000001","AAV1.0.0.11","2.0.0.28","PSt7-10","000000-000","10/20/2017 9:36:39 AM","0000-00","0","no battery","V"
"10/20/2017","11:13:39","5","default","957498349","OXY5","4.018","min","158.138","μmol/L","Humid","21.031","deg","97044","µV","35.787","°C","1018.000","hPa","37.0","pmil","0","55.500","deg","20.000","°C","100.000","%a.s.","22.500","deg","20.000","°C","1013.000","hPa","0.861","-0.02056","0.00035","-0.00011","0","14.7","Humid","26.25","0","52.00","349711.86","SABD0000000001","AAV1.0.0.11","2.0.0.28","PSt7-10","000000-000","10/20/2017 9:36:39 AM","0000-00","0","no battery","V"
"10/20/2017","11:13:40","5","default","957498349","OXY5","4.035","min","158.049","μmol/L","Humid","21.030","deg","97101","µV","35.805","°C","1018.000","hPa","37.0","pmil","0","55.500","deg","20.000","°C","100.000","%a.s.","22.500","deg","20.000","°C","1013.000","hPa","0.861","-0.02056","0.00035","-0.00011","0","14.7","Humid","26.25","0","52.00","349712.93","SABD0000000001","AAV1.0.0.11","2.0.0.28","PSt7-10","000000-000","10/20/2017 9:36:39 AM","0000-00","0","no battery","V"
"10/20/2017","11:13:41","5","default","957498349","OXY5","4.052","min","158.267","μmol/L","Humid","21.031","deg","97081","µV","35.765","°C","1018.000","hPa","37.0","pmil","0","55.500","deg","20.000","°C","100.000","%a.s.","22.500","deg","20.000","°C","1013.000","hPa","0.861","-0.02056","0.00035","-0.00011","0","14.7","Humid","26.25","0","52.00","349714.16","SABD0000000001","AAV1.0.0.11","2.0.0.28","PSt7-10","000000-000","10/20/2017 9:36:39 AM","0000-00","0","no battery","V"
"10/20/2017","11:13:42","5","default","957498349","OXY5","4.068","min","158.212","μmol/L","Humid","21.031","deg","97017","µV","35.775","°C","1018.000","hPa","37.0","pmil","0","55.500","deg","20.000","°C","100.000","%a.s.","22.500","deg","20.000","°C","1013.000","hPa","0.861","-0.02056","0.00035","-0.00011","0","14.7","Humid","26.25","0","52.00","349713.03","SABD0000000001","AAV1.0.0.11","2.0.0.28","PSt7-10","000000-000","10/20/2017 9:36:39 AM","0000-00","0","no battery","V"
"10/20/2017","11:13:43","5","default","957498349","OXY5","4.085","min","158.116","μmol/L","Humid","21.034","deg","96925","µV","35.784","°C","1018.000","hPa","37.0","pmil","0","55.500","deg","20.000","°C","100.000","%a.s.","22.500","deg","20.000","°C","1013.000","hPa","0.861","-0.02056","0.00035","-0.00011","0","14.7","Humid","26.25","0","52.00","349717.03","SABD0000000001","AAV1.0.0.11","2.0.0.28","PSt7-10","000000-000","10/20/2017 9:36:39 AM","0000-00","0","no battery","V"
"10/20/2017","11:13:44","5","default","957498349","OXY5","4.102","min","158.200","μmol/L","Humid","21.031","deg","96910","µV","35.777","°C","1018.000","hPa","37.0","pmil","0","55.500","deg","20.000","°C","100.000","%a.s.","22.500","deg","20.000","°C","1013.000","hPa","0.861","-0.02056","0.00035","-0.00011","0","14.7","Humid","26.25","0","52.00","349708.12","SABD0000000001","AAV1.0.0.11","2.0.0.28","PSt7-10","000000-000","10/20/2017 9:36:39 AM","0000-00","0","no battery","V"
"10/20/2017","11:13:45","5","default","957498349","OXY5","4.118","min","158.070","μmol/L","Humid","21.030","deg","96727","µV","35.801","°C","1018.000","hPa","37.0","pmil","0","55.500","deg","20.000","°C","100.000","%a.s.","22.500","deg","20.000","°C","1013.000","hPa","0.861","-0.02056","0.00035","-0.00011","0","14.7","Humid","26.25","0","52.00","349706.67","SABD0000000001","AAV1.0.0.11","2.0.0.28","PSt7-10","000000-000","10/20/2017 9:36:39 AM","0000-00","0","no battery","V"
"10/20/2017","11:13:46","5","default","957498349","OXY5","4.135","min","158.326","μmol/L","Humid","21.034","deg","96907","µV","35.749","°C","1018.000","hPa","37.0","pmil","0","55.500","deg","20.000","°C","100.000","%a.s.","22.500","deg","20.000","°C","1013.000","hPa","0.861","-0.02056","0.00035","-0.00011","0","14.7","Humid","26.25","0","52.00","349708.60","SABD0000000001","AAV1.0.0.11","2.0.0.28","PSt7-10","000000-000","10/20/2017 9:36:39 AM","0000-00","0","no battery","V"
"10/20/2017","11:13:47","5","default","957498349","OXY5","4.152","min","158.205","μmol/L","Humid","21.035","deg","96879","µV","35.766","°C","1018.000","hPa","37.0","pmil","0","55.500","deg","20.000","°C","100.000","%a.s.","22.500","deg","20.000","°C","1013.000","hPa","0.861","-0.02056","0.00035","-0.00011","0","14.7","Humid","26.25","0","52.00","349700.40","SABD0000000001","AAV1.0.0.11","2.0.0.28","PSt7-10","000000-000","10/20/2017 9:36:39 AM","0000-00","0","no battery","V"
"10/20/2017","11:13:48","5","default","957498349","OXY5","4.168","min","158.278","μmol/L","Humid","21.030","deg","96685","µV","35.766","°C","1018.000","hPa","37.0","pmil","0","55.500","deg","20.000","°C","100.000","%a.s.","22.500","deg","20.000","°C","1013.000","hPa","0.861","-0.02056","0.00035","-0.00011","0","14.7","Humid","26.25","0","52.00","349695.70","SABD0000000001","AAV1.0.0.11","2.0.0.28","PSt7-10","000000-000","10/20/2017 9:36:39 AM","0000-00","0","no battery","V"
"10/20/2017","11:13:49","5","default","957498349","OXY5","4.185","min","158.218","μmol/L","Humid","21.030","deg","96617","µV","35.776","°C","1018.000","hPa","37.0","pmil","0","55.500","deg","20.000","°C","100.000","%a.s.","22.500","deg","20.000","°C","1013.000","hPa","0.861","-0.02056","0.00035","-0.00011","0","14.7","Humid","26.25","0","52.00","349698.57","SABD0000000001","AAV1.0.0.11","2.0.0.28","PSt7-10","000000-000","10/20/2017 9:36:39 AM","0000-00","0","no battery","V"
"10/20/2017","11:13:50","5","default","957498349","OXY5","4.202","min","158.203","μmol/L","Humid","21.030","deg","96531","µV","35.779","°C","1018.000","hPa","37.0","pmil","0","55.500","deg","20.000","°C","100.000","%a.s.","22.500","deg","20.000","°C","1013.000","hPa","0.861","-0.02056","0.00035","-0.00011","0","14.7","Humid","26.25","0","52.00","349688.58","SABD0000000001","AAV1.0.0.11","2.0.0.28","PSt7-10","000000-000","10/20/2017 9:36:39 AM","0000-00","0","no battery","V"
"10/20/2017","11:13:51","5","default","957498349","OXY5","4.218","min","158.205","μmol/L","Humid","21.030","deg","96420","µV","35.778","°C","1018.000","hPa","37.0","pmil","0","55.500","deg","20.000","°C","100.000","%a.s.","22.500","deg","20.000","°C","1013.000","hPa","0.861","-0.02056","0.00035","-0.00011","0","14.7","Humid","26.25","0","52.00","349692.62","SABD0000000001","AAV1.0.0.11","2.0.0.28","PSt7-10","000000-000","10/20/2017 9:36:39 AM","0000-00","0","no battery","V"
"10/20/2017","11:13:52","5","default","957498349","OXY5","4.235","min","158.300","μmol/L","Humid","21.028","deg","96260","µV","35.767","°C","1018.000","hPa","37.0","pmil","0","55.500","deg","20.000","°C","100.000","%a.s.","22.500","deg","20.000","°C","1013.000","hPa","0.861","-0.02056","0.00035","-0.00011","0","14.7","Humid","26.25","0","52.00","349691.42","SABD0000000001","AAV1.0.0.11","2.0.0.28","PSt7-10","000000-000","10/20/2017 9:36:39 AM","0000-00","0","no battery","V"
"10/20/2017","11:13:53","5","default","957498349","OXY5","4.252","min","158.242","μmol/L","Humid","21.030","deg","96288","µV","35.772","°C","1018.000","hPa","37.0","pmil","0","55.500","deg","20.000","°C","100.000","%a.s.","22.500","deg","20.000","°C","1013.000","hPa","0.861","-0.02056","0.00035","-0.00011","0","14.7","Humid","26.25","0","52.00","349694.00","SABD0000000001","AAV1.0.0.11","2.0.0.28","PSt7-10","000000-000","10/20/2017 9:36:39 AM","0000-00","0","no battery","V"
"10/20/2017","11:13:54","5","default","957498349","OXY5","4.268","min","158.209","μmol/L","Humid","21.029","deg","96193","µV","35.780","°C","1018.000","hPa","37.0","pmil","0","55.500","deg","20.000","°C","100.000","%a.s.","22.500","deg","20.000","°C","1013.000","hPa","0.861","-0.02056","0.00035","-0.00011","0","14.7","Humid","26.25","0","52.00","349680.34","SABD0000000001","AAV1.0.0.11","2.0.0.28","PSt7-10","000000-000","10/20/2017 9:36:39 AM","0000-00","0","no battery","V"
"10/20/2017","11:13:55","5","default","957498349","OXY5","4.285","min","158.260","μmol/L","Humid","21.027","deg","96804","µV","35.776","°C","1018.000","hPa","37.0","pmil","0","55.500","deg","20.000","°C","100.000","%a.s.","22.500","deg","20.000","°C","1013.000","hPa","0.861","-0.02056","0.00035","-0.00011","0","14.7","Humid","26.25","0","52.00","349673.03","SABD0000000001","AAV1.0.0.11","2.0.0.28","PSt7-10","000000-000","10/20/2017 9:36:39 AM","0000-00","0","no battery","V"
"10/20/2017","11:13:56","5","default","957498349","OXY5","4.302","min","158.318","μmol/L","Humid","21.028","deg","96861","µV","35.764","°C","1018.000","hPa","37.0","pmil","0","55.500","deg","20.000","°C","100.000","%a.s.","22.500","deg","20.000","°C","1013.000","hPa","0.861","-0.02056","0.00035","-0.00011","0","14.7","Humid","26.25","0","52.00","349670.71","SABD0000000001","AAV1.0.0.11","2.0.0.28","PSt7-10","000000-000","10/20/2017 9:36:39 AM","0000-00","0","no battery","V"
"10/20/2017","11:13:57","5","default","957498349","OXY5","4.318","min","158.227","μmol/L","Humid","21.030","deg","96878","µV","35.775","°C","1018.000","hPa","37.0","pmil","0","55.500","deg","20.000","°C","100.000","%a.s.","22.500","deg","20.000","°C","1013.000","hPa","0.861","-0.02056","0.00035","-0.00011","0","14.7","Humid","26.25","0","52.00","349657.00","SABD0000000001","AAV1.0.0.11","2.0.0.28","PSt7-10","000000-000","10/20/2017 9:36:39 AM","0000-00","0","no battery","V"
"10/20/2017","11:13:58","5","default","957498349","OXY5","4.335","min","158.279","μmol/L","Humid","21.026","deg","96860","µV","35.775","°C","1018.000","hPa","37.0","pmil","0","55.500","deg","20.000","°C","100.000","%a.s.","22.500","deg","20.000","°C","1013.000","hPa","0.861","-0.02056","0.00035","-0.00011","0","14.7","Humid","26.25","0","52.00","349663.88","SABD0000000001","AAV1.0.0.11","2.0.0.28","PSt7-10","000000-000","10/20/2017 9:36:39 AM","0000-00","0","no battery","V"
"10/20/2017","11:13:59","5","default","957498349","OXY5","4.352","min","158.093","μmol/L","Humid","21.032","deg","96887","µV","35.792","°C","1018.000","hPa","37.0","pmil","0","55.500","deg","20.000","°C","100.000","%a.s.","22.500","deg","20.000","°C","1013.000","hPa","0.861","-0.02056","0.00035","-0.00011","0","14.7","Humid","26.25","0","52.00","349667.85","SABD0000000001","AAV1.0.0.11","2.0.0.28","PSt7-10","000000-000","10/20/2017 9:36:39 AM","0000-00","0","no battery","V"
"10/20/2017","11:14:00","5","default","957498349","OXY5","4.368","min","158.181","μmol/L","Humid","21.031","deg","96881","µV","35.780","°C","1018.000","hPa","37.0","pmil","0","55.500","deg","20.000","°C","100.000","%a.s.","22.500","deg","20.000","°C","1013.000","hPa","0.861","-0.02056","0.00035","-0.00011","0","14.7","Humid","26.25","0","52.00","349661.34","SABD0000000001","AAV1.0.0.11","2.0.0.28","PSt7-10","000000-000","10/20/2017 9:36:39 AM","0000-00","0","no battery","V"
"10/20/2017","11:14:01","5","default","957498349","OXY5","4.385","min","158.240","μmol/L","Humid","21.030","deg","96843","µV","35.773","°C","1018.000","hPa","37.0","pmil","0","55.500","deg","20.000","°C","100.000","%a.s.","22.500","deg","20.000","°C","1013.000","hPa","0.861","-0.02056","0.00035","-0.00011","0","14.7","Humid","26.25","0","52.00","349663.53","SABD0000000001","AAV1.0.0.11","2.0.0.28","PSt7-10","000000-000","10/20/2017 9:36:39 AM","0000-00","0","no battery","V"
"10/20/2017","11:14:02","5","default","957498349","OXY5","4.402","min","158.118","μmol/L","Humid","21.030","deg","96836","µV","35.793","°C","1018.000","hPa","37.0","pmil","0","55.500","deg","20.000","°C","100.000","%a.s.","22.500","deg","20.000","°C","1013.000","hPa","0.861","-0.02056","0.00035","-0.00011","0","14.7","Humid","26.25","0","52.00","349656.83","SABD0000000001","AAV1.0.0.11","2.0.0.28","PSt7-10","000000-000","10/20/2017 9:36:39 AM","0000-00","0","no battery","V"
"10/20/2017","11:14:03","5","default","957498349","OXY5","4.418","min","158.128","μmol/L","Humid","21.031","deg","96847","µV","35.789","°C","1018.000","hPa","37.0","pmil","0","55.500","deg","20.000","°C","100.000","%a.s.","22.500","deg","20.000","°C","1013.000","hPa","0.861","-0.02056","0.00035","-0.00011","0","14.7","Humid","26.25","0","52.00","349655.75","SABD0000000001","AAV1.0.0.11","2.0.0.28","PSt7-10","000000-000","10/20/2017 9:36:39 AM","0000-00","0","no battery","V"
"10/20/2017","11:14:04","5","default","957498349","OXY5","4.435","min","158.336","μmol/L","Humid","21.029","deg","96821","µV","35.759","°C","1018.000","hPa","37.0","pmil","0","55.500","deg","20.000","°C","100.000","%a.s.","22.500","deg","20.000","°C","1013.000","hPa","0.861","-0.02056","0.00035","-0.00011","0","14.7","Humid","26.25","0","52.00","349663.65","SABD0000000001","AAV1.0.0.11","2.0.0.28","PSt7-10","000000-000","10/20/2017 9:36:39 AM","0000-00","0","no battery","V"
"10/20/2017","11:14:05","5","default","957498349","OXY5","4.452","min","158.294","μmol/L","Humid","21.027","deg","96839","µV","35.771","°C","1018.000","hPa","37.0","pmil","0","55.500","deg","20.000","°C","100.000","%a.s.","22.500","deg","20.000","°C","1013.000","hPa","0.861","-0.02056","0.00035","-0.00011","0","14.7","Humid","26.25","0","52.00","349659.94","SABD0000000001","AAV1.0.0.11","2.0.0.28","PSt7-10","000000-000","10/20/2017 9:36:39 AM","0000-00","0","no battery","V"
"10/20/2017","11:14:06","5","default","957498349","OXY5","4.468","min","158.267","μmol/L","Humid","21.029","deg","96815","µV","35.770","°C","1018.000","hPa","37.0","pmil","0","55.500","deg","20.000","°C","100.000","%a.s.","22.500","deg","20.000","°C","1013.000","hPa","0.861","-0.02056","0.00035","-0.00011","0","14.7","Humid","26.25","0","52.00","349652.04","SABD0000000001","AAV1.0.0.11","2.0.0.28","PSt7-10","000000-000","10/20/2017 9:36:39 AM","0000-00","0","no battery","V"
"10/20/2017","11:14:07","5","default","957498349","OXY5","4.484","min","158.308","μmol/L","Humid","21.027","deg","96844","µV","35.768","°C","1018.000","hPa","37.0","pmil","0","55.500","deg","20.000","°C","100.000","%a.s.","22.500","deg","20.000","°C","1013.000","hPa","0.861","-0.02056","0.00035","-0.00011","0","14.7","Humid","26.25","0","52.00","349658.81","SABD0000000001","AAV1.0.0.11","2.0.0.28","PSt7-10","000000-000","10/20/2017 9:36:39 AM","0000-00","0","no battery","V"
"10/20/2017","11:14:08","5","default","957498349","OXY5","4.501","min","158.320","μmol/L","Humid","21.024","deg","96819","µV","35.773","°C","1018.000","hPa","37.0","pmil","0","55.500","deg","20.000","°C","100.000","%a.s.","22.500","deg","20.000","°C","1013.000","hPa","0.861","-0.02056","0.00035","-0.00011","0","14.7","Humid","26.25","0","52.00","349642.41","SABD0000000001","AAV1.0.0.11","2.0.0.28","PSt7-10","000000-000","10/20/2017 9:36:39 AM","0000-00","0","no battery","V"
"10/20/2017","11:14:09","5","default","957498349","OXY5","4.518","min","158.270","μmol/L","Humid","21.031","deg","96826","µV","35.765","°C","1018.000","hPa","37.0","pmil","0","55.500","deg","20.000","°C","100.000","%a.s.","22.500","deg","20.000","°C","1013.000","hPa","0.861","-0.02056","0.00035","-0.00011","0","14.7","Humid","26.25","0","52.00","349645.52","SABD0000000001","AAV1.0.0.11","2.0.0.28","PSt7-10","000000-000","10/20/2017 9:36:39 AM","0000-00","0","no battery","V"
"10/20/2017","11:14:10","5","default","957498349","OXY5","4.534","min","158.427","μmol/L","Humid","21.027","deg","96821","µV","35.748","°C","1018.000","hPa","37.0","pmil","0","55.500","deg","20.000","°C","100.000","%a.s.","22.500","deg","20.000","°C","1013.000","hPa","0.861","-0.02056","0.00035","-0.00011","0","14.7","Humid","26.25","0","52.00","349646.44","SABD0000000001","AAV1.0.0.11","2.0.0.28","PSt7-10","000000-000","10/20/2017 9:36:39 AM","0000-00","0","no battery","V"
"10/20/2017","11:14:11","5","default","957498349","OXY5","4.551","min","158.407","μmol/L","Humid","21.023","deg","96812","µV","35.761","°C","1018.000","hPa","37.0","pmil","0","55.500","deg","20.000","°C","100.000","%a.s.","22.500","deg","20.000","°C","1013.000","hPa","0.861","-0.02056","0.00035","-0.00011","0","14.7","Humid","26.25","0","52.00","349661.36","SABD0000000001","AAV1.0.0.11","2.0.0.28","PSt7-10","000000-000","10/20/2017 9:36:39 AM","0000-00","0","no battery","V"
"10/20/2017","11:14:12","5","default","957498349","OXY5","4.568","min","158.238","μmol/L","Humid","21.029","deg","96726","µV","35.775","°C","1018.000","hPa","37.0","pmil","0","55.500","deg","20.000","°C","100.000","%a.s.","22.500","deg","20.000","°C","1013.000","hPa","0.861","-0.02056","0.00035","-0.00011","0","14.7","Humid","26.25","0","52.00","349639.09","SABD0000000001","AAV1.0.0.11","2.0.0.28","PSt7-10","000000-000","10/20/2017 9:36:39 AM","0000-00","0","no battery","V"
"10/20/2017","11:14:13","5","default","957498349","OXY5","4.584","min","158.325","μmol/L","Humid","21.027","deg","96242","µV","35.765","°C","1018.000","hPa","37.0","pmil","0","55.500","deg","20.000","°C","100.000","%a.s.","22.500","deg","20.000","°C","1013.000","hPa","0.861","-0.02056","0.00035","-0.00011","0","14.7","Humid","26.25","0","52.00","349644.26","SABD0000000001","AAV1.0.0.11","2.0.0.28","PSt7-10","000000-000","10/20/2017 9:36:39 AM","0000-00","0","no battery","V"
"10/20/2017","11:14:14","5","default","957498349","OXY5","4.601","min","158.358","μmol/L","Humid","21.030","deg","95909","µV","35.753","°C","1018.000","hPa","37.0","pmil","0","55.500","deg","20.000","°C","100.000","%a.s.","22.500","deg","20.000","°C","1013.000","hPa","0.861","-0.02056","0.00035","-0.00011","0","14.7","Humid","26.25","0","52.00","349633.09","SABD0000000001","AAV1.0.0.11","2.0.0.28","PSt7-10","000000-000","10/20/2017 9:36:39 AM","0000-00","0","no battery","V"
"10/20/2017","11:14:15","5","default","957498349","OXY5","4.618","min","158.321","μmol/L","Humid","21.026","deg","95629","µV","35.768","°C","1018.000","hPa","37.0","pmil","0","55.500","deg","20.000","°C","100.000","%a.s.","22.500","deg","20.000","°C","1013.000","hPa","0.861","-0.02056","0.00035","-0.00011","0","14.7","Humid","26.25","0","52.00","349627.00","SABD0000000001","AAV1.0.0.11","2.0.0.28","PSt7-10","000000-000","10/20/2017 9:36:39 AM","0000-00","0","no battery","V"
"10/20/2017","11:14:16","5","default","957498349","OXY5","4.634","min","158.219","μmol/L","Humid","21.030","deg","96340","µV","35.776","°C","1018.000","hPa","37.0","pmil","0","55.500","deg","20.000","°C","100.000","%a.s.","22.500","deg","20.000","°C","1013.000","hPa","0.861","-0.02056","0.00035","-0.00011","0","14.7","Humid","26.25","0","52.00","349641.20","SABD0000000001","AAV1.0.0.11","2.0.0.28","PSt7-10","000000-000","10/20/2017 9:36:39 AM","0000-00","0","no battery","V"
"10/20/2017","11:14:17","5","default","957498349","OXY5","4.651","min","158.153","μmol/L","Humid","21.028","deg","96801","µV","35.792","°C","1018.000","hPa","37.0","pmil","0","55.500","deg","20.000","°C","100.000","%a.s.","22.500","deg","20.000","°C","1013.000","hPa","0.861","-0.02056","0.00035","-0.00011","0","14.7","Humid","26.25","0","52.00","349635.97","SABD0000000001","AAV1.0.0.11","2.0.0.28","PSt7-10","000000-000","10/20/2017 9:36:39 AM","0000-00","0","no battery","V"
"10/20/2017","11:14:18","5","default","957498349","OXY5","4.668","min","158.249","μmol/L","Humid","21.028","deg","96732","µV","35.776","°C","1018.000","hPa","37.0","pmil","0","55.500","deg","20.000","°C","100.000","%a.s.","22.500","deg","20.000","°C","1013.000","hPa","0.861","-0.02056","0.00035","-0.00011","0","14.7","Humid","26.25","0","52.00","349637.73","SABD0000000001","AAV1.0.0.11","2.0.0.28","PSt7-10","000000-000","10/20/2017 9:36:39 AM","0000-00","0","no battery","V"
"10/20/2017","11:14:19","5","default","957498349","OXY5","4.684","min","158.343","μmol/L","Humid","21.024","deg","96754","µV","35.770","°C","1018.000","hPa","37.0","pmil","0","55.500","deg","20.000","°C","100.000","%a.s.","22.500","deg","20.000","°C","1013.000","hPa","0.861","-0.02056","0.00035","-0.00011","0","14.7","Humid","26.25","0","52.00","349638.37","SABD0000000001","AAV1.0.0.11","2.0.0.28","PSt7-10","000000-000","10/20/2017 9:36:39 AM","0000-00","0","no battery","V"
"10/20/2017","11:14:20","5","default","957498349","OXY5","4.701","min","158.300","μmol/L","Humid","21.026","deg","96727","µV","35.772","°C","1018.000","hPa","37.0","pmil","0","55.500","deg","20.000","°C","100.000","%a.s.","22.500","deg","20.000","°C","1013.000","hPa","0.861","-0.02056","0.00035","-0.00011","0","14.7","Humid","26.25","0","52.00","349645.32","SABD0000000001","AAV1.0.0.11","2.0.0.28","PSt7-10","000000-000","10/20/2017 9:36:39 AM","0000-00","0","no battery","V"
"10/20/2017","11:14:21","5","default","957498349","OXY5","4.718","min","158.279","μmol/L","Humid","21.027","deg","96751","µV","35.773","°C","1018.000","hPa","37.0","pmil","0","55.500","deg","20.000","°C","100.000","%a.s.","22.500","deg","20.000","°C","1013.000","hPa","0.861","-0.02056","0.00035","-0.00011","0","14.7","Humid","26.25","0","52.00","349626.62","SABD0000000001","AAV1.0.0.11","2.0.0.28","PSt7-10","000000-000","10/20/2017 9:36:39 AM","0000-00","0","no battery","V"
"10/20/2017","11:14:22","5","default","957498349","OXY5","4.734","min","158.231","μmol/L","Humid","21.029","deg","96737","µV","35.776","°C","1018.000","hPa","37.0","pmil","0","55.500","deg","20.000","°C","100.000","%a.s.","22.500","deg","20.000","°C","1013.000","hPa","0.861","-0.02056","0.00035","-0.00011","0","14.7","Humid","26.25","0","52.00","349628.31","SABD0000000001","AAV1.0.0.11","2.0.0.28","PSt7-10","000000-000","10/20/2017 9:36:39 AM","0000-00","0","no battery","V"
"10/20/2017","11:14:23","5","default","957498349","OXY5","4.751","min","158.193","μmol/L","Humid","21.029","deg","96730","µV","35.783","°C","1018.000","hPa","37.0","pmil","0","55.500","deg","20.000","°C","100.000","%a.s.","22.500","deg","20.000","°C","1013.000","hPa","0.861","-0.02056","0.00035","-0.00011","0","14.7","Humid","26.25","0","52.00","349627.08","SABD0000000001","AAV1.0.0.11","2.0.0.28","PSt7-10","000000-000","10/20/2017 9:36:39 AM","0000-00","0","no battery","V"
"10/20/2017","11:14:24","5","default","957498349","OXY5","4.768","min","158.217","μmol/L","Humid","21.032","deg","96735","µV","35.771","°C","1018.000","hPa","37.0","pmil","0","55.500","deg","20.000","°C","100.000","%a.s.","22.500","deg","20.000","°C","1013.000","hPa","0.861","-0.02056","0.00035","-0.00011","0","14.7","Humid","26.25","0","52.00","349618.95","SABD0000000001","AAV1.0.0.11","2.0.0.28","PSt7-10","000000-000","10/20/2017 9:36:39 AM","0000-00","0","no battery","V"
"10/20/2017","11:14:25","5","default","957498349","OXY5","4.784","min","158.257","μmol/L","Humid","21.025","deg","96737","µV","35.782","°C","1018.000","hPa","37.0","pmil","0","55.500","deg","20.000","°C","100.000","%a.s.","22.500","deg","20.000","°C","1013.000","hPa","0.861","-0.02056","0.00035","-0.00011","0","14.7","Humid","26.25","0","52.00","349617.43","SABD0000000001","AAV1.0.0.11","2.0.0.28","PSt7-10","000000-000","10/20/2017 9:36:39 AM","0000-00","0","no battery","V"
"10/20/2017","11:14:26","5","default","957498349","OXY5","4.801","min","158.350","μmol/L","Humid","21.028","deg","96827","µV","35.759","°C","1018.000","hPa","37.0","pmil","0","55.500","deg","20.000","°C","100.000","%a.s.","22.500","deg","20.000","°C","1013.000","hPa","0.861","-0.02056","0.00035","-0.00011","0","14.7","Humid","26.25","0","52.00","349615.02","SABD0000000001","AAV1.0.0.11","2.0.0.28","PSt7-10","000000-000","10/20/2017 9:36:39 AM","0000-00","0","no battery","V"
"10/20/2017","11:14:27","5","default","957498349","OXY5","4.818","min","158.334","μmol/L","Humid","21.025","deg","96786","µV","35.769","°C","1018.000","hPa","37.0","pmil","0","55.500","deg","20.000","°C","100.000","%a.s.","22.500","deg","20.000","°C","1013.000","hPa","0.861","-0.02056","0.00035","-0.00011","0","14.7","Humid","26.25","0","52.00","349621.33","SABD0000000001","AAV1.0.0.11","2.0.0.28","PSt7-10","000000-000","10/20/2017 9:36:39 AM","0000-00","0","no battery","V"
"10/20/2017","11:14:28","5","default","957498349","OXY5","4.834","min","158.384","μmol/L","Humid","21.023","deg","96869","µV","35.765","°C","1018.000","hPa","37.0","pmil","0","55.500","deg","20.000","°C","100.000","%a.s.","22.500","deg","20.000","°C","1013.000","hPa","0.861","-0.02056","0.00035","-0.00011","0","14.7","Humid","26.25","0","52.00","349614.13","SABD0000000001","AAV1.0.0.11","2.0.0.28","PSt7-10","000000-000","10/20/2017 9:36:39 AM","0000-00","0","no battery","V"
"10/20/2017","11:14:29","5","default","957498349","OXY5","4.851","min","158.319","μmol/L","Humid","21.026","deg","96934","µV","35.769","°C","1018.000","hPa","37.0","pmil","0","55.500","deg","20.000","°C","100.000","%a.s.","22.500","deg","20.000","°C","1013.000","hPa","0.861","-0.02056","0.00035","-0.00011","0","14.7","Humid","26.25","0","52.00","349630.21","SABD0000000001","AAV1.0.0.11","2.0.0.28","PSt7-10","000000-000","10/20/2017 9:36:39 AM","0000-00","0","no battery","V"
"10/20/2017","11:14:30","5","default","957498349","OXY5","4.868","min","158.330","μmol/L","Humid","21.026","deg","96995","µV","35.767","°C","1018.000","hPa","37.0","pmil","0","55.500","deg","20.000","°C","100.000","%a.s.","22.500","deg","20.000","°C","1013.000","hPa","0.861","-0.02056","0.00035","-0.00011","0","14.7","Humid","26.25","0","52.00","349617.84","SABD0000000001","AAV1.0.0.11","2.0.0.28","PSt7-10","000000-000","10/20/2017 9:36:39 AM","0000-00","0","no battery","V"
"10/20/2017","11:14:31","5","default","957498349","OXY5","4.884","min","158.239","μmol/L","Humid","21.027","deg","96874","µV","35.780","°C","1018.000","hPa","37.0","pmil","0","55.500","deg","20.000","°C","100.000","%a.s.","22.500","deg","20.000","°C","1013.000","hPa","0.861","-0.02056","0.00035","-0.00011","0","14.7","Humid","26.25","0","52.00","349617.27","SABD0000000001","AAV1.0.0.11","2.0.0.28","PSt7-10","000000-000","10/20/2017 9:36:39 AM","0000-00","0","no battery","V"
"10/20/2017","11:14:32","5","default","957498349","OXY5","4.901","min","158.320","μmol/L","Humid","21.028","deg","96816","µV","35.764","°C","1018.000","hPa","37.0","pmil","0","55.500","deg","20.000","°C","100.000","%a.s.","22.500","deg","20.000","°C","1013.000","hPa","0.861","-0.02056","0.00035","-0.00011","0","14.7","Humid","26.25","0","52.00","349602.91","SABD0000000001","AAV1.0.0.11","2.0.0.28","PSt7-10","000000-000","10/20/2017 9:36:39 AM","0000-00","0","no battery","V"
"10/20/2017","11:14:33","5","default","957498349","OXY5","4.918","min","158.222","μmol/L","Humid","21.030","deg","96859","µV","35.775","°C","1018.000","hPa","37.0","pmil","0","55.500","deg","20.000","°C","100.000","%a.s.","22.500","deg","20.000","°C","1013.000","hPa","0.861","-0.02056","0.00035","-0.00011","0","14.7","Humid","26.25","0","52.00","349609.85","SABD0000000001","AAV1.0.0.11","2.0.0.28","PSt7-10","000000-000","10/20/2017 9:36:39 AM","0000-00","0","no battery","V"
"10/20/2017","11:14:34","5","default","957498349","OXY5","4.934","min","158.406","μmol/L","Humid","21.023","deg","96925","µV","35.761","°C","1018.000","hPa","37.0","pmil","0","55.500","deg","20.000","°C","100.000","%a.s.","22.500","deg","20.000","°C","1013.000","hPa","0.861","-0.02056","0.00035","-0.00011","0","14.7","Humid","26.25","0","52.00","349598.79","SABD0000000001","AAV1.0.0.11","2.0.0.28","PSt7-10","000000-000","10/20/2017 9:36:39 AM","0000-00","0","no battery","V"
"10/20/2017","11:14:35","5","default","957498349","OXY5","4.951","min","158.402","μmol/L","Humid","21.025","deg","96856","µV","35.757","°C","1018.000","hPa","37.0","pmil","0","55.500","deg","20.000","°C","100.000","%a.s.","22.500","deg","20.000","°C","1013.000","hPa","0.861","-0.02056","0.00035","-0.00011","0","14.7","Humid","26.25","0","52.00","349607.57","SABD0000000001","AAV1.0.0.11","2.0.0.28","PSt7-10","000000-000","10/20/2017 9:36:39 AM","0000-00","0","no battery","V"
"10/20/2017","11:14:36","5","default","957498349","OXY5","4.968","min","158.394","μmol/L","Humid","21.025","deg","96820","µV","35.759","°C","1018.000","hPa","37.0","pmil","0","55.500","deg","20.000","°C","100.000","%a.s.","22.500","deg","20.000","°C","1013.000","hPa","0.861","-0.02056","0.00035","-0.00011","0","14.7","Humid","26.25","0","52.00","349611.78","SABD0000000001","AAV1.0.0.11","2.0.0.28","PSt7-10","000000-000","10/20/2017 9:36:39 AM","0000-00","0","no battery","V"
"10/20/2017","11:14:37","5","default","957498349","OXY5","4.984","min","158.287","μmol/L","Humid","21.027","deg","96797","µV","35.772","°C","1018.000","hPa","37.0","pmil","0","55.500","deg","20.000","°C","100.000","%a.s.","22.500","deg","20.000","°C","1013.000","hPa","0.861","-0.02056","0.00035","-0.00011","0","14.7","Humid","26.25","0","52.00","349605.49","SABD0000000001","AAV1.0.0.11","2.0.0.28","PSt7-10","000000-000","10/20/2017 9:36:39 AM","0000-00","0","no battery","V"
"10/20/2017","11:14:38","5","default","957498349","OXY5","5.001","min","158.277","μmol/L","Humid","21.028","deg","96738","µV","35.771","°C","1018.000","hPa","37.0","pmil","0","55.500","deg","20.000","°C","100.000","%a.s.","22.500","deg","20.000","°C","1013.000","hPa","0.861","-0.02056","0.00035","-0.00011","0","14.7","Humid","26.25","0","52.00","349609.15","SABD0000000001","AAV1.0.0.11","2.0.0.28","PSt7-10","000000-000","10/20/2017 9:36:39 AM","0000-00","0","no battery","V"
"10/20/2017","11:14:39","5","default","957498349","OXY5","5.018","min","158.363","μmol/L","Humid","21.024","deg","96826","µV","35.766","°C","1018.000","hPa","37.0","pmil","0","55.500","deg","20.000","°C","100.000","%a.s.","22.500","deg","20.000","°C","1013.000","hPa","0.861","-0.02056","0.00035","-0.00011","0","14.7","Humid","26.25","0","52.00","349606.82","SABD0000000001","AAV1.0.0.11","2.0.0.28","PSt7-10","000000-000","10/20/2017 9:36:39 AM","0000-00","0","no battery","V"
"10/20/2017","11:14:40","5","default","957498349","OXY5","5.034","min","158.302","μmol/L","Humid","21.027","deg","96717","µV","35.769","°C","1018.000","hPa","37.0","pmil","0","55.500","deg","20.000","°C","100.000","%a.s.","22.500","deg","20.000","°C","1013.000","hPa","0.861","-0.02056","0.00035","-0.00011","0","14.7","Humid","26.25","0","52.00","349599.55","SABD0000000001","AAV1.0.0.11","2.0.0.28","PSt7-10","000000-000","10/20/2017 9:36:39 AM","0000-00","0","no battery","V"
"10/20/2017","11:14:41","5","default","957498349","OXY5","5.051","min","158.226","μmol/L","Humid","21.028","deg","96684","µV","35.780","°C","1018.000","hPa","37.0","pmil","0","55.500","deg","20.000","°C","100.000","%a.s.","22.500","deg","20.000","°C","1013.000","hPa","0.861","-0.02056","0.00035","-0.00011","0","14.7","Humid","26.25","0","52.00","349608.56","SABD0000000001","AAV1.0.0.11","2.0.0.28","PSt7-10","000000-000","10/20/2017 9:36:39 AM","0000-00","0","no battery","V"
"10/20/2017","11:14:42","5","default","957498349","OXY5","5.068","min","158.294","μmol/L","Humid","21.027","deg","96603","µV","35.771","°C","1018.000","hPa","37.0","pmil","0","55.500","deg","20.000","°C","100.000","%a.s.","22.500","deg","20.000","°C","1013.000","hPa","0.861","-0.02056","0.00035","-0.00011","0","14.7","Humid","26.25","0","52.00","349613.29","SABD0000000001","AAV1.0.0.11","2.0.0.28","PSt7-10","000000-000","10/20/2017 9:36:39 AM","0000-00","0","no battery","V"
"10/20/2017","11:14:43","5","default","957498349","OXY5","5.084","min","158.254","μmol/L","Humid","21.029","deg","96625","µV","35.772","°C","1018.000","hPa","37.0","pmil","0","55.500","deg","20.000","°C","100.000","%a.s.","22.500","deg","20.000","°C","1013.000","hPa","0.861","-0.02056","0.00035","-0.00011","0","14.7","Humid","26.25","0","52.00","349592.21","SABD0000000001","AAV1.0.0.11","2.0.0.28","PSt7-10","000000-000","10/20/2017 9:36:39 AM","0000-00","0","no battery","V"
"10/20/2017","11:14:44","5","default","957498349","OXY5","5.101","min","158.337","μmol/L","Humid","21.024","deg","96626","µV","35.770","°C","1018.000","hPa","37.0","pmil","0","55.500","deg","20.000","°C","100.000","%a.s.","22.500","deg","20.000","°C","1013.000","hPa","0.861","-0.02056","0.00035","-0.00011","0","14.7","Humid","26.25","0","52.00","349589.02","SABD0000000001","AAV1.0.0.11","2.0.0.28","PSt7-10","000000-000","10/20/2017 9:36:39 AM","0000-00","0","no battery","V"
"10/20/2017","11:14:45","5","default","957498349","OXY5","5.118","min","158.355","μmol/L","Humid","21.023","deg","96564","µV","35.770","°C","1018.000","hPa","37.0","pmil","0","55.500","deg","20.000","°C","100.000","%a.s.","22.500","deg","20.000","°C","1013.000","hPa","0.861","-0.02056","0.00035","-0.00011","0","14.7","Humid","26.25","0","52.00","349601.07","SABD0000000001","AAV1.0.0.11","2.0.0.28","PSt7-10","000000-000","10/20/2017 9:36:39 AM","0000-00","0","no battery","V"
"10/20/2017","11:14:46","5","default","957498349","OXY5","5.135","min","158.238","μmol/L","Humid","21.028","deg","96487","µV","35.778","°C","1018.000","hPa","37.0","pmil","0","55.500","deg","20.000","°C","100.000","%a.s.","22.500","deg","20.000","°C","1013.000","hPa","0.861","-0.02056","0.00035","-0.00011","0","14.7","Humid","26.25","0","52.00","349583.64","SABD0000000001","AAV1.0.0.11","2.0.0.28","PSt7-10","000000-000","10/20/2017 9:36:39 AM","0000-00","0","no battery","V"
"10/20/2017","11:14:47","5","default","957498349","OXY5","5.151","min","158.340","μmol/L","Humid","21.022","deg","96465","µV","35.775","°C","1018.000","hPa","37.0","pmil","0","55.500","deg","20.000","°C","100.000","%a.s.","22.500","deg","20.000","°C","1013.000","hPa","0.861","-0.02056","0.00035","-0.00011","0","14.7","Humid","26.25","0","52.00","349597.44","SABD0000000001","AAV1.0.0.11","2.0.0.28","PSt7-10","000000-000","10/20/2017 9:36:39 AM","0000-00","0","no battery","V"
"10/20/2017","11:14:48","5","default","957498349","OXY5","5.168","min","158.255","μmol/L","Humid","21.031","deg","96737","µV","35.768","°C","1018.000","hPa","37.0","pmil","0","55.500","deg","20.000","°C","100.000","%a.s.","22.500","deg","20.000","°C","1013.000","hPa","0.861","-0.02056","0.00035","-0.00011","0","14.7","Humid","26.25","0","52.00","349588.66","SABD0000000001","AAV1.0.0.11","2.0.0.28","PSt7-10","000000-000","10/20/2017 9:36:39 AM","0000-00","0","no battery","V"
"10/20/2017","11:14:49","5","default","957498349","OXY5","5.185","min","158.217","μmol/L","Humid","21.030","deg","96763","µV","35.776","°C","1018.000","hPa","37.0","pmil","0","55.500","deg","20.000","°C","100.000","%a.s.","22.500","deg","20.000","°C","1013.000","hPa","0.861","-0.02056","0.00035","-0.00011","0","14.7","Humid","26.25","0","52.00","349585.71","SABD0000000001","AAV1.0.0.11","2.0.0.28","PSt7-10","000000-000","10/20/2017 9:36:39 AM","0000-00","0","no battery","V"
"10/20/2017","11:14:50","5","default","957498349","OXY5","5.201","min","158.382","μmol/L","Humid","21.025","deg","96771","µV","35.761","°C","1018.000","hPa","37.0","pmil","0","55.500","deg","20.000","°C","100.000","%a.s.","22.500","deg","20.000","°C","1013.000","hPa","0.861","-0.02056","0.00035","-0.00011","0","14.7","Humid","26.25","0","52.00","349582.46","SABD0000000001","AAV1.0.0.11","2.0.0.28","PSt7-10","000000-000","10/20/2017 9:36:39 AM","0000-00","0","no battery","V"
"10/20/2017","11:14:51","5","default","957498349","OXY5","5.218","min","158.325","μmol/L","Humid","21.028","deg","96777","µV","35.763","°C","1018.000","hPa","37.0","pmil","0","55.500","deg","20.000","°C","100.000","%a.s.","22.500","deg","20.000","°C","1013.000","hPa","0.861","-0.02056","0.00035","-0.00011","0","14.7","Humid","26.25","0","52.00","349577.04","SABD0000000001","AAV1.0.0.11","2.0.0.28","PSt7-10","000000-000","10/20/2017 9:36:39 AM","0000-00","0","no battery","V"
"10/20/2017","11:14:52","5","default","957498349","OXY5","5.235","min","158.319","μmol/L","Humid","21.028","deg","96775","µV","35.764","°C","1018.000","hPa","37.0","pmil","0","55.500","deg","20.000","°C","100.000","%a.s.","22.500","deg","20.000","°C","1013.000","hPa","0.861","-0.02056","0.00035","-0.00011","0","14.7","Humid","26.25","0","52.00","349575.09","SABD0000000001","AAV1.0.0.11","2.0.0.28","PSt7-10","000000-000","10/20/2017 9:36:39 AM","0000-00","0","no battery","V"
"10/20/2017","11:14:53","5","default","957498349","OXY5","5.251","min","158.327","μmol/L","Humid","21.026","deg","96782","µV","35.768","°C","1018.000","hPa","37.0","pmil","0","55.500","deg","20.000","°C","100.000","%a.s.","22.500","deg","20.000","°C","1013.000","hPa","0.861","-0.02056","0.00035","-0.00011","0","14.7","Humid","26.25","0","52.00","349587.19","SABD0000000001","AAV1.0.0.11","2.0.0.28","PSt7-10","000000-000","10/20/2017 9:36:39 AM","0000-00","0","no battery","V"
"10/20/2017","11:14:54","5","default","957498349","OXY5","5.268","min","158.299","μmol/L","Humid","21.028","deg","96743","µV","35.767","°C","1018.000","hPa","37.0","pmil","0","55.500","deg","20.000","°C","100.000","%a.s.","22.500","deg","20.000","°C","1013.000","hPa","0.861","-0.02056","0.00035","-0.00011","0","14.7","Humid","26.25","0","52.00","349580.70","SABD0000000001","AAV1.0.0.11","2.0.0.28","PSt7-10","000000-000","10/20/2017 9:36:39 AM","0000-00","0","no battery","V"
"10/20/2017","11:14:55","5","default","957498349","OXY5","5.285","min","158.178","μmol/L","Humid","21.027","deg","96757","µV","35.790","°C","1018.000","hPa","37.0","pmil","0","55.500","deg","20.000","°C","100.000","%a.s.","22.500","deg","20.000","°C","1013.000","hPa","0.861","-0.02056","0.00035","-0.00011","0","14.7","Humid","26.25","0","52.00","349578.65","SABD0000000001","AAV1.0.0.11","2.0.0.28","PSt7-10","000000-000","10/20/2017 9:36:39 AM","0000-00","0","no battery","V"
"10/20/2017","11:14:56","5","default","957498349","OXY5","5.301","min","158.377","μmol/L","Humid","21.030","deg","96756","µV","35.750","°C","1018.000","hPa","37.0","pmil","0","55.500","deg","20.000","°C","100.000","%a.s.","22.500","deg","20.000","°C","1013.000","hPa","0.861","-0.02056","0.00035","-0.00011","0","14.7","Humid","26.25","0","52.00","349573.44","SABD0000000001","AAV1.0.0.11","2.0.0.28","PSt7-10","000000-000","10/20/2017 9:36:39 AM","0000-00","0","no battery","V"
"10/20/2017","11:14:57","5","default","957498349","OXY5","5.318","min","158.370","μmol/L","Humid","21.028","deg","96744","µV","35.756","°C","1018.000","hPa","37.0","pmil","0","55.500","deg","20.000","°C","100.000","%a.s.","22.500","deg","20.000","°C","1013.000","hPa","0.861","-0.02056","0.00035","-0.00011","0","14.7","Humid","26.25","0","52.00","349563.07","SABD0000000001","AAV1.0.0.11","2.0.0.28","PSt7-10","000000-000","10/20/2017 9:36:39 AM","0000-00","0","no battery","V"
"10/20/2017","11:14:58","5","default","957498349","OXY5","5.335","min","158.412","μmol/L","Humid","21.025","deg","96744","µV","35.756","°C","1018.000","hPa","37.0","pmil","0","55.500","deg","20.000","°C","100.000","%a.s.","22.500","deg","20.000","°C","1013.000","hPa","0.861","-0.02056","0.00035","-0.00011","0","14.7","Humid","26.25","0","52.00","349566.04","SABD0000000001","AAV1.0.0.11","2.0.0.28","PSt7-10","000000-000","10/20/2017 9:36:39 AM","0000-00","0","no battery","V"
"10/20/2017","11:14:59","5","default","957498349","OXY5","5.351","min","158.417","μmol/L","Humid","21.022","deg","96749","µV","35.762","°C","1018.000","hPa","37.0","pmil","0","55.500","deg","20.000","°C","100.000","%a.s.","22.500","deg","20.000","°C","1013.000","hPa","0.861","-0.02056","0.00035","-0.00011","0","14.7","Humid","26.25","0","52.00","349576.04","SABD0000000001","AAV1.0.0.11","2.0.0.28","PSt7-10","000000-000","10/20/2017 9:36:39 AM","0000-00","0","no battery","V"
"10/20/2017","11:15:00","5","default","957498349","OXY5","5.368","min","158.253","μmol/L","Humid","21.029","deg","96739","µV","35.773","°C","1018.000","hPa","37.0","pmil","0","55.500","deg","20.000","°C","100.000","%a.s.","22.500","deg","20.000","°C","1013.000","hPa","0.861","-0.02056","0.00035","-0.00011","0","14.7","Humid","26.25","0","52.00","349558.21","SABD0000000001","AAV1.0.0.11","2.0.0.28","PSt7-10","000000-000","10/20/2017 9:36:39 AM","0000-00","0","no battery","V"
"10/20/2017","11:15:01","5","default","957498349","OXY5","5.385","min","158.296","μmol/L","Humid","21.023","deg","96745","µV","35.780","°C","1018.000","hPa","37.0","pmil","0","55.500","deg","20.000","°C","100.000","%a.s.","22.500","deg","20.000","°C","1013.000","hPa","0.861","-0.02056","0.00035","-0.00011","0","14.7","Humid","26.25","0","52.00","349547.48","SABD0000000001","AAV1.0.0.11","2.0.0.28","PSt7-10","000000-000","10/20/2017 9:36:39 AM","0000-00","0","no battery","V"
"10/20/2017","11:15:02","5","default","957498349","OXY5","5.401","min","158.256","μmol/L","Humid","21.025","deg","96729","µV","35.782","°C","1018.000","hPa","37.0","pmil","0","55.500","deg","20.000","°C","100.000","%a.s.","22.500","deg","20.000","°C","1013.000","hPa","0.861","-0.02056","0.00035","-0.00011","0","14.7","Humid","26.25","0","52.00","349555.43","SABD0000000001","AAV1.0.0.11","2.0.0.28","PSt7-10","000000-000","10/20/2017 9:36:39 AM","0000-00","0","no battery","V"
"10/20/2017","11:15:03","5","default","957498349","OXY5","5.418","min","158.421","μmol/L","Humid","21.025","deg","96741","µV","35.754","°C","1018.000","hPa","37.0","pmil","0","55.500","deg","20.000","°C","100.000","%a.s.","22.500","deg","20.000","°C","1013.000","hPa","0.861","-0.02056","0.00035","-0.00011","0","14.7","Humid","26.25","0","52.00","349556.71","SABD0000000001","AAV1.0.0.11","2.0.0.28","PSt7-10","000000-000","10/20/2017 9:36:39 AM","0000-00","0","no battery","V"
"10/20/2017","11:15:04","5","default","957498349","OXY5","5.435","min","158.431","μmol/L","Humid","21.025","deg","96737","µV","35.752","°C","1018.000","hPa","37.0","pmil","0","55.500","deg","20.000","°C","100.000","%a.s.","22.500","deg","20.000","°C","1013.000","hPa","0.861","-0.02056","0.00035","-0.00011","0","14.7","Humid","26.25","0","52.00","349551.80","SABD0000000001","AAV1.0.0.11","2.0.0.28","PSt7-10","000000-000","10/20/2017 9:36:39 AM","0000-00","0","no battery","V"
"10/20/2017","11:15:05","5","default","957498349","OXY5","5.451","min","158.425","μmol/L","Humid","21.023","deg","96731","µV","35.758","°C","1018.000","hPa","37.0","pmil","0","55.500","deg","20.000","°C","100.000","%a.s.","22.500","deg","20.000","°C","1013.000","hPa","0.861","-0.02056","0.00035","-0.00011","0","14.7","Humid","26.25","0","52.00","349535.88","SABD0000000001","AAV1.0.0.11","2.0.0.28","PSt7-10","000000-000","10/20/2017 9:36:39 AM","0000-00","0","no battery","V"
"10/20/2017","11:15:06","5","default","957498349","OXY5","5.468","min","158.339","μmol/L","Humid","21.026","deg","96726","µV","35.765","°C","1018.000","hPa","37.0","pmil","0","55.500","deg","20.000","°C","100.000","%a.s.","22.500","deg","20.000","°C","1013.000","hPa","0.861","-0.02056","0.00035","-0.00011","0","14.7","Humid","26.25","0","52.00","349559.66","SABD0000000001","AAV1.0.0.11","2.0.0.28","PSt7-10","000000-000","10/20/2017 9:36:39 AM","0000-00","0","no battery","V"
"10/20/2017","11:15:07","5","default","957498349","OXY5","5.485","min","158.256","μmol/L","Humid","21.024","deg","96721","µV","35.784","°C","1018.000","hPa","37.0","pmil","0","55.500","deg","20.000","°C","100.000","%a.s.","22.500","deg","20.000","°C","1013.000","hPa","0.861","-0.02056","0.00035","-0.00011","0","14.7","Humid","26.25","0","52.00","349547.30","SABD0000000001","AAV1.0.0.11","2.0.0.28","PSt7-10","000000-000","10/20/2017 9:36:39 AM","0000-00","0","no battery","V"
"10/20/2017","11:15:08","5","default","957498349","OXY5","5.501","min","158.311","μmol/L","Humid","21.027","deg","96726","µV","35.768","°C","1018.000","hPa","37.0","pmil","0","55.500","deg","20.000","°C","100.000","%a.s.","22.500","deg","20.000","°C","1013.000","hPa","0.861","-0.02056","0.00035","-0.00011","0","14.7","Humid","26.25","0","52.00","349543.71","SABD0000000001","AAV1.0.0.11","2.0.0.28","PSt7-10","000000-000","10/20/2017 9:36:39 AM","0000-00","0","no battery","V"
"10/20/2017","11:15:09","5","default","957498349","OXY5","5.518","min","158.271","μmol/L","Humid","21.029","deg","96724","µV","35.770","°C","1018.000","hPa","37.0","pmil","0","55.500","deg","20.000","°C","100.000","%a.s.","22.500","deg","20.000","°C","1013.000","hPa","0.861","-0.02056","0.00035","-0.00011","0","14.7","Humid","26.25","0","52.00","349532.00","SABD0000000001","AAV1.0.0.11","2.0.0.28","PSt7-10","000000-000","10/20/2017 9:36:39 AM","0000-00","0","no battery","V"
"10/20/2017","11:15:10","5","default","957498349","OXY5","5.535","min","158.505","μmol/L","Humid","21.022","deg","96708","µV","35.747","°C","1018.000","hPa","37.0","pmil","0","55.500","deg","20.000","°C","100.000","%a.s.","22.500","deg","20.000","°C","1013.000","hPa","0.861","-0.02056","0.00035","-0.00011","0","14.7","Humid","26.25","0","52.00","349535.44","SABD0000000001","AAV1.0.0.11","2.0.0.28","PSt7-10","000000-000","10/20/2017 9:36:39 AM","0000-00","0","no battery","V"
"10/20/2017","11:15:11","5","default","957498349","OXY5","5.551","min","158.473","μmol/L","Humid","21.022","deg","96719","µV","35.753","°C","1018.000","hPa","37.0","pmil","0","55.500","deg","20.000","°C","100.000","%a.s.","22.500","deg","20.000","°C","1013.000","hPa","0.861","-0.02056","0.00035","-0.00011","0","14.7","Humid","26.25","0","52.00","349537.34","SABD0000000001","AAV1.0.0.11","2.0.0.28","PSt7-10","000000-000","10/20/2017 9:36:39 AM","0000-00","0","no battery","V"
"10/20/2017","11:15:12","5","default","957498349","OXY5","5.568","min","158.447","μmol/L","Humid","21.027","deg","96722","µV","35.745","°C","1018.000","hPa","37.0","pmil","0","55.500","deg","20.000","°C","100.000","%a.s.","22.500","deg","20.000","°C","1013.000","hPa","0.861","-0.02056","0.00035","-0.00011","0","14.7","Humid","26.25","0","52.00","349538.63","SABD0000000001","AAV1.0.0.11","2.0.0.28","PSt7-10","000000-000","10/20/2017 9:36:39 AM","0000-00","0","no battery","V"
"10/20/2017","11:15:13","5","default","957498349","OXY5","5.585","min","158.451","μmol/L","Humid","21.026","deg","96711","µV","35.747","°C","1018.000","hPa","37.0","pmil","0","55.500","deg","20.000","°C","100.000","%a.s.","22.500","deg","20.000","°C","1013.000","hPa","0.861","-0.02056","0.00035","-0.00011","0","14.7","Humid","26.25","0","52.00","349537.05","SABD0000000001","AAV1.0.0.11","2.0.0.28","PSt7-10","000000-000","10/20/2017 9:36:39 AM","0000-00","0","no battery","V"
"10/20/2017","11:15:14","5","default","957498349","OXY5","5.601","min","158.237","μmol/L","Humid","21.023","deg","96743","µV","35.790","°C","1018.000","hPa","37.0","pmil","0","55.500","deg","20.000","°C","100.000","%a.s.","22.500","deg","20.000","°C","1013.000","hPa","0.861","-0.02056","0.00035","-0.00011","0","14.7","Humid","26.25","0","52.00","349535.09","SABD0000000001","AAV1.0.0.11","2.0.0.28","PSt7-10","000000-000","10/20/2017 9:36:39 AM","0000-00","0","no battery","V"
"10/20/2017","11:15:15","5","default","957498349","OXY5","5.618","min","158.280","μmol/L","Humid","21.025","deg","96742","µV","35.778","°C","1018.000","hPa","37.0","pmil","0","55.500","deg","20.000","°C","100.000","%a.s.","22.500","deg","20.000","°C","1013.000","hPa","0.861","-0.02056","0.00035","-0.00011","0","14.7","Humid","26.25","0","52.00","349535.20","SABD0000000001","AAV1.0.0.11","2.0.0.28","PSt7-10","000000-000","10/20/2017 9:36:39 AM","0000-00","0","no battery","V"
"10/20/2017","11:15:16","5","default","957498349","OXY5","5.635","min","158.241","μmol/L","Humid","21.024","deg","96747","µV","35.787","°C","1018.000","hPa","37.0","pmil","0","55.500","deg","20.000","°C","100.000","%a.s.","22.500","deg","20.000","°C","1013.000","hPa","0.861","-0.02056","0.00035","-0.00011","0","14.7","Humid","26.25","0","52.00","349531.87","SABD0000000001","AAV1.0.0.11","2.0.0.28","PSt7-10","000000-000","10/20/2017 9:36:39 AM","0000-00","0","no battery","V"
"10/20/2017","11:15:17","5","default","957498349","OXY5","5.651","min","158.259","μmol/L","Humid","21.027","deg","96724","µV","35.776","°C","1018.000","hPa","37.0","pmil","0","55.500","deg","20.000","°C","100.000","%a.s.","22.500","deg","20.000","°C","1013.000","hPa","0.861","-0.02056","0.00035","-0.00011","0","14.7","Humid","26.25","0","52.00","349542.44","SABD0000000001","AAV1.0.0.11","2.0.0.28","PSt7-10","000000-000","10/20/2017 9:36:39 AM","0000-00","0","no battery","V"
"10/20/2017","11:15:18","5","default","957498349","OXY5","5.668","min","158.334","μmol/L","Humid","21.029","deg","96727","µV","35.759","°C","1018.000","hPa","37.0","pmil","0","55.500","deg","20.000","°C","100.000","%a.s.","22.500","deg","20.000","°C","1013.000","hPa","0.861","-0.02056","0.00035","-0.00011","0","14.7","Humid","26.25","0","52.00","349530.37","SABD0000000001","AAV1.0.0.11","2.0.0.28","PSt7-10","000000-000","10/20/2017 9:36:39 AM","0000-00","0","no battery","V"
"10/20/2017","11:15:19","5","default","957498349","OXY5","5.685","min","158.286","μmol/L","Humid","21.029","deg","96690","µV","35.767","°C","1018.000","hPa","37.0","pmil","0","55.500","deg","20.000","°C","100.000","%a.s.","22.500","deg","20.000","°C","1013.000","hPa","0.861","-0.02056","0.00035","-0.00011","0","14.7","Humid","26.25","0","52.00","349524.40","SABD0000000001","AAV1.0.0.11","2.0.0.28","PSt7-10","000000-000","10/20/2017 9:36:39 AM","0000-00","0","no battery","V"
"10/20/2017","11:15:20","5","default","957498349","OXY5","5.701","min","158.321","μmol/L","Humid","21.025","deg","96692","µV","35.771","°C","1018.000","hPa","37.0","pmil","0","55.500","deg","20.000","°C","100.000","%a.s.","22.500","deg","20.000","°C","1013.000","hPa","0.861","-0.02056","0.00035","-0.00011","0","14.7","Humid","26.25","0","52.00","349516.03","SABD0000000001","AAV1.0.0.11","2.0.0.28","PSt7-10","000000-000","10/20/2017 9:36:39 AM","0000-00","0","no battery","V"
"10/20/2017","11:15:21","5","default","957498349","OXY5","5.718","min","158.341","μmol/L","Humid","21.024","deg","96686","µV","35.770","°C","1018.000","hPa","37.0","pmil","0","55.500","deg","20.000","°C","100.000","%a.s.","22.500","deg","20.000","°C","1013.000","hPa","0.861","-0.02056","0.00035","-0.00011","0","14.7","Humid","26.25","0","52.00","349526.21","SABD0000000001","AAV1.0.0.11","2.0.0.28","PSt7-10","000000-000","10/20/2017 9:36:39 AM","0000-00","0","no battery","V"
"10/20/2017","11:15:22","5","default","957498349","OXY5","5.735","min","158.356","μmol/L","Humid","21.024","deg","96687","µV","35.767","°C","1018.000","hPa","37.0","pmil","0","55.500","deg","20.000","°C","100.000","%a.s.","22.500","deg","20.000","°C","1013.000","hPa","0.861","-0.02056","0.00035","-0.00011","0","14.7","Humid","26.25","0","52.00","349528.53","SABD0000000001","AAV1.0.0.11","2.0.0.28","PSt7-10","000000-000","10/20/2017 9:36:39 AM","0000-00","0","no battery","V"
"10/20/2017","11:15:23","5","default","957498349","OXY5","5.752","min","158.431","μmol/L","Humid","21.020","deg","96686","µV","35.764","°C","1018.000","hPa","37.0","pmil","0","55.500","deg","20.000","°C","100.000","%a.s.","22.500","deg","20.000","°C","1013.000","hPa","0.861","-0.02056","0.00035","-0.00011","0","14.7","Humid","26.25","0","52.00","349528.54","SABD0000000001","AAV1.0.0.11","2.0.0.28","PSt7-10","000000-000","10/20/2017 9:36:39 AM","0000-00","0","no battery","V"
"10/20/2017","11:15:24","5","default","957498349","OXY5","5.768","min","158.394","μmol/L","Humid","21.022","deg","96670","µV","35.766","°C","1018.000","hPa","37.0","pmil","0","55.500","deg","20.000","°C","100.000","%a.s.","22.500","deg","20.000","°C","1013.000","hPa","0.861","-0.02056","0.00035","-0.00011","0","14.7","Humid","26.25","0","52.00","349537.16","SABD0000000001","AAV1.0.0.11","2.0.0.28","PSt7-10","000000-000","10/20/2017 9:36:39 AM","0000-00","0","no battery","V"
"10/20/2017","11:15:25","5","default","957498349","OXY5","5.785","min","158.289","μmol/L","Humid","21.027","deg","96668","µV","35.771","°C","1018.000","hPa","37.0","pmil","0","55.500","deg","20.000","°C","100.000","%a.s.","22.500","deg","20.000","°C","1013.000","hPa","0.861","-0.02056","0.00035","-0.00011","0","14.7","Humid","26.25","0","52.00","349524.13","SABD0000000001","AAV1.0.0.11","2.0.0.28","PSt7-10","000000-000","10/20/2017 9:36:39 AM","0000-00","0","no battery","V"
"10/20/2017","11:15:26","5","default","957498349","OXY5","5.801","min","158.347","μmol/L","Humid","21.026","deg","96665","µV","35.764","°C","1018.000","hPa","37.0","pmil","0","55.500","deg","20.000","°C","100.000","%a.s.","22.500","deg","20.000","°C","1013.000","hPa","0.861","-0.02056","0.00035","-0.00011","0","14.7","Humid","26.25","0","52.00","349525.41","SABD0000000001","AAV1.0.0.11","2.0.0.28","PSt7-10","000000-000","10/20/2017 9:36:39 AM","0000-00","0","no battery","V"
"10/20/2017","11:15:27","5","default","957498349","OXY5","5.818","min","158.369","μmol/L","Humid","21.022","deg","96663","µV","35.770","°C","1018.000","hPa","37.0","pmil","0","55.500","deg","20.000","°C","100.000","%a.s.","22.500","deg","20.000","°C","1013.000","hPa","0.861","-0.02056","0.00035","-0.00011","0","14.7","Humid","26.25","0","52.00","349521.65","SABD0000000001","AAV1.0.0.11","2.0.0.28","PSt7-10","000000-000","10/20/2017 9:36:39 AM","0000-00","0","no battery","V"
"10/20/2017","11:15:28","5","default","957498349","OXY5","5.835","min","158.415","μmol/L","Humid","21.022","deg","96659","µV","35.762","°C","1018.000","hPa","37.0","pmil","0","55.500","deg","20.000","°C","100.000","%a.s.","22.500","deg","20.000","°C","1013.000","hPa","0.861","-0.02056","0.00035","-0.00011","0","14.7","Humid","26.25","0","52.00","349505.39","SABD0000000001","AAV1.0.0.11","2.0.0.28","PSt7-10","000000-000","10/20/2017 9:36:39 AM","0000-00","0","no battery","V"
"10/20/2017","11:15:29","5","default","957498349","OXY5","5.852","min","158.392","μmol/L","Humid","21.021","deg","96660","µV","35.769","°C","1018.000","hPa","37.0","pmil","0","55.500","deg","20.000","°C","100.000","%a.s.","22.500","deg","20.000","°C","1013.000","hPa","0.861","-0.02056","0.00035","-0.00011","0","14.7","Humid","26.25","0","52.00","349511.36","SABD0000000001","AAV1.0.0.11","2.0.0.28","PSt7-10","000000-000","10/20/2017 9:36:39 AM","0000-00","0","no battery","V"
"10/20/2017","11:15:30","5","default","957498349","OXY5","5.868","min","158.447","μmol/L","Humid","21.027","deg","96659","µV","35.745","°C","1018.000","hPa","37.0","pmil","0","55.500","deg","20.000","°C","100.000","%a.s.","22.500","deg","20.000","°C","1013.000","hPa","0.861","-0.02056","0.00035","-0.00011","0","14.7","Humid","26.25","0","52.00","349508.46","SABD0000000001","AAV1.0.0.11","2.0.0.28","PSt7-10","000000-000","10/20/2017 9:36:39 AM","0000-00","0","no battery","V"
"10/20/2017","11:15:31","5","default","957498349","OXY5","5.885","min","158.462","μmol/L","Humid","21.022","deg","96648","µV","35.754","°C","1018.000","hPa","37.0","pmil","0","55.500","deg","20.000","°C","100.000","%a.s.","22.500","deg","20.000","°C","1013.000","hPa","0.861","-0.02056","0.00035","-0.00011","0","14.7","Humid","26.25","0","52.00","349503.27","SABD0000000001","AAV1.0.0.11","2.0.0.28","PSt7-10","000000-000","10/20/2017 9:36:39 AM","0000-00","0","no battery","V"
"10/20/2017","11:15:32","5","default","957498349","OXY5","5.902","min","158.393","μmol/L","Humid","21.024","deg","96644","µV","35.761","°C","1018.000","hPa","37.0","pmil","0","55.500","deg","20.000","°C","100.000","%a.s.","22.500","deg","20.000","°C","1013.000","hPa","0.861","-0.02056","0.00035","-0.00011","0","14.7","Humid","26.25","0","52.00","349493.83","SABD0000000001","AAV1.0.0.11","2.0.0.28","PSt7-10","000000-000","10/20/2017 9:36:39 AM","0000-00","0","no battery","V"
"10/20/2017","11:15:33","5","default","957498349","OXY5","5.918","min","158.379","μmol/L","Humid","21.022","deg","96645","µV","35.768","°C","1018.000","hPa","37.0","pmil","0","55.500","deg","20.000","°C","100.000","%a.s.","22.500","deg","20.000","°C","1013.000","hPa","0.861","-0.02056","0.00035","-0.00011","0","14.7","Humid","26.25","0","52.00","349493.57","SABD0000000001","AAV1.0.0.11","2.0.0.28","PSt7-10","000000-000","10/20/2017 9:36:39 AM","0000-00","0","no battery","V"
"10/20/2017","11:15:34","5","default","957498349","OXY5","5.935","min","158.351","μmol/L","Humid","21.024","deg","96646","µV","35.768","°C","1018.000","hPa","37.0","pmil","0","55.500","deg","20.000","°C","100.000","%a.s.","22.500","deg","20.000","°C","1013.000","hPa","0.861","-0.02056","0.00035","-0.00011","0","14.7","Humid","26.25","0","52.00","349500.18","SABD0000000001","AAV1.0.0.11","2.0.0.28","PSt7-10","000000-000","10/20/2017 9:36:39 AM","0000-00","0","no battery","V"
"10/20/2017","11:15:35","5","default","957498349","OXY5","5.952","min","158.393","μmol/L","Humid","21.022","deg","96645","µV","35.766","°C","1018.000","hPa","37.0","pmil","0","55.500","deg","20.000","°C","100.000","%a.s.","22.500","deg","20.000","°C","1013.000","hPa","0.861","-0.02056","0.00035","-0.00011","0","14.7","Humid","26.25","0","52.00","349493.16","SABD0000000001","AAV1.0.0.11","2.0.0.28","PSt7-10","000000-000","10/20/2017 9:36:39 AM","0000-00","0","no battery","V"
"10/20/2017","11:15:36","5","default","957498349","OXY5","5.968","min","158.439","μmol/L","Humid","21.023","deg","96638","µV","35.756","°C","1018.000","hPa","37.0","pmil","0","55.500","deg","20.000","°C","100.000","%a.s.","22.500","deg","20.000","°C","1013.000","hPa","0.861","-0.02056","0.00035","-0.00011","0","14.7","Humid","26.25","0","52.00","349487.58","SABD0000000001","AAV1.0.0.11","2.0.0.28","PSt7-10","000000-000","10/20/2017 9:36:39 AM","0000-00","0","no battery","V"
"10/20/2017","11:15:37","5","default","957498349","OXY5","5.984","min","158.412","μmol/L","Humid","21.021","deg","96631","µV","35.765","°C","1018.000","hPa","37.0","pmil","0","55.500","deg","20.000","°C","100.000","%a.s.","22.500","deg","20.000","°C","1013.000","hPa","0.861","-0.02056","0.00035","-0.00011","0","14.7","Humid","26.25","0","52.00","349478.90","SABD0000000001","AAV1.0.0.11","2.0.0.28","PSt7-10","000000-000","10/20/2017 9:36:39 AM","0000-00","0","no battery","V"
"10/20/2017","11:15:38","5","default","957498349","OXY5","6.001","min","158.348","μmol/L","Humid","21.021","deg","96633","µV","35.776","°C","1018.000","hPa","37.0","pmil","0","55.500","deg","20.000","°C","100.000","%a.s.","22.500","deg","20.000","°C","1013.000","hPa","0.861","-0.02056","0.00035","-0.00011","0","14.7","Humid","26.25","0","52.00","349494.09","SABD0000000001","AAV1.0.0.11","2.0.0.28","PSt7-10","000000-000","10/20/2017 9:36:39 AM","0000-00","0","no battery","V"
"10/20/2017","11:15:39","5","default","957498349","OXY5","6.018","min","158.439","μmol/L","Humid","21.024","deg","96628","µV","35.754","°C","1018.000","hPa","37.0","pmil","0","55.500","deg","20.000","°C","100.000","%a.s.","22.500","deg","20.000","°C","1013.000","hPa","0.861","-0.02056","0.00035","-0.00011","0","14.7","Humid","26.25","0","52.00","349482.98","SABD0000000001","AAV1.0.0.11","2.0.0.28","PSt7-10","000000-000","10/20/2017 9:36:39 AM","0000-00","0","no battery","V"
"10/20/2017","11:15:40","5","default","957498349","OXY5","6.034","min","158.394","μmol/L","Humid","21.023","deg","96615","µV","35.763","°C","1018.000","hPa","37.0","pmil","0","55.500","deg","20.000","°C","100.000","%a.s.","22.500","deg","20.000","°C","1013.000","hPa","0.861","-0.02056","0.00035","-0.00011","0","14.7","Humid","26.25","0","52.00","349470.40","SABD0000000001","AAV1.0.0.11","2.0.0.28","PSt7-10","000000-000","10/20/2017 9:36:39 AM","0000-00","0","no battery","V"
"10/20/2017","11:15:41","5","default","957498349","OXY5","6.051","min","158.354","μmol/L","Humid","21.028","deg","96619","µV","35.758","°C","1018.000","hPa","37.0","pmil","0","55.500","deg","20.000","°C","100.000","%a.s.","22.500","deg","20.000","°C","1013.000","hPa","0.861","-0.02056","0.00035","-0.00011","0","14.7","Humid","26.25","0","52.00","349467.57","SABD0000000001","AAV1.0.0.11","2.0.0.28","PSt7-10","000000-000","10/20/2017 9:36:39 AM","0000-00","0","no battery","V"
"10/20/2017","11:15:42","5","default","957498349","OXY5","6.068","min","158.308","μmol/L","Humid","21.027","deg","96622","µV","35.768","°C","1018.000","hPa","37.0","pmil","0","55.500","deg","20.000","°C","100.000","%a.s.","22.500","deg","20.000","°C","1013.000","hPa","0.861","-0.02056","0.00035","-0.00011","0","14.7","Humid","26.25","0","52.00","349471.74","SABD0000000001","AAV1.0.0.11","2.0.0.28","PSt7-10","000000-000","10/20/2017 9:36:39 AM","0000-00","0","no battery","V"
"10/20/2017","11:15:43","5","default","957498349","OXY5","6.085","min","158.415","μmol/L","Humid","21.028","deg","96613","µV","35.748","°C","1018.000","hPa","37.0","pmil","0","55.500","deg","20.000","°C","100.000","%a.s.","22.500","deg","20.000","°C","1013.000","hPa","0.861","-0.02056","0.00035","-0.00011","0","14.7","Humid","26.25","0","52.00","349482.41","SABD0000000001","AAV1.0.0.11","2.0.0.28","PSt7-10","000000-000","10/20/2017 9:36:39 AM","0000-00","0","no battery","V"
"10/20/2017","11:15:44","5","default","957498349","OXY5","6.101","min","158.427","μmol/L","Humid","21.020","deg","96617","µV","35.765","°C","1018.000","hPa","37.0","pmil","0","55.500","deg","20.000","°C","100.000","%a.s.","22.500","deg","20.000","°C","1013.000","hPa","0.861","-0.02056","0.00035","-0.00011","0","14.7","Humid","26.25","0","52.00","349468.86","SABD0000000001","AAV1.0.0.11","2.0.0.28","PSt7-10","000000-000","10/20/2017 9:36:39 AM","0000-00","0","no battery","V"
"10/20/2017","11:15:45","5","default","957498349","OXY5","6.118","min","158.377","μmol/L","Humid","21.023","deg","96603","µV","35.766","°C","1018.000","hPa","37.0","pmil","0","55.500","deg","20.000","°C","100.000","%a.s.","22.500","deg","20.000","°C","1013.000","hPa","0.861","-0.02056","0.00035","-0.00011","0","14.7","Humid","26.25","0","52.00","349462.60","SABD0000000001","AAV1.0.0.11","2.0.0.28","PSt7-10","000000-000","10/20/2017 9:36:39 AM","0000-00","0","no battery","V"
"10/20/2017","11:15:46","5","default","957498349","OXY5","6.135","min","158.429","μmol/L","Humid","21.022","deg","96608","µV","35.760","°C","1018.000","hPa","37.0","pmil","0","55.500","deg","20.000","°C","100.000","%a.s.","22.500","deg","20.000","°C","1013.000","hPa","0.861","-0.02056","0.00035","-0.00011","0","14.7","Humid","26.25","0","52.00","349468.96","SABD0000000001","AAV1.0.0.11","2.0.0.28","PSt7-10","000000-000","10/20/2017 9:36:39 AM","0000-00","0","no battery","V"
"10/20/2017","11:15:47","5","default","957498349","OXY5","6.152","min","158.364","μmol/L","Humid","21.025","deg","96608","µV","35.764","°C","1018.000","hPa","37.0","pmil","0","55.500","deg","20.000","°C","100.000","%a.s.","22.500","deg","20.000","°C","1013.000","hPa","0.861","-0.02056","0.00035","-0.00011","0","14.7","Humid","26.25","0","52.00","349468.49","SABD0000000001","AAV1.0.0.11","2.0.0.28","PSt7-10","000000-000","10/20/2017 9:36:39 AM","0000-00","0","no battery","V"
"10/20/2017","11:15:48","5","default","957498349","OXY5","6.168","min","158.379","μmol/L","Humid","21.023","deg","96690","µV","35.766","°C","1018.000","hPa","37.0","pmil","0","55.500","deg","20.000","°C","100.000","%a.s.","22.500","deg","20.000","°C","1013.000","hPa","0.861","-0.02056","0.00035","-0.00011","0","14.7","Humid","26.25","0","52.00","349458.22","SABD0000000001","AAV1.0.0.11","2.0.0.28","PSt7-10","000000-000","10/20/2017 9:36:39 AM","0000-00","0","no battery","V"
"10/20/2017","11:15:49","5","default","957498349","OXY5","6.185","min","158.301","μmol/L","Humid","21.024","deg","96684","µV","35.777","°C","1018.000","hPa","37.0","pmil","0","55.500","deg","20.000","°C","100.000","%a.s.","22.500","deg","20.000","°C","1013.000","hPa","0.861","-0.02056","0.00035","-0.00011","0","14.7","Humid","26.25","0","52.00","349455.70","SABD0000000001","AAV1.0.0.11","2.0.0.28","PSt7-10","000000-000","10/20/2017 9:36:39 AM","0000-00","0","no battery","V"
"10/20/2017","11:15:50","5","default","957498349","OXY5","6.202","min","158.614","μmol/L","Humid","21.021","deg","96613","µV","35.731","°C","1018.000","hPa","37.0","pmil","0","55.500","deg","20.000","°C","100.000","%a.s.","22.500","deg","20.000","°C","1013.000","hPa","0.861","-0.02056","0.00035","-0.00011","0","14.7","Humid","26.25","0","52.00","349448.06","SABD0000000001","AAV1.0.0.11","2.0.0.28","PSt7-10","000000-000","10/20/2017 9:36:39 AM","0000-00","0","no battery","V"
"10/20/2017","11:15:51","5","default","957498349","OXY5","6.218","min","158.307","μmol/L","Humid","21.026","deg","96727","µV","35.771","°C","1018.000","hPa","37.0","pmil","0","55.500","deg","20.000","°C","100.000","%a.s.","22.500","deg","20.000","°C","1013.000","hPa","0.861","-0.02056","0.00035","-0.00011","0","14.7","Humid","26.25","0","52.00","349446.15","SABD0000000001","AAV1.0.0.11","2.0.0.28","PSt7-10","000000-000","10/20/2017 9:36:39 AM","0000-00","0","no battery","V"
"10/20/2017","11:15:52","5","default","957498349","OXY5","6.235","min","158.353","μmol/L","Humid","21.023","deg","96746","µV","35.770","°C","1018.000","hPa","37.0","pmil","0","55.500","deg","20.000","°C","100.000","%a.s.","22.500","deg","20.000","°C","1013.000","hPa","0.861","-0.02056","0.00035","-0.00011","0","14.7","Humid","26.25","0","52.00","349440.88","SABD0000000001","AAV1.0.0.11","2.0.0.28","PSt7-10","000000-000","10/20/2017 9:36:39 AM","0000-00","0","no battery","V"
"10/20/2017","11:15:53","5","default","957498349","OXY5","6.252","min","158.221","μmol/L","Humid","21.028","deg","96662","µV","35.780","°C","1018.000","hPa","37.0","pmil","0","55.500","deg","20.000","°C","100.000","%a.s.","22.500","deg","20.000","°C","1013.000","hPa","0.861","-0.02056","0.00035","-0.00011","0","14.7","Humid","26.25","0","52.00","349441.13","SABD0000000001","AAV1.0.0.11","2.0.0.28","PSt7-10","000000-000","10/20/2017 9:36:39 AM","0000-00","0","no battery","V"
"10/20/2017","11:15:54","5","default","957498349","OXY5","6.268","min","158.409","μmol/L","Humid","21.023","deg","96671","µV","35.761","°C","1018.000","hPa","37.0","pmil","0","55.500","deg","20.000","°C","100.000","%a.s.","22.500","deg","20.000","°C","1013.000","hPa","0.861","-0.02056","0.00035","-0.00011","0","14.7","Humid","26.25","0","52.00","349457.51","SABD0000000001","AAV1.0.0.11","2.0.0.28","PSt7-10","000000-000","10/20/2017 9:36:39 AM","0000-00","0","no battery","V"
"10/20/2017","11:15:55","5","default","957498349","OXY5","6.285","min","158.428","μmol/L","Humid","21.021","deg","96591","µV","35.762","°C","1018.000","hPa","37.0","pmil","0","55.500","deg","20.000","°C","100.000","%a.s.","22.500","deg","20.000","°C","1013.000","hPa","0.861","-0.02056","0.00035","-0.00011","0","14.7","Humid","26.25","0","52.00","349448.61","SABD0000000001","AAV1.0.0.11","2.0.0.28","PSt7-10","000000-000","10/20/2017 9:36:39 AM","0000-00","0","no battery","V"
"10/20/2017","11:15:56","5","default","957498349","OXY5","6.302","min","158.289","μmol/L","Humid","21.025","deg","96489","µV","35.776","°C","1018.000","hPa","37.0","pmil","0","55.500","deg","20.000","°C","100.000","%a.s.","22.500","deg","20.000","°C","1013.000","hPa","0.861","-0.02056","0.00035","-0.00011","0","14.7","Humid","26.25","0","52.00","349441.60","SABD0000000001","AAV1.0.0.11","2.0.0.28","PSt7-10","000000-000","10/20/2017 9:36:39 AM","0000-00","0","no battery","V"
"10/20/2017","11:15:57","5","default","957498349","OXY5","6.318","min","158.322","μmol/L","Humid","21.024","deg","96501","µV","35.773","°C","1018.000","hPa","37.0","pmil","0","55.500","deg","20.000","°C","100.000","%a.s.","22.500","deg","20.000","°C","1013.000","hPa","0.861","-0.02056","0.00035","-0.00011","0","14.7","Humid","26.25","0","52.00","349430.04","SABD0000000001","AAV1.0.0.11","2.0.0.28","PSt7-10","000000-000","10/20/2017 9:36:39 AM","0000-00","0","no battery","V"
"10/20/2017","11:15:58","5","default","957498349","OXY5","6.335","min","158.364","μmol/L","Humid","21.024","deg","96526","µV","35.766","°C","1018.000","hPa","37.0","pmil","0","55.500","deg","20.000","°C","100.000","%a.s.","22.500","deg","20.000","°C","1013.000","hPa","0.861","-0.02056","0.00035","-0.00011","0","14.7","Humid","26.25","0","52.00","349433.00","SABD0000000001","AAV1.0.0.11","2.0.0.28","PSt7-10","000000-000","10/20/2017 9:36:39 AM","0000-00","0","no battery","V"
"10/20/2017","11:15:59","5","default","957498349","OXY5","6.352","min","158.309","μmol/L","Humid","21.025","deg","96492","µV","35.773","°C","1018.000","hPa","37.0","pmil","0","55.500","deg","20.000","°C","100.000","%a.s.","22.500","deg","20.000","°C","1013.000","hPa","0.861","-0.02056","0.00035","-0.00011","0","14.7","Humid","26.25","0","52.00","349431.74","SABD0000000001","AAV1.0.0.11","2.0.0.28","PSt7-10","000000-000","10/20/2017 9:36:39 AM","0000-00","0","no battery","V"
"10/20/2017","11:16:00","5","default","957498349","OXY5","6.368","min","158.444","μmol/L","Humid","21.019","deg","96453","µV","35.765","°C","1018.000","hPa","37.0","pmil","0","55.500","deg","20.000","°C","100.000","%a.s.","22.500","deg","20.000","°C","1013.000","hPa","0.861","-0.02056","0.00035","-0.00011","0","14.7","Humid","26.25","0","52.00","349426.11","SABD0000000001","AAV1.0.0.11","2.0.0.28","PSt7-10","000000-000","10/20/2017 9:36:39 AM","0000-00","0","no battery","V"
"10/20/2017","11:16:01","5","default","957498349","OXY5","6.385","min","158.398","μmol/L","Humid","21.026","deg","96490","µV","35.756","°C","1018.000","hPa","37.0","pmil","0","55.500","deg","20.000","°C","100.000","%a.s.","22.500","deg","20.000","°C","1013.000","hPa","0.861","-0.02056","0.00035","-0.00011","0","14.7","Humid","26.25","0","52.00","349419.74","SABD0000000001","AAV1.0.0.11","2.0.0.28","PSt7-10","000000-000","10/20/2017 9:36:39 AM","0000-00","0","no battery","V"
"10/20/2017","11:16:02","5","default","957498349","OXY5","6.402","min","158.316","μmol/L","Humid","21.023","deg","96457","µV","35.776","°C","1018.000","hPa","37.0","pmil","0","55.500","deg","20.000","°C","100.000","%a.s.","22.500","deg","20.000","°C","1013.000","hPa","0.861","-0.02056","0.00035","-0.00011","0","14.7","Humid","26.25","0","52.00","349436.95","SABD0000000001","AAV1.0.0.11","2.0.0.28","PSt7-10","000000-000","10/20/2017 9:36:39 AM","0000-00","0","no battery","V"
"10/20/2017","11:16:03","5","default","957498349","OXY5","6.418","min","158.413","μmol/L","Humid","21.024","deg","96377","µV","35.758","°C","1018.000","hPa","37.0","pmil","0","55.500","deg","20.000","°C","100.000","%a.s.","22.500","deg","20.000","°C","1013.000","hPa","0.861","-0.02056","0.00035","-0.00011","0","14.7","Humid","26.25","0","52.00","349423.04","SABD0000000001","AAV1.0.0.11","2.0.0.28","PSt7-10","000000-000","10/20/2017 9:36:39 AM","0000-00","0","no battery","V"
"10/20/2017","11:16:04","5","default","957498349","OXY5","6.435","min","158.427","μmol/L","Humid","21.020","deg","96386","µV","35.765","°C","1018.000","hPa","37.0","pmil","0","55.500","deg","20.000","°C","100.000","%a.s.","22.500","deg","20.000","°C","1013.000","hPa","0.861","-0.02056","0.00035","-0.00011","0","14.7","Humid","26.25","0","52.00","349423.02","SABD0000000001","AAV1.0.0.11","2.0.0.28","PSt7-10","000000-000","10/20/2017 9:36:39 AM","0000-00","0","no battery","V"
"10/20/2017","11:16:05","5","default","957498349","OXY5","6.452","min","158.443","μmol/L","Humid","21.020","deg","96372","µV","35.762","°C","1018.000","hPa","37.0","pmil","0","55.500","deg","20.000","°C","100.000","%a.s.","22.500","deg","20.000","°C","1013.000","hPa","0.861","-0.02056","0.00035","-0.00011","0","14.7","Humid","26.25","0","52.00","349429.11","SABD0000000001","AAV1.0.0.11","2.0.0.28","PSt7-10","000000-000","10/20/2017 9:36:39 AM","0000-00","0","no battery","V"
"10/20/2017","11:16:06","5","default","957498349","OXY5","6.468","min","158.504","μmol/L","Humid","21.023","deg","96324","µV","35.745","°C","1018.000","hPa","37.0","pmil","0","55.500","deg","20.000","°C","100.000","%a.s.","22.500","deg","20.000","°C","1013.000","hPa","0.861","-0.02056","0.00035","-0.00011","0","14.7","Humid","26.25","0","52.00","349417.51","SABD0000000001","AAV1.0.0.11","2.0.0.28","PSt7-10","000000-000","10/20/2017 9:36:39 AM","0000-00","0","no battery","V"
"10/20/2017","11:16:07","5","default","957498349","OXY5","6.485","min","158.361","μmol/L","Humid","21.021","deg","96345","µV","35.774","°C","1018.000","hPa","37.0","pmil","0","55.500","deg","20.000","°C","100.000","%a.s.","22.500","deg","20.000","°C","1013.000","hPa","0.861","-0.02056","0.00035","-0.00011","0","14.7","Humid","26.25","0","52.00","349424.75","SABD0000000001","AAV1.0.0.11","2.0.0.28","PSt7-10","000000-000","10/20/2017 9:36:39 AM","0000-00","0","no battery","V"
"10/20/2017","11:16:08","5","default","957498349","OXY5","6.502","min","158.341","μmol/L","Humid","21.027","deg","96494","µV","35.763","°C","1018.000","hPa","37.0","pmil","0","55.500","deg","20.000","°C","100.000","%a.s.","22.500","deg","20.000","°C","1013.000","hPa","0.861","-0.02056","0.00035","-0.00011","0","14.7","Humid","26.25","0","52.00","349405.84","SABD0000000001","AAV1.0.0.11","2.0.0.28","PSt7-10","000000-000","10/20/2017 9:36:39 AM","0000-00","0","no battery","V"
"10/20/2017","11:16:09","5","default","957498349","OXY5","6.518","min","158.562","μmol/L","Humid","21.021","deg","96540","µV","35.740","°C","1018.000","hPa","37.0","pmil","0","55.500","deg","20.000","°C","100.000","%a.s.","22.500","deg","20.000","°C","1013.000","hPa","0.861","-0.02056","0.00035","-0.00011","0","14.7","Humid","26.25","0","52.00","349409.50","SABD0000000001","AAV1.0.0.11","2.0.0.28","PSt7-10","000000-000","10/20/2017 9:36:39 AM","0000-00","0","no battery","V"
"10/20/2017","11:16:10","5","default","957498349","OXY5","6.535","min","158.464","μmol/L","Humid","21.019","deg","96535","µV","35.761","°C","1018.000","hPa","37.0","pmil","0","55.500","deg","20.000","°C","100.000","%a.s.","22.500","deg","20.000","°C","1013.000","hPa","0.861","-0.02056","0.00035","-0.00011","0","14.7","Humid","26.25","0","52.00","349407.61","SABD0000000001","AAV1.0.0.11","2.0.0.28","PSt7-10","000000-000","10/20/2017 9:36:39 AM","0000-00","0","no battery","V"
"10/20/2017","11:16:11","5","default","957498349","OXY5","6.552","min","158.385","μmol/L","Humid","21.020","deg","96536","µV","35.772","°C","1018.000","hPa","37.0","pmil","0","55.500","deg","20.000","°C","100.000","%a.s.","22.500","deg","20.000","°C","1013.000","hPa","0.861","-0.02056","0.00035","-0.00011","0","14.7","Humid","26.25","0","52.00","349403.46","SABD0000000001","AAV1.0.0.11","2.0.0.28","PSt7-10","000000-000","10/20/2017 9:36:39 AM","0000-00","0","no battery","V"
"10/20/2017","11:16:12","5","default","957498349","OXY5","6.568","min","158.409","μmol/L","Humid","21.023","deg","96514","µV","35.761","°C","1018.000","hPa","37.0","pmil","0","55.500","deg","20.000","°C","100.000","%a.s.","22.500","deg","20.000","°C","1013.000","hPa","0.861","-0.02056","0.00035","-0.00011","0","14.7","Humid","26.25","0","52.00","349415.24","SABD0000000001","AAV1.0.0.11","2.0.0.28","PSt7-10","000000-000","10/20/2017 9:36:39 AM","0000-00","0","no battery","V"
"10/20/2017","11:16:13","5","default","957498349","OXY5","6.585","min","158.374","μmol/L","Humid","21.021","deg","96534","µV","35.772","°C","1018.000","hPa","37.0","pmil","0","55.500","deg","20.000","°C","100.000","%a.s.","22.500","deg","20.000","°C","1013.000","hPa","0.861","-0.02056","0.00035","-0.00011","0","14.7","Humid","26.25","0","52.00","349412.11","SABD0000000001","AAV1.0.0.11","2.0.0.28","PSt7-10","000000-000","10/20/2017 9:36:39 AM","0000-00","0","no battery","V"
"10/20/2017","11:16:14","5","default","957498349","OXY5","6.602","min","158.441","μmol/L","Humid","21.020","deg","96525","µV","35.763","°C","1018.000","hPa","37.0","pmil","0","55.500","deg","20.000","°C","100.000","%a.s.","22.500","deg","20.000","°C","1013.000","hPa","0.861","-0.02056","0.00035","-0.00011","0","14.7","Humid","26.25","0","52.00","349401.69","SABD0000000001","AAV1.0.0.11","2.0.0.28","PSt7-10","000000-000","10/20/2017 9:36:39 AM","0000-00","0","no battery","V"
"10/20/2017","11:16:15","5","default","957498349","OXY5","6.618","min","158.336","μmol/L","Humid","21.022","deg","96510","µV","35.776","°C","1018.000","hPa","37.0","pmil","0","55.500","deg","20.000","°C","100.000","%a.s.","22.500","deg","20.000","°C","1013.000","hPa","0.861","-0.02056","0.00035","-0.00011","0","14.7","Humid","26.25","0","52.00","349405.96","SABD0000000001","AAV1.0.0.11","2.0.0.28","PSt7-10","000000-000","10/20/2017 9:36:39 AM","0000-00","0","no battery","V"
"10/20/2017","11:16:16","5","default","957498349","OXY5","6.635","min","158.342","μmol/L","Humid","21.023","deg","96515","µV","35.772","°C","1018.000","hPa","37.0","pmil","0","55.500","deg","20.000","°C","100.000","%a.s.","22.500","deg","20.000","°C","1013.000","hPa","0.861","-0.02056","0.00035","-0.00011","0","14.7","Humid","26.25","0","52.00","349406.79","SABD0000000001","AAV1.0.0.11","2.0.0.28","PSt7-10","000000-000","10/20/2017 9:36:39 AM","0000-00","0","no battery","V"
"10/20/2017","11:16:17","5","default","957498349","OXY5","6.652","min","158.345","μmol/L","Humid","21.020","deg","96535","µV","35.779","°C","1018.000","hPa","37.0","pmil","0","55.500","deg","20.000","°C","100.000","%a.s.","22.500","deg","20.000","°C","1013.000","hPa","0.861","-0.02056","0.00035","-0.00011","0","14.7","Humid","26.25","0","52.00","349409.59","SABD0000000001","AAV1.0.0.11","2.0.0.28","PSt7-10","000000-000","10/20/2017 9:36:39 AM","0000-00","0","no battery","V"
"10/20/2017","11:16:18","5","default","957498349","OXY5","6.668","min","158.441","μmol/L","Humid","21.022","deg","96565","µV","35.758","°C","1018.000","hPa","37.0","pmil","0","55.500","deg","20.000","°C","100.000","%a.s.","22.500","deg","20.000","°C","1013.000","hPa","0.861","-0.02056","0.00035","-0.00011","0","14.7","Humid","26.25","0","52.00","349400.85","SABD0000000001","AAV1.0.0.11","2.0.0.28","PSt7-10","000000-000","10/20/2017 9:36:39 AM","0000-00","0","no battery","V"
"10/20/2017","11:16:19","5","default","957498349","OXY5","6.685","min","158.462","μmol/L","Humid","21.021","deg","96550","µV","35.757","°C","1018.000","hPa","37.0","pmil","0","55.500","deg","20.000","°C","100.000","%a.s.","22.500","deg","20.000","°C","1013.000","hPa","0.861","-0.02056","0.00035","-0.00011","0","14.7","Humid","26.25","0","52.00","349397.71","SABD0000000001","AAV1.0.0.11","2.0.0.28","PSt7-10","000000-000","10/20/2017 9:36:39 AM","0000-00","0","no battery","V"
"10/20/2017","11:16:20","5","default","957498349","OXY5","6.702","min","158.423","μmol/L","Humid","21.021","deg","96549","µV","35.763","°C","1018.000","hPa","37.0","pmil","0","55.500","deg","20.000","°C","100.000","%a.s.","22.500","deg","20.000","°C","1013.000","hPa","0.861","-0.02056","0.00035","-0.00011","0","14.7","Humid","26.25","0","52.00","349411.40","SABD0000000001","AAV1.0.0.11","2.0.0.28","PSt7-10","000000-000","10/20/2017 9:36:39 AM","0000-00","0","no battery","V"
"10/20/2017","11:16:21","5","default","957498349","OXY5","6.718","min","158.446","μmol/L","Humid","21.023","deg","96542","µV","35.755","°C","1018.000","hPa","37.0","pmil","0","55.500","deg","20.000","°C","100.000","%a.s.","22.500","deg","20.000","°C","1013.000","hPa","0.861","-0.02056","0.00035","-0.00011","0","14.7","Humid","26.25","0","52.00","349394.81","SABD0000000001","AAV1.0.0.11","2.0.0.28","PSt7-10","000000-000","10/20/2017 9:36:39 AM","0000-00","0","no battery","V"
"10/20/2017","11:16:22","5","default","957498349","OXY5","6.735","min","158.390","μmol/L","Humid","21.020","deg","96549","µV","35.771","°C","1018.000","hPa","37.0","pmil","0","55.500","deg","20.000","°C","100.000","%a.s.","22.500","deg","20.000","°C","1013.000","hPa","0.861","-0.02056","0.00035","-0.00011","0","14.7","Humid","26.25","0","52.00","349408.41","SABD0000000001","AAV1.0.0.11","2.0.0.28","PSt7-10","000000-000","10/20/2017 9:36:39 AM","0000-00","0","no battery","V"
"10/20/2017","11:16:23","5","default","957498349","OXY5","6.752","min","158.504","μmol/L","Humid","21.019","deg","96534","µV","35.755","°C","1018.000","hPa","37.0","pmil","0","55.500","deg","20.000","°C","100.000","%a.s.","22.500","deg","20.000","°C","1013.000","hPa","0.861","-0.02056","0.00035","-0.00011","0","14.7","Humid","26.25","0","52.00","349404.73","SABD0000000001","AAV1.0.0.11","2.0.0.28","PSt7-10","000000-000","10/20/2017 9:36:39 AM","0000-00","0","no battery","V"
"10/20/2017","11:16:24","5","default","957498349","OXY5","6.768","min","158.448","μmol/L","Humid","21.024","deg","96532","µV","35.752","°C","1018.000","hPa","37.0","pmil","0","55.500","deg","20.000","°C","100.000","%a.s.","22.500","deg","20.000","°C","1013.000","hPa","0.861","-0.02056","0.00035","-0.00011","0","14.7","Humid","26.25","0","52.00","349391.47","SABD0000000001","AAV1.0.0.11","2.0.0.28","PSt7-10","000000-000","10/20/2017 9:36:39 AM","0000-00","0","no battery","V"
"10/20/2017","11:16:25","5","default","957498349","OXY5","6.785","min","158.433","μmol/L","Humid","21.023","deg","96534","µV","35.757","°C","1018.000","hPa","37.0","pmil","0","55.500","deg","20.000","°C","100.000","%a.s.","22.500","deg","20.000","°C","1013.000","hPa","0.861","-0.02056","0.00035","-0.00011","0","14.7","Humid","26.25","0","52.00","349385.44","SABD0000000001","AAV1.0.0.11","2.0.0.28","PSt7-10","000000-000","10/20/2017 9:36:39 AM","0000-00","0","no battery","V"
"10/20/2017","11:16:26","5","default","957498349","OXY5","6.802","min","158.480","μmol/L","Humid","21.019","deg","96528","µV","35.759","°C","1018.000","hPa","37.0","pmil","0","55.500","deg","20.000","°C","100.000","%a.s.","22.500","deg","20.000","°C","1013.000","hPa","0.861","-0.02056","0.00035","-0.00011","0","14.7","Humid","26.25","0","52.00","349392.84","SABD0000000001","AAV1.0.0.11","2.0.0.28","PSt7-10","000000-000","10/20/2017 9:36:39 AM","0000-00","0","no battery","V"
"10/20/2017","11:16:27","5","default","957498349","OXY5","6.818","min","158.465","μmol/L","Humid","21.022","deg","96530","µV","35.754","°C","1018.000","hPa","37.0","pmil","0","55.500","deg","20.000","°C","100.000","%a.s.","22.500","deg","20.000","°C","1013.000","hPa","0.861","-0.02056","0.00035","-0.00011","0","14.7","Humid","26.25","0","52.00","349393.87","SABD0000000001","AAV1.0.0.11","2.0.0.28","PSt7-10","000000-000","10/20/2017 9:36:39 AM","0000-00","0","no battery","V"
"10/20/2017","11:16:28","5","default","957498349","OXY5","6.835","min","158.631","μmol/L","Humid","21.017","deg","96528","µV","35.738","°C","1018.000","hPa","37.0","pmil","0","55.500","deg","20.000","°C","100.000","%a.s.","22.500","deg","20.000","°C","1013.000","hPa","0.861","-0.02056","0.00035","-0.00011","0","14.7","Humid","26.25","0","52.00","349381.22","SABD0000000001","AAV1.0.0.11","2.0.0.28","PSt7-10","000000-000","10/20/2017 9:36:39 AM","0000-00","0","no battery","V"
"10/20/2017","11:16:29","5","default","957498349","OXY5","6.852","min","158.464","μmol/L","Humid","21.021","deg","96523","µV","35.756","°C","1018.000","hPa","37.0","pmil","0","55.500","deg","20.000","°C","100.000","%a.s.","22.500","deg","20.000","°C","1013.000","hPa","0.861","-0.02056","0.00035","-0.00011","0","14.7","Humid","26.25","0","52.00","349383.55","SABD0000000001","AAV1.0.0.11","2.0.0.28","PSt7-10","000000-000","10/20/2017 9:36:39 AM","0000-00","0","no battery","V"
"10/20/2017","11:16:30","5","default","957498349","OXY5","6.868","min","158.452","μmol/L","Humid","21.017","deg","96521","µV","35.768","°C","1018.000","hPa","37.0","pmil","0","55.500","deg","20.000","°C","100.000","%a.s.","22.500","deg","20.000","°C","1013.000","hPa","0.861","-0.02056","0.00035","-0.00011","0","14.7","Humid","26.25","0","52.00","349387.14","SABD0000000001","AAV1.0.0.11","2.0.0.28","PSt7-10","000000-000","10/20/2017 9:36:39 AM","0000-00","0","no battery","V"
"10/20/2017","11:16:31","5","default","957498349","OXY5","6.885","min","158.457","μmol/L","Humid","21.018","deg","96509","µV","35.765","°C","1018.000","hPa","37.0","pmil","0","55.500","deg","20.000","°C","100.000","%a.s.","22.500","deg","20.000","°C","1013.000","hPa","0.861","-0.02056","0.00035","-0.00011","0","14.7","Humid","26.25","0","52.00","349366.14","SABD0000000001","AAV1.0.0.11","2.0.0.28","PSt7-10","000000-000","10/20/2017 9:36:39 AM","0000-00","0","no battery","V"
"10/20/2017","11:16:32","5","default","957498349","OXY5","6.902","min","158.493","μmol/L","Humid","21.018","deg","96434","µV","35.759","°C","1018.000","hPa","37.0","pmil","0","55.500","deg","20.000","°C","100.000","%a.s.","22.500","deg","20.000","°C","1013.000","hPa","0.861","-0.02056","0.00035","-0.00011","0","14.7","Humid","26.25","0","52.00","349378.63","SABD0000000001","AAV1.0.0.11","2.0.0.28","PSt7-10","000000-000","10/20/2017 9:36:39 AM","0000-00","0","no battery","V"
"10/20/2017","11:16:33","5","default","957498349","OXY5","6.918","min","158.431","μmol/L","Humid","21.017","deg","96555","µV","35.772","°C","1018.000","hPa","37.0","pmil","0","55.500","deg","20.000","°C","100.000","%a.s.","22.500","deg","20.000","°C","1013.000","hPa","0.861","-0.02056","0.00035","-0.00011","0","14.7","Humid","26.25","0","52.00","349378.16","SABD0000000001","AAV1.0.0.11","2.0.0.28","PSt7-10","000000-000","10/20/2017 9:36:39 AM","0000-00","0","no battery","V"
"10/20/2017","11:16:34","5","default","957498349","OXY5","6.935","min","158.408","μmol/L","Humid","21.026","deg","96592","µV","35.754","°C","1018.000","hPa","37.0","pmil","0","55.500","deg","20.000","°C","100.000","%a.s.","22.500","deg","20.000","°C","1013.000","hPa","0.861","-0.02056","0.00035","-0.00011","0","14.7","Humid","26.25","0","52.00","349379.55","SABD0000000001","AAV1.0.0.11","2.0.0.28","PSt7-10","000000-000","10/20/2017 9:36:39 AM","0000-00","0","no battery","V"
"10/20/2017","11:16:35","5","default","957498349","OXY5","6.952","min","158.315","μmol/L","Humid","21.021","deg","96556","µV","35.781","°C","1018.000","hPa","37.0","pmil","0","55.500","deg","20.000","°C","100.000","%a.s.","22.500","deg","20.000","°C","1013.000","hPa","0.861","-0.02056","0.00035","-0.00011","0","14.7","Humid","26.25","0","52.00","349378.94","SABD0000000001","AAV1.0.0.11","2.0.0.28","PSt7-10","000000-000","10/20/2017 9:36:39 AM","0000-00","0","no battery","V"
"10/20/2017","11:16:36","5","default","957498349","OXY5","6.968","min","158.536","μmol/L","Humid","21.018","deg","96465","µV","35.752","°C","1018.000","hPa","37.0","pmil","0","55.500","deg","20.000","°C","100.000","%a.s.","22.500","deg","20.000","°C","1013.000","hPa","0.861","-0.02056","0.00035","-0.00011","0","14.7","Humid","26.25","0","52.00","349384.83","SABD0000000001","AAV1.0.0.11","2.0.0.28","PSt7-10","000000-000","10/20/2017 9:36:39 AM","0000-00","0","no battery","V"
"10/20/2017","11:16:37","5","default","957498349","OXY5","6.985","min","158.482","μmol/L","Humid","21.020","deg","96470","µV","35.756","°C","1018.000","hPa","37.0","pmil","0","55.500","deg","20.000","°C","100.000","%a.s.","22.500","deg","20.000","°C","1013.000","hPa","0.861","-0.02056","0.00035","-0.00011","0","14.7","Humid","26.25","0","52.00","349365.20","SABD0000000001","AAV1.0.0.11","2.0.0.28","PSt7-10","000000-000","10/20/2017 9:36:39 AM","0000-00","0","no battery","V"
"10/20/2017","11:16:38","5","default","957498349","OXY5","7.002","min","158.411","μmol/L","Humid","21.021","deg","96489","µV","35.765","°C","1018.000","hPa","37.0","pmil","0","55.500","deg","20.000","°C","100.000","%a.s.","22.500","deg","20.000","°C","1013.000","hPa","0.861","-0.02056","0.00035","-0.00011","0","14.7","Humid","26.25","0","52.00","349358.42","SABD0000000001","AAV1.0.0.11","2.0.0.28","PSt7-10","000000-000","10/20/2017 9:36:39 AM","0000-00","0","no battery","V"
"10/20/2017","11:16:39","5","default","957498349","OXY5","7.018","min","158.462","μmol/L","Humid","21.018","deg","96475","µV","35.764","°C","1018.000","hPa","37.0","pmil","0","55.500","deg","20.000","°C","100.000","%a.s.","22.500","deg","20.000","°C","1013.000","hPa","0.861","-0.02056","0.00035","-0.00011","0","14.7","Humid","26.25","0","52.00","349361.97","SABD0000000001","AAV1.0.0.11","2.0.0.28","PSt7-10","000000-000","10/20/2017 9:36:39 AM","0000-00","0","no battery","V"
"10/20/2017","11:16:40","5","default","957498349","OXY5","7.035","min","158.372","μmol/L","Humid","21.023","deg","96520","µV","35.767","°C","1018.000","hPa","37.0","pmil","0","55.500","deg","20.000","°C","100.000","%a.s.","22.500","deg","20.000","°C","1013.000","hPa","0.861","-0.02056","0.00035","-0.00011","0","14.7","Humid","26.25","0","52.00","349367.03","SABD0000000001","AAV1.0.0.11","2.0.0.28","PSt7-10","000000-000","10/20/2017 9:36:39 AM","0000-00","0","no battery","V"
"10/20/2017","11:16:41","5","default","957498349","OXY5","7.052","min","158.526","μmol/L","Humid","21.016","deg","96658","µV","35.758","°C","1018.000","hPa","37.0","pmil","0","55.500","deg","20.000","°C","100.000","%a.s.","22.500","deg","20.000","°C","1013.000","hPa","0.861","-0.02056","0.00035","-0.00011","0","14.7","Humid","26.25","0","52.00","349358.68","SABD0000000001","AAV1.0.0.11","2.0.0.28","PSt7-10","000000-000","10/20/2017 9:36:39 AM","0000-00","0","no battery","V"
"10/20/2017","11:16:42","5","default","957498349","OXY5","7.068","min","158.541","μmol/L","Humid","21.021","deg","96539","µV","35.744","°C","1018.000","hPa","37.0","pmil","0","55.500","deg","20.000","°C","100.000","%a.s.","22.500","deg","20.000","°C","1013.000","hPa","0.861","-0.02056","0.00035","-0.00011","0","14.7","Humid","26.25","0","52.00","349362.53","SABD0000000001","AAV1.0.0.11","2.0.0.28","PSt7-10","000000-000","10/20/2017 9:36:39 AM","0000-00","0","no battery","V"
"10/20/2017","11:16:43","5","default","957498349","OXY5","7.085","min","158.512","μmol/L","Humid","21.022","deg","96542","µV","35.746","°C","1018.000","hPa","37.0","pmil","0","55.500","deg","20.000","°C","100.000","%a.s.","22.500","deg","20.000","°C","1013.000","hPa","0.861","-0.02056","0.00035","-0.00011","0","14.7","Humid","26.25","0","52.00","349351.88","SABD0000000001","AAV1.0.0.11","2.0.0.28","PSt7-10","000000-000","10/20/2017 9:36:39 AM","0000-00","0","no battery","V"
"10/20/2017","11:16:44","5","default","957498349","OXY5","7.101","min","158.535","μmol/L","Humid","21.018","deg","96463","µV","35.752","°C","1018.000","hPa","37.0","pmil","0","55.500","deg","20.000","°C","100.000","%a.s.","22.500","deg","20.000","°C","1013.000","hPa","0.861","-0.02056","0.00035","-0.00011","0","14.7","Humid","26.25","0","52.00","349339.64","SABD0000000001","AAV1.0.0.11","2.0.0.28","PSt7-10","000000-000","10/20/2017 9:36:39 AM","0000-00","0","no battery","V"
"10/20/2017","11:16:45","5","default","957498349","OXY5","7.118","min","158.455","μmol/L","Humid","21.020","deg","96484","µV","35.760","°C","1018.000","hPa","37.0","pmil","0","55.500","deg","20.000","°C","100.000","%a.s.","22.500","deg","20.000","°C","1013.000","hPa","0.861","-0.02056","0.00035","-0.00011","0","14.7","Humid","26.25","0","52.00","349348.13","SABD0000000001","AAV1.0.0.11","2.0.0.28","PSt7-10","000000-000","10/20/2017 9:36:39 AM","0000-00","0","no battery","V"
"10/20/2017","11:16:46","5","default","957498349","OXY5","7.134","min","158.561","μmol/L","Humid","21.022","deg","96461","µV","35.738","°C","1018.000","hPa","37.0","pmil","0","55.500","deg","20.000","°C","100.000","%a.s.","22.500","deg","20.000","°C","1013.000","hPa","0.861","-0.02056","0.00035","-0.00011","0","14.7","Humid","26.25","0","52.00","349341.29","SABD0000000001","AAV1.0.0.11","2.0.0.28","PSt7-10","000000-000","10/20/2017 9:36:39 AM","0000-00","0","no battery","V"
"10/20/2017","11:16:47","5","default","957498349","OXY5","7.151","min","158.501","μmol/L","Humid","21.020","deg","96512","µV","35.753","°C","1018.000","hPa","37.0","pmil","0","55.500","deg","20.000","°C","100.000","%a.s.","22.500","deg","20.000","°C","1013.000","hPa","0.861","-0.02056","0.00035","-0.00011","0","14.7","Humid","26.25","0","52.00","349344.25","SABD0000000001","AAV1.0.0.11","2.0.0.28","PSt7-10","000000-000","10/20/2017 9:36:39 AM","0000-00","0","no battery","V"
"10/20/2017","11:16:48","5","default","957498349","OXY5","7.168","min","158.535","μmol/L","Humid","21.021","deg","96433","µV","35.744","°C","1018.000","hPa","37.0","pmil","0","55.500","deg","20.000","°C","100.000","%a.s.","22.500","deg","20.000","°C","1013.000","hPa","0.861","-0.02056","0.00035","-0.00011","0","14.7","Humid","26.25","0","52.00","349347.72","SABD0000000001","AAV1.0.0.11","2.0.0.28","PSt7-10","000000-000","10/20/2017 9:36:39 AM","0000-00","0","no battery","V"
"10/20/2017","11:16:49","5","default","957498349","OXY5","7.184","min","158.506","μmol/L","Humid","21.018","deg","96452","µV","35.757","°C","1018.000","hPa","37.0","pmil","0","55.500","deg","20.000","°C","100.000","%a.s.","22.500","deg","20.000","°C","1013.000","hPa","0.861","-0.02056","0.00035","-0.00011","0","14.7","Humid","26.25","0","52.00","349338.69","SABD0000000001","AAV1.0.0.11","2.0.0.28","PSt7-10","000000-000","10/20/2017 9:36:39 AM","0000-00","0","no battery","V"
"10/20/2017","11:16:50","5","default","957498349","OXY5","7.201","min","158.511","μmol/L","Humid","21.018","deg","96517","µV","35.756","°C","1018.000","hPa","37.0","pmil","0","55.500","deg","20.000","°C","100.000","%a.s.","22.500","deg","20.000","°C","1013.000","hPa","0.861","-0.02056","0.00035","-0.00011","0","14.7","Humid","26.25","0","52.00","349331.46","SABD0000000001","AAV1.0.0.11","2.0.0.28","PSt7-10","000000-000","10/20/2017 9:36:39 AM","0000-00","0","no battery","V"
"10/20/2017","11:16:51","5","default","957498349","OXY5","7.218","min","158.487","μmol/L","Humid","21.019","deg","96424","µV","35.757","°C","1018.000","hPa","37.0","pmil","0","55.500","deg","20.000","°C","100.000","%a.s.","22.500","deg","20.000","°C","1013.000","hPa","0.861","-0.02056","0.00035","-0.00011","0","14.7","Humid","26.25","0","52.00","349340.79","SABD0000000001","AAV1.0.0.11","2.0.0.28","PSt7-10","000000-000","10/20/2017 9:36:39 AM","0000-00","0","no battery","V"
"10/20/2017","11:16:52","5","default","957498349","OXY5","7.234","min","158.434","μmol/L","Humid","21.021","deg","96297","µV","35.761","°C","1018.000","hPa","37.0","pmil","0","55.500","deg","20.000","°C","100.000","%a.s.","22.500","deg","20.000","°C","1013.000","hPa","0.861","-0.02056","0.00035","-0.00011","0","14.7","Humid","26.25","0","52.00","349327.82","SABD0000000001","AAV1.0.0.11","2.0.0.28","PSt7-10","000000-000","10/20/2017 9:36:39 AM","0000-00","0","no battery","V"
"10/20/2017","11:16:53","5","default","957498349","OXY5","7.251","min","158.432","μmol/L","Humid","21.022","deg","96424","µV","35.759","°C","1018.000","hPa","37.0","pmil","0","55.500","deg","20.000","°C","100.000","%a.s.","22.500","deg","20.000","°C","1013.000","hPa","0.861","-0.02056","0.00035","-0.00011","0","14.7","Humid","26.25","0","52.00","349326.29","SABD0000000001","AAV1.0.0.11","2.0.0.28","PSt7-10","000000-000","10/20/2017 9:36:39 AM","0000-00","0","no battery","V"
"10/20/2017","11:16:54","5","default","957498349","OXY5","7.268","min","158.447","μmol/L","Humid","21.020","deg","96323","µV","35.762","°C","1018.000","hPa","37.0","pmil","0","55.500","deg","20.000","°C","100.000","%a.s.","22.500","deg","20.000","°C","1013.000","hPa","0.861","-0.02056","0.00035","-0.00011","0","14.7","Humid","26.25","0","52.00","349326.91","SABD0000000001","AAV1.0.0.11","2.0.0.28","PSt7-10","000000-000","10/20/2017 9:36:39 AM","0000-00","0","no battery","V"
"10/20/2017","11:16:55","5","default","957498349","OXY5","7.284","min","158.430","μmol/L","Humid","21.021","deg","96395","µV","35.762","°C","1018.000","hPa","37.0","pmil","0","55.500","deg","20.000","°C","100.000","%a.s.","22.500","deg","20.000","°C","1013.000","hPa","0.861","-0.02056","0.00035","-0.00011","0","14.7","Humid","26.25","0","52.00","349321.81","SABD0000000001","AAV1.0.0.11","2.0.0.28","PSt7-10","000000-000","10/20/2017 9:36:39 AM","0000-00","0","no battery","V"
"10/20/2017","11:16:56","5","default","957498349","OXY5","7.301","min","158.486","μmol/L","Humid","21.020","deg","96374","µV","35.755","°C","1018.000","hPa","37.0","pmil","0","55.500","deg","20.000","°C","100.000","%a.s.","22.500","deg","20.000","°C","1013.000","hPa","0.861","-0.02056","0.00035","-0.00011","0","14.7","Humid","26.25","0","52.00","349303.09","SABD0000000001","AAV1.0.0.11","2.0.0.28","PSt7-10","000000-000","10/20/2017 9:36:39 AM","0000-00","0","no battery","V"
"10/20/2017","11:16:57","5","default","957498349","OXY5","7.318","min","158.506","μmol/L","Humid","21.020","deg","96439","µV","35.752","°C","1018.000","hPa","37.0","pmil","0","55.500","deg","20.000","°C","100.000","%a.s.","22.500","deg","20.000","°C","1013.000","hPa","0.861","-0.02056","0.00035","-0.00011","0","14.7","Humid","26.25","0","52.00","349318.54","SABD0000000001","AAV1.0.0.11","2.0.0.28","PSt7-10","000000-000","10/20/2017 9:36:39 AM","0000-00","0","no battery","V"
"10/20/2017","11:16:58","5","default","957498349","OXY5","7.334","min","158.485","μmol/L","Humid","21.022","deg","96481","µV","35.751","°C","1018.000","hPa","37.0","pmil","0","55.500","deg","20.000","°C","100.000","%a.s.","22.500","deg","20.000","°C","1013.000","hPa","0.861","-0.02056","0.00035","-0.00011","0","14.7","Humid","26.25","0","52.00","349331.08","SABD0000000001","AAV1.0.0.11","2.0.0.28","PSt7-10","000000-000","10/20/2017 9:36:39 AM","0000-00","0","no battery","V"
"10/20/2017","11:16:59","5","default","957498349","OXY5","7.351","min","158.509","μmol/L","Humid","21.019","deg","96491","µV","35.754","°C","1018.000","hPa","37.0","pmil","0","55.500","deg","20.000","°C","100.000","%a.s.","22.500","deg","20.000","°C","1013.000","hPa","0.861","-0.02056","0.00035","-0.00011","0","14.7","Humid","26.25","0","52.00","349319.07","SABD0000000001","AAV1.0.0.11","2.0.0.28","PSt7-10","000000-000","10/20/2017 9:36:39 AM","0000-00","0","no battery","V"
"10/20/2017","11:17:00","5","default","957498349","OXY5","7.368","min","158.308","μmol/L","Humid","21.019","deg","96501","µV","35.787","°C","1018.000","hPa","37.0","pmil","0","55.500","deg","20.000","°C","100.000","%a.s.","22.500","deg","20.000","°C","1013.000","hPa","0.861","-0.02056","0.00035","-0.00011","0","14.7","Humid","26.25","0","52.00","349313.85","SABD0000000001","AAV1.0.0.11","2.0.0.28","PSt7-10","000000-000","10/20/2017 9:36:39 AM","0000-00","0","no battery","V"
"10/20/2017","11:17:01","5","default","957498349","OXY5","7.384","min","158.480","μmol/L","Humid","21.023","deg","96497","µV","35.749","°C","1018.000","hPa","37.0","pmil","0","55.500","deg","20.000","°C","100.000","%a.s.","22.500","deg","20.000","°C","1013.000","hPa","0.861","-0.02056","0.00035","-0.00011","0","14.7","Humid","26.25","0","52.00","349319.17","SABD0000000001","AAV1.0.0.11","2.0.0.28","PSt7-10","000000-000","10/20/2017 9:36:39 AM","0000-00","0","no battery","V"
"10/20/2017","11:17:02","5","default","957498349","OXY5","7.401","min","158.520","μmol/L","Humid","21.019","deg","96497","µV","35.752","°C","1018.000","hPa","37.0","pmil","0","55.500","deg","20.000","°C","100.000","%a.s.","22.500","deg","20.000","°C","1013.000","hPa","0.861","-0.02056","0.00035","-0.00011","0","14.7","Humid","26.25","0","52.00","349307.12","SABD0000000001","AAV1.0.0.11","2.0.0.28","PSt7-10","000000-000","10/20/2017 9:36:39 AM","0000-00","0","no battery","V"
"10/20/2017","11:17:03","5","default","957498349","OXY5","7.418","min","158.444","μmol/L","Humid","21.019","deg","96488","µV","35.765","°C","1018.000","hPa","37.0","pmil","0","55.500","deg","20.000","°C","100.000","%a.s.","22.500","deg","20.000","°C","1013.000","hPa","0.861","-0.02056","0.00035","-0.00011","0","14.7","Humid","26.25","0","52.00","349299.67","SABD0000000001","AAV1.0.0.11","2.0.0.28","PSt7-10","000000-000","10/20/2017 9:36:39 AM","0000-00","0","no battery","V"
"10/20/2017","11:17:04","5","default","957498349","OXY5","7.434","min","158.488","μmol/L","Humid","21.018","deg","96481","µV","35.760","°C","1018.000","hPa","37.0","pmil","0","55.500","deg","20.000","°C","100.000","%a.s.","22.500","deg","20.000","°C","1013.000","hPa","0.861","-0.02056","0.00035","-0.00011","0","14.7","Humid","26.25","0","52.00","349307.44","SABD0000000001","AAV1.0.0.11","2.0.0.28","PSt7-10","000000-000","10/20/2017 9:36:39 AM","0000-00","0","no battery","V"
"10/20/2017","11:17:05","5","default","957498349","OXY5","7.451","min","158.517","μmol/L","Humid","21.021","deg","96482","µV","35.748","°C","1018.000","hPa","37.0","pmil","0","55.500","deg","20.000","°C","100.000","%a.s.","22.500","deg","20.000","°C","1013.000","hPa","0.861","-0.02056","0.00035","-0.00011","0","14.7","Humid","26.25","0","52.00","349292.17","SABD0000000001","AAV1.0.0.11","2.0.0.28","PSt7-10","000000-000","10/20/2017 9:36:39 AM","0000-00","0","no battery","V"
"10/20/2017","11:17:06","5","default","957498349","OXY5","7.468","min","158.569","μmol/L","Humid","21.020","deg","96484","µV","35.741","°C","1018.000","hPa","37.0","pmil","0","55.500","deg","20.000","°C","100.000","%a.s.","22.500","deg","20.000","°C","1013.000","hPa","0.861","-0.02056","0.00035","-0.00011","0","14.7","Humid","26.25","0","52.00","349295.77","SABD0000000001","AAV1.0.0.11","2.0.0.28","PSt7-10","000000-000","10/20/2017 9:36:39 AM","0000-00","0","no battery","V"
"10/20/2017","11:17:07","5","default","957498349","OXY5","7.484","min","158.477","μmol/L","Humid","21.015","deg","96478","µV","35.769","°C","1018.000","hPa","37.0","pmil","0","55.500","deg","20.000","°C","100.000","%a.s.","22.500","deg","20.000","°C","1013.000","hPa","0.861","-0.02056","0.00035","-0.00011","0","14.7","Humid","26.25","0","52.00","349308.52","SABD0000000001","AAV1.0.0.11","2.0.0.28","PSt7-10","000000-000","10/20/2017 9:36:39 AM","0000-00","0","no battery","V"
"10/20/2017","11:17:08","5","default","957498349","OXY5","7.501","min","158.329","μmol/L","Humid","21.020","deg","96477","µV","35.781","°C","1018.000","hPa","37.0","pmil","0","55.500","deg","20.000","°C","100.000","%a.s.","22.500","deg","20.000","°C","1013.000","hPa","0.861","-0.02056","0.00035","-0.00011","0","14.7","Humid","26.25","0","52.00","349314.34","SABD0000000001","AAV1.0.0.11","2.0.0.28","PSt7-10","000000-000","10/20/2017 9:36:39 AM","0000-00","0","no battery","V"
"10/20/2017","11:17:09","5","default","957498349","OXY5","7.518","min","158.303","μmol/L","Humid","21.021","deg","96472","µV","35.783","°C","1018.000","hPa","37.0","pmil","0","55.500","deg","20.000","°C","100.000","%a.s.","22.500","deg","20.000","°C","1013.000","hPa","0.861","-0.02056","0.00035","-0.00011","0","14.7","Humid","26.25","0","52.00","349291.38","SABD0000000001","AAV1.0.0.11","2.0.0.28","PSt7-10","000000-000","10/20/2017 9:36:39 AM","0000-00","0","no battery","V"
"10/20/2017","11:17:10","5","default","957498349","OXY5","7.534","min","158.392","μmol/L","Humid","21.019","deg","96478","µV","35.773","°C","1018.000","hPa","37.0","pmil","0","55.500","deg","20.000","°C","100.000","%a.s.","22.500","deg","20.000","°C","1013.000","hPa","0.861","-0.02056","0.00035","-0.00011","0","14.7","Humid","26.25","0","52.00","349289.79","SABD0000000001","AAV1.0.0.11","2.0.0.28","PSt7-10","000000-000","10/20/2017 9:36:39 AM","0000-00","0","no battery","V"
"10/20/2017","11:17:11","5","default","957498349","OXY5","7.551","min","158.395","μmol/L","Humid","21.021","deg","96470","µV","35.768","°C","1018.000","hPa","37.0","pmil","0","55.500","deg","20.000","°C","100.000","%a.s.","22.500","deg","20.000","°C","1013.000","hPa","0.861","-0.02056","0.00035","-0.00011","0","14.7","Humid","26.25","0","52.00","349291.62","SABD0000000001","AAV1.0.0.11","2.0.0.28","PSt7-10","000000-000","10/20/2017 9:36:39 AM","0000-00","0","no battery","V"
"10/20/2017","11:17:12","5","default","957498349","OXY5","7.568","min","158.388","μmol/L","Humid","21.017","deg","96451","µV","35.779","°C","1018.000","hPa","37.0","pmil","0","55.500","deg","20.000","°C","100.000","%a.s.","22.500","deg","20.000","°C","1013.000","hPa","0.861","-0.02056","0.00035","-0.00011","0","14.7","Humid","26.25","0","52.00","349223.06","SABD0000000001","AAV1.0.0.11","2.0.0.28","PSt7-10","000000-000","10/20/2017 9:36:39 AM","0000-00","0","no battery","V"
"10/20/2017","11:17:13","5","default","957498349","OXY5","7.584","min","158.441","μmol/L","Humid","21.014","deg","96451","µV","35.777","°C","1018.000","hPa","37.0","pmil","0","55.500","deg","20.000","°C","100.000","%a.s.","22.500","deg","20.000","°C","1013.000","hPa","0.861","-0.02056","0.00035","-0.00011","0","14.7","Humid","26.25","0","52.00","349266.67","SABD0000000001","AAV1.0.0.11","2.0.0.28","PSt7-10","000000-000","10/20/2017 9:36:39 AM","0000-00","0","no battery","V"
"10/20/2017","11:17:14","5","default","957498349","OXY5","7.601","min","158.475","μmol/L","Humid","21.022","deg","96420","µV","35.752","°C","1018.000","hPa","37.0","pmil","0","55.500","deg","20.000","°C","100.000","%a.s.","22.500","deg","20.000","°C","1013.000","hPa","0.861","-0.02056","0.00035","-0.00011","0","14.7","Humid","26.25","0","52.00","349268.42","SABD0000000001","AAV1.0.0.11","2.0.0.28","PSt7-10","000000-000","10/20/2017 9:36:39 AM","0000-00","0","no battery","V"
"10/20/2017","11:17:15","5","default","957498349","OXY5","7.618","min","158.432","μmol/L","Humid","21.020","deg","96400","µV","35.764","°C","1018.000","hPa","37.0","pmil","0","55.500","deg","20.000","°C","100.000","%a.s.","22.500","deg","20.000","°C","1013.000","hPa","0.861","-0.02056","0.00035","-0.00011","0","14.7","Humid","26.25","0","52.00","349283.14","SABD0000000001","AAV1.0.0.11","2.0.0.28","PSt7-10","000000-000","10/20/2017 9:36:39 AM","0000-00","0","no battery","V"
"10/20/2017","11:17:16","5","default","957498349","OXY5","7.634","min","158.524","μmol/L","Humid","21.021","deg","96379","µV","35.746","°C","1018.000","hPa","37.0","pmil","0","55.500","deg","20.000","°C","100.000","%a.s.","22.500","deg","20.000","°C","1013.000","hPa","0.861","-0.02056","0.00035","-0.00011","0","14.7","Humid","26.25","0","52.00","349281.83","SABD0000000001","AAV1.0.0.11","2.0.0.28","PSt7-10","000000-000","10/20/2017 9:36:39 AM","0000-00","0","no battery","V"
"10/20/2017","11:17:17","5","default","957498349","OXY5","7.651","min","158.500","μmol/L","Humid","21.017","deg","96388","µV","35.760","°C","1018.000","hPa","37.0","pmil","0","55.500","deg","20.000","°C","100.000","%a.s.","22.500","deg","20.000","°C","1013.000","hPa","0.861","-0.02056","0.00035","-0.00011","0","14.7","Humid","26.25","0","52.00","349286.39","SABD0000000001","AAV1.0.0.11","2.0.0.28","PSt7-10","000000-000","10/20/2017 9:36:39 AM","0000-00","0","no battery","V"
"10/20/2017","11:17:18","5","default","957498349","OXY5","7.668","min","158.401","μmol/L","Humid","21.020","deg","96408","µV","35.769","°C","1018.000","hPa","37.0","pmil","0","55.500","deg","20.000","°C","100.000","%a.s.","22.500","deg","20.000","°C","1013.000","hPa","0.861","-0.02056","0.00035","-0.00011","0","14.7","Humid","26.25","0","52.00","349278.44","SABD0000000001","AAV1.0.0.11","2.0.0.28","PSt7-10","000000-000","10/20/2017 9:36:39 AM","0000-00","0","no battery","V"
"10/20/2017","11:17:19","5","default","957498349","OXY5","7.684","min","158.535","μmol/L","Humid","21.015","deg","96393","µV","35.759","°C","1018.000","hPa","37.0","pmil","0","55.500","deg","20.000","°C","100.000","%a.s.","22.500","deg","20.000","°C","1013.000","hPa","0.861","-0.02056","0.00035","-0.00011","0","14.7","Humid","26.25","0","52.00","349276.81","SABD0000000001","AAV1.0.0.11","2.0.0.28","PSt7-10","000000-000","10/20/2017 9:36:39 AM","0000-00","0","no battery","V"
"10/20/2017","11:17:20","5","default","957498349","OXY5","7.701","min","158.455","μmol/L","Humid","21.020","deg","96407","µV","35.760","°C","1018.000","hPa","37.0","pmil","0","55.500","deg","20.000","°C","100.000","%a.s.","22.500","deg","20.000","°C","1013.000","hPa","0.861","-0.02056","0.00035","-0.00011","0","14.7","Humid","26.25","0","52.00","349283.02","SABD0000000001","AAV1.0.0.11","2.0.0.28","PSt7-10","000000-000","10/20/2017 9:36:39 AM","0000-00","0","no battery","V"
"10/20/2017","11:17:21","5","default","957498349","OXY5","7.718","min","158.586","μmol/L","Humid","21.017","deg","96430","µV","35.746","°C","1018.000","hPa","37.0","pmil","0","55.500","deg","20.000","°C","100.000","%a.s.","22.500","deg","20.000","°C","1013.000","hPa","0.861","-0.02056","0.00035","-0.00011","0","14.7","Humid","26.25","0","52.00","349274.47","SABD0000000001","AAV1.0.0.11","2.0.0.28","PSt7-10","000000-000","10/20/2017 9:36:39 AM","0000-00","0","no battery","V"
"10/20/2017","11:17:22","5","default","957498349","OXY5","7.734","min","158.411","μmol/L","Humid","21.019","deg","96396","µV","35.770","°C","1018.000","hPa","37.0","pmil","0","55.500","deg","20.000","°C","100.000","%a.s.","22.500","deg","20.000","°C","1013.000","hPa","0.861","-0.02056","0.00035","-0.00011","0","14.7","Humid","26.25","0","52.00","349281.37","SABD0000000001","AAV1.0.0.11","2.0.0.28","PSt7-10","000000-000","10/20/2017 9:36:39 AM","0000-00","0","no battery","V"
"10/20/2017","11:17:23","5","default","957498349","OXY5","7.751","min","158.578","μmol/L","Humid","21.016","deg","96405","µV","35.749","°C","1018.000","hPa","37.0","pmil","0","55.500","deg","20.000","°C","100.000","%a.s.","22.500","deg","20.000","°C","1013.000","hPa","0.861","-0.02056","0.00035","-0.00011","0","14.7","Humid","26.25","0","52.00","349277.24","SABD0000000001","AAV1.0.0.11","2.0.0.28","PSt7-10","000000-000","10/20/2017 9:36:39 AM","0000-00","0","no battery","V"
"10/20/2017","11:17:24","5","default","957498349","OXY5","7.768","min","158.563","μmol/L","Humid","21.024","deg","96251","µV","35.733","°C","1018.000","hPa","37.0","pmil","0","55.500","deg","20.000","°C","100.000","%a.s.","22.500","deg","20.000","°C","1013.000","hPa","0.861","-0.02056","0.00035","-0.00011","0","14.7","Humid","26.25","0","52.00","349268.99","SABD0000000001","AAV1.0.0.11","2.0.0.28","PSt7-10","000000-000","10/20/2017 9:36:39 AM","0000-00","0","no battery","V"
"10/20/2017","11:17:25","5","default","957498349","OXY5","7.784","min","158.474","μmol/L","Humid","21.020","deg","96370","µV","35.757","°C","1018.000","hPa","37.0","pmil","0","55.500","deg","20.000","°C","100.000","%a.s.","22.500","deg","20.000","°C","1013.000","hPa","0.861","-0.02056","0.00035","-0.00011","0","14.7","Humid","26.25","0","52.00","349265.06","SABD0000000001","AAV1.0.0.11","2.0.0.28","PSt7-10","000000-000","10/20/2017 9:36:39 AM","0000-00","0","no battery","V"
"10/20/2017","11:17:26","5","default","957498349","OXY5","7.801","min","158.451","μmol/L","Humid","21.019","deg","96344","µV","35.763","°C","1018.000","hPa","37.0","pmil","0","55.500","deg","20.000","°C","100.000","%a.s.","22.500","deg","20.000","°C","1013.000","hPa","0.861","-0.02056","0.00035","-0.00011","0","14.7","Humid","26.25","0","52.00","349270.56","SABD0000000001","AAV1.0.0.11","2.0.0.28","PSt7-10","000000-000","10/20/2017 9:36:39 AM","0000-00","0","no battery","V"
"10/20/2017","11:17:27","5","default","957498349","OXY5","7.818","min","158.441","μmol/L","Humid","21.018","deg","96324","µV","35.767","°C","1018.000","hPa","37.0","pmil","0","55.500","deg","20.000","°C","100.000","%a.s.","22.500","deg","20.000","°C","1013.000","hPa","0.861","-0.02056","0.00035","-0.00011","0","14.7","Humid","26.25","0","52.00","349268.31","SABD0000000001","AAV1.0.0.11","2.0.0.28","PSt7-10","000000-000","10/20/2017 9:36:39 AM","0000-00","0","no battery","V"
"10/20/2017","11:17:28","5","default","957498349","OXY5","7.834","min","158.419","μmol/L","Humid","21.018","deg","96249","µV","35.771","°C","1018.000","hPa","37.0","pmil","0","55.500","deg","20.000","°C","100.000","%a.s.","22.500","deg","20.000","°C","1013.000","hPa","0.861","-0.02056","0.00035","-0.00011","0","14.7","Humid","26.25","0","52.00","349270.90","SABD0000000001","AAV1.0.0.11","2.0.0.28","PSt7-10","000000-000","10/20/2017 9:36:39 AM","0000-00","0","no battery","V"
"10/20/2017","11:17:29","5","default","957498349","OXY5","7.851","min","158.541","μmol/L","Humid","21.018","deg","96333","µV","35.751","°C","1018.000","hPa","37.0","pmil","0","55.500","deg","20.000","°C","100.000","%a.s.","22.500","deg","20.000","°C","1013.000","hPa","0.861","-0.02056","0.00035","-0.00011","0","14.7","Humid","26.25","0","52.00","349260.71","SABD0000000001","AAV1.0.0.11","2.0.0.28","PSt7-10","000000-000","10/20/2017 9:36:39 AM","0000-00","0","no battery","V"
"10/20/2017","11:17:30","5","default","957498349","OXY5","7.868","min","158.343","μmol/L","Humid","21.018","deg","96285","µV","35.784","°C","1018.000","hPa","37.0","pmil","0","55.500","deg","20.000","°C","100.000","%a.s.","22.500","deg","20.000","°C","1013.000","hPa","0.861","-0.02056","0.00035","-0.00011","0","14.7","Humid","26.25","0","52.00","349256.27","SABD0000000001","AAV1.0.0.11","2.0.0.28","PSt7-10","000000-000","10/20/2017 9:36:39 AM","0000-00","0","no battery","V"
"10/20/2017","11:17:31","5","default","957498349","OXY5","7.884","min","158.567","μmol/L","Humid","21.016","deg","96036","µV","35.751","°C","1018.000","hPa","37.0","pmil","0","55.500","deg","20.000","°C","100.000","%a.s.","22.500","deg","20.000","°C","1013.000","hPa","0.861","-0.02056","0.00035","-0.00011","0","14.7","Humid","26.25","0","52.00","349262.21","SABD0000000001","AAV1.0.0.11","2.0.0.28","PSt7-10","000000-000","10/20/2017 9:36:39 AM","0000-00","0","no battery","V"
"10/20/2017","11:17:32","5","default","957498349","OXY5","7.901","min","158.505","μmol/L","Humid","21.018","deg","95585","µV","35.757","°C","1018.000","hPa","37.0","pmil","0","55.500","deg","20.000","°C","100.000","%a.s.","22.500","deg","20.000","°C","1013.000","hPa","0.861","-0.02056","0.00035","-0.00011","0","14.7","Humid","26.25","0","52.00","349261.55","SABD0000000001","AAV1.0.0.11","2.0.0.28","PSt7-10","000000-000","10/20/2017 9:36:39 AM","0000-00","0","no battery","V"
"10/20/2017","11:17:33","5","default","957498349","OXY5","7.918","min","158.563","μmol/L","Humid","21.014","deg","94201","µV","35.757","°C","1018.000","hPa","37.0","pmil","0","55.500","deg","20.000","°C","100.000","%a.s.","22.500","deg","20.000","°C","1013.000","hPa","0.861","-0.02056","0.00035","-0.00011","0","14.7","Humid","26.25","0","52.00","349247.54","SABD0000000001","AAV1.0.0.11","2.0.0.28","PSt7-10","000000-000","10/20/2017 9:36:39 AM","0000-00","0","no battery","V"
"10/20/2017","11:17:34","5","default","957498349","OXY5","7.934","min","158.496","μmol/L","Humid","21.013","deg","94495","µV","35.770","°C","1018.000","hPa","37.0","pmil","0","55.500","deg","20.000","°C","100.000","%a.s.","22.500","deg","20.000","°C","1013.000","hPa","0.861","-0.02056","0.00035","-0.00011","0","14.7","Humid","26.25","0","52.00","349249.98","SABD0000000001","AAV1.0.0.11","2.0.0.28","PSt7-10","000000-000","10/20/2017 9:36:39 AM","0000-00","0","no battery","V"
"10/20/2017","11:17:35","5","default","957498349","OXY5","7.951","min","158.549","μmol/L","Humid","21.013","deg","94494","µV","35.761","°C","1018.000","hPa","37.0","pmil","0","55.500","deg","20.000","°C","100.000","%a.s.","22.500","deg","20.000","°C","1013.000","hPa","0.861","-0.02056","0.00035","-0.00011","0","14.7","Humid","26.25","0","52.00","349244.38","SABD0000000001","AAV1.0.0.11","2.0.0.28","PSt7-10","000000-000","10/20/2017 9:36:39 AM","0000-00","0","no battery","V"
"10/20/2017","11:17:36","5","default","957498349","OXY5","7.968","min","158.613","μmol/L","Humid","21.014","deg","94626","µV","35.748","°C","1018.000","hPa","37.0","pmil","0","55.500","deg","20.000","°C","100.000","%a.s.","22.500","deg","20.000","°C","1013.000","hPa","0.861","-0.02056","0.00035","-0.00011","0","14.7","Humid","26.25","0","52.00","349245.05","SABD0000000001","AAV1.0.0.11","2.0.0.28","PSt7-10","000000-000","10/20/2017 9:36:39 AM","0000-00","0","no battery","V"
"10/20/2017","11:17:37","5","default","957498349","OXY5","7.984","min","158.469","μmol/L","Humid","21.015","deg","94892","µV","35.770","°C","1018.000","hPa","37.0","pmil","0","55.500","deg","20.000","°C","100.000","%a.s.","22.500","deg","20.000","°C","1013.000","hPa","0.861","-0.02056","0.00035","-0.00011","0","14.7","Humid","26.25","0","52.00","349243.25","SABD0000000001","AAV1.0.0.11","2.0.0.28","PSt7-10","000000-000","10/20/2017 9:36:39 AM","0000-00","0","no battery","V"
"10/20/2017","11:17:38","5","default","957498349","OXY5","8.001","min","158.491","μmol/L","Humid","21.016","deg","95064","µV","35.764","°C","1018.000","hPa","37.0","pmil","0","55.500","deg","20.000","°C","100.000","%a.s.","22.500","deg","20.000","°C","1013.000","hPa","0.861","-0.02056","0.00035","-0.00011","0","14.7","Humid","26.25","0","52.00","349238.78","SABD0000000001","AAV1.0.0.11","2.0.0.28","PSt7-10","000000-000","10/20/2017 9:36:39 AM","0000-00","0","no battery","V"
"10/20/2017","11:17:39","5","default","957498349","OXY5","8.018","min","158.561","μmol/L","Humid","21.016","deg","95008","µV","35.752","°C","1018.000","hPa","37.0","pmil","0","55.500","deg","20.000","°C","100.000","%a.s.","22.500","deg","20.000","°C","1013.000","hPa","0.861","-0.02056","0.00035","-0.00011","0","14.7","Humid","26.25","0","52.00","349253.52","SABD0000000001","AAV1.0.0.11","2.0.0.28","PSt7-10","000000-000","10/20/2017 9:36:39 AM","0000-00","0","no battery","V"
"10/20/2017","11:17:40","5","default","957498349","OXY5","8.034","min","158.495","μmol/L","Humid","21.012","deg","94887","µV","35.773","°C","1018.000","hPa","37.0","pmil","0","55.500","deg","20.000","°C","100.000","%a.s.","22.500","deg","20.000","°C","1013.000","hPa","0.861","-0.02056","0.00035","-0.00011","0","14.7","Humid","26.25","0","52.00","349243.09","SABD0000000001","AAV1.0.0.11","2.0.0.28","PSt7-10","000000-000","10/20/2017 9:36:39 AM","0000-00","0","no battery","V"
"10/20/2017","11:17:41","5","default","957498349","OXY5","8.051","min","158.564","μmol/L","Humid","21.015","deg","94837","µV","35.754","°C","1018.000","hPa","37.0","pmil","0","55.500","deg","20.000","°C","100.000","%a.s.","22.500","deg","20.000","°C","1013.000","hPa","0.861","-0.02056","0.00035","-0.00011","0","14.7","Humid","26.25","0","52.00","349236.90","SABD0000000001","AAV1.0.0.11","2.0.0.28","PSt7-10","000000-000","10/20/2017 9:36:39 AM","0000-00","0","no battery","V"
"10/20/2017","11:17:42","5","default","957498349","OXY5","8.068","min","158.560","μmol/L","Humid","21.008","deg","92583","µV","35.771","°C","1018.000","hPa","37.0","pmil","0","55.500","deg","20.000","°C","100.000","%a.s.","22.500","deg","20.000","°C","1013.000","hPa","0.861","-0.02056","0.00035","-0.00011","0","14.7","Humid","26.25","0","52.00","349246.54","SABD0000000001","AAV1.0.0.11","2.0.0.28","PSt7-10","000000-000","10/20/2017 9:36:39 AM","0000-00","0","no battery","V"
"10/20/2017","11:17:43","5","default","957498349","OXY5","8.084","min","158.607","μmol/L","Humid","21.011","deg","92115","µV","35.756","°C","1018.000","hPa","37.0","pmil","0","55.500","deg","20.000","°C","100.000","%a.s.","22.500","deg","20.000","°C","1013.000","hPa","0.861","-0.02056","0.00035","-0.00011","0","14.7","Humid","26.25","0","52.00","349232.91","SABD0000000001","AAV1.0.0.11","2.0.0.28","PSt7-10","000000-000","10/20/2017 9:36:39 AM","0000-00","0","no battery","V"
"10/20/2017","11:17:44","5","default","957498349","OXY5","8.101","min","158.667","μmol/L","Humid","21.010","deg","91562","µV","35.749","°C","1018.000","hPa","37.0","pmil","0","55.500","deg","20.000","°C","100.000","%a.s.","22.500","deg","20.000","°C","1013.000","hPa","0.861","-0.02056","0.00035","-0.00011","0","14.7","Humid","26.25","0","52.00","349239.12","SABD0000000001","AAV1.0.0.11","2.0.0.28","PSt7-10","000000-000","10/20/2017 9:36:39 AM","0000-00","0","no battery","V"
"10/20/2017","11:17:45","5","default","957498349","OXY5","8.118","min","158.743","μmol/L","Humid","21.010","deg","90281","µV","35.736","°C","1018.000","hPa","37.0","pmil","0","55.500","deg","20.000","°C","100.000","%a.s.","22.500","deg","20.000","°C","1013.000","hPa","0.861","-0.02056","0.00035","-0.00011","0","14.7","Humid","26.25","0","52.00","349230.30","SABD0000000001","AAV1.0.0.11","2.0.0.28","PSt7-10","000000-000","10/20/2017 9:36:39 AM","0000-00","0","no battery","V"
"10/20/2017","11:17:46","5","default","957498349","OXY5","8.134","min","158.621","μmol/L","Humid","21.005","deg","88755","µV","35.768","°C","1018.000","hPa","37.0","pmil","0","55.500","deg","20.000","°C","100.000","%a.s.","22.500","deg","20.000","°C","1013.000","hPa","0.861","-0.02056","0.00035","-0.00011","0","14.7","Humid","26.25","0","52.00","349222.02","SABD0000000001","AAV1.0.0.11","2.0.0.28","PSt7-10","000000-000","10/20/2017 9:36:39 AM","0000-00","0","no battery","V"
"10/20/2017","11:17:47","5","default","957498349","OXY5","8.151","min","158.727","μmol/L","Humid","21.000","deg","87732","µV","35.763","°C","1018.000","hPa","37.0","pmil","0","55.500","deg","20.000","°C","100.000","%a.s.","22.500","deg","20.000","°C","1013.000","hPa","0.861","-0.02056","0.00035","-0.00011","0","14.7","Humid","26.25","0","52.00","349230.33","SABD0000000001","AAV1.0.0.11","2.0.0.28","PSt7-10","000000-000","10/20/2017 9:36:39 AM","0000-00","0","no battery","V"
"10/20/2017","11:17:48","5","default","957498349","OXY5","8.168","min","158.641","μmol/L","Humid","21.010","deg","94204","µV","35.753","°C","1018.000","hPa","37.0","pmil","0","55.500","deg","20.000","°C","100.000","%a.s.","22.500","deg","20.000","°C","1013.000","hPa","0.861","-0.02056","0.00035","-0.00011","0","14.7","Humid","26.25","0","52.00","349229.03","SABD0000000001","AAV1.0.0.11","2.0.0.28","PSt7-10","000000-000","10/20/2017 9:36:39 AM","0000-00","0","no battery","V"
"10/20/2017","11:17:49","5","default","957498349","OXY5","8.184","min","158.621","μmol/L","Humid","21.014","deg","96067","µV","35.747","°C","1018.000","hPa","37.0","pmil","0","55.500","deg","20.000","°C","100.000","%a.s.","22.500","deg","20.000","°C","1013.000","hPa","0.861","-0.02056","0.00035","-0.00011","0","14.7","Humid","26.25","0","52.00","349210.46","SABD0000000001","AAV1.0.0.11","2.0.0.28","PSt7-10","000000-000","10/20/2017 9:36:39 AM","0000-00","0","no battery","V"
"10/20/2017","11:17:50","5","default","957498349","OXY5","8.201","min","158.482","μmol/L","Humid","21.018","deg","96105","µV","35.761","°C","1018.000","hPa","37.0","pmil","0","55.500","deg","20.000","°C","100.000","%a.s.","22.500","deg","20.000","°C","1013.000","hPa","0.861","-0.02056","0.00035","-0.00011","0","14.7","Humid","26.25","0","52.00","349212.65","SABD0000000001","AAV1.0.0.11","2.0.0.28","PSt7-10","000000-000","10/20/2017 9:36:39 AM","0000-00","0","no battery","V"
"10/20/2017","11:17:51","5","default","957498349","OXY5","8.218","min","158.403","μmol/L","Humid","21.020","deg","96129","µV","35.769","°C","1018.000","hPa","37.0","pmil","0","55.500","deg","20.000","°C","100.000","%a.s.","22.500","deg","20.000","°C","1013.000","hPa","0.861","-0.02056","0.00035","-0.00011","0","14.7","Humid","26.25","0","52.00","349213.91","SABD0000000001","AAV1.0.0.11","2.0.0.28","PSt7-10","000000-000","10/20/2017 9:36:39 AM","0000-00","0","no battery","V"
"10/20/2017","11:17:52","5","default","957498349","OXY5","8.234","min","158.553","μmol/L","Humid","21.018","deg","96129","µV","35.749","°C","1018.000","hPa","37.0","pmil","0","55.500","deg","20.000","°C","100.000","%a.s.","22.500","deg","20.000","°C","1013.000","hPa","0.861","-0.02056","0.00035","-0.00011","0","14.7","Humid","26.25","0","52.00","349217.78","SABD0000000001","AAV1.0.0.11","2.0.0.28","PSt7-10","000000-000","10/20/2017 9:36:39 AM","0000-00","0","no battery","V"
"10/20/2017","11:17:53","5","default","957498349","OXY5","8.251","min","158.568","μmol/L","Humid","21.017","deg","96152","µV","35.749","°C","1018.000","hPa","37.0","pmil","0","55.500","deg","20.000","°C","100.000","%a.s.","22.500","deg","20.000","°C","1013.000","hPa","0.861","-0.02056","0.00035","-0.00011","0","14.7","Humid","26.25","0","52.00","349208.69","SABD0000000001","AAV1.0.0.11","2.0.0.28","PSt7-10","000000-000","10/20/2017 9:36:39 AM","0000-00","0","no battery","V"
"10/20/2017","11:17:54","5","default","957498349","OXY5","8.268","min","158.641","μmol/L","Humid","21.014","deg","96143","µV","35.744","°C","1018.000","hPa","37.0","pmil","0","55.500","deg","20.000","°C","100.000","%a.s.","22.500","deg","20.000","°C","1013.000","hPa","0.861","-0.02056","0.00035","-0.00011","0","14.7","Humid","26.25","0","52.00","349206.56","SABD0000000001","AAV1.0.0.11","2.0.0.28","PSt7-10","000000-000","10/20/2017 9:36:39 AM","0000-00","0","no battery","V"
"10/20/2017","11:17:55","5","default","957498349","OXY5","8.285","min","158.614","μmol/L","Humid","21.016","deg","96159","µV","35.743","°C","1018.000","hPa","37.0","pmil","0","55.500","deg","20.000","°C","100.000","%a.s.","22.500","deg","20.000","°C","1013.000","hPa","0.861","-0.02056","0.00035","-0.00011","0","14.7","Humid","26.25","0","52.00","349208.41","SABD0000000001","AAV1.0.0.11","2.0.0.28","PSt7-10","000000-000","10/20/2017 9:36:39 AM","0000-00","0","no battery","V"
"10/20/2017","11:17:56","5","default","957498349","OXY5","8.301","min","158.450","μmol/L","Humid","21.015","deg","96160","µV","35.773","°C","1018.000","hPa","37.0","pmil","0","55.500","deg","20.000","°C","100.000","%a.s.","22.500","deg","20.000","°C","1013.000","hPa","0.861","-0.02056","0.00035","-0.00011","0","14.7","Humid","26.25","0","52.00","349207.23","SABD0000000001","AAV1.0.0.11","2.0.0.28","PSt7-10","000000-000","10/20/2017 9:36:39 AM","0000-00","0","no battery","V"
"10/20/2017","11:17:57","5","default","957498349","OXY5","8.318","min","158.688","μmol/L","Humid","21.014","deg","96146","µV","35.736","°C","1018.000","hPa","37.0","pmil","0","55.500","deg","20.000","°C","100.000","%a.s.","22.500","deg","20.000","°C","1013.000","hPa","0.861","-0.02056","0.00035","-0.00011","0","14.7","Humid","26.25","0","52.00","349199.61","SABD0000000001","AAV1.0.0.11","2.0.0.28","PSt7-10","000000-000","10/20/2017 9:36:39 AM","0000-00","0","no battery","V"
"10/20/2017","11:17:58","5","default","957498349","OXY5","8.334","min","158.545","μmol/L","Humid","21.017","deg","96173","µV","35.752","°C","1018.000","hPa","37.0","pmil","0","55.500","deg","20.000","°C","100.000","%a.s.","22.500","deg","20.000","°C","1013.000","hPa","0.861","-0.02056","0.00035","-0.00011","0","14.7","Humid","26.25","0","52.00","349220.19","SABD0000000001","AAV1.0.0.11","2.0.0.28","PSt7-10","000000-000","10/20/2017 9:36:39 AM","0000-00","0","no battery","V"
"10/20/2017","11:17:59","5","default","957498349","OXY5","8.351","min","158.540","μmol/L","Humid","21.016","deg","96156","µV","35.756","°C","1018.000","hPa","37.0","pmil","0","55.500","deg","20.000","°C","100.000","%a.s.","22.500","deg","20.000","°C","1013.000","hPa","0.861","-0.02056","0.00035","-0.00011","0","14.7","Humid","26.25","0","52.00","349211.12","SABD0000000001","AAV1.0.0.11","2.0.0.28","PSt7-10","000000-000","10/20/2017 9:36:39 AM","0000-00","0","no battery","V"
"10/20/2017","11:18:00","5","default","957498349","OXY5","8.368","min","158.559","μmol/L","Humid","21.019","deg","96143","µV","35.745","°C","1018.000","hPa","37.0","pmil","0","55.500","deg","20.000","°C","100.000","%a.s.","22.500","deg","20.000","°C","1013.000","hPa","0.861","-0.02056","0.00035","-0.00011","0","14.7","Humid","26.25","0","52.00","349201.72","SABD0000000001","AAV1.0.0.11","2.0.0.28","PSt7-10","000000-000","10/20/2017 9:36:39 AM","0000-00","0","no battery","V"
"10/20/2017","11:18:01","5","default","957498349","OXY5","8.384","min","158.475","μmol/L","Humid","21.019","deg","96179","µV","35.759","°C","1018.000","hPa","37.0","pmil","0","55.500","deg","20.000","°C","100.000","%a.s.","22.500","deg","20.000","°C","1013.000","hPa","0.861","-0.02056","0.00035","-0.00011","0","14.7","Humid","26.25","0","52.00","349200.76","SABD0000000001","AAV1.0.0.11","2.0.0.28","PSt7-10","000000-000","10/20/2017 9:36:39 AM","0000-00","0","no battery","V"
"10/20/2017","11:18:02","5","default","957498349","OXY5","8.401","min","158.588","μmol/L","Humid","21.014","deg","96163","µV","35.752","°C","1018.000","hPa","37.0","pmil","0","55.500","deg","20.000","°C","100.000","%a.s.","22.500","deg","20.000","°C","1013.000","hPa","0.861","-0.02056","0.00035","-0.00011","0","14.7","Humid","26.25","0","52.00","349196.58","SABD0000000001","AAV1.0.0.11","2.0.0.28","PSt7-10","000000-000","10/20/2017 9:36:39 AM","0000-00","0","no battery","V"
"10/20/2017","11:18:03","5","default","957498349","OXY5","8.418","min","158.606","μmol/L","Humid","21.016","deg","96165","µV","35.745","°C","1018.000","hPa","37.0","pmil","0","55.500","deg","20.000","°C","100.000","%a.s.","22.500","deg","20.000","°C","1013.000","hPa","0.861","-0.02056","0.00035","-0.00011","0","14.7","Humid","26.25","0","52.00","349197.84","SABD0000000001","AAV1.0.0.11","2.0.0.28","PSt7-10","000000-000","10/20/2017 9:36:39 AM","0000-00","0","no battery","V"
"10/20/2017","11:18:04","5","default","957498349","OXY5","8.434","min","158.429","μmol/L","Humid","21.015","deg","96157","µV","35.777","°C","1018.000","hPa","37.0","pmil","0","55.500","deg","20.000","°C","100.000","%a.s.","22.500","deg","20.000","°C","1013.000","hPa","0.861","-0.02056","0.00035","-0.00011","0","14.7","Humid","26.25","0","52.00","349188.60","SABD0000000001","AAV1.0.0.11","2.0.0.28","PSt7-10","000000-000","10/20/2017 9:36:39 AM","0000-00","0","no battery","V"
"10/20/2017","11:18:05","5","default","957498349","OXY5","8.451","min","158.476","μmol/L","Humid","21.013","deg","96162","µV","35.774","°C","1018.000","hPa","37.0","pmil","0","55.500","deg","20.000","°C","100.000","%a.s.","22.500","deg","20.000","°C","1013.000","hPa","0.861","-0.02056","0.00035","-0.00011","0","14.7","Humid","26.25","0","52.00","349198.50","SABD0000000001","AAV1.0.0.11","2.0.0.28","PSt7-10","000000-000","10/20/2017 9:36:39 AM","0000-00","0","no battery","V"
"10/20/2017","11:18:06","5","default","957498349","OXY5","8.468","min","158.389","μmol/L","Humid","21.015","deg","96159","µV","35.783","°C","1018.000","hPa","37.0","pmil","0","55.500","deg","20.000","°C","100.000","%a.s.","22.500","deg","20.000","°C","1013.000","hPa","0.861","-0.02056","0.00035","-0.00011","0","14.7","Humid","26.25","0","52.00","349195.75","SABD0000000001","AAV1.0.0.11","2.0.0.28","PSt7-10","000000-000","10/20/2017 9:36:39 AM","0000-00","0","no battery","V"
"10/20/2017","11:18:07","5","default","957498349","OXY5","8.484","min","158.547","μmol/L","Humid","21.017","deg","96153","µV","35.752","°C","1018.000","hPa","37.0","pmil","0","55.500","deg","20.000","°C","100.000","%a.s.","22.500","deg","20.000","°C","1013.000","hPa","0.861","-0.02056","0.00035","-0.00011","0","14.7","Humid","26.25","0","52.00","349193.90","SABD0000000001","AAV1.0.0.11","2.0.0.28","PSt7-10","000000-000","10/20/2017 9:36:39 AM","0000-00","0","no battery","V"
"10/20/2017","11:18:08","5","default","957498349","OXY5","8.501","min","158.535","μmol/L","Humid","21.014","deg","96158","µV","35.761","°C","1018.000","hPa","37.0","pmil","0","55.500","deg","20.000","°C","100.000","%a.s.","22.500","deg","20.000","°C","1013.000","hPa","0.861","-0.02056","0.00035","-0.00011","0","14.7","Humid","26.25","0","52.00","349194.31","SABD0000000001","AAV1.0.0.11","2.0.0.28","PSt7-10","000000-000","10/20/2017 9:36:39 AM","0000-00","0","no battery","V"
"10/20/2017","11:18:09","5","default","957498349","OXY5","8.518","min","158.530","μmol/L","Humid","21.016","deg","96156","µV","35.757","°C","1018.000","hPa","37.0","pmil","0","55.500","deg","20.000","°C","100.000","%a.s.","22.500","deg","20.000","°C","1013.000","hPa","0.861","-0.02056","0.00035","-0.00011","0","14.7","Humid","26.25","0","52.00","349186.09","SABD0000000001","AAV1.0.0.11","2.0.0.28","PSt7-10","000000-000","10/20/2017 9:36:39 AM","0000-00","0","no battery","V"
"10/20/2017","11:18:10","5","default","957498349","OXY5","8.534","min","158.408","μmol/L","Humid","21.018","deg","96161","µV","35.773","°C","1018.000","hPa","37.0","pmil","0","55.500","deg","20.000","°C","100.000","%a.s.","22.500","deg","20.000","°C","1013.000","hPa","0.861","-0.02056","0.00035","-0.00011","0","14.7","Humid","26.25","0","52.00","349173.73","SABD0000000001","AAV1.0.0.11","2.0.0.28","PSt7-10","000000-000","10/20/2017 9:36:39 AM","0000-00","0","no battery","V"
"10/20/2017","11:18:11","5","default","957498349","OXY5","8.551","min","158.522","μmol/L","Humid","21.013","deg","96221","µV","35.766","°C","1018.000","hPa","37.0","pmil","0","55.500","deg","20.000","°C","100.000","%a.s.","22.500","deg","20.000","°C","1013.000","hPa","0.861","-0.02056","0.00035","-0.00011","0","14.7","Humid","26.25","0","52.00","349184.14","SABD0000000001","AAV1.0.0.11","2.0.0.28","PSt7-10","000000-000","10/20/2017 9:36:39 AM","0000-00","0","no battery","V"
"10/20/2017","11:18:12","5","default","957498349","OXY5","8.568","min","158.544","μmol/L","Humid","21.017","deg","96199","µV","35.753","°C","1018.000","hPa","37.0","pmil","0","55.500","deg","20.000","°C","100.000","%a.s.","22.500","deg","20.000","°C","1013.000","hPa","0.861","-0.02056","0.00035","-0.00011","0","14.7","Humid","26.25","0","52.00","349178.15","SABD0000000001","AAV1.0.0.11","2.0.0.28","PSt7-10","000000-000","10/20/2017 9:36:39 AM","0000-00","0","no battery","V"
"10/20/2017","11:18:13","5","default","957498349","OXY5","8.584","min","158.412","μmol/L","Humid","21.020","deg","96197","µV","35.768","°C","1018.000","hPa","37.0","pmil","0","55.500","deg","20.000","°C","100.000","%a.s.","22.500","deg","20.000","°C","1013.000","hPa","0.861","-0.02056","0.00035","-0.00011","0","14.7","Humid","26.25","0","52.00","349174.36","SABD0000000001","AAV1.0.0.11","2.0.0.28","PSt7-10","000000-000","10/20/2017 9:36:39 AM","0000-00","0","no battery","V"
"10/20/2017","11:18:14","5","default","957498349","OXY5","8.601","min","158.488","μmol/L","Humid","21.019","deg","96202","µV","35.757","°C","1018.000","hPa","37.0","pmil","0","55.500","deg","20.000","°C","100.000","%a.s.","22.500","deg","20.000","°C","1013.000","hPa","0.861","-0.02056","0.00035","-0.00011","0","14.7","Humid","26.25","0","52.00","349176.88","SABD0000000001","AAV1.0.0.11","2.0.0.28","PSt7-10","000000-000","10/20/2017 9:36:39 AM","0000-00","0","no battery","V"
"10/20/2017","11:18:15","5","default","957498349","OXY5","8.618","min","158.507","μmol/L","Humid","21.015","deg","96202","µV","35.764","°C","1018.000","hPa","37.0","pmil","0","55.500","deg","20.000","°C","100.000","%a.s.","22.500","deg","20.000","°C","1013.000","hPa","0.861","-0.02056","0.00035","-0.00011","0","14.7","Humid","26.25","0","52.00","349182.28","SABD0000000001","AAV1.0.0.11","2.0.0.28","PSt7-10","000000-000","10/20/2017 9:36:39 AM","0000-00","0","no battery","V"
"10/20/2017","11:18:16","5","default","957498349","OXY5","8.634","min","158.623","μmol/L","Humid","21.017","deg","96193","µV","35.739","°C","1018.000","hPa","37.0","pmil","0","55.500","deg","20.000","°C","100.000","%a.s.","22.500","deg","20.000","°C","1013.000","hPa","0.861","-0.02056","0.00035","-0.00011","0","14.7","Humid","26.25","0","52.00","349178.25","SABD0000000001","AAV1.0.0.11","2.0.0.28","PSt7-10","000000-000","10/20/2017 9:36:39 AM","0000-00","0","no battery","V"
"10/20/2017","11:18:17","5","default","957498349","OXY5","8.651","min","158.646","μmol/L","Humid","21.015","deg","96185","µV","35.740","°C","1018.000","hPa","37.0","pmil","0","55.500","deg","20.000","°C","100.000","%a.s.","22.500","deg","20.000","°C","1013.000","hPa","0.861","-0.02056","0.00035","-0.00011","0","14.7","Humid","26.25","0","52.00","349177.97","SABD0000000001","AAV1.0.0.11","2.0.0.28","PSt7-10","000000-000","10/20/2017 9:36:39 AM","0000-00","0","no battery","V"
"10/20/2017","11:18:18","5","default","957498349","OXY5","8.668","min","158.553","μmol/L","Humid","21.017","deg","96197","µV","35.751","°C","1018.000","hPa","37.0","pmil","0","55.500","deg","20.000","°C","100.000","%a.s.","22.500","deg","20.000","°C","1013.000","hPa","0.861","-0.02056","0.00035","-0.00011","0","14.7","Humid","26.25","0","52.00","349174.71","SABD0000000001","AAV1.0.0.11","2.0.0.28","PSt7-10","000000-000","10/20/2017 9:36:39 AM","0000-00","0","no battery","V"
"10/20/2017","11:18:19","5","default","957498349","OXY5","8.684","min","158.615","μmol/L","Humid","21.016","deg","96196","µV","35.743","°C","1018.000","hPa","37.0","pmil","0","55.500","deg","20.000","°C","100.000","%a.s.","22.500","deg","20.000","°C","1013.000","hPa","0.861","-0.02056","0.00035","-0.00011","0","14.7","Humid","26.25","0","52.00","349181.19","SABD0000000001","AAV1.0.0.11","2.0.0.28","PSt7-10","000000-000","10/20/2017 9:36:39 AM","0000-00","0","no battery","V"
"10/20/2017","11:18:20","5","default","957498349","OXY5","8.701","min","158.674","μmol/L","Humid","21.016","deg","96202","µV","35.733","°C","1018.000","hPa","37.0","pmil","0","55.500","deg","20.000","°C","100.000","%a.s.","22.500","deg","20.000","°C","1013.000","hPa","0.861","-0.02056","0.00035","-0.00011","0","14.7","Humid","26.25","0","52.00","349166.43","SABD0000000001","AAV1.0.0.11","2.0.0.28","PSt7-10","000000-000","10/20/2017 9:36:39 AM","0000-00","0","no battery","V"
"10/20/2017","11:18:21","5","default","957498349","OXY5","8.718","min","158.687","μmol/L","Humid","21.015","deg","96181","µV","35.734","°C","1018.000","hPa","37.0","pmil","0","55.500","deg","20.000","°C","100.000","%a.s.","22.500","deg","20.000","°C","1013.000","hPa","0.861","-0.02056","0.00035","-0.00011","0","14.7","Humid","26.25","0","52.00","349173.87","SABD0000000001","AAV1.0.0.11","2.0.0.28","PSt7-10","000000-000","10/20/2017 9:36:39 AM","0000-00","0","no battery","V"
"10/20/2017","11:18:22","5","default","957498349","OXY5","8.734","min","158.615","μmol/L","Humid","21.016","deg","96183","µV","35.743","°C","1018.000","hPa","37.0","pmil","0","55.500","deg","20.000","°C","100.000","%a.s.","22.500","deg","20.000","°C","1013.000","hPa","0.861","-0.02056","0.00035","-0.00011","0","14.7","Humid","26.25","0","52.00","349170.15","SABD0000000001","AAV1.0.0.11","2.0.0.28","PSt7-10","000000-000","10/20/2017 9:36:39 AM","0000-00","0","no battery","V"
"10/20/2017","11:18:23","5","default","957498349","OXY5","8.751","min","158.653","μmol/L","Humid","21.014","deg","96177","µV","35.742","°C","1018.000","hPa","37.0","pmil","0","55.500","deg","20.000","°C","100.000","%a.s.","22.500","deg","20.000","°C","1013.000","hPa","0.861","-0.02056","0.00035","-0.00011","0","14.7","Humid","26.25","0","52.00","349181.04","SABD0000000001","AAV1.0.0.11","2.0.0.28","PSt7-10","000000-000","10/20/2017 9:36:39 AM","0000-00","0","no battery","V"
"10/20/2017","11:18:24","5","default","957498349","OXY5","8.768","min","158.446","μmol/L","Humid","21.016","deg","96177","µV","35.771","°C","1018.000","hPa","37.0","pmil","0","55.500","deg","20.000","°C","100.000","%a.s.","22.500","deg","20.000","°C","1013.000","hPa","0.861","-0.02056","0.00035","-0.00011","0","14.7","Humid","26.25","0","52.00","349166.10","SABD0000000001","AAV1.0.0.11","2.0.0.28","PSt7-10","000000-000","10/20/2017 9:36:39 AM","0000-00","0","no battery","V"
"10/20/2017","11:18:25","5","default","957498349","OXY5","8.784","min","158.671","μmol/L","Humid","21.013","deg","96176","µV","35.741","°C","1018.000","hPa","37.0","pmil","0","55.500","deg","20.000","°C","100.000","%a.s.","22.500","deg","20.000","°C","1013.000","hPa","0.861","-0.02056","0.00035","-0.00011","0","14.7","Humid","26.25","0","52.00","349177.00","SABD0000000001","AAV1.0.0.11","2.0.0.28","PSt7-10","000000-000","10/20/2017 9:36:39 AM","0000-00","0","no battery","V"
"10/20/2017","11:18:26","5","default","957498349","OXY5","8.801","min","158.586","μmol/L","Humid","21.019","deg","96172","µV","35.741","°C","1018.000","hPa","37.0","pmil","0","55.500","deg","20.000","°C","100.000","%a.s.","22.500","deg","20.000","°C","1013.000","hPa","0.861","-0.02056","0.00035","-0.00011","0","14.7","Humid","26.25","0","52.00","349169.21","SABD0000000001","AAV1.0.0.11","2.0.0.28","PSt7-10","000000-000","10/20/2017 9:36:39 AM","0000-00","0","no battery","V"
"10/20/2017","11:18:27","5","default","957498349","OXY5","8.818","min","158.491","μmol/L","Humid","21.017","deg","96176","µV","35.762","°C","1018.000","hPa","37.0","pmil","0","55.500","deg","20.000","°C","100.000","%a.s.","22.500","deg","20.000","°C","1013.000","hPa","0.861","-0.02056","0.00035","-0.00011","0","14.7","Humid","26.25","0","52.00","349165.63","SABD0000000001","AAV1.0.0.11","2.0.0.28","PSt7-10","000000-000","10/20/2017 9:36:39 AM","0000-00","0","no battery","V"
"10/20/2017","11:18:28","5","default","957498349","OXY5","8.835","min","158.626","μmol/L","Humid","21.015","deg","96178","µV","35.744","°C","1018.000","hPa","37.0","pmil","0","55.500","deg","20.000","°C","100.000","%a.s.","22.500","deg","20.000","°C","1013.000","hPa","0.861","-0.02056","0.00035","-0.00011","0","14.7","Humid","26.25","0","52.00","349160.48","SABD0000000001","AAV1.0.0.11","2.0.0.28","PSt7-10","000000-000","10/20/2017 9:36:39 AM","0000-00","0","no battery","V"
"10/20/2017","11:18:29","5","default","957498349","OXY5","8.851","min","158.554","μmol/L","Humid","21.012","deg","96168","µV","35.763","°C","1018.000","hPa","37.0","pmil","0","55.500","deg","20.000","°C","100.000","%a.s.","22.500","deg","20.000","°C","1013.000","hPa","0.861","-0.02056","0.00035","-0.00011","0","14.7","Humid","26.25","0","52.00","349151.29","SABD0000000001","AAV1.0.0.11","2.0.0.28","PSt7-10","000000-000","10/20/2017 9:36:39 AM","0000-00","0","no battery","V"
"10/20/2017","11:18:30","5","default","957498349","OXY5","8.868","min","158.575","μmol/L","Humid","21.014","deg","96169","µV","35.755","°C","1018.000","hPa","37.0","pmil","0","55.500","deg","20.000","°C","100.000","%a.s.","22.500","deg","20.000","°C","1013.000","hPa","0.861","-0.02056","0.00035","-0.00011","0","14.7","Humid","26.25","0","52.00","349151.71","SABD0000000001","AAV1.0.0.11","2.0.0.28","PSt7-10","000000-000","10/20/2017 9:36:39 AM","0000-00","0","no battery","V"
"10/20/2017","11:18:31","5","default","957498349","OXY5","8.885","min","158.572","μmol/L","Humid","21.019","deg","96169","µV","35.743","°C","1018.000","hPa","37.0","pmil","0","55.500","deg","20.000","°C","100.000","%a.s.","22.500","deg","20.000","°C","1013.000","hPa","0.861","-0.02056","0.00035","-0.00011","0","14.7","Humid","26.25","0","52.00","349154.19","SABD0000000001","AAV1.0.0.11","2.0.0.28","PSt7-10","000000-000","10/20/2017 9:36:39 AM","0000-00","0","no battery","V"
"10/20/2017","11:18:32","5","default","957498349","OXY5","8.901","min","158.683","μmol/L","Humid","21.015","deg","96157","µV","35.734","°C","1018.000","hPa","37.0","pmil","0","55.500","deg","20.000","°C","100.000","%a.s.","22.500","deg","20.000","°C","1013.000","hPa","0.861","-0.02056","0.00035","-0.00011","0","14.7","Humid","26.25","0","52.00","349139.90","SABD0000000001","AAV1.0.0.11","2.0.0.28","PSt7-10","000000-000","10/20/2017 9:36:39 AM","0000-00","0","no battery","V"
"10/20/2017","11:18:33","5","default","957498349","OXY5","8.918","min","158.565","μmol/L","Humid","21.018","deg","96159","µV","35.747","°C","1018.000","hPa","37.0","pmil","0","55.500","deg","20.000","°C","100.000","%a.s.","22.500","deg","20.000","°C","1013.000","hPa","0.861","-0.02056","0.00035","-0.00011","0","14.7","Humid","26.25","0","52.00","349154.53","SABD0000000001","AAV1.0.0.11","2.0.0.28","PSt7-10","000000-000","10/20/2017 9:36:39 AM","0000-00","0","no battery","V"
"10/20/2017","11:18:34","5","default","957498349","OXY5","8.935","min","158.571","μmol/L","Humid","21.018","deg","96146","µV","35.746","°C","1018.000","hPa","37.0","pmil","0","55.500","deg","20.000","°C","100.000","%a.s.","22.500","deg","20.000","°C","1013.000","hPa","0.861","-0.02056","0.00035","-0.00011","0","14.7","Humid","26.25","0","52.00","349145.02","SABD0000000001","AAV1.0.0.11","2.0.0.28","PSt7-10","000000-000","10/20/2017 9:36:39 AM","0000-00","0","no battery","V"
"10/20/2017","11:18:35","5","default","957498349","OXY5","8.951","min","158.610","μmol/L","Humid","21.016","deg","96147","µV","35.744","°C","1018.000","hPa","37.0","pmil","0","55.500","deg","20.000","°C","100.000","%a.s.","22.500","deg","20.000","°C","1013.000","hPa","0.861","-0.02056","0.00035","-0.00011","0","14.7","Humid","26.25","0","52.00","349138.02","SABD0000000001","AAV1.0.0.11","2.0.0.28","PSt7-10","000000-000","10/20/2017 9:36:39 AM","0000-00","0","no battery","V"
"10/20/2017","11:18:36","5","default","957498349","OXY5","8.968","min","158.511","μmol/L","Humid","21.016","deg","96146","µV","35.761","°C","1018.000","hPa","37.0","pmil","0","55.500","deg","20.000","°C","100.000","%a.s.","22.500","deg","20.000","°C","1013.000","hPa","0.861","-0.02056","0.00035","-0.00011","0","14.7","Humid","26.25","0","52.00","349137.24","SABD0000000001","AAV1.0.0.11","2.0.0.28","PSt7-10","000000-000","10/20/2017 9:36:39 AM","0000-00","0","no battery","V"
"10/20/2017","11:18:37","5","default","957498349","OXY5","8.985","min","158.576","μmol/L","Humid","21.017","deg","96147","µV","35.747","°C","1018.000","hPa","37.0","pmil","0","55.500","deg","20.000","°C","100.000","%a.s.","22.500","deg","20.000","°C","1013.000","hPa","0.861","-0.02056","0.00035","-0.00011","0","14.7","Humid","26.25","0","52.00","349131.00","SABD0000000001","AAV1.0.0.11","2.0.0.28","PSt7-10","000000-000","10/20/2017 9:36:39 AM","0000-00","0","no battery","V"
"10/20/2017","11:18:38","5","default","957498349","OXY5","9.001","min","158.591","μmol/L","Humid","21.019","deg","96143","µV","35.740","°C","1018.000","hPa","37.0","pmil","0","55.500","deg","20.000","°C","100.000","%a.s.","22.500","deg","20.000","°C","1013.000","hPa","0.861","-0.02056","0.00035","-0.00011","0","14.7","Humid","26.25","0","52.00","349136.42","SABD0000000001","AAV1.0.0.11","2.0.0.28","PSt7-10","000000-000","10/20/2017 9:36:39 AM","0000-00","0","no battery","V"
"10/20/2017","11:18:39","5","default","957498349","OXY5","9.018","min","158.591","μmol/L","Humid","21.014","deg","96142","µV","35.752","°C","1018.000","hPa","37.0","pmil","0","55.500","deg","20.000","°C","100.000","%a.s.","22.500","deg","20.000","°C","1013.000","hPa","0.861","-0.02056","0.00035","-0.00011","0","14.7","Humid","26.25","0","52.00","349123.78","SABD0000000001","AAV1.0.0.11","2.0.0.28","PSt7-10","000000-000","10/20/2017 9:36:39 AM","0000-00","0","no battery","V"
"10/20/2017","11:18:40","5","default","957498349","OXY5","9.035","min","158.587","μmol/L","Humid","21.019","deg","96139","µV","35.741","°C","1018.000","hPa","37.0","pmil","0","55.500","deg","20.000","°C","100.000","%a.s.","22.500","deg","20.000","°C","1013.000","hPa","0.861","-0.02056","0.00035","-0.00011","0","14.7","Humid","26.25","0","52.00","349126.42","SABD0000000001","AAV1.0.0.11","2.0.0.28","PSt7-10","000000-000","10/20/2017 9:36:39 AM","0000-00","0","no battery","V"
"10/20/2017","11:18:41","5","default","957498349","OXY5","9.051","min","158.669","μmol/L","Humid","21.010","deg","96125","µV","35.748","°C","1018.000","hPa","37.0","pmil","0","55.500","deg","20.000","°C","100.000","%a.s.","22.500","deg","20.000","°C","1013.000","hPa","0.861","-0.02056","0.00035","-0.00011","0","14.7","Humid","26.25","0","52.00","349118.68","SABD0000000001","AAV1.0.0.11","2.0.0.28","PSt7-10","000000-000","10/20/2017 9:36:39 AM","0000-00","0","no battery","V"
"10/20/2017","11:18:42","5","default","957498349","OXY5","9.068","min","158.569","μmol/L","Humid","21.013","deg","96135","µV","35.758","°C","1018.000","hPa","37.0","pmil","0","55.500","deg","20.000","°C","100.000","%a.s.","22.500","deg","20.000","°C","1013.000","hPa","0.861","-0.02056","0.00035","-0.00011","0","14.7","Humid","26.25","0","52.00","349125.76","SABD0000000001","AAV1.0.0.11","2.0.0.28","PSt7-10","000000-000","10/20/2017 9:36:39 AM","0000-00","0","no battery","V"
"10/20/2017","11:18:43","5","default","957498349","OXY5","9.085","min","158.632","μmol/L","Humid","21.012","deg","96132","µV","35.750","°C","1018.000","hPa","37.0","pmil","0","55.500","deg","20.000","°C","100.000","%a.s.","22.500","deg","20.000","°C","1013.000","hPa","0.861","-0.02056","0.00035","-0.00011","0","14.7","Humid","26.25","0","52.00","349127.91","SABD0000000001","AAV1.0.0.11","2.0.0.28","PSt7-10","000000-000","10/20/2017 9:36:39 AM","0000-00","0","no battery","V"
"10/20/2017","11:18:44","5","default","957498349","OXY5","9.101","min","158.551","μmol/L","Humid","21.014","deg","96132","µV","35.759","°C","1018.000","hPa","37.0","pmil","0","55.500","deg","20.000","°C","100.000","%a.s.","22.500","deg","20.000","°C","1013.000","hPa","0.861","-0.02056","0.00035","-0.00011","0","14.7","Humid","26.25","0","52.00","349138.99","SABD0000000001","AAV1.0.0.11","2.0.0.28","PSt7-10","000000-000","10/20/2017 9:36:39 AM","0000-00","0","no battery","V"
"10/20/2017","11:18:45","5","default","957498349","OXY5","9.118","min","158.489","μmol/L","Humid","21.015","deg","96129","µV","35.767","°C","1018.000","hPa","37.0","pmil","0","55.500","deg","20.000","°C","100.000","%a.s.","22.500","deg","20.000","°C","1013.000","hPa","0.861","-0.02056","0.00035","-0.00011","0","14.7","Humid","26.25","0","52.00","349128.22","SABD0000000001","AAV1.0.0.11","2.0.0.28","PSt7-10","000000-000","10/20/2017 9:36:39 AM","0000-00","0","no battery","V"
"10/20/2017","11:18:46","5","default","957498349","OXY5","9.135","min","158.586","μmol/L","Humid","21.014","deg","96123","µV","35.753","°C","1018.000","hPa","37.0","pmil","0","55.500","deg","20.000","°C","100.000","%a.s.","22.500","deg","20.000","°C","1013.000","hPa","0.861","-0.02056","0.00035","-0.00011","0","14.7","Humid","26.25","0","52.00","349117.45","SABD0000000001","AAV1.0.0.11","2.0.0.28","PSt7-10","000000-000","10/20/2017 9:36:39 AM","0000-00","0","no battery","V"
"10/20/2017","11:18:47","5","default","957498349","OXY5","9.151","min","158.529","μmol/L","Humid","21.017","deg","96123","µV","35.755","°C","1018.000","hPa","37.0","pmil","0","55.500","deg","20.000","°C","100.000","%a.s.","22.500","deg","20.000","°C","1013.000","hPa","0.861","-0.02056","0.00035","-0.00011","0","14.7","Humid","26.25","0","52.00","349123.33","SABD0000000001","AAV1.0.0.11","2.0.0.28","PSt7-10","000000-000","10/20/2017 9:36:39 AM","0000-00","0","no battery","V"
"10/20/2017","11:18:48","5","default","957498349","OXY5","9.168","min","158.591","μmol/L","Humid","21.012","deg","96114","µV","35.757","°C","1018.000","hPa","37.0","pmil","0","55.500","deg","20.000","°C","100.000","%a.s.","22.500","deg","20.000","°C","1013.000","hPa","0.861","-0.02056","0.00035","-0.00011","0","14.7","Humid","26.25","0","52.00","349122.52","SABD0000000001","AAV1.0.0.11","2.0.0.28","PSt7-10","000000-000","10/20/2017 9:36:39 AM","0000-00","0","no battery","V"
"10/20/2017","11:18:49","5","default","957498349","OXY5","9.185","min","158.537","μmol/L","Humid","21.015","deg","96116","µV","35.759","°C","1018.000","hPa","37.0","pmil","0","55.500","deg","20.000","°C","100.000","%a.s.","22.500","deg","20.000","°C","1013.000","hPa","0.861","-0.02056","0.00035","-0.00011","0","14.7","Humid","26.25","0","52.00","349110.47","SABD0000000001","AAV1.0.0.11","2.0.0.28","PSt7-10","000000-000","10/20/2017 9:36:39 AM","0000-00","0","no battery","V"
"10/20/2017","11:18:50","5","default","957498349","OXY5","9.201","min","158.557","μmol/L","Humid","21.018","deg","96116","µV","35.748","°C","1018.000","hPa","37.0","pmil","0","55.500","deg","20.000","°C","100.000","%a.s.","22.500","deg","20.000","°C","1013.000","hPa","0.861","-0.02056","0.00035","-0.00011","0","14.7","Humid","26.25","0","52.00","349105.12","SABD0000000001","AAV1.0.0.11","2.0.0.28","PSt7-10","000000-000","10/20/2017 9:36:39 AM","0000-00","0","no battery","V"
"10/20/2017","11:18:51","5","default","957498349","OXY5","9.218","min","158.571","μmol/L","Humid","21.012","deg","96133","µV","35.760","°C","1018.000","hPa","37.0","pmil","0","55.500","deg","20.000","°C","100.000","%a.s.","22.500","deg","20.000","°C","1013.000","hPa","0.861","-0.02056","0.00035","-0.00011","0","14.7","Humid","26.25","0","52.00","349107.52","SABD0000000001","AAV1.0.0.11","2.0.0.28","PSt7-10","000000-000","10/20/2017 9:36:39 AM","0000-00","0","no battery","V"
"10/20/2017","11:18:52","5","default","957498349","OXY5","9.235","min","158.545","μmol/L","Humid","21.013","deg","96112","µV","35.762","°C","1018.000","hPa","37.0","pmil","0","55.500","deg","20.000","°C","100.000","%a.s.","22.500","deg","20.000","°C","1013.000","hPa","0.861","-0.02056","0.00035","-0.00011","0","14.7","Humid","26.25","0","52.00","349088.27","SABD0000000001","AAV1.0.0.11","2.0.0.28","PSt7-10","000000-000","10/20/2017 9:36:39 AM","0000-00","0","no battery","V"
"10/20/2017","11:18:53","5","default","957498349","OXY5","9.251","min","158.438","μmol/L","Humid","21.019","deg","96119","µV","35.766","°C","1018.000","hPa","37.0","pmil","0","55.500","deg","20.000","°C","100.000","%a.s.","22.500","deg","20.000","°C","1013.000","hPa","0.861","-0.02056","0.00035","-0.00011","0","14.7","Humid","26.25","0","52.00","349111.27","SABD0000000001","AAV1.0.0.11","2.0.0.28","PSt7-10","000000-000","10/20/2017 9:36:39 AM","0000-00","0","no battery","V"
"10/20/2017","11:18:54","5","default","957498349","OXY5","9.268","min","158.546","μmol/L","Humid","21.017","deg","96115","µV","35.752","°C","1018.000","hPa","37.0","pmil","0","55.500","deg","20.000","°C","100.000","%a.s.","22.500","deg","20.000","°C","1013.000","hPa","0.861","-0.02056","0.00035","-0.00011","0","14.7","Humid","26.25","0","52.00","349102.44","SABD0000000001","AAV1.0.0.11","2.0.0.28","PSt7-10","000000-000","10/20/2017 9:36:39 AM","0000-00","0","no battery","V"
"10/20/2017","11:18:55","5","default","957498349","OXY5","9.285","min","158.515","μmol/L","Humid","21.015","deg","96118","µV","35.762","°C","1018.000","hPa","37.0","pmil","0","55.500","deg","20.000","°C","100.000","%a.s.","22.500","deg","20.000","°C","1013.000","hPa","0.861","-0.02056","0.00035","-0.00011","0","14.7","Humid","26.25","0","52.00","349116.53","SABD0000000001","AAV1.0.0.11","2.0.0.28","PSt7-10","000000-000","10/20/2017 9:36:39 AM","0000-00","0","no battery","V"
"10/20/2017","11:18:56","5","default","957498349","OXY5","9.301","min","158.539","μmol/L","Humid","21.015","deg","96116","µV","35.758","°C","1018.000","hPa","37.0","pmil","0","55.500","deg","20.000","°C","100.000","%a.s.","22.500","deg","20.000","°C","1013.000","hPa","0.861","-0.02056","0.00035","-0.00011","0","14.7","Humid","26.25","0","52.00","349100.35","SABD0000000001","AAV1.0.0.11","2.0.0.28","PSt7-10","000000-000","10/20/2017 9:36:39 AM","0000-00","0","no battery","V"
"10/20/2017","11:18:57","5","default","957498349","OXY5","9.318","min","158.634","μmol/L","Humid","21.014","deg","96114","µV","35.745","°C","1018.000","hPa","37.0","pmil","0","55.500","deg","20.000","°C","100.000","%a.s.","22.500","deg","20.000","°C","1013.000","hPa","0.861","-0.02056","0.00035","-0.00011","0","14.7","Humid","26.25","0","52.00","349106.40","SABD0000000001","AAV1.0.0.11","2.0.0.28","PSt7-10","000000-000","10/20/2017 9:36:39 AM","0000-00","0","no battery","V"
"10/20/2017","11:18:58","5","default","957498349","OXY5","9.335","min","158.706","μmol/L","Humid","21.013","deg","96112","µV","35.735","°C","1018.000","hPa","37.0","pmil","0","55.500","deg","20.000","°C","100.000","%a.s.","22.500","deg","20.000","°C","1013.000","hPa","0.861","-0.02056","0.00035","-0.00011","0","14.7","Humid","26.25","0","52.00","349093.97","SABD0000000001","AAV1.0.0.11","2.0.0.28","PSt7-10","000000-000","10/20/2017 9:36:39 AM","0000-00","0","no battery","V"
"10/20/2017","11:18:59","5","default","957498349","OXY5","9.351","min","158.679","μmol/L","Humid","21.011","deg","96107","µV","35.744","°C","1018.000","hPa","37.0","pmil","0","55.500","deg","20.000","°C","100.000","%a.s.","22.500","deg","20.000","°C","1013.000","hPa","0.861","-0.02056","0.00035","-0.00011","0","14.7","Humid","26.25","0","52.00","349092.79","SABD0000000001","AAV1.0.0.11","2.0.0.28","PSt7-10","000000-000","10/20/2017 9:36:39 AM","0000-00","0","no battery","V"
"10/20/2017","11:19:00","5","default","957498349","OXY5","9.368","min","158.587","μmol/L","Humid","21.014","deg","96106","µV","35.753","°C","1018.000","hPa","37.0","pmil","0","55.500","deg","20.000","°C","100.000","%a.s.","22.500","deg","20.000","°C","1013.000","hPa","0.861","-0.02056","0.00035","-0.00011","0","14.7","Humid","26.25","0","52.00","349079.66","SABD0000000001","AAV1.0.0.11","2.0.0.28","PSt7-10","000000-000","10/20/2017 9:36:39 AM","0000-00","0","no battery","V"
"10/20/2017","11:19:01","5","default","957498349","OXY5","9.385","min","158.459","μmol/L","Humid","21.016","deg","96105","µV","35.769","°C","1018.000","hPa","37.0","pmil","0","55.500","deg","20.000","°C","100.000","%a.s.","22.500","deg","20.000","°C","1013.000","hPa","0.861","-0.02056","0.00035","-0.00011","0","14.7","Humid","26.25","0","52.00","349076.89","SABD0000000001","AAV1.0.0.11","2.0.0.28","PSt7-10","000000-000","10/20/2017 9:36:39 AM","0000-00","0","no battery","V"
"10/20/2017","11:19:02","5","default","957498349","OXY5","9.401","min","158.534","μmol/L","Humid","21.012","deg","96108","µV","35.766","°C","1018.000","hPa","37.0","pmil","0","55.500","deg","20.000","°C","100.000","%a.s.","22.500","deg","20.000","°C","1013.000","hPa","0.861","-0.02056","0.00035","-0.00011","0","14.7","Humid","26.25","0","52.00","349087.33","SABD0000000001","AAV1.0.0.11","2.0.0.28","PSt7-10","000000-000","10/20/2017 9:36:39 AM","0000-00","0","no battery","V"
"10/20/2017","11:19:03","5","default","957498349","OXY5","9.418","min","158.498","μmol/L","Humid","21.015","deg","96093","µV","35.765","°C","1018.000","hPa","37.0","pmil","0","55.500","deg","20.000","°C","100.000","%a.s.","22.500","deg","20.000","°C","1013.000","hPa","0.861","-0.02056","0.00035","-0.00011","0","14.7","Humid","26.25","0","52.00","349089.71","SABD0000000001","AAV1.0.0.11","2.0.0.28","PSt7-10","000000-000","10/20/2017 9:36:39 AM","0000-00","0","no battery","V"
"10/20/2017","11:19:04","5","default","957498349","OXY5","9.435","min","158.501","μmol/L","Humid","21.017","deg","96095","µV","35.760","°C","1018.000","hPa","37.0","pmil","0","55.500","deg","20.000","°C","100.000","%a.s.","22.500","deg","20.000","°C","1013.000","hPa","0.861","-0.02056","0.00035","-0.00011","0","14.7","Humid","26.25","0","52.00","349084.56","SABD0000000001","AAV1.0.0.11","2.0.0.28","PSt7-10","000000-000","10/20/2017 9:36:39 AM","0000-00","0","no battery","V"
"10/20/2017","11:19:05","5","default","957498349","OXY5","9.451","min","158.428","μmol/L","Humid","21.012","deg","96092","µV","35.784","°C","1018.000","hPa","37.0","pmil","0","55.500","deg","20.000","°C","100.000","%a.s.","22.500","deg","20.000","°C","1013.000","hPa","0.861","-0.02056","0.00035","-0.00011","0","14.7","Humid","26.25","0","52.00","349077.27","SABD0000000001","AAV1.0.0.11","2.0.0.28","PSt7-10","000000-000","10/20/2017 9:36:39 AM","0000-00","0","no battery","V"
"10/20/2017","11:19:06","5","default","957498349","OXY5","9.468","min","158.597","μmol/L","Humid","21.014","deg","96087","µV","35.751","°C","1018.000","hPa","37.0","pmil","0","55.500","deg","20.000","°C","100.000","%a.s.","22.500","deg","20.000","°C","1013.000","hPa","0.861","-0.02056","0.00035","-0.00011","0","14.7","Humid","26.25","0","52.00","349081.46","SABD0000000001","AAV1.0.0.11","2.0.0.28","PSt7-10","000000-000","10/20/2017 9:36:39 AM","0000-00","0","no battery","V"
"10/20/2017","11:19:07","5","default","957498349","OXY5","9.485","min","158.542","μmol/L","Humid","21.012","deg","96078","µV","35.765","°C","1018.000","hPa","37.0","pmil","0","55.500","deg","20.000","°C","100.000","%a.s.","22.500","deg","20.000","°C","1013.000","hPa","0.861","-0.02056","0.00035","-0.00011","0","14.7","Humid","26.25","0","52.00","349076.00","SABD0000000001","AAV1.0.0.11","2.0.0.28","PSt7-10","000000-000","10/20/2017 9:36:39 AM","0000-00","0","no battery","V"
"10/20/2017","11:19:08","5","default","957498349","OXY5","9.501","min","158.560","μmol/L","Humid","21.012","deg","96081","µV","35.762","°C","1018.000","hPa","37.0","pmil","0","55.500","deg","20.000","°C","100.000","%a.s.","22.500","deg","20.000","°C","1013.000","hPa","0.861","-0.02056","0.00035","-0.00011","0","14.7","Humid","26.25","0","52.00","349072.13","SABD0000000001","AAV1.0.0.11","2.0.0.28","PSt7-10","000000-000","10/20/2017 9:36:39 AM","0000-00","0","no battery","V"
"10/20/2017","11:19:09","5","default","957498349","OXY5","9.518","min","158.529","μmol/L","Humid","21.011","deg","96078","µV","35.769","°C","1018.000","hPa","37.0","pmil","0","55.500","deg","20.000","°C","100.000","%a.s.","22.500","deg","20.000","°C","1013.000","hPa","0.861","-0.02056","0.00035","-0.00011","0","14.7","Humid","26.25","0","52.00","349079.31","SABD0000000001","AAV1.0.0.11","2.0.0.28","PSt7-10","000000-000","10/20/2017 9:36:39 AM","0000-00","0","no battery","V"
"10/20/2017","11:19:10","5","default","957498349","OXY5","9.535","min","158.530","μmol/L","Humid","21.011","deg","96076","µV","35.769","°C","1018.000","hPa","37.0","pmil","0","55.500","deg","20.000","°C","100.000","%a.s.","22.500","deg","20.000","°C","1013.000","hPa","0.861","-0.02056","0.00035","-0.00011","0","14.7","Humid","26.25","0","52.00","349077.88","SABD0000000001","AAV1.0.0.11","2.0.0.28","PSt7-10","000000-000","10/20/2017 9:36:39 AM","0000-00","0","no battery","V"
"10/20/2017","11:19:11","5","default","957498349","OXY5","9.551","min","158.558","μmol/L","Humid","21.011","deg","96072","µV","35.765","°C","1018.000","hPa","37.0","pmil","0","55.500","deg","20.000","°C","100.000","%a.s.","22.500","deg","20.000","°C","1013.000","hPa","0.861","-0.02056","0.00035","-0.00011","0","14.7","Humid","26.25","0","52.00","349066.77","SABD0000000001","AAV1.0.0.11","2.0.0.28","PSt7-10","000000-000","10/20/2017 9:36:39 AM","0000-00","0","no battery","V"
"10/20/2017","11:19:12","5","default","957498349","OXY5","9.568","min","158.623","μmol/L","Humid","21.010","deg","96070","µV","35.756","°C","1018.000","hPa","37.0","pmil","0","55.500","deg","20.000","°C","100.000","%a.s.","22.500","deg","20.000","°C","1013.000","hPa","0.861","-0.02056","0.00035","-0.00011","0","14.7","Humid","26.25","0","52.00","349073.84","SABD0000000001","AAV1.0.0.11","2.0.0.28","PSt7-10","000000-000","10/20/2017 9:36:39 AM","0000-00","0","no battery","V"
"10/20/2017","11:19:13","5","default","957498349","OXY5","9.586","min","158.556","μmol/L","Humid","21.014","deg","96074","µV","35.758","°C","1018.000","hPa","37.0","pmil","0","55.500","deg","20.000","°C","100.000","%a.s.","22.500","deg","20.000","°C","1013.000","hPa","0.861","-0.02056","0.00035","-0.00011","0","14.7","Humid","26.25","0","52.00","349072.68","SABD0000000001","AAV1.0.0.11","2.0.0.28","PSt7-10","000000-000","10/20/2017 9:36:39 AM","0000-00","0","no battery","V"
"10/20/2017","11:19:14","5","default","957498349","OXY5","9.601","min","158.441","μmol/L","Humid","21.015","deg","96064","µV","35.775","°C","1018.000","hPa","37.0","pmil","0","55.500","deg","20.000","°C","100.000","%a.s.","22.500","deg","20.000","°C","1013.000","hPa","0.861","-0.02056","0.00035","-0.00011","0","14.7","Humid","26.25","0","52.00","349062.45","SABD0000000001","AAV1.0.0.11","2.0.0.28","PSt7-10","000000-000","10/20/2017 9:36:39 AM","0000-00","0","no battery","V"
"10/20/2017","11:19:15","5","default","957498349","OXY5","9.618","min","158.550","μmol/L","Humid","21.013","deg","96060","µV","35.761","°C","1018.000","hPa","37.0","pmil","0","55.500","deg","20.000","°C","100.000","%a.s.","22.500","deg","20.000","°C","1013.000","hPa","0.861","-0.02056","0.00035","-0.00011","0","14.7","Humid","26.25","0","52.00","349062.73","SABD0000000001","AAV1.0.0.11","2.0.0.28","PSt7-10","000000-000","10/20/2017 9:36:39 AM","0000-00","0","no battery","V"
"10/20/2017","11:19:16","5","default","957498349","OXY5","9.635","min","158.564","μmol/L","Humid","21.010","deg","96056","µV","35.766","°C","1018.000","hPa","37.0","pmil","0","55.500","deg","20.000","°C","100.000","%a.s.","22.500","deg","20.000","°C","1013.000","hPa","0.861","-0.02056","0.00035","-0.00011","0","14.7","Humid","26.25","0","52.00","349064.74","SABD0000000001","AAV1.0.0.11","2.0.0.28","PSt7-10","000000-000","10/20/2017 9:36:39 AM","0000-00","0","no battery","V"
"10/20/2017","11:19:17","5","default","957498349","OXY5","9.651","min","158.463","μmol/L","Humid","21.016","deg","96058","µV","35.769","°C","1018.000","hPa","37.0","pmil","0","55.500","deg","20.000","°C","100.000","%a.s.","22.500","deg","20.000","°C","1013.000","hPa","0.861","-0.02056","0.00035","-0.00011","0","14.7","Humid","26.25","0","52.00","349066.34","SABD0000000001","AAV1.0.0.11","2.0.0.28","PSt7-10","000000-000","10/20/2017 9:36:39 AM","0000-00","0","no battery","V"
"10/20/2017","11:19:18","5","default","957498349","OXY5","9.668","min","158.604","μmol/L","Humid","21.010","deg","96047","µV","35.759","°C","1018.000","hPa","37.0","pmil","0","55.500","deg","20.000","°C","100.000","%a.s.","22.500","deg","20.000","°C","1013.000","hPa","0.861","-0.02056","0.00035","-0.00011","0","14.7","Humid","26.25","0","52.00","349066.30","SABD0000000001","AAV1.0.0.11","2.0.0.28","PSt7-10","000000-000","10/20/2017 9:36:39 AM","0000-00","0","no battery","V"
"10/20/2017","11:19:19","5","default","957498349","OXY5","9.685","min","158.560","μmol/L","Humid","21.013","deg","96050","µV","35.759","°C","1018.000","hPa","37.0","pmil","0","55.500","deg","20.000","°C","100.000","%a.s.","22.500","deg","20.000","°C","1013.000","hPa","0.861","-0.02056","0.00035","-0.00011","0","14.7","Humid","26.25","0","52.00","349057.28","SABD0000000001","AAV1.0.0.11","2.0.0.28","PSt7-10","000000-000","10/20/2017 9:36:39 AM","0000-00","0","no battery","V"
"10/20/2017","11:19:20","5","default","957498349","OXY5","9.701","min","158.570","μmol/L","Humid","21.011","deg","96050","µV","35.763","°C","1018.000","hPa","37.0","pmil","0","55.500","deg","20.000","°C","100.000","%a.s.","22.500","deg","20.000","°C","1013.000","hPa","0.861","-0.02056","0.00035","-0.00011","0","14.7","Humid","26.25","0","52.00","349054.25","SABD0000000001","AAV1.0.0.11","2.0.0.28","PSt7-10","000000-000","10/20/2017 9:36:39 AM","0000-00","0","no battery","V"
"10/20/2017","11:19:21","5","default","957498349","OXY5","9.718","min","158.432","μmol/L","Humid","21.012","deg","96045","µV","35.783","°C","1018.000","hPa","37.0","pmil","0","55.500","deg","20.000","°C","100.000","%a.s.","22.500","deg","20.000","°C","1013.000","hPa","0.861","-0.02056","0.00035","-0.00011","0","14.7","Humid","26.25","0","52.00","349061.27","SABD0000000001","AAV1.0.0.11","2.0.0.28","PSt7-10","000000-000","10/20/2017 9:36:39 AM","0000-00","0","no battery","V"
"10/20/2017","11:19:22","5","default","957498349","OXY5","9.735","min","158.484","μmol/L","Humid","21.012","deg","96052","µV","35.775","°C","1018.000","hPa","37.0","pmil","0","55.500","deg","20.000","°C","100.000","%a.s.","22.500","deg","20.000","°C","1013.000","hPa","0.861","-0.02056","0.00035","-0.00011","0","14.7","Humid","26.25","0","52.00","349059.42","SABD0000000001","AAV1.0.0.11","2.0.0.28","PSt7-10","000000-000","10/20/2017 9:36:39 AM","0000-00","0","no battery","V"
"10/20/2017","11:19:23","5","default","957498349","OXY5","9.751","min","158.576","μmol/L","Humid","21.008","deg","96040","µV","35.769","°C","1018.000","hPa","37.0","pmil","0","55.500","deg","20.000","°C","100.000","%a.s.","22.500","deg","20.000","°C","1013.000","hPa","0.861","-0.02056","0.00035","-0.00011","0","14.7","Humid","26.25","0","52.00","349048.75","SABD0000000001","AAV1.0.0.11","2.0.0.28","PSt7-10","000000-000","10/20/2017 9:36:39 AM","0000-00","0","no battery","V"
"10/20/2017","11:19:24","5","default","957498349","OXY5","9.768","min","158.602","μmol/L","Humid","21.009","deg","96044","µV","35.762","°C","1018.000","hPa","37.0","pmil","0","55.500","deg","20.000","°C","100.000","%a.s.","22.500","deg","20.000","°C","1013.000","hPa","0.861","-0.02056","0.00035","-0.00011","0","14.7","Humid","26.25","0","52.00","349055.08","SABD0000000001","AAV1.0.0.11","2.0.0.28","PSt7-10","000000-000","10/20/2017 9:36:39 AM","0000-00","0","no battery","V"
"10/20/2017","11:19:25","5","default","957498349","OXY5","9.785","min","158.548","μmol/L","Humid","21.011","deg","96042","µV","35.766","°C","1018.000","hPa","37.0","pmil","0","55.500","deg","20.000","°C","100.000","%a.s.","22.500","deg","20.000","°C","1013.000","hPa","0.861","-0.02056","0.00035","-0.00011","0","14.7","Humid","26.25","0","52.00","349045.20","SABD0000000001","AAV1.0.0.11","2.0.0.28","PSt7-10","000000-000","10/20/2017 9:36:39 AM","0000-00","0","no battery","V"
"10/20/2017","11:19:26","5","default","957498349","OXY5","9.801","min","158.546","μmol/L","Humid","21.008","deg","96032","µV","35.774","°C","1018.000","hPa","37.0","pmil","0","55.500","deg","20.000","°C","100.000","%a.s.","22.500","deg","20.000","°C","1013.000","hPa","0.861","-0.02056","0.00035","-0.00011","0","14.7","Humid","26.25","0","52.00","349044.92","SABD0000000001","AAV1.0.0.11","2.0.0.28","PSt7-10","000000-000","10/20/2017 9:36:39 AM","0000-00","0","no battery","V"
"10/20/2017","11:19:27","5","default","957498349","OXY5","9.818","min","158.489","μmol/L","Humid","21.013","deg","96027","µV","35.771","°C","1018.000","hPa","37.0","pmil","0","55.500","deg","20.000","°C","100.000","%a.s.","22.500","deg","20.000","°C","1013.000","hPa","0.861","-0.02056","0.00035","-0.00011","0","14.7","Humid","26.25","0","52.00","349041.40","SABD0000000001","AAV1.0.0.11","2.0.0.28","PSt7-10","000000-000","10/20/2017 9:36:39 AM","0000-00","0","no battery","V"
"10/20/2017","11:19:28","5","default","957498349","OXY5","9.835","min","158.532","μmol/L","Humid","21.012","deg","96032","µV","35.766","°C","1018.000","hPa","37.0","pmil","0","55.500","deg","20.000","°C","100.000","%a.s.","22.500","deg","20.000","°C","1013.000","hPa","0.861","-0.02056","0.00035","-0.00011","0","14.7","Humid","26.25","0","52.00","349036.90","SABD0000000001","AAV1.0.0.11","2.0.0.28","PSt7-10","000000-000","10/20/2017 9:36:39 AM","0000-00","0","no battery","V"
"10/20/2017","11:19:29","5","default","957498349","OXY5","9.851","min","158.593","μmol/L","Humid","21.010","deg","96031","µV","35.761","°C","1018.000","hPa","37.0","pmil","0","55.500","deg","20.000","°C","100.000","%a.s.","22.500","deg","20.000","°C","1013.000","hPa","0.861","-0.02056","0.00035","-0.00011","0","14.7","Humid","26.25","0","52.00","349044.73","SABD0000000001","AAV1.0.0.11","2.0.0.28","PSt7-10","000000-000","10/20/2017 9:36:39 AM","0000-00","0","no battery","V"
"10/20/2017","11:19:30","5","default","957498349","OXY5","9.868","min","158.419","μmol/L","Humid","21.016","deg","96029","µV","35.776","°C","1018.000","hPa","37.0","pmil","0","55.500","deg","20.000","°C","100.000","%a.s.","22.500","deg","20.000","°C","1013.000","hPa","0.861","-0.02056","0.00035","-0.00011","0","14.7","Humid","26.25","0","52.00","349032.84","SABD0000000001","AAV1.0.0.11","2.0.0.28","PSt7-10","000000-000","10/20/2017 9:36:39 AM","0000-00","0","no battery","V"
"10/20/2017","11:19:31","5","default","957498349","OXY5","9.885","min","158.573","μmol/L","Humid","21.009","deg","96020","µV","35.767","°C","1018.000","hPa","37.0","pmil","0","55.500","deg","20.000","°C","100.000","%a.s.","22.500","deg","20.000","°C","1013.000","hPa","0.861","-0.02056","0.00035","-0.00011","0","14.7","Humid","26.25","0","52.00","349037.23","SABD0000000001","AAV1.0.0.11","2.0.0.28","PSt7-10","000000-000","10/20/2017 9:36:39 AM","0000-00","0","no battery","V"
"10/20/2017","11:19:32","5","default","957498349","OXY5","9.901","min","158.629","μmol/L","Humid","21.009","deg","96019","µV","35.758","°C","1018.000","hPa","37.0","pmil","0","55.500","deg","20.000","°C","100.000","%a.s.","22.500","deg","20.000","°C","1013.000","hPa","0.861","-0.02056","0.00035","-0.00011","0","14.7","Humid","26.25","0","52.00","349043.34","SABD0000000001","AAV1.0.0.11","2.0.0.28","PSt7-10","000000-000","10/20/2017 9:36:39 AM","0000-00","0","no battery","V"
"10/20/2017","11:19:33","5","default","957498349","OXY5","9.918","min","158.564","μmol/L","Humid","21.009","deg","96013","µV","35.768","°C","1018.000","hPa","37.0","pmil","0","55.500","deg","20.000","°C","100.000","%a.s.","22.500","deg","20.000","°C","1013.000","hPa","0.861","-0.02056","0.00035","-0.00011","0","14.7","Humid","26.25","0","52.00","349025.36","SABD0000000001","AAV1.0.0.11","2.0.0.28","PSt7-10","000000-000","10/20/2017 9:36:39 AM","0000-00","0","no battery","V"
"10/20/2017","11:19:34","5","default","957498349","OXY5","9.935","min","158.650","μmol/L","Humid","21.007","deg","96013","µV","35.759","°C","1018.000","hPa","37.0","pmil","0","55.500","deg","20.000","°C","100.000","%a.s.","22.500","deg","20.000","°C","1013.000","hPa","0.861","-0.02056","0.00035","-0.00011","0","14.7","Humid","26.25","0","52.00","349035.76","SABD0000000001","AAV1.0.0.11","2.0.0.28","PSt7-10","000000-000","10/20/2017 9:36:39 AM","0000-00","0","no battery","V"
"10/20/2017","11:19:35","5","default","957498349","OXY5","9.951","min","158.522","μmol/L","Humid","21.009","deg","96001","µV","35.775","°C","1018.000","hPa","37.0","pmil","0","55.500","deg","20.000","°C","100.000","%a.s.","22.500","deg","20.000","°C","1013.000","hPa","0.861","-0.02056","0.00035","-0.00011","0","14.7","Humid","26.25","0","52.00","349008.35","SABD0000000001","AAV1.0.0.11","2.0.0.28","PSt7-10","000000-000","10/20/2017 9:36:39 AM","0000-00","0","no battery","V"
"10/20/2017","11:19:36","5","default","957498349","OXY5","9.968","min","158.553","μmol/L","Humid","21.006","deg","96003","µV","35.777","°C","1018.000","hPa","37.0","pmil","0","55.500","deg","20.000","°C","100.000","%a.s.","22.500","deg","20.000","°C","1013.000","hPa","0.861","-0.02056","0.00035","-0.00011","0","14.7","Humid","26.25","0","52.00","349022.40","SABD0000000001","AAV1.0.0.11","2.0.0.28","PSt7-10","000000-000","10/20/2017 9:36:39 AM","0000-00","0","no battery","V"
"10/20/2017","11:19:37","5","default","957498349","OXY5","9.985","min","158.653","μmol/L","Humid","21.007","deg","95998","µV","35.758","°C","1018.000","hPa","37.0","pmil","0","55.500","deg","20.000","°C","100.000","%a.s.","22.500","deg","20.000","°C","1013.000","hPa","0.861","-0.02056","0.00035","-0.00011","0","14.7","Humid","26.25","0","52.00","349008.02","SABD0000000001","AAV1.0.0.11","2.0.0.28","PSt7-10","000000-000","10/20/2017 9:36:39 AM","0000-00","0","no battery","V"
"10/20/2017","11:19:38","5","default","957498349","OXY5","10.001","min","158.585","μmol/L","Humid","21.012","deg","95999","µV","35.758","°C","1018.000","hPa","37.0","pmil","0","55.500","deg","20.000","°C","100.000","%a.s.","22.500","deg","20.000","°C","1013.000","hPa","0.861","-0.02056","0.00035","-0.00011","0","14.7","Humid","26.25","0","52.00","349023.33","SABD0000000001","AAV1.0.0.11","2.0.0.28","PSt7-10","000000-000","10/20/2017 9:36:39 AM","0000-00","0","no battery","V"
"10/20/2017","11:19:39","5","default","957498349","OXY5","10.018","min","158.486","μmol/L","Humid","21.013","deg","95994","µV","35.772","°C","1018.000","hPa","37.0","pmil","0","55.500","deg","20.000","°C","100.000","%a.s.","22.500","deg","20.000","°C","1013.000","hPa","0.861","-0.02056","0.00035","-0.00011","0","14.7","Humid","26.25","0","52.00","349016.96","SABD0000000001","AAV1.0.0.11","2.0.0.28","PSt7-10","000000-000","10/20/2017 9:36:39 AM","0000-00","0","no battery","V"
"10/20/2017","11:19:40","5","default","957498349","OXY5","10.035","min","158.489","μmol/L","Humid","21.013","deg","95989","µV","35.771","°C","1018.000","hPa","37.0","pmil","0","55.500","deg","20.000","°C","100.000","%a.s.","22.500","deg","20.000","°C","1013.000","hPa","0.861","-0.02056","0.00035","-0.00011","0","14.7","Humid","26.25","0","52.00","349005.98","SABD0000000001","AAV1.0.0.11","2.0.0.28","PSt7-10","000000-000","10/20/2017 9:36:39 AM","0000-00","0","no battery","V"
"10/20/2017","11:19:41","5","default","957498349","OXY5","10.052","min","158.524","μmol/L","Humid","21.009","deg","95982","µV","35.775","°C","1018.000","hPa","37.0","pmil","0","55.500","deg","20.000","°C","100.000","%a.s.","22.500","deg","20.000","°C","1013.000","hPa","0.861","-0.02056","0.00035","-0.00011","0","14.7","Humid","26.25","0","52.00","349006.97","SABD0000000001","AAV1.0.0.11","2.0.0.28","PSt7-10","000000-000","10/20/2017 9:36:39 AM","0000-00","0","no battery","V"
"10/20/2017","11:19:42","5","default","957498349","OXY5","10.068","min","158.527","μmol/L","Humid","21.008","deg","95979","µV","35.777","°C","1018.000","hPa","37.0","pmil","0","55.500","deg","20.000","°C","100.000","%a.s.","22.500","deg","20.000","°C","1013.000","hPa","0.861","-0.02056","0.00035","-0.00011","0","14.7","Humid","26.25","0","52.00","349007.74","SABD0000000001","AAV1.0.0.11","2.0.0.28","PSt7-10","000000-000","10/20/2017 9:36:39 AM","0000-00","0","no battery","V"
"10/20/2017","11:19:43","5","default","957498349","OXY5","10.085","min","158.561","μmol/L","Humid","21.010","deg","95973","µV","35.767","°C","1018.000","hPa","37.0","pmil","0","55.500","deg","20.000","°C","100.000","%a.s.","22.500","deg","20.000","°C","1013.000","hPa","0.861","-0.02056","0.00035","-0.00011","0","14.7","Humid","26.25","0","52.00","349006.36","SABD0000000001","AAV1.0.0.11","2.0.0.28","PSt7-10","000000-000","10/20/2017 9:36:39 AM","0000-00","0","no battery","V"
"10/20/2017","11:19:44","5","default","957498349","OXY5","10.102","min","158.619","μmol/L","Humid","21.010","deg","95974","µV","35.757","°C","1018.000","hPa","37.0","pmil","0","55.500","deg","20.000","°C","100.000","%a.s.","22.500","deg","20.000","°C","1013.000","hPa","0.861","-0.02056","0.00035","-0.00011","0","14.7","Humid","26.25","0","52.00","349015.02","SABD0000000001","AAV1.0.0.11","2.0.0.28","PSt7-10","000000-000","10/20/2017 9:36:39 AM","0000-00","0","no battery","V"
"10/20/2017","11:19:45","5","default","957498349","OXY5","10.118","min","158.562","μmol/L","Humid","21.006","deg","95970","µV","35.776","°C","1018.000","hPa","37.0","pmil","0","55.500","deg","20.000","°C","100.000","%a.s.","22.500","deg","20.000","°C","1013.000","hPa","0.861","-0.02056","0.00035","-0.00011","0","14.7","Humid","26.25","0","52.00","349007.96","SABD0000000001","AAV1.0.0.11","2.0.0.28","PSt7-10","000000-000","10/20/2017 9:36:39 AM","0000-00","0","no battery","V"
"10/20/2017","11:19:46","5","default","957498349","OXY5","10.135","min","158.534","μmol/L","Humid","21.010","deg","95963","µV","35.771","°C","1018.000","hPa","37.0","pmil","0","55.500","deg","20.000","°C","100.000","%a.s.","22.500","deg","20.000","°C","1013.000","hPa","0.861","-0.02056","0.00035","-0.00011","0","14.7","Humid","26.25","0","52.00","348999.66","SABD0000000001","AAV1.0.0.11","2.0.0.28","PSt7-10","000000-000","10/20/2017 9:36:39 AM","0000-00","0","no battery","V"
"10/20/2017","11:19:47","5","default","957498349","OXY5","10.151","min","158.610","μmol/L","Humid","21.008","deg","95953","µV","35.763","°C","1018.000","hPa","37.0","pmil","0","55.500","deg","20.000","°C","100.000","%a.s.","22.500","deg","20.000","°C","1013.000","hPa","0.861","-0.02056","0.00035","-0.00011","0","14.7","Humid","26.25","0","52.00","349014.14","SABD0000000001","AAV1.0.0.11","2.0.0.28","PSt7-10","000000-000","10/20/2017 9:36:39 AM","0000-00","0","no battery","V"
"10/20/2017","11:19:48","5","default","957498349","OXY5","10.168","min","158.611","μmol/L","Humid","21.007","deg","95948","µV","35.765","°C","1018.000","hPa","37.0","pmil","0","55.500","deg","20.000","°C","100.000","%a.s.","22.500","deg","20.000","°C","1013.000","hPa","0.861","-0.02056","0.00035","-0.00011","0","14.7","Humid","26.25","0","52.00","348991.89","SABD0000000001","AAV1.0.0.11","2.0.0.28","PSt7-10","000000-000","10/20/2017 9:36:39 AM","0000-00","0","no battery","V"
"10/20/2017","11:19:49","5","default","957498349","OXY5","10.185","min","158.629","μmol/L","Humid","21.004","deg","95947","µV","35.769","°C","1018.000","hPa","37.0","pmil","0","55.500","deg","20.000","°C","100.000","%a.s.","22.500","deg","20.000","°C","1013.000","hPa","0.861","-0.02056","0.00035","-0.00011","0","14.7","Humid","26.25","0","52.00","348989.34","SABD0000000001","AAV1.0.0.11","2.0.0.28","PSt7-10","000000-000","10/20/2017 9:36:39 AM","0000-00","0","no battery","V"
"10/20/2017","11:19:50","5","default","957498349","OXY5","10.201","min","158.573","μmol/L","Humid","21.007","deg","95948","µV","35.772","°C","1018.000","hPa","37.0","pmil","0","55.500","deg","20.000","°C","100.000","%a.s.","22.500","deg","20.000","°C","1013.000","hPa","0.861","-0.02056","0.00035","-0.00011","0","14.7","Humid","26.25","0","52.00","349002.36","SABD0000000001","AAV1.0.0.11","2.0.0.28","PSt7-10","000000-000","10/20/2017 9:36:39 AM","0000-00","0","no battery","V"
"10/20/2017","11:19:51","5","default","957498349","OXY5","10.218","min","158.554","μmol/L","Humid","21.009","deg","95947","µV","35.770","°C","1018.000","hPa","37.0","pmil","0","55.500","deg","20.000","°C","100.000","%a.s.","22.500","deg","20.000","°C","1013.000","hPa","0.861","-0.02056","0.00035","-0.00011","0","14.7","Humid","26.25","0","52.00","348996.50","SABD0000000001","AAV1.0.0.11","2.0.0.28","PSt7-10","000000-000","10/20/2017 9:36:39 AM","0000-00","0","no battery","V"
"10/20/2017","11:19:52","5","default","957498349","OXY5","10.235","min","158.531","μmol/L","Humid","21.009","deg","95946","µV","35.774","°C","1018.000","hPa","37.0","pmil","0","55.500","deg","20.000","°C","100.000","%a.s.","22.500","deg","20.000","°C","1013.000","hPa","0.861","-0.02056","0.00035","-0.00011","0","14.7","Humid","26.25","0","52.00","348982.41","SABD0000000001","AAV1.0.0.11","2.0.0.28","PSt7-10","000000-000","10/20/2017 9:36:39 AM","0000-00","0","no battery","V"
"10/20/2017","11:19:53","5","default","957498349","OXY5","10.252","min","158.591","μmol/L","Humid","21.009","deg","95950","µV","35.764","°C","1018.000","hPa","37.0","pmil","0","55.500","deg","20.000","°C","100.000","%a.s.","22.500","deg","20.000","°C","1013.000","hPa","0.861","-0.02056","0.00035","-0.00011","0","14.7","Humid","26.25","0","52.00","348996.47","SABD0000000001","AAV1.0.0.11","2.0.0.28","PSt7-10","000000-000","10/20/2017 9:36:39 AM","0000-00","0","no battery","V"
"10/20/2017","11:19:54","5","default","957498349","OXY5","10.268","min","158.530","μmol/L","Humid","21.009","deg","95947","µV","35.774","°C","1018.000","hPa","37.0","pmil","0","55.500","deg","20.000","°C","100.000","%a.s.","22.500","deg","20.000","°C","1013.000","hPa","0.861","-0.02056","0.00035","-0.00011","0","14.7","Humid","26.25","0","52.00","348980.40","SABD0000000001","AAV1.0.0.11","2.0.0.28","PSt7-10","000000-000","10/20/2017 9:36:39 AM","0000-00","0","no battery","V"
"10/20/2017","11:19:55","5","default","957498349","OXY5","10.285","min","158.604","μmol/L","Humid","21.008","deg","95940","µV","35.764","°C","1018.000","hPa","37.0","pmil","0","55.500","deg","20.000","°C","100.000","%a.s.","22.500","deg","20.000","°C","1013.000","hPa","0.861","-0.02056","0.00035","-0.00011","0","14.7","Humid","26.25","0","52.00","348975.95","SABD0000000001","AAV1.0.0.11","2.0.0.28","PSt7-10","000000-000","10/20/2017 9:36:39 AM","0000-00","0","no battery","V"
"10/20/2017","11:19:56","5","default","957498349","OXY5","10.302","min","158.667","μmol/L","Humid","21.004","deg","95940","µV","35.763","°C","1018.000","hPa","37.0","pmil","0","55.500","deg","20.000","°C","100.000","%a.s.","22.500","deg","20.000","°C","1013.000","hPa","0.861","-0.02056","0.00035","-0.00011","0","14.7","Humid","26.25","0","52.00","348971.58","SABD0000000001","AAV1.0.0.11","2.0.0.28","PSt7-10","000000-000","10/20/2017 9:36:39 AM","0000-00","0","no battery","V"
"10/20/2017","11:19:57","5","default","957498349","OXY5","10.318","min","158.651","μmol/L","Humid","21.007","deg","95938","µV","35.759","°C","1018.000","hPa","37.0","pmil","0","55.500","deg","20.000","°C","100.000","%a.s.","22.500","deg","20.000","°C","1013.000","hPa","0.861","-0.02056","0.00035","-0.00011","0","14.7","Humid","26.25","0","52.00","348966.08","SABD0000000001","AAV1.0.0.11","2.0.0.28","PSt7-10","000000-000","10/20/2017 9:36:39 AM","0000-00","0","no battery","V"
"10/20/2017","11:19:58","5","default","957498349","OXY5","10.335","min","158.611","μmol/L","Humid","21.009","deg","95928","µV","35.761","°C","1018.000","hPa","37.0","pmil","0","55.500","deg","20.000","°C","100.000","%a.s.","22.500","deg","20.000","°C","1013.000","hPa","0.861","-0.02056","0.00035","-0.00011","0","14.7","Humid","26.25","0","52.00","348973.39","SABD0000000001","AAV1.0.0.11","2.0.0.28","PSt7-10","000000-000","10/20/2017 9:36:39 AM","0000-00","0","no battery","V"
"10/20/2017","11:19:59","5","default","957498349","OXY5","10.352","min","158.483","μmol/L","Humid","21.010","deg","95931","µV","35.780","°C","1018.000","hPa","37.0","pmil","0","55.500","deg","20.000","°C","100.000","%a.s.","22.500","deg","20.000","°C","1013.000","hPa","0.861","-0.02056","0.00035","-0.00011","0","14.7","Humid","26.25","0","52.00","348972.77","SABD0000000001","AAV1.0.0.11","2.0.0.28","PSt7-10","000000-000","10/20/2017 9:36:39 AM","0000-00","0","no battery","V"
"10/20/2017","11:20:00","5","default","957498349","OXY5","10.368","min","158.386","μmol/L","Humid","21.010","deg","95926","µV","35.796","°C","1018.000","hPa","37.0","pmil","0","55.500","deg","20.000","°C","100.000","%a.s.","22.500","deg","20.000","°C","1013.000","hPa","0.861","-0.02056","0.00035","-0.00011","0","14.7","Humid","26.25","0","52.00","348963.99","SABD0000000001","AAV1.0.0.11","2.0.0.28","PSt7-10","000000-000","10/20/2017 9:36:39 AM","0000-00","0","no battery","V"
"10/20/2017","11:20:01","5","default","957498349","OXY5","10.385","min","158.572","μmol/L","Humid","21.008","deg","95934","µV","35.769","°C","1018.000","hPa","37.0","pmil","0","55.500","deg","20.000","°C","100.000","%a.s.","22.500","deg","20.000","°C","1013.000","hPa","0.861","-0.02056","0.00035","-0.00011","0","14.7","Humid","26.25","0","52.00","348970.76","SABD0000000001","AAV1.0.0.11","2.0.0.28","PSt7-10","000000-000","10/20/2017 9:36:39 AM","0000-00","0","no battery","V"
"10/20/2017","11:20:02","5","default","957498349","OXY5","10.402","min","158.554","μmol/L","Humid","21.007","deg","95930","µV","35.775","°C","1018.000","hPa","37.0","pmil","0","55.500","deg","20.000","°C","100.000","%a.s.","22.500","deg","20.000","°C","1013.000","hPa","0.861","-0.02056","0.00035","-0.00011","0","14.7","Humid","26.25","0","52.00","348954.91","SABD0000000001","AAV1.0.0.11","2.0.0.28","PSt7-10","000000-000","10/20/2017 9:36:39 AM","0000-00","0","no battery","V"
"10/20/2017","11:20:03","5","default","957498349","OXY5","10.418","min","158.614","μmol/L","Humid","21.004","deg","95927","µV","35.772","°C","1018.000","hPa","37.0","pmil","0","55.500","deg","20.000","°C","100.000","%a.s.","22.500","deg","20.000","°C","1013.000","hPa","0.861","-0.02056","0.00035","-0.00011","0","14.7","Humid","26.25","0","52.00","348974.46","SABD0000000001","AAV1.0.0.11","2.0.0.28","PSt7-10","000000-000","10/20/2017 9:36:39 AM","0000-00","0","no battery","V"
"10/20/2017","11:20:04","5","default","957498349","OXY5","10.435","min","158.591","μmol/L","Humid","21.005","deg","95925","µV","35.773","°C","1018.000","hPa","37.0","pmil","0","55.500","deg","20.000","°C","100.000","%a.s.","22.500","deg","20.000","°C","1013.000","hPa","0.861","-0.02056","0.00035","-0.00011","0","14.7","Humid","26.25","0","52.00","348959.68","SABD0000000001","AAV1.0.0.11","2.0.0.28","PSt7-10","000000-000","10/20/2017 9:36:39 AM","0000-00","0","no battery","V"
"10/20/2017","11:20:05","5","default","957498349","OXY5","10.452","min","158.583","μmol/L","Humid","21.007","deg","95920","µV","35.770","°C","1018.000","hPa","37.0","pmil","0","55.500","deg","20.000","°C","100.000","%a.s.","22.500","deg","20.000","°C","1013.000","hPa","0.861","-0.02056","0.00035","-0.00011","0","14.7","Humid","26.25","0","52.00","348938.06","SABD0000000001","AAV1.0.0.11","2.0.0.28","PSt7-10","000000-000","10/20/2017 9:36:39 AM","0000-00","0","no battery","V"
"10/20/2017","11:20:06","5","default","957498349","OXY5","10.468","min","158.615","μmol/L","Humid","21.008","deg","95920","µV","35.762","°C","1018.000","hPa","37.0","pmil","0","55.500","deg","20.000","°C","100.000","%a.s.","22.500","deg","20.000","°C","1013.000","hPa","0.861","-0.02056","0.00035","-0.00011","0","14.7","Humid","26.25","0","52.00","348960.05","SABD0000000001","AAV1.0.0.11","2.0.0.28","PSt7-10","000000-000","10/20/2017 9:36:39 AM","0000-00","0","no battery","V"
"10/20/2017","11:20:07","5","default","957498349","OXY5","10.485","min","158.521","μmol/L","Humid","21.006","deg","95916","µV","35.783","°C","1018.000","hPa","37.0","pmil","0","55.500","deg","20.000","°C","100.000","%a.s.","22.500","deg","20.000","°C","1013.000","hPa","0.861","-0.02056","0.00035","-0.00011","0","14.7","Humid","26.25","0","52.00","348963.17","SABD0000000001","AAV1.0.0.11","2.0.0.28","PSt7-10","000000-000","10/20/2017 9:36:39 AM","0000-00","0","no battery","V"
"10/20/2017","11:20:08","5","default","957498349","OXY5","10.502","min","158.589","μmol/L","Humid","21.005","deg","95917","µV","35.774","°C","1018.000","hPa","37.0","pmil","0","55.500","deg","20.000","°C","100.000","%a.s.","22.500","deg","20.000","°C","1013.000","hPa","0.861","-0.02056","0.00035","-0.00011","0","14.7","Humid","26.25","0","52.00","348959.18","SABD0000000001","AAV1.0.0.11","2.0.0.28","PSt7-10","000000-000","10/20/2017 9:36:39 AM","0000-00","0","no battery","V"
"10/20/2017","11:20:09","5","default","957498349","OXY5","10.518","min","158.555","μmol/L","Humid","21.008","deg","95917","µV","35.772","°C","1018.000","hPa","37.0","pmil","0","55.500","deg","20.000","°C","100.000","%a.s.","22.500","deg","20.000","°C","1013.000","hPa","0.861","-0.02056","0.00035","-0.00011","0","14.7","Humid","26.25","0","52.00","348961.75","SABD0000000001","AAV1.0.0.11","2.0.0.28","PSt7-10","000000-000","10/20/2017 9:36:39 AM","0000-00","0","no battery","V"
"10/20/2017","11:20:10","5","default","957498349","OXY5","10.535","min","158.602","μmol/L","Humid","21.002","deg","95913","µV","35.779","°C","1018.000","hPa","37.0","pmil","0","55.500","deg","20.000","°C","100.000","%a.s.","22.500","deg","20.000","°C","1013.000","hPa","0.861","-0.02056","0.00035","-0.00011","0","14.7","Humid","26.25","0","52.00","348951.81","SABD0000000001","AAV1.0.0.11","2.0.0.28","PSt7-10","000000-000","10/20/2017 9:36:39 AM","0000-00","0","no battery","V"
"10/20/2017","11:20:11","5","default","957498349","OXY5","10.552","min","158.582","μmol/L","Humid","21.004","deg","95911","µV","35.777","°C","1018.000","hPa","37.0","pmil","0","55.500","deg","20.000","°C","100.000","%a.s.","22.500","deg","20.000","°C","1013.000","hPa","0.861","-0.02056","0.00035","-0.00011","0","14.7","Humid","26.25","0","52.00","348945.70","SABD0000000001","AAV1.0.0.11","2.0.0.28","PSt7-10","000000-000","10/20/2017 9:36:39 AM","0000-00","0","no battery","V"
"10/20/2017","11:20:12","5","default","957498349","OXY5","10.568","min","158.695","μmol/L","Humid","21.004","deg","95891","µV","35.758","°C","1018.000","hPa","37.0","pmil","0","55.500","deg","20.000","°C","100.000","%a.s.","22.500","deg","20.000","°C","1013.000","hPa","0.861","-0.02056","0.00035","-0.00011","0","14.7","Humid","26.25","0","52.00","348956.15","SABD0000000001","AAV1.0.0.11","2.0.0.28","PSt7-10","000000-000","10/20/2017 9:36:39 AM","0000-00","0","no battery","V"
"10/20/2017","11:20:13","5","default","957498349","OXY5","10.585","min","158.599","μmol/L","Humid","21.005","deg","95895","µV","35.772","°C","1018.000","hPa","37.0","pmil","0","55.500","deg","20.000","°C","100.000","%a.s.","22.500","deg","20.000","°C","1013.000","hPa","0.861","-0.02056","0.00035","-0.00011","0","14.7","Humid","26.25","0","52.00","348953.04","SABD0000000001","AAV1.0.0.11","2.0.0.28","PSt7-10","000000-000","10/20/2017 9:36:39 AM","0000-00","0","no battery","V"
"10/20/2017","11:20:14","5","default","957498349","OXY5","10.602","min","158.614","μmol/L","Humid","21.006","deg","95892","µV","35.767","°C","1018.000","hPa","37.0","pmil","0","55.500","deg","20.000","°C","100.000","%a.s.","22.500","deg","20.000","°C","1013.000","hPa","0.861","-0.02056","0.00035","-0.00011","0","14.7","Humid","26.25","0","52.00","348937.99","SABD0000000001","AAV1.0.0.11","2.0.0.28","PSt7-10","000000-000","10/20/2017 9:36:39 AM","0000-00","0","no battery","V"
"10/20/2017","11:20:15","5","default","957498349","OXY5","10.618","min","158.618","μmol/L","Humid","21.004","deg","95887","µV","35.771","°C","1018.000","hPa","37.0","pmil","0","55.500","deg","20.000","°C","100.000","%a.s.","22.500","deg","20.000","°C","1013.000","hPa","0.861","-0.02056","0.00035","-0.00011","0","14.7","Humid","26.25","0","52.00","348941.65","SABD0000000001","AAV1.0.0.11","2.0.0.28","PSt7-10","000000-000","10/20/2017 9:36:39 AM","0000-00","0","no battery","V"
"10/20/2017","11:20:16","5","default","957498349","OXY5","10.635","min","158.643","μmol/L","Humid","21.007","deg","95887","µV","35.760","°C","1018.000","hPa","37.0","pmil","0","55.500","deg","20.000","°C","100.000","%a.s.","22.500","deg","20.000","°C","1013.000","hPa","0.861","-0.02056","0.00035","-0.00011","0","14.7","Humid","26.25","0","52.00","348940.98","SABD0000000001","AAV1.0.0.11","2.0.0.28","PSt7-10","000000-000","10/20/2017 9:36:39 AM","0000-00","0","no battery","V"
"10/20/2017","11:20:17","5","default","957498349","OXY5","10.652","min","158.462","μmol/L","Humid","21.003","deg","95884","µV","35.800","°C","1018.000","hPa","37.0","pmil","0","55.500","deg","20.000","°C","100.000","%a.s.","22.500","deg","20.000","°C","1013.000","hPa","0.861","-0.02056","0.00035","-0.00011","0","14.7","Humid","26.25","0","52.00","348943.12","SABD0000000001","AAV1.0.0.11","2.0.0.28","PSt7-10","000000-000","10/20/2017 9:36:39 AM","0000-00","0","no battery","V"
"10/20/2017","11:20:18","5","default","957498349","OXY5","10.668","min","158.448","μmol/L","Humid","21.006","deg","95877","µV","35.795","°C","1018.000","hPa","37.0","pmil","0","55.500","deg","20.000","°C","100.000","%a.s.","22.500","deg","20.000","°C","1013.000","hPa","0.861","-0.02056","0.00035","-0.00011","0","14.7","Humid","26.25","0","52.00","348935.15","SABD0000000001","AAV1.0.0.11","2.0.0.28","PSt7-10","000000-000","10/20/2017 9:36:39 AM","0000-00","0","no battery","V"
"10/20/2017","11:20:19","5","default","957498349","OXY5","10.685","min","158.456","μmol/L","Humid","21.006","deg","95877","µV","35.794","°C","1018.000","hPa","37.0","pmil","0","55.500","deg","20.000","°C","100.000","%a.s.","22.500","deg","20.000","°C","1013.000","hPa","0.861","-0.02056","0.00035","-0.00011","0","14.7","Humid","26.25","0","52.00","348926.33","SABD0000000001","AAV1.0.0.11","2.0.0.28","PSt7-10","000000-000","10/20/2017 9:36:39 AM","0000-00","0","no battery","V"
"10/20/2017","11:20:20","5","default","957498349","OXY5","10.702","min","158.501","μmol/L","Humid","21.006","deg","95872","µV","35.786","°C","1018.000","hPa","37.0","pmil","0","55.500","deg","20.000","°C","100.000","%a.s.","22.500","deg","20.000","°C","1013.000","hPa","0.861","-0.02056","0.00035","-0.00011","0","14.7","Humid","26.25","0","52.00","348931.42","SABD0000000001","AAV1.0.0.11","2.0.0.28","PSt7-10","000000-000","10/20/2017 9:36:39 AM","0000-00","0","no battery","V"
"10/20/2017","11:20:21","5","default","957498349","OXY5","10.718","min","158.517","μmol/L","Humid","21.005","deg","95876","µV","35.786","°C","1018.000","hPa","37.0","pmil","0","55.500","deg","20.000","°C","100.000","%a.s.","22.500","deg","20.000","°C","1013.000","hPa","0.861","-0.02056","0.00035","-0.00011","0","14.7","Humid","26.25","0","52.00","348937.10","SABD0000000001","AAV1.0.0.11","2.0.0.28","PSt7-10","000000-000","10/20/2017 9:36:39 AM","0000-00","0","no battery","V"
"10/20/2017","11:20:22","5","default","957498349","OXY5","10.735","min","158.559","μmol/L","Humid","21.003","deg","95869","µV","35.783","°C","1018.000","hPa","37.0","pmil","0","55.500","deg","20.000","°C","100.000","%a.s.","22.500","deg","20.000","°C","1013.000","hPa","0.861","-0.02056","0.00035","-0.00011","0","14.7","Humid","26.25","0","52.00","348933.79","SABD0000000001","AAV1.0.0.11","2.0.0.28","PSt7-10","000000-000","10/20/2017 9:36:39 AM","0000-00","0","no battery","V"
"10/20/2017","11:20:23","5","default","957498349","OXY5","10.752","min","158.604","μmol/L","Humid","21.005","deg","95866","µV","35.771","°C","1018.000","hPa","37.0","pmil","0","55.500","deg","20.000","°C","100.000","%a.s.","22.500","deg","20.000","°C","1013.000","hPa","0.861","-0.02056","0.00035","-0.00011","0","14.7","Humid","26.25","0","52.00","348923.69","SABD0000000001","AAV1.0.0.11","2.0.0.28","PSt7-10","000000-000","10/20/2017 9:36:39 AM","0000-00","0","no battery","V"
"10/20/2017","11:20:24","5","default","957498349","OXY5","10.768","min","158.391","μmol/L","Humid","21.011","deg","95863","µV","35.792","°C","1018.000","hPa","37.0","pmil","0","55.500","deg","20.000","°C","100.000","%a.s.","22.500","deg","20.000","°C","1013.000","hPa","0.861","-0.02056","0.00035","-0.00011","0","14.7","Humid","26.25","0","52.00","348915.58","SABD0000000001","AAV1.0.0.11","2.0.0.28","PSt7-10","000000-000","10/20/2017 9:36:39 AM","0000-00","0","no battery","V"
"10/20/2017","11:20:25","5","default","957498349","OXY5","10.785","min","158.545","μmol/L","Humid","21.002","deg","95853","µV","35.788","°C","1018.000","hPa","37.0","pmil","0","55.500","deg","20.000","°C","100.000","%a.s.","22.500","deg","20.000","°C","1013.000","hPa","0.861","-0.02056","0.00035","-0.00011","0","14.7","Humid","26.25","0","52.00","348920.33","SABD0000000001","AAV1.0.0.11","2.0.0.28","PSt7-10","000000-000","10/20/2017 9:36:39 AM","0000-00","0","no battery","V"
"10/20/2017","11:20:26","5","default","957498349","OXY5","10.802","min","158.675","μmol/L","Humid","21.001","deg","95859","µV","35.769","°C","1018.000","hPa","37.0","pmil","0","55.500","deg","20.000","°C","100.000","%a.s.","22.500","deg","20.000","°C","1013.000","hPa","0.861","-0.02056","0.00035","-0.00011","0","14.7","Humid","26.25","0","52.00","348934.87","SABD0000000001","AAV1.0.0.11","2.0.0.28","PSt7-10","000000-000","10/20/2017 9:36:39 AM","0000-00","0","no battery","V"
"10/20/2017","11:20:27","5","default","957498349","OXY5","10.818","min","158.472","μmol/L","Humid","21.006","deg","95853","µV","35.791","°C","1018.000","hPa","37.0","pmil","0","55.500","deg","20.000","°C","100.000","%a.s.","22.500","deg","20.000","°C","1013.000","hPa","0.861","-0.02056","0.00035","-0.00011","0","14.7","Humid","26.25","0","52.00","348938.92","SABD0000000001","AAV1.0.0.11","2.0.0.28","PSt7-10","000000-000","10/20/2017 9:36:39 AM","0000-00","0","no battery","V"
"10/20/2017","11:20:28","5","default","957498349","OXY5","10.835","min","158.569","μmol/L","Humid","21.003","deg","95848","µV","35.782","°C","1018.000","hPa","37.0","pmil","0","55.500","deg","20.000","°C","100.000","%a.s.","22.500","deg","20.000","°C","1013.000","hPa","0.861","-0.02056","0.00035","-0.00011","0","14.7","Humid","26.25","0","52.00","348930.60","SABD0000000001","AAV1.0.0.11","2.0.0.28","PSt7-10","000000-000","10/20/2017 9:36:39 AM","0000-00","0","no battery","V"
"10/20/2017","11:20:29","5","default","957498349","OXY5","10.852","min","158.521","μmol/L","Humid","21.005","deg","95849","µV","35.785","°C","1018.000","hPa","37.0","pmil","0","55.500","deg","20.000","°C","100.000","%a.s.","22.500","deg","20.000","°C","1013.000","hPa","0.861","-0.02056","0.00035","-0.00011","0","14.7","Humid","26.25","0","52.00","348919.71","SABD0000000001","AAV1.0.0.11","2.0.0.28","PSt7-10","000000-000","10/20/2017 9:36:39 AM","0000-00","0","no battery","V"
"10/20/2017","11:20:30","5","default","957498349","OXY5","10.868","min","158.613","μmol/L","Humid","21.004","deg","95840","µV","35.772","°C","1018.000","hPa","37.0","pmil","0","55.500","deg","20.000","°C","100.000","%a.s.","22.500","deg","20.000","°C","1013.000","hPa","0.861","-0.02056","0.00035","-0.00011","0","14.7","Humid","26.25","0","52.00","348907.95","SABD0000000001","AAV1.0.0.11","2.0.0.28","PSt7-10","000000-000","10/20/2017 9:36:39 AM","0000-00","0","no battery","V"
"10/20/2017","11:20:31","5","default","957498349","OXY5","10.885","min","158.552","μmol/L","Humid","21.006","deg","95835","µV","35.778","°C","1018.000","hPa","37.0","pmil","0","55.500","deg","20.000","°C","100.000","%a.s.","22.500","deg","20.000","°C","1013.000","hPa","0.861","-0.02056","0.00035","-0.00011","0","14.7","Humid","26.25","0","52.00","348899.54","SABD0000000001","AAV1.0.0.11","2.0.0.28","PSt7-10","000000-000","10/20/2017 9:36:39 AM","0000-00","0","no battery","V"
"10/20/2017","11:20:32","5","default","957498349","OXY5","10.902","min","158.544","μmol/L","Humid","21.005","deg","95837","µV","35.781","°C","1018.000","hPa","37.0","pmil","0","55.500","deg","20.000","°C","100.000","%a.s.","22.500","deg","20.000","°C","1013.000","hPa","0.861","-0.02056","0.00035","-0.00011","0","14.7","Humid","26.25","0","52.00","348900.05","SABD0000000001","AAV1.0.0.11","2.0.0.28","PSt7-10","000000-000","10/20/2017 9:36:39 AM","0000-00","0","no battery","V"
"10/20/2017","11:20:33","5","default","957498349","OXY5","10.918","min","158.588","μmol/L","Humid","21.004","deg","95827","µV","35.776","°C","1018.000","hPa","37.0","pmil","0","55.500","deg","20.000","°C","100.000","%a.s.","22.500","deg","20.000","°C","1013.000","hPa","0.861","-0.02056","0.00035","-0.00011","0","14.7","Humid","26.25","0","52.00","348908.81","SABD0000000001","AAV1.0.0.11","2.0.0.28","PSt7-10","000000-000","10/20/2017 9:36:39 AM","0000-00","0","no battery","V"
"10/20/2017","11:20:34","5","default","957498349","OXY5","10.935","min","158.507","μmol/L","Humid","21.007","deg","95826","µV","35.783","°C","1018.000","hPa","37.0","pmil","0","55.500","deg","20.000","°C","100.000","%a.s.","22.500","deg","20.000","°C","1013.000","hPa","0.861","-0.02056","0.00035","-0.00011","0","14.7","Humid","26.25","0","52.00","348901.23","SABD0000000001","AAV1.0.0.11","2.0.0.28","PSt7-10","000000-000","10/20/2017 9:36:39 AM","0000-00","0","no battery","V"
"10/20/2017","11:20:35","5","default","957498349","OXY5","10.952","min","158.583","μmol/L","Humid","21.004","deg","95828","µV","35.777","°C","1018.000","hPa","37.0","pmil","0","55.500","deg","20.000","°C","100.000","%a.s.","22.500","deg","20.000","°C","1013.000","hPa","0.861","-0.02056","0.00035","-0.00011","0","14.7","Humid","26.25","0","52.00","348891.31","SABD0000000001","AAV1.0.0.11","2.0.0.28","PSt7-10","000000-000","10/20/2017 9:36:39 AM","0000-00","0","no battery","V"
"10/20/2017","11:20:36","5","default","957498349","OXY5","10.968","min","158.567","μmol/L","Humid","21.004","deg","95825","µV","35.780","°C","1018.000","hPa","37.0","pmil","0","55.500","deg","20.000","°C","100.000","%a.s.","22.500","deg","20.000","°C","1013.000","hPa","0.861","-0.02056","0.00035","-0.00011","0","14.7","Humid","26.25","0","52.00","348895.90","SABD0000000001","AAV1.0.0.11","2.0.0.28","PSt7-10","000000-000","10/20/2017 9:36:39 AM","0000-00","0","no battery","V"
"10/20/2017","11:20:37","5","default","957498349","OXY5","10.985","min","158.561","μmol/L","Humid","21.002","deg","95819","µV","35.786","°C","1018.000","hPa","37.0","pmil","0","55.500","deg","20.000","°C","100.000","%a.s.","22.500","deg","20.000","°C","1013.000","hPa","0.861","-0.02056","0.00035","-0.00011","0","14.7","Humid","26.25","0","52.00","348896.51","SABD0000000001","AAV1.0.0.11","2.0.0.28","PSt7-10","000000-000","10/20/2017 9:36:39 AM","0000-00","0","no battery","V"
"10/20/2017","11:20:38","5","default","957498349","OXY5","11.002","min","158.551","μmol/L","Humid","21.000","deg","95827","µV","35.792","°C","1018.000","hPa","37.0","pmil","0","55.500","deg","20.000","°C","100.000","%a.s.","22.500","deg","20.000","°C","1013.000","hPa","0.861","-0.02056","0.00035","-0.00011","0","14.7","Humid","26.25","0","52.00","348900.76","SABD0000000001","AAV1.0.0.11","2.0.0.28","PSt7-10","000000-000","10/20/2017 9:36:39 AM","0000-00","0","no battery","V"
"10/20/2017","11:20:39","5","default","957498349","OXY5","11.018","min","158.525","μmol/L","Humid","21.004","deg","95829","µV","35.787","°C","1018.000","hPa","37.0","pmil","0","55.500","deg","20.000","°C","100.000","%a.s.","22.500","deg","20.000","°C","1013.000","hPa","0.861","-0.02056","0.00035","-0.00011","0","14.7","Humid","26.25","0","52.00","348904.20","SABD0000000001","AAV1.0.0.11","2.0.0.28","PSt7-10","000000-000","10/20/2017 9:36:39 AM","0000-00","0","no battery","V"
"10/20/2017","11:20:40","5","default","957498349","OXY5","11.035","min","158.488","μmol/L","Humid","21.005","deg","95831","µV","35.791","°C","1018.000","hPa","37.0","pmil","0","55.500","deg","20.000","°C","100.000","%a.s.","22.500","deg","20.000","°C","1013.000","hPa","0.861","-0.02056","0.00035","-0.00011","0","14.7","Humid","26.25","0","52.00","348907.37","SABD0000000001","AAV1.0.0.11","2.0.0.28","PSt7-10","000000-000","10/20/2017 9:36:39 AM","0000-00","0","no battery","V"
"10/20/2017","11:20:41","5","default","957498349","OXY5","11.052","min","158.568","μmol/L","Humid","21.000","deg","95823","µV","35.789","°C","1018.000","hPa","37.0","pmil","0","55.500","deg","20.000","°C","100.000","%a.s.","22.500","deg","20.000","°C","1013.000","hPa","0.861","-0.02056","0.00035","-0.00011","0","14.7","Humid","26.25","0","52.00","348884.21","SABD0000000001","AAV1.0.0.11","2.0.0.28","PSt7-10","000000-000","10/20/2017 9:36:39 AM","0000-00","0","no battery","V"
"10/20/2017","11:20:42","5","default","957498349","OXY5","11.068","min","158.583","μmol/L","Humid","20.999","deg","95830","µV","35.789","°C","1018.000","hPa","37.0","pmil","0","55.500","deg","20.000","°C","100.000","%a.s.","22.500","deg","20.000","°C","1013.000","hPa","0.861","-0.02056","0.00035","-0.00011","0","14.7","Humid","26.25","0","52.00","348885.75","SABD0000000001","AAV1.0.0.11","2.0.0.28","PSt7-10","000000-000","10/20/2017 9:36:39 AM","0000-00","0","no battery","V"
"10/20/2017","11:20:43","5","default","957498349","OXY5","11.085","min","158.579","μmol/L","Humid","21.001","deg","95814","µV","35.785","°C","1018.000","hPa","37.0","pmil","0","55.500","deg","20.000","°C","100.000","%a.s.","22.500","deg","20.000","°C","1013.000","hPa","0.861","-0.02056","0.00035","-0.00011","0","14.7","Humid","26.25","0","52.00","348890.22","SABD0000000001","AAV1.0.0.11","2.0.0.28","PSt7-10","000000-000","10/20/2017 9:36:39 AM","0000-00","0","no battery","V"
"10/20/2017","11:20:44","5","default","957498349","OXY5","11.102","min","158.621","μmol/L","Humid","21.000","deg","95810","µV","35.780","°C","1018.000","hPa","37.0","pmil","0","55.500","deg","20.000","°C","100.000","%a.s.","22.500","deg","20.000","°C","1013.000","hPa","0.861","-0.02056","0.00035","-0.00011","0","14.7","Humid","26.25","0","52.00","348897.01","SABD0000000001","AAV1.0.0.11","2.0.0.28","PSt7-10","000000-000","10/20/2017 9:36:39 AM","0000-00","0","no battery","V"
"10/20/2017","11:20:45","5","default","957498349","OXY5","11.118","min","158.750","μmol/L","Humid","20.998","deg","95812","µV","35.764","°C","1018.000","hPa","37.0","pmil","0","55.500","deg","20.000","°C","100.000","%a.s.","22.500","deg","20.000","°C","1013.000","hPa","0.861","-0.02056","0.00035","-0.00011","0","14.7","Humid","26.25","0","52.00","348886.66","SABD0000000001","AAV1.0.0.11","2.0.0.28","PSt7-10","000000-000","10/20/2017 9:36:39 AM","0000-00","0","no battery","V"
"10/20/2017","11:20:46","5","default","957498349","OXY5","11.135","min","158.490","μmol/L","Humid","21.003","deg","95805","µV","35.795","°C","1018.000","hPa","37.0","pmil","0","55.500","deg","20.000","°C","100.000","%a.s.","22.500","deg","20.000","°C","1013.000","hPa","0.861","-0.02056","0.00035","-0.00011","0","14.7","Humid","26.25","0","52.00","348883.12","SABD0000000001","AAV1.0.0.11","2.0.0.28","PSt7-10","000000-000","10/20/2017 9:36:39 AM","0000-00","0","no battery","V"
"10/20/2017","11:20:47","5","default","957498349","OXY5","11.152","min","158.530","μmol/L","Humid","21.002","deg","95796","µV","35.791","°C","1018.000","hPa","37.0","pmil","0","55.500","deg","20.000","°C","100.000","%a.s.","22.500","deg","20.000","°C","1013.000","hPa","0.861","-0.02056","0.00035","-0.00011","0","14.7","Humid","26.25","0","52.00","348884.68","SABD0000000001","AAV1.0.0.11","2.0.0.28","PSt7-10","000000-000","10/20/2017 9:36:39 AM","0000-00","0","no battery","V"
"10/20/2017","11:20:48","5","default","957498349","OXY5","11.168","min","158.395","μmol/L","Humid","21.004","deg","95797","µV","35.808","°C","1018.000","hPa","37.0","pmil","0","55.500","deg","20.000","°C","100.000","%a.s.","22.500","deg","20.000","°C","1013.000","hPa","0.861","-0.02056","0.00035","-0.00011","0","14.7","Humid","26.25","0","52.00","348876.32","SABD0000000001","AAV1.0.0.11","2.0.0.28","PSt7-10","000000-000","10/20/2017 9:36:39 AM","0000-00","0","no battery","V"
"10/20/2017","11:20:49","5","default","957498349","OXY5","11.185","min","158.546","μmol/L","Humid","21.004","deg","95802","µV","35.783","°C","1018.000","hPa","37.0","pmil","0","55.500","deg","20.000","°C","100.000","%a.s.","22.500","deg","20.000","°C","1013.000","hPa","0.861","-0.02056","0.00035","-0.00011","0","14.7","Humid","26.25","0","52.00","348878.78","SABD0000000001","AAV1.0.0.11","2.0.0.28","PSt7-10","000000-000","10/20/2017 9:36:39 AM","0000-00","0","no battery","V"
"10/20/2017","11:20:50","5","default","957498349","OXY5","11.202","min","158.597","μmol/L","Humid","20.999","deg","95802","µV","35.787","°C","1018.000","hPa","37.0","pmil","0","55.500","deg","20.000","°C","100.000","%a.s.","22.500","deg","20.000","°C","1013.000","hPa","0.861","-0.02056","0.00035","-0.00011","0","14.7","Humid","26.25","0","52.00","348878.13","SABD0000000001","AAV1.0.0.11","2.0.0.28","PSt7-10","000000-000","10/20/2017 9:36:39 AM","0000-00","0","no battery","V"
"10/20/2017","11:20:51","5","default","957498349","OXY5","11.218","min","158.623","μmol/L","Humid","21.000","deg","95791","µV","35.780","°C","1018.000","hPa","37.0","pmil","0","55.500","deg","20.000","°C","100.000","%a.s.","22.500","deg","20.000","°C","1013.000","hPa","0.861","-0.02056","0.00035","-0.00011","0","14.7","Humid","26.25","0","52.00","348879.77","SABD0000000001","AAV1.0.0.11","2.0.0.28","PSt7-10","000000-000","10/20/2017 9:36:39 AM","0000-00","0","no battery","V"
"10/20/2017","11:20:52","5","default","957498349","OXY5","11.235","min","158.610","μmol/L","Humid","21.003","deg","95793","µV","35.775","°C","1018.000","hPa","37.0","pmil","0","55.500","deg","20.000","°C","100.000","%a.s.","22.500","deg","20.000","°C","1013.000","hPa","0.861","-0.02056","0.00035","-0.00011","0","14.7","Humid","26.25","0","52.00","348877.53","SABD0000000001","AAV1.0.0.11","2.0.0.28","PSt7-10","000000-000","10/20/2017 9:36:39 AM","0000-00","0","no battery","V"
"10/20/2017","11:20:53","5","default","957498349","OXY5","11.252","min","158.644","μmol/L","Humid","21.002","deg","95792","µV","35.772","°C","1018.000","hPa","37.0","pmil","0","55.500","deg","20.000","°C","100.000","%a.s.","22.500","deg","20.000","°C","1013.000","hPa","0.861","-0.02056","0.00035","-0.00011","0","14.7","Humid","26.25","0","52.00","348865.92","SABD0000000001","AAV1.0.0.11","2.0.0.28","PSt7-10","000000-000","10/20/2017 9:36:39 AM","0000-00","0","no battery","V"
"10/20/2017","11:20:54","5","default","957498349","OXY5","11.268","min","158.585","μmol/L","Humid","21.002","deg","95793","µV","35.782","°C","1018.000","hPa","37.0","pmil","0","55.500","deg","20.000","°C","100.000","%a.s.","22.500","deg","20.000","°C","1013.000","hPa","0.861","-0.02056","0.00035","-0.00011","0","14.7","Humid","26.25","0","52.00","348879.51","SABD0000000001","AAV1.0.0.11","2.0.0.28","PSt7-10","000000-000","10/20/2017 9:36:39 AM","0000-00","0","no battery","V"
"10/20/2017","11:20:55","5","default","957498349","OXY5","11.285","min","158.516","μmol/L","Humid","21.002","deg","95785","µV","35.793","°C","1018.000","hPa","37.0","pmil","0","55.500","deg","20.000","°C","100.000","%a.s.","22.500","deg","20.000","°C","1013.000","hPa","0.861","-0.02056","0.00035","-0.00011","0","14.7","Humid","26.25","0","52.00","348884.70","SABD0000000001","AAV1.0.0.11","2.0.0.28","PSt7-10","000000-000","10/20/2017 9:36:39 AM","0000-00","0","no battery","V"
"10/20/2017","11:20:56","5","default","957498349","OXY5","11.302","min","158.566","μmol/L","Humid","20.996","deg","95782","µV","35.799","°C","1018.000","hPa","37.0","pmil","0","55.500","deg","20.000","°C","100.000","%a.s.","22.500","deg","20.000","°C","1013.000","hPa","0.861","-0.02056","0.00035","-0.00011","0","14.7","Humid","26.25","0","52.00","348857.88","SABD0000000001","AAV1.0.0.11","2.0.0.28","PSt7-10","000000-000","10/20/2017 9:36:39 AM","0000-00","0","no battery","V"
"10/20/2017","11:20:57","5","default","957498349","OXY5","11.318","min","158.498","μmol/L","Humid","21.001","deg","95787","µV","35.798","°C","1018.000","hPa","37.0","pmil","0","55.500","deg","20.000","°C","100.000","%a.s.","22.500","deg","20.000","°C","1013.000","hPa","0.861","-0.02056","0.00035","-0.00011","0","14.7","Humid","26.25","0","52.00","348868.67","SABD0000000001","AAV1.0.0.11","2.0.0.28","PSt7-10","000000-000","10/20/2017 9:36:39 AM","0000-00","0","no battery","V"
"10/20/2017","11:20:58","5","default","957498349","OXY5","11.335","min","158.576","μmol/L","Humid","20.999","deg","95775","µV","35.790","°C","1018.000","hPa","37.0","pmil","0","55.500","deg","20.000","°C","100.000","%a.s.","22.500","deg","20.000","°C","1013.000","hPa","0.861","-0.02056","0.00035","-0.00011","0","14.7","Humid","26.25","0","52.00","348859.43","SABD0000000001","AAV1.0.0.11","2.0.0.28","PSt7-10","000000-000","10/20/2017 9:36:39 AM","0000-00","0","no battery","V"
"10/20/2017","11:20:59","5","default","957498349","OXY5","11.352","min","158.486","μmol/L","Humid","21.002","deg","95782","µV","35.798","°C","1018.000","hPa","37.0","pmil","0","55.500","deg","20.000","°C","100.000","%a.s.","22.500","deg","20.000","°C","1013.000","hPa","0.861","-0.02056","0.00035","-0.00011","0","14.7","Humid","26.25","0","52.00","348872.30","SABD0000000001","AAV1.0.0.11","2.0.0.28","PSt7-10","000000-000","10/20/2017 9:36:39 AM","0000-00","0","no battery","V"
"10/20/2017","11:21:00","5","default","957498349","OXY5","11.368","min","158.567","μmol/L","Humid","21.001","deg","95770","µV","35.787","°C","1018.000","hPa","37.0","pmil","0","55.500","deg","20.000","°C","100.000","%a.s.","22.500","deg","20.000","°C","1013.000","hPa","0.861","-0.02056","0.00035","-0.00011","0","14.7","Humid","26.25","0","52.00","348855.00","SABD0000000001","AAV1.0.0.11","2.0.0.28","PSt7-10","000000-000","10/20/2017 9:36:39 AM","0000-00","0","no battery","V"
"10/20/2017","11:21:01","5","default","957498349","OXY5","11.385","min","158.615","μmol/L","Humid","20.995","deg","95770","µV","35.793","°C","1018.000","hPa","37.0","pmil","0","55.500","deg","20.000","°C","100.000","%a.s.","22.500","deg","20.000","°C","1013.000","hPa","0.861","-0.02056","0.00035","-0.00011","0","14.7","Humid","26.25","0","52.00","348863.08","SABD0000000001","AAV1.0.0.11","2.0.0.28","PSt7-10","000000-000","10/20/2017 9:36:39 AM","0000-00","0","no battery","V"
"10/20/2017","11:21:02","5","default","957498349","OXY5","11.402","min","158.783","μmol/L","Humid","21.001","deg","95769","µV","35.751","°C","1018.000","hPa","37.0","pmil","0","55.500","deg","20.000","°C","100.000","%a.s.","22.500","deg","20.000","°C","1013.000","hPa","0.861","-0.02056","0.00035","-0.00011","0","14.7","Humid","26.25","0","52.00","348859.42","SABD0000000001","AAV1.0.0.11","2.0.0.28","PSt7-10","000000-000","10/20/2017 9:36:39 AM","0000-00","0","no battery","V"
"10/20/2017","11:21:03","5","default","957498349","OXY5","11.418","min","158.608","μmol/L","Humid","20.998","deg","95766","µV","35.787","°C","1018.000","hPa","37.0","pmil","0","55.500","deg","20.000","°C","100.000","%a.s.","22.500","deg","20.000","°C","1013.000","hPa","0.861","-0.02056","0.00035","-0.00011","0","14.7","Humid","26.25","0","52.00","348853.63","SABD0000000001","AAV1.0.0.11","2.0.0.28","PSt7-10","000000-000","10/20/2017 9:36:39 AM","0000-00","0","no battery","V"
"10/20/2017","11:21:04","5","default","957498349","OXY5","11.435","min","158.604","μmol/L","Humid","20.999","deg","95757","µV","35.786","°C","1018.000","hPa","37.0","pmil","0","55.500","deg","20.000","°C","100.000","%a.s.","22.500","deg","20.000","°C","1013.000","hPa","0.861","-0.02056","0.00035","-0.00011","0","14.7","Humid","26.25","0","52.00","348849.85","SABD0000000001","AAV1.0.0.11","2.0.0.28","PSt7-10","000000-000","10/20/2017 9:36:39 AM","0000-00","0","no battery","V"
"10/20/2017","11:21:05","5","default","957498349","OXY5","11.452","min","158.566","μmol/L","Humid","21.001","deg","95763","µV","35.787","°C","1018.000","hPa","37.0","pmil","0","55.500","deg","20.000","°C","100.000","%a.s.","22.500","deg","20.000","°C","1013.000","hPa","0.861","-0.02056","0.00035","-0.00011","0","14.7","Humid","26.25","0","52.00","348848.75","SABD0000000001","AAV1.0.0.11","2.0.0.28","PSt7-10","000000-000","10/20/2017 9:36:39 AM","0000-00","0","no battery","V"
"10/20/2017","11:21:06","5","default","957498349","OXY5","11.468","min","158.589","μmol/L","Humid","21.003","deg","95760","µV","35.778","°C","1018.000","hPa","37.0","pmil","0","55.500","deg","20.000","°C","100.000","%a.s.","22.500","deg","20.000","°C","1013.000","hPa","0.861","-0.02056","0.00035","-0.00011","0","14.7","Humid","26.25","0","52.00","348850.34","SABD0000000001","AAV1.0.0.11","2.0.0.28","PSt7-10","000000-000","10/20/2017 9:36:39 AM","0000-00","0","no battery","V"
"10/20/2017","11:21:07","5","default","957498349","OXY5","11.485","min","158.540","μmol/L","Humid","21.001","deg","95757","µV","35.791","°C","1018.000","hPa","37.0","pmil","0","55.500","deg","20.000","°C","100.000","%a.s.","22.500","deg","20.000","°C","1013.000","hPa","0.861","-0.02056","0.00035","-0.00011","0","14.7","Humid","26.25","0","52.00","348853.08","SABD0000000001","AAV1.0.0.11","2.0.0.28","PSt7-10","000000-000","10/20/2017 9:36:39 AM","0000-00","0","no battery","V"
"10/20/2017","11:21:08","5","default","957498349","OXY5","11.502","min","158.593","μmol/L","Humid","20.997","deg","95749","µV","35.792","°C","1018.000","hPa","37.0","pmil","0","55.500","deg","20.000","°C","100.000","%a.s.","22.500","deg","20.000","°C","1013.000","hPa","0.861","-0.02056","0.00035","-0.00011","0","14.7","Humid","26.25","0","52.00","348846.98","SABD0000000001","AAV1.0.0.11","2.0.0.28","PSt7-10","000000-000","10/20/2017 9:36:39 AM","0000-00","0","no battery","V"
"10/20/2017","11:21:09","5","default","957498349","OXY5","11.518","min","158.641","μmol/L","Humid","20.998","deg","95755","µV","35.782","°C","1018.000","hPa","37.0","pmil","0","55.500","deg","20.000","°C","100.000","%a.s.","22.500","deg","20.000","°C","1013.000","hPa","0.861","-0.02056","0.00035","-0.00011","0","14.7","Humid","26.25","0","52.00","348854.53","SABD0000000001","AAV1.0.0.11","2.0.0.28","PSt7-10","000000-000","10/20/2017 9:36:39 AM","0000-00","0","no battery","V"
"10/20/2017","11:21:10","5","default","957498349","OXY5","11.535","min","158.685","μmol/L","Humid","20.996","deg","95740","µV","35.779","°C","1018.000","hPa","37.0","pmil","0","55.500","deg","20.000","°C","100.000","%a.s.","22.500","deg","20.000","°C","1013.000","hPa","0.861","-0.02056","0.00035","-0.00011","0","14.7","Humid","26.25","0","52.00","348845.73","SABD0000000001","AAV1.0.0.11","2.0.0.28","PSt7-10","000000-000","10/20/2017 9:36:39 AM","0000-00","0","no battery","V"
"10/20/2017","11:21:11","5","default","957498349","OXY5","11.552","min","158.570","μmol/L","Humid","21.001","deg","95744","µV","35.787","°C","1018.000","hPa","37.0","pmil","0","55.500","deg","20.000","°C","100.000","%a.s.","22.500","deg","20.000","°C","1013.000","hPa","0.861","-0.02056","0.00035","-0.00011","0","14.7","Humid","26.25","0","52.00","348834.91","SABD0000000001","AAV1.0.0.11","2.0.0.28","PSt7-10","000000-000","10/20/2017 9:36:39 AM","0000-00","0","no battery","V"
"10/20/2017","11:21:12","5","default","957498349","OXY5","11.568","min","158.667","μmol/L","Humid","20.997","deg","95748","µV","35.780","°C","1018.000","hPa","37.0","pmil","0","55.500","deg","20.000","°C","100.000","%a.s.","22.500","deg","20.000","°C","1013.000","hPa","0.861","-0.02056","0.00035","-0.00011","0","14.7","Humid","26.25","0","52.00","348850.49","SABD0000000001","AAV1.0.0.11","2.0.0.28","PSt7-10","000000-000","10/20/2017 9:36:39 AM","0000-00","0","no battery","V"
"10/20/2017","11:21:13","5","default","957498349","OXY5","11.585","min","158.611","μmol/L","Humid","20.999","deg","95740","µV","35.784","°C","1018.000","hPa","37.0","pmil","0","55.500","deg","20.000","°C","100.000","%a.s.","22.500","deg","20.000","°C","1013.000","hPa","0.861","-0.02056","0.00035","-0.00011","0","14.7","Humid","26.25","0","52.00","348841.19","SABD0000000001","AAV1.0.0.11","2.0.0.28","PSt7-10","000000-000","10/20/2017 9:36:39 AM","0000-00","0","no battery","V"
"10/20/2017","11:21:14","5","default","957498349","OXY5","11.602","min","158.480","μmol/L","Humid","20.998","deg","95741","µV","35.809","°C","1018.000","hPa","37.0","pmil","0","55.500","deg","20.000","°C","100.000","%a.s.","22.500","deg","20.000","°C","1013.000","hPa","0.861","-0.02056","0.00035","-0.00011","0","14.7","Humid","26.25","0","52.00","348839.70","SABD0000000001","AAV1.0.0.11","2.0.0.28","PSt7-10","000000-000","10/20/2017 9:36:39 AM","0000-00","0","no battery","V"
"10/20/2017","11:21:15","5","default","957498349","OXY5","11.618","min","158.431","μmol/L","Humid","20.999","deg","95732","µV","35.814","°C","1018.000","hPa","37.0","pmil","0","55.500","deg","20.000","°C","100.000","%a.s.","22.500","deg","20.000","°C","1013.000","hPa","0.861","-0.02056","0.00035","-0.00011","0","14.7","Humid","26.25","0","52.00","348838.50","SABD0000000001","AAV1.0.0.11","2.0.0.28","PSt7-10","000000-000","10/20/2017 9:36:39 AM","0000-00","0","no battery","V"
"10/20/2017","11:21:16","5","default","957498349","OXY5","11.635","min","158.539","μmol/L","Humid","21.000","deg","95738","µV","35.794","°C","1018.000","hPa","37.0","pmil","0","55.500","deg","20.000","°C","100.000","%a.s.","22.500","deg","20.000","°C","1013.000","hPa","0.861","-0.02056","0.00035","-0.00011","0","14.7","Humid","26.25","0","52.00","348838.98","SABD0000000001","AAV1.0.0.11","2.0.0.28","PSt7-10","000000-000","10/20/2017 9:36:39 AM","0000-00","0","no battery","V"
"10/20/2017","11:21:17","5","default","957498349","OXY5","11.652","min","158.530","μmol/L","Humid","20.998","deg","95732","µV","35.800","°C","1018.000","hPa","37.0","pmil","0","55.500","deg","20.000","°C","100.000","%a.s.","22.500","deg","20.000","°C","1013.000","hPa","0.861","-0.02056","0.00035","-0.00011","0","14.7","Humid","26.25","0","52.00","348837.03","SABD0000000001","AAV1.0.0.11","2.0.0.28","PSt7-10","000000-000","10/20/2017 9:36:39 AM","0000-00","0","no battery","V"
"10/20/2017","11:21:18","5","default","957498349","OXY5","11.668","min","158.702","μmol/L","Humid","20.994","deg","95731","µV","35.781","°C","1018.000","hPa","37.0","pmil","0","55.500","deg","20.000","°C","100.000","%a.s.","22.500","deg","20.000","°C","1013.000","hPa","0.861","-0.02056","0.00035","-0.00011","0","14.7","Humid","26.25","0","52.00","348842.53","SABD0000000001","AAV1.0.0.11","2.0.0.28","PSt7-10","000000-000","10/20/2017 9:36:39 AM","0000-00","0","no battery","V"
"10/20/2017","11:21:19","5","default","957498349","OXY5","11.685","min","158.622","μmol/L","Humid","20.996","deg","95731","µV","35.790","°C","1018.000","hPa","37.0","pmil","0","55.500","deg","20.000","°C","100.000","%a.s.","22.500","deg","20.000","°C","1013.000","hPa","0.861","-0.02056","0.00035","-0.00011","0","14.7","Humid","26.25","0","52.00","348851.27","SABD0000000001","AAV1.0.0.11","2.0.0.28","PSt7-10","000000-000","10/20/2017 9:36:39 AM","0000-00","0","no battery","V"
"10/20/2017","11:21:20","5","default","957498349","OXY5","11.702","min","158.543","μmol/L","Humid","20.998","deg","95724","µV","35.798","°C","1018.000","hPa","37.0","pmil","0","55.500","deg","20.000","°C","100.000","%a.s.","22.500","deg","20.000","°C","1013.000","hPa","0.861","-0.02056","0.00035","-0.00011","0","14.7","Humid","26.25","0","52.00","348835.53","SABD0000000001","AAV1.0.0.11","2.0.0.28","PSt7-10","000000-000","10/20/2017 9:36:39 AM","0000-00","0","no battery","V"
"10/20/2017","11:21:21","5","default","957498349","OXY5","11.718","min","158.444","μmol/L","Humid","20.999","deg","95726","µV","35.812","°C","1018.000","hPa","37.0","pmil","0","55.500","deg","20.000","°C","100.000","%a.s.","22.500","deg","20.000","°C","1013.000","hPa","0.861","-0.02056","0.00035","-0.00011","0","14.7","Humid","26.25","0","52.00","348829.75","SABD0000000001","AAV1.0.0.11","2.0.0.28","PSt7-10","000000-000","10/20/2017 9:36:39 AM","0000-00","0","no battery","V"
"10/20/2017","11:21:22","5","default","957498349","OXY5","11.735","min","158.595","μmol/L","Humid","20.996","deg","95725","µV","35.794","°C","1018.000","hPa","37.0","pmil","0","55.500","deg","20.000","°C","100.000","%a.s.","22.500","deg","20.000","°C","1013.000","hPa","0.861","-0.02056","0.00035","-0.00011","0","14.7","Humid","26.25","0","52.00","348821.31","SABD0000000001","AAV1.0.0.11","2.0.0.28","PSt7-10","000000-000","10/20/2017 9:36:39 AM","0000-00","0","no battery","V"
"10/20/2017","11:21:23","5","default","957498349","OXY5","11.752","min","158.589","μmol/L","Humid","20.999","deg","95716","µV","35.788","°C","1018.000","hPa","37.0","pmil","0","55.500","deg","20.000","°C","100.000","%a.s.","22.500","deg","20.000","°C","1013.000","hPa","0.861","-0.02056","0.00035","-0.00011","0","14.7","Humid","26.25","0","52.00","348833.87","SABD0000000001","AAV1.0.0.11","2.0.0.28","PSt7-10","000000-000","10/20/2017 9:36:39 AM","0000-00","0","no battery","V"
"10/20/2017","11:21:24","5","default","957498349","OXY5","11.768","min","158.589","μmol/L","Humid","20.998","deg","95719","µV","35.790","°C","1018.000","hPa","37.0","pmil","0","55.500","deg","20.000","°C","100.000","%a.s.","22.500","deg","20.000","°C","1013.000","hPa","0.861","-0.02056","0.00035","-0.00011","0","14.7","Humid","26.25","0","52.00","348820.39","SABD0000000001","AAV1.0.0.11","2.0.0.28","PSt7-10","000000-000","10/20/2017 9:36:39 AM","0000-00","0","no battery","V"
"10/20/2017","11:21:25","5","default","957498349","OXY5","11.785","min","158.629","μmol/L","Humid","20.997","deg","95711","µV","35.786","°C","1018.000","hPa","37.0","pmil","0","55.500","deg","20.000","°C","100.000","%a.s.","22.500","deg","20.000","°C","1013.000","hPa","0.861","-0.02056","0.00035","-0.00011","0","14.7","Humid","26.25","0","52.00","348833.08","SABD0000000001","AAV1.0.0.11","2.0.0.28","PSt7-10","000000-000","10/20/2017 9:36:39 AM","0000-00","0","no battery","V"
"10/20/2017","11:21:26","5","default","957498349","OXY5","11.802","min","158.593","μmol/L","Humid","20.998","deg","95713","µV","35.790","°C","1018.000","hPa","37.0","pmil","0","55.500","deg","20.000","°C","100.000","%a.s.","22.500","deg","20.000","°C","1013.000","hPa","0.861","-0.02056","0.00035","-0.00011","0","14.7","Humid","26.25","0","52.00","348827.04","SABD0000000001","AAV1.0.0.11","2.0.0.28","PSt7-10","000000-000","10/20/2017 9:36:39 AM","0000-00","0","no battery","V"
"10/20/2017","11:21:27","5","default","957498349","OXY5","11.818","min","158.567","μmol/L","Humid","20.999","deg","95705","µV","35.792","°C","1018.000","hPa","37.0","pmil","0","55.500","deg","20.000","°C","100.000","%a.s.","22.500","deg","20.000","°C","1013.000","hPa","0.861","-0.02056","0.00035","-0.00011","0","14.7","Humid","26.25","0","52.00","348816.57","SABD0000000001","AAV1.0.0.11","2.0.0.28","PSt7-10","000000-000","10/20/2017 9:36:39 AM","0000-00","0","no battery","V"
"10/20/2017","11:21:28","5","default","957498349","OXY5","11.835","min","158.559","μmol/L","Humid","21.000","deg","95706","µV","35.791","°C","1018.000","hPa","37.0","pmil","0","55.500","deg","20.000","°C","100.000","%a.s.","22.500","deg","20.000","°C","1013.000","hPa","0.861","-0.02056","0.00035","-0.00011","0","14.7","Humid","26.25","0","52.00","348813.11","SABD0000000001","AAV1.0.0.11","2.0.0.28","PSt7-10","000000-000","10/20/2017 9:36:39 AM","0000-00","0","no battery","V"
"10/20/2017","11:21:29","5","default","957498349","OXY5","11.852","min","158.551","μmol/L","Humid","20.998","deg","95702","µV","35.797","°C","1018.000","hPa","37.0","pmil","0","55.500","deg","20.000","°C","100.000","%a.s.","22.500","deg","20.000","°C","1013.000","hPa","0.861","-0.02056","0.00035","-0.00011","0","14.7","Humid","26.25","0","52.00","348826.80","SABD0000000001","AAV1.0.0.11","2.0.0.28","PSt7-10","000000-000","10/20/2017 9:36:39 AM","0000-00","0","no battery","V"
"10/20/2017","11:21:30","5","default","957498349","OXY5","11.868","min","158.537","μmol/L","Humid","20.999","deg","95703","µV","35.797","°C","1018.000","hPa","37.0","pmil","0","55.500","deg","20.000","°C","100.000","%a.s.","22.500","deg","20.000","°C","1013.000","hPa","0.861","-0.02056","0.00035","-0.00011","0","14.7","Humid","26.25","0","52.00","348815.15","SABD0000000001","AAV1.0.0.11","2.0.0.28","PSt7-10","000000-000","10/20/2017 9:36:39 AM","0000-00","0","no battery","V"
"10/20/2017","11:21:31","5","default","957498349","OXY5","11.885","min","158.642","μmol/L","Humid","20.997","deg","95702","µV","35.784","°C","1018.000","hPa","37.0","pmil","0","55.500","deg","20.000","°C","100.000","%a.s.","22.500","deg","20.000","°C","1013.000","hPa","0.861","-0.02056","0.00035","-0.00011","0","14.7","Humid","26.25","0","52.00","348817.47","SABD0000000001","AAV1.0.0.11","2.0.0.28","PSt7-10","000000-000","10/20/2017 9:36:39 AM","0000-00","0","no battery","V"
"10/20/2017","11:21:32","5","default","957498349","OXY5","11.902","min","158.626","μmol/L","Humid","20.997","deg","95698","µV","35.787","°C","1018.000","hPa","37.0","pmil","0","55.500","deg","20.000","°C","100.000","%a.s.","22.500","deg","20.000","°C","1013.000","hPa","0.861","-0.02056","0.00035","-0.00011","0","14.7","Humid","26.25","0","52.00","348813.77","SABD0000000001","AAV1.0.0.11","2.0.0.28","PSt7-10","000000-000","10/20/2017 9:36:39 AM","0000-00","0","no battery","V"
"10/20/2017","11:21:33","5","default","957498349","OXY5","11.918","min","158.613","μmol/L","Humid","20.998","deg","95695","µV","35.786","°C","1018.000","hPa","37.0","pmil","0","55.500","deg","20.000","°C","100.000","%a.s.","22.500","deg","20.000","°C","1013.000","hPa","0.861","-0.02056","0.00035","-0.00011","0","14.7","Humid","26.25","0","52.00","348809.85","SABD0000000001","AAV1.0.0.11","2.0.0.28","PSt7-10","000000-000","10/20/2017 9:36:39 AM","0000-00","0","no battery","V"
"10/20/2017","11:21:34","5","default","957498349","OXY5","11.935","min","158.550","μmol/L","Humid","20.997","deg","95685","µV","35.799","°C","1018.000","hPa","37.0","pmil","0","55.500","deg","20.000","°C","100.000","%a.s.","22.500","deg","20.000","°C","1013.000","hPa","0.861","-0.02056","0.00035","-0.00011","0","14.7","Humid","26.25","0","52.00","348792.28","SABD0000000001","AAV1.0.0.11","2.0.0.28","PSt7-10","000000-000","10/20/2017 9:36:39 AM","0000-00","0","no battery","V"
"10/20/2017","11:21:35","5","default","957498349","OXY5","11.952","min","158.464","μmol/L","Humid","20.995","deg","95691","µV","35.818","°C","1018.000","hPa","37.0","pmil","0","55.500","deg","20.000","°C","100.000","%a.s.","22.500","deg","20.000","°C","1013.000","hPa","0.861","-0.02056","0.00035","-0.00011","0","14.7","Humid","26.25","0","52.00","348797.98","SABD0000000001","AAV1.0.0.11","2.0.0.28","PSt7-10","000000-000","10/20/2017 9:36:39 AM","0000-00","0","no battery","V"
"10/20/2017","11:21:36","5","default","957498349","OXY5","11.968","min","158.593","μmol/L","Humid","20.997","deg","95686","µV","35.792","°C","1018.000","hPa","37.0","pmil","0","55.500","deg","20.000","°C","100.000","%a.s.","22.500","deg","20.000","°C","1013.000","hPa","0.861","-0.02056","0.00035","-0.00011","0","14.7","Humid","26.25","0","52.00","348806.25","SABD0000000001","AAV1.0.0.11","2.0.0.28","PSt7-10","000000-000","10/20/2017 9:36:39 AM","0000-00","0","no battery","V"
"10/20/2017","11:21:37","5","default","957498349","OXY5","11.985","min","158.529","μmol/L","Humid","21.001","deg","95679","µV","35.793","°C","1018.000","hPa","37.0","pmil","0","55.500","deg","20.000","°C","100.000","%a.s.","22.500","deg","20.000","°C","1013.000","hPa","0.861","-0.02056","0.00035","-0.00011","0","14.7","Humid","26.25","0","52.00","348786.72","SABD0000000001","AAV1.0.0.11","2.0.0.28","PSt7-10","000000-000","10/20/2017 9:36:39 AM","0000-00","0","no battery","V"
"10/20/2017","11:21:38","5","default","957498349","OXY5","12.002","min","158.584","μmol/L","Humid","20.997","deg","95682","µV","35.794","°C","1018.000","hPa","37.0","pmil","0","55.500","deg","20.000","°C","100.000","%a.s.","22.500","deg","20.000","°C","1013.000","hPa","0.861","-0.02056","0.00035","-0.00011","0","14.7","Humid","26.25","0","52.00","348798.86","SABD0000000001","AAV1.0.0.11","2.0.0.28","PSt7-10","000000-000","10/20/2017 9:36:39 AM","0000-00","0","no battery","V"
"10/20/2017","11:21:39","5","default","957498349","OXY5","12.018","min","158.561","μmol/L","Humid","20.997","deg","95670","µV","35.797","°C","1018.000","hPa","37.0","pmil","0","55.500","deg","20.000","°C","100.000","%a.s.","22.500","deg","20.000","°C","1013.000","hPa","0.861","-0.02056","0.00035","-0.00011","0","14.7","Humid","26.25","0","52.00","348788.72","SABD0000000001","AAV1.0.0.11","2.0.0.28","PSt7-10","000000-000","10/20/2017 9:36:39 AM","0000-00","0","no battery","V"
"10/20/2017","11:21:40","5","default","957498349","OXY5","12.035","min","158.565","μmol/L","Humid","21.001","deg","95670","µV","35.787","°C","1018.000","hPa","37.0","pmil","0","55.500","deg","20.000","°C","100.000","%a.s.","22.500","deg","20.000","°C","1013.000","hPa","0.861","-0.02056","0.00035","-0.00011","0","14.7","Humid","26.25","0","52.00","348788.48","SABD0000000001","AAV1.0.0.11","2.0.0.28","PSt7-10","000000-000","10/20/2017 9:36:39 AM","0000-00","0","no battery","V"
"10/20/2017","11:21:41","5","default","957498349","OXY5","12.052","min","158.583","μmol/L","Humid","20.996","deg","95667","µV","35.796","°C","1018.000","hPa","37.0","pmil","0","55.500","deg","20.000","°C","100.000","%a.s.","22.500","deg","20.000","°C","1013.000","hPa","0.861","-0.02056","0.00035","-0.00011","0","14.7","Humid","26.25","0","52.00","348792.23","SABD0000000001","AAV1.0.0.11","2.0.0.28","PSt7-10","000000-000","10/20/2017 9:36:39 AM","0000-00","0","no battery","V"
"10/20/2017","11:21:42","5","default","957498349","OXY5","12.068","min","158.550","μmol/L","Humid","20.998","deg","95666","µV","35.797","°C","1018.000","hPa","37.0","pmil","0","55.500","deg","20.000","°C","100.000","%a.s.","22.500","deg","20.000","°C","1013.000","hPa","0.861","-0.02056","0.00035","-0.00011","0","14.7","Humid","26.25","0","52.00","348784.86","SABD0000000001","AAV1.0.0.11","2.0.0.28","PSt7-10","000000-000","10/20/2017 9:36:39 AM","0000-00","0","no battery","V"
"10/20/2017","11:21:43","5","default","957498349","OXY5","12.085","min","158.511","μmol/L","Humid","20.998","deg","95667","µV","35.803","°C","1018.000","hPa","37.0","pmil","0","55.500","deg","20.000","°C","100.000","%a.s.","22.500","deg","20.000","°C","1013.000","hPa","0.861","-0.02056","0.00035","-0.00011","0","14.7","Humid","26.25","0","52.00","348783.82","SABD0000000001","AAV1.0.0.11","2.0.0.28","PSt7-10","000000-000","10/20/2017 9:36:39 AM","0000-00","0","no battery","V"
"10/20/2017","11:21:44","5","default","957498349","OXY5","12.102","min","158.566","μmol/L","Humid","20.994","deg","95657","µV","35.804","°C","1018.000","hPa","37.0","pmil","0","55.500","deg","20.000","°C","100.000","%a.s.","22.500","deg","20.000","°C","1013.000","hPa","0.861","-0.02056","0.00035","-0.00011","0","14.7","Humid","26.25","0","52.00","348789.43","SABD0000000001","AAV1.0.0.11","2.0.0.28","PSt7-10","000000-000","10/20/2017 9:36:39 AM","0000-00","0","no battery","V"
"10/20/2017","11:21:45","5","default","957498349","OXY5","12.118","min","158.572","μmol/L","Humid","20.997","deg","95660","µV","35.796","°C","1018.000","hPa","37.0","pmil","0","55.500","deg","20.000","°C","100.000","%a.s.","22.500","deg","20.000","°C","1013.000","hPa","0.861","-0.02056","0.00035","-0.00011","0","14.7","Humid","26.25","0","52.00","348785.04","SABD0000000001","AAV1.0.0.11","2.0.0.28","PSt7-10","000000-000","10/20/2017 9:36:39 AM","0000-00","0","no battery","V"
"10/20/2017","11:21:46","5","default","957498349","OXY5","12.135","min","158.556","μmol/L","Humid","20.997","deg","95655","µV","35.798","°C","1018.000","hPa","37.0","pmil","0","55.500","deg","20.000","°C","100.000","%a.s.","22.500","deg","20.000","°C","1013.000","hPa","0.861","-0.02056","0.00035","-0.00011","0","14.7","Humid","26.25","0","52.00","348783.95","SABD0000000001","AAV1.0.0.11","2.0.0.28","PSt7-10","000000-000","10/20/2017 9:36:39 AM","0000-00","0","no battery","V"
"10/20/2017","11:21:47","5","default","957498349","OXY5","12.152","min","158.652","μmol/L","Humid","20.996","deg","95661","µV","35.785","°C","1018.000","hPa","37.0","pmil","0","55.500","deg","20.000","°C","100.000","%a.s.","22.500","deg","20.000","°C","1013.000","hPa","0.861","-0.02056","0.00035","-0.00011","0","14.7","Humid","26.25","0","52.00","348781.10","SABD0000000001","AAV1.0.0.11","2.0.0.28","PSt7-10","000000-000","10/20/2017 9:36:39 AM","0000-00","0","no battery","V"
"10/20/2017","11:21:48","5","default","957498349","OXY5","12.168","min","158.662","μmol/L","Humid","20.996","deg","95650","µV","35.783","°C","1018.000","hPa","37.0","pmil","0","55.500","deg","20.000","°C","100.000","%a.s.","22.500","deg","20.000","°C","1013.000","hPa","0.861","-0.02056","0.00035","-0.00011","0","14.7","Humid","26.25","0","52.00","348790.45","SABD0000000001","AAV1.0.0.11","2.0.0.28","PSt7-10","000000-000","10/20/2017 9:36:39 AM","0000-00","0","no battery","V"
"10/20/2017","11:21:49","5","default","957498349","OXY5","12.185","min","158.594","μmol/L","Humid","20.999","deg","95648","µV","35.787","°C","1018.000","hPa","37.0","pmil","0","55.500","deg","20.000","°C","100.000","%a.s.","22.500","deg","20.000","°C","1013.000","hPa","0.861","-0.02056","0.00035","-0.00011","0","14.7","Humid","26.25","0","52.00","348776.25","SABD0000000001","AAV1.0.0.11","2.0.0.28","PSt7-10","000000-000","10/20/2017 9:36:39 AM","0000-00","0","no battery","V"
"10/20/2017","11:21:50","5","default","957498349","OXY5","12.202","min","158.616","μmol/L","Humid","20.997","deg","95646","µV","35.788","°C","1018.000","hPa","37.0","pmil","0","55.500","deg","20.000","°C","100.000","%a.s.","22.500","deg","20.000","°C","1013.000","hPa","0.861","-0.02056","0.00035","-0.00011","0","14.7","Humid","26.25","0","52.00","348778.74","SABD0000000001","AAV1.0.0.11","2.0.0.28","PSt7-10","000000-000","10/20/2017 9:36:39 AM","0000-00","0","no battery","V"
"10/20/2017","11:21:51","5","default","957498349","OXY5","12.218","min","158.668","μmol/L","Humid","20.992","deg","95649","µV","35.792","°C","1018.000","hPa","37.0","pmil","0","55.500","deg","20.000","°C","100.000","%a.s.","22.500","deg","20.000","°C","1013.000","hPa","0.861","-0.02056","0.00035","-0.00011","0","14.7","Humid","26.25","0","52.00","348780.60","SABD0000000001","AAV1.0.0.11","2.0.0.28","PSt7-10","000000-000","10/20/2017 9:36:39 AM","0000-00","0","no battery","V"
"10/20/2017","11:21:52","5","default","957498349","OXY5","12.235","min","158.513","μmol/L","Humid","20.999","deg","95643","µV","35.801","°C","1018.000","hPa","37.0","pmil","0","55.500","deg","20.000","°C","100.000","%a.s.","22.500","deg","20.000","°C","1013.000","hPa","0.861","-0.02056","0.00035","-0.00011","0","14.7","Humid","26.25","0","52.00","348787.15","SABD0000000001","AAV1.0.0.11","2.0.0.28","PSt7-10","000000-000","10/20/2017 9:36:39 AM","0000-00","0","no battery","V"
"10/20/2017","11:21:53","5","default","957498349","OXY5","12.252","min","158.534","μmol/L","Humid","20.998","deg","95640","µV","35.800","°C","1018.000","hPa","37.0","pmil","0","55.500","deg","20.000","°C","100.000","%a.s.","22.500","deg","20.000","°C","1013.000","hPa","0.861","-0.02056","0.00035","-0.00011","0","14.7","Humid","26.25","0","52.00","348758.02","SABD0000000001","AAV1.0.0.11","2.0.0.28","PSt7-10","000000-000","10/20/2017 9:36:39 AM","0000-00","0","no battery","V"
"10/20/2017","11:21:54","5","default","957498349","OXY5","12.268","min","158.542","μmol/L","Humid","20.999","deg","95714","µV","35.796","°C","1018.000","hPa","37.0","pmil","0","55.500","deg","20.000","°C","100.000","%a.s.","22.500","deg","20.000","°C","1013.000","hPa","0.861","-0.02056","0.00035","-0.00011","0","14.7","Humid","26.25","0","52.00","348767.55","SABD0000000001","AAV1.0.0.11","2.0.0.28","PSt7-10","000000-000","10/20/2017 9:36:39 AM","0000-00","0","no battery","V"
"10/20/2017","11:21:55","5","default","957498349","OXY5","12.285","min","158.589","μmol/L","Humid","20.998","deg","95849","µV","35.790","°C","1018.000","hPa","37.0","pmil","0","55.500","deg","20.000","°C","100.000","%a.s.","22.500","deg","20.000","°C","1013.000","hPa","0.861","-0.02056","0.00035","-0.00011","0","14.7","Humid","26.25","0","52.00","348762.17","SABD0000000001","AAV1.0.0.11","2.0.0.28","PSt7-10","000000-000","10/20/2017 9:36:39 AM","0000-00","0","no battery","V"
"10/20/2017","11:21:56","5","default","957498349","OXY5","12.302","min","158.547","μmol/L","Humid","20.997","deg","95817","µV","35.800","°C","1018.000","hPa","37.0","pmil","0","55.500","deg","20.000","°C","100.000","%a.s.","22.500","deg","20.000","°C","1013.000","hPa","0.861","-0.02056","0.00035","-0.00011","0","14.7","Humid","26.25","0","52.00","348771.49","SABD0000000001","AAV1.0.0.11","2.0.0.28","PSt7-10","000000-000","10/20/2017 9:36:39 AM","0000-00","0","no battery","V"
"10/20/2017","11:21:57","5","default","957498349","OXY5","12.318","min","158.531","μmol/L","Humid","20.997","deg","95795","µV","35.802","°C","1018.000","hPa","37.0","pmil","0","55.500","deg","20.000","°C","100.000","%a.s.","22.500","deg","20.000","°C","1013.000","hPa","0.861","-0.02056","0.00035","-0.00011","0","14.7","Humid","26.25","0","52.00","348749.80","SABD0000000001","AAV1.0.0.11","2.0.0.28","PSt7-10","000000-000","10/20/2017 9:36:39 AM","0000-00","0","no battery","V"
"10/20/2017","11:21:58","5","default","957498349","OXY5","12.335","min","158.508","μmol/L","Humid","20.998","deg","95783","µV","35.804","°C","1018.000","hPa","37.0","pmil","0","55.500","deg","20.000","°C","100.000","%a.s.","22.500","deg","20.000","°C","1013.000","hPa","0.861","-0.02056","0.00035","-0.00011","0","14.7","Humid","26.25","0","52.00","348754.67","SABD0000000001","AAV1.0.0.11","2.0.0.28","PSt7-10","000000-000","10/20/2017 9:36:39 AM","0000-00","0","no battery","V"
"10/20/2017","11:21:59","5","default","957498349","OXY5","12.352","min","158.617","μmol/L","Humid","20.995","deg","95791","µV","35.793","°C","1018.000","hPa","37.0","pmil","0","55.500","deg","20.000","°C","100.000","%a.s.","22.500","deg","20.000","°C","1013.000","hPa","0.861","-0.02056","0.00035","-0.00011","0","14.7","Humid","26.25","0","52.00","348746.26","SABD0000000001","AAV1.0.0.11","2.0.0.28","PSt7-10","000000-000","10/20/2017 9:36:39 AM","0000-00","0","no battery","V"
"10/20/2017","11:22:00","5","default","957498349","OXY5","12.368","min","158.634","μmol/L","Humid","20.996","deg","95737","µV","35.788","°C","1018.000","hPa","37.0","pmil","0","55.500","deg","20.000","°C","100.000","%a.s.","22.500","deg","20.000","°C","1013.000","hPa","0.861","-0.02056","0.00035","-0.00011","0","14.7","Humid","26.25","0","52.00","348750.82","SABD0000000001","AAV1.0.0.11","2.0.0.28","PSt7-10","000000-000","10/20/2017 9:36:39 AM","0000-00","0","no battery","V"
"10/20/2017","11:22:01","5","default","957498349","OXY5","12.385","min","158.619","μmol/L","Humid","20.992","deg","95701","µV","35.800","°C","1018.000","hPa","37.0","pmil","0","55.500","deg","20.000","°C","100.000","%a.s.","22.500","deg","20.000","°C","1013.000","hPa","0.861","-0.02056","0.00035","-0.00011","0","14.7","Humid","26.25","0","52.00","348748.18","SABD0000000001","AAV1.0.0.11","2.0.0.28","PSt7-10","000000-000","10/20/2017 9:36:39 AM","0000-00","0","no battery","V"
"10/20/2017","11:22:02","5","default","957498349","OXY5","12.402","min","158.565","μmol/L","Humid","20.992","deg","95714","µV","35.809","°C","1018.000","hPa","37.0","pmil","0","55.500","deg","20.000","°C","100.000","%a.s.","22.500","deg","20.000","°C","1013.000","hPa","0.861","-0.02056","0.00035","-0.00011","0","14.7","Humid","26.25","0","52.00","348747.98","SABD0000000001","AAV1.0.0.11","2.0.0.28","PSt7-10","000000-000","10/20/2017 9:36:39 AM","0000-00","0","no battery","V"
"10/20/2017","11:22:03","5","default","957498349","OXY5","12.418","min","158.608","μmol/L","Humid","20.994","deg","95682","µV","35.797","°C","1018.000","hPa","37.0","pmil","0","55.500","deg","20.000","°C","100.000","%a.s.","22.500","deg","20.000","°C","1013.000","hPa","0.861","-0.02056","0.00035","-0.00011","0","14.7","Humid","26.25","0","52.00","348738.54","SABD0000000001","AAV1.0.0.11","2.0.0.28","PSt7-10","000000-000","10/20/2017 9:36:39 AM","0000-00","0","no battery","V"
"10/20/2017","11:22:04","5","default","957498349","OXY5","12.435","min","158.640","μmol/L","Humid","20.990","deg","95754","µV","35.801","°C","1018.000","hPa","37.0","pmil","0","55.500","deg","20.000","°C","100.000","%a.s.","22.500","deg","20.000","°C","1013.000","hPa","0.861","-0.02056","0.00035","-0.00011","0","14.7","Humid","26.25","0","52.00","348751.89","SABD0000000001","AAV1.0.0.11","2.0.0.28","PSt7-10","000000-000","10/20/2017 9:36:39 AM","0000-00","0","no battery","V"
"10/20/2017","11:22:05","5","default","957498349","OXY5","12.452","min","158.564","μmol/L","Humid","20.995","deg","95690","µV","35.802","°C","1018.000","hPa","37.0","pmil","0","55.500","deg","20.000","°C","100.000","%a.s.","22.500","deg","20.000","°C","1013.000","hPa","0.861","-0.02056","0.00035","-0.00011","0","14.7","Humid","26.25","0","52.00","348742.67","SABD0000000001","AAV1.0.0.11","2.0.0.28","PSt7-10","000000-000","10/20/2017 9:36:39 AM","0000-00","0","no battery","V"
"10/20/2017","11:22:06","5","default","957498349","OXY5","12.468","min","158.560","μmol/L","Humid","20.993","deg","95705","µV","35.807","°C","1018.000","hPa","37.0","pmil","0","55.500","deg","20.000","°C","100.000","%a.s.","22.500","deg","20.000","°C","1013.000","hPa","0.861","-0.02056","0.00035","-0.00011","0","14.7","Humid","26.25","0","52.00","348735.06","SABD0000000001","AAV1.0.0.11","2.0.0.28","PSt7-10","000000-000","10/20/2017 9:36:39 AM","0000-00","0","no battery","V"
"10/20/2017","11:22:07","5","default","957498349","OXY5","12.485","min","158.529","μmol/L","Humid","20.994","deg","95704","µV","35.810","°C","1018.000","hPa","37.0","pmil","0","55.500","deg","20.000","°C","100.000","%a.s.","22.500","deg","20.000","°C","1013.000","hPa","0.861","-0.02056","0.00035","-0.00011","0","14.7","Humid","26.25","0","52.00","348739.59","SABD0000000001","AAV1.0.0.11","2.0.0.28","PSt7-10","000000-000","10/20/2017 9:36:39 AM","0000-00","0","no battery","V"
"10/20/2017","11:22:08","5","default","957498349","OXY5","12.502","min","158.586","μmol/L","Humid","20.995","deg","95690","µV","35.798","°C","1018.000","hPa","37.0","pmil","0","55.500","deg","20.000","°C","100.000","%a.s.","22.500","deg","20.000","°C","1013.000","hPa","0.861","-0.02056","0.00035","-0.00011","0","14.7","Humid","26.25","0","52.00","348737.94","SABD0000000001","AAV1.0.0.11","2.0.0.28","PSt7-10","000000-000","10/20/2017 9:36:39 AM","0000-00","0","no battery","V"
"10/20/2017","11:22:09","5","default","957498349","OXY5","12.518","min","158.593","μmol/L","Humid","20.995","deg","95694","µV","35.797","°C","1018.000","hPa","37.0","pmil","0","55.500","deg","20.000","°C","100.000","%a.s.","22.500","deg","20.000","°C","1013.000","hPa","0.861","-0.02056","0.00035","-0.00011","0","14.7","Humid","26.25","0","52.00","348743.83","SABD0000000001","AAV1.0.0.11","2.0.0.28","PSt7-10","000000-000","10/20/2017 9:36:39 AM","0000-00","0","no battery","V"
"10/20/2017","11:22:10","5","default","957498349","OXY5","12.535","min","158.613","μmol/L","Humid","20.999","deg","95688","µV","35.784","°C","1018.000","hPa","37.0","pmil","0","55.500","deg","20.000","°C","100.000","%a.s.","22.500","deg","20.000","°C","1013.000","hPa","0.861","-0.02056","0.00035","-0.00011","0","14.7","Humid","26.25","0","52.00","348737.20","SABD0000000001","AAV1.0.0.11","2.0.0.28","PSt7-10","000000-000","10/20/2017 9:36:39 AM","0000-00","0","no battery","V"
"10/20/2017","11:22:11","5","default","957498349","OXY5","12.552","min","158.769","μmol/L","Humid","20.990","deg","95672","µV","35.780","°C","1018.000","hPa","37.0","pmil","0","55.500","deg","20.000","°C","100.000","%a.s.","22.500","deg","20.000","°C","1013.000","hPa","0.861","-0.02056","0.00035","-0.00011","0","14.7","Humid","26.25","0","52.00","348729.65","SABD0000000001","AAV1.0.0.11","2.0.0.28","PSt7-10","000000-000","10/20/2017 9:36:39 AM","0000-00","0","no battery","V"
"10/20/2017","11:22:12","5","default","957498349","OXY5","12.568","min","158.528","μmol/L","Humid","20.993","deg","95698","µV","35.813","°C","1018.000","hPa","37.0","pmil","0","55.500","deg","20.000","°C","100.000","%a.s.","22.500","deg","20.000","°C","1013.000","hPa","0.861","-0.02056","0.00035","-0.00011","0","14.7","Humid","26.25","0","52.00","348728.63","SABD0000000001","AAV1.0.0.11","2.0.0.28","PSt7-10","000000-000","10/20/2017 9:36:39 AM","0000-00","0","no battery","V"
"10/20/2017","11:22:13","5","default","957498349","OXY5","12.585","min","158.525","μmol/L","Humid","20.995","deg","95677","µV","35.808","°C","1018.000","hPa","37.0","pmil","0","55.500","deg","20.000","°C","100.000","%a.s.","22.500","deg","20.000","°C","1013.000","hPa","0.861","-0.02056","0.00035","-0.00011","0","14.7","Humid","26.25","0","52.00","348731.51","SABD0000000001","AAV1.0.0.11","2.0.0.28","PSt7-10","000000-000","10/20/2017 9:36:39 AM","0000-00","0","no battery","V"
"10/20/2017","11:22:14","5","default","957498349","OXY5","12.602","min","158.464","μmol/L","Humid","20.995","deg","95689","µV","35.818","°C","1018.000","hPa","37.0","pmil","0","55.500","deg","20.000","°C","100.000","%a.s.","22.500","deg","20.000","°C","1013.000","hPa","0.861","-0.02056","0.00035","-0.00011","0","14.7","Humid","26.25","0","52.00","348739.05","SABD0000000001","AAV1.0.0.11","2.0.0.28","PSt7-10","000000-000","10/20/2017 9:36:39 AM","0000-00","0","no battery","V"
"10/20/2017","11:22:15","5","default","957498349","OXY5","12.618","min","158.545","μmol/L","Humid","20.993","deg","95689","µV","35.810","°C","1018.000","hPa","37.0","pmil","0","55.500","deg","20.000","°C","100.000","%a.s.","22.500","deg","20.000","°C","1013.000","hPa","0.861","-0.02056","0.00035","-0.00011","0","14.7","Humid","26.25","0","52.00","348738.34","SABD0000000001","AAV1.0.0.11","2.0.0.28","PSt7-10","000000-000","10/20/2017 9:36:39 AM","0000-00","0","no battery","V"
"10/20/2017","11:22:16","5","default","957498349","OXY5","12.635","min","158.567","μmol/L","Humid","20.995","deg","95684","µV","35.801","°C","1018.000","hPa","37.0","pmil","0","55.500","deg","20.000","°C","100.000","%a.s.","22.500","deg","20.000","°C","1013.000","hPa","0.861","-0.02056","0.00035","-0.00011","0","14.7","Humid","26.25","0","52.00","348726.15","SABD0000000001","AAV1.0.0.11","2.0.0.28","PSt7-10","000000-000","10/20/2017 9:36:39 AM","0000-00","0","no battery","V"
"10/20/2017","11:22:17","5","default","957498349","OXY5","12.652","min","158.533","μmol/L","Humid","20.996","deg","95676","µV","35.805","°C","1018.000","hPa","37.0","pmil","0","55.500","deg","20.000","°C","100.000","%a.s.","22.500","deg","20.000","°C","1013.000","hPa","0.861","-0.02056","0.00035","-0.00011","0","14.7","Humid","26.25","0","52.00","348721.82","SABD0000000001","AAV1.0.0.11","2.0.0.28","PSt7-10","000000-000","10/20/2017 9:36:39 AM","0000-00","0","no battery","V"
"10/20/2017","11:22:18","5","default","957498349","OXY5","12.668","min","158.595","μmol/L","Humid","20.993","deg","95672","µV","35.801","°C","1018.000","hPa","37.0","pmil","0","55.500","deg","20.000","°C","100.000","%a.s.","22.500","deg","20.000","°C","1013.000","hPa","0.861","-0.02056","0.00035","-0.00011","0","14.7","Humid","26.25","0","52.00","348716.52","SABD0000000001","AAV1.0.0.11","2.0.0.28","PSt7-10","000000-000","10/20/2017 9:36:39 AM","0000-00","0","no battery","V"
"10/20/2017","11:22:19","5","default","957498349","OXY5","12.685","min","158.673","μmol/L","Humid","20.990","deg","95680","µV","35.795","°C","1018.000","hPa","37.0","pmil","0","55.500","deg","20.000","°C","100.000","%a.s.","22.500","deg","20.000","°C","1013.000","hPa","0.861","-0.02056","0.00035","-0.00011","0","14.7","Humid","26.25","0","52.00","348710.69","SABD0000000001","AAV1.0.0.11","2.0.0.28","PSt7-10","000000-000","10/20/2017 9:36:39 AM","0000-00","0","no battery","V"
"10/20/2017","11:22:20","5","default","957498349","OXY5","12.702","min","158.583","μmol/L","Humid","20.992","deg","95685","µV","35.806","°C","1018.000","hPa","37.0","pmil","0","55.500","deg","20.000","°C","100.000","%a.s.","22.500","deg","20.000","°C","1013.000","hPa","0.861","-0.02056","0.00035","-0.00011","0","14.7","Humid","26.25","0","52.00","348708.57","SABD0000000001","AAV1.0.0.11","2.0.0.28","PSt7-10","000000-000","10/20/2017 9:36:39 AM","0000-00","0","no battery","V"
"10/20/2017","11:22:21","5","default","957498349","OXY5","12.718","min","158.617","μmol/L","Humid","20.995","deg","95636","µV","35.793","°C","1018.000","hPa","37.0","pmil","0","55.500","deg","20.000","°C","100.000","%a.s.","22.500","deg","20.000","°C","1013.000","hPa","0.861","-0.02056","0.00035","-0.00011","0","14.7","Humid","26.25","0","52.00","348708.32","SABD0000000001","AAV1.0.0.11","2.0.0.28","PSt7-10","000000-000","10/20/2017 9:36:39 AM","0000-00","0","no battery","V"
"10/20/2017","11:22:22","5","default","957498349","OXY5","12.735","min","158.599","μmol/L","Humid","20.992","deg","95715","µV","35.803","°C","1018.000","hPa","37.0","pmil","0","55.500","deg","20.000","°C","100.000","%a.s.","22.500","deg","20.000","°C","1013.000","hPa","0.861","-0.02056","0.00035","-0.00011","0","14.7","Humid","26.25","0","52.00","348712.06","SABD0000000001","AAV1.0.0.11","2.0.0.28","PSt7-10","000000-000","10/20/2017 9:36:39 AM","0000-00","0","no battery","V"
"10/20/2017","11:22:23","5","default","957498349","OXY5","12.752","min","158.517","μmol/L","Humid","20.996","deg","95682","µV","35.807","°C","1018.000","hPa","37.0","pmil","0","55.500","deg","20.000","°C","100.000","%a.s.","22.500","deg","20.000","°C","1013.000","hPa","0.861","-0.02056","0.00035","-0.00011","0","14.7","Humid","26.25","0","52.00","348707.03","SABD0000000001","AAV1.0.0.11","2.0.0.28","PSt7-10","000000-000","10/20/2017 9:36:39 AM","0000-00","0","no battery","V"
"10/20/2017","11:22:24","5","default","957498349","OXY5","12.768","min","158.718","μmol/L","Humid","20.991","deg","95626","µV","35.786","°C","1018.000","hPa","37.0","pmil","0","55.500","deg","20.000","°C","100.000","%a.s.","22.500","deg","20.000","°C","1013.000","hPa","0.861","-0.02056","0.00035","-0.00011","0","14.7","Humid","26.25","0","52.00","348717.38","SABD0000000001","AAV1.0.0.11","2.0.0.28","PSt7-10","000000-000","10/20/2017 9:36:39 AM","0000-00","0","no battery","V"
"10/20/2017","11:22:25","5","default","957498349","OXY5","12.785","min","158.644","μmol/L","Humid","20.991","deg","95588","µV","35.798","°C","1018.000","hPa","37.0","pmil","0","55.500","deg","20.000","°C","100.000","%a.s.","22.500","deg","20.000","°C","1013.000","hPa","0.861","-0.02056","0.00035","-0.00011","0","14.7","Humid","26.25","0","52.00","348702.18","SABD0000000001","AAV1.0.0.11","2.0.0.28","PSt7-10","000000-000","10/20/2017 9:36:39 AM","0000-00","0","no battery","V"
"10/20/2017","11:22:26","5","default","957498349","OXY5","12.802","min","158.633","μmol/L","Humid","20.990","deg","95570","µV","35.802","°C","1018.000","hPa","37.0","pmil","0","55.500","deg","20.000","°C","100.000","%a.s.","22.500","deg","20.000","°C","1013.000","hPa","0.861","-0.02056","0.00035","-0.00011","0","14.7","Humid","26.25","0","52.00","348695.05","SABD0000000001","AAV1.0.0.11","2.0.0.28","PSt7-10","000000-000","10/20/2017 9:36:39 AM","0000-00","0","no battery","V"
"10/20/2017","11:22:27","5","default","957498349","OXY5","12.818","min","158.701","μmol/L","Humid","20.990","deg","95515","µV","35.791","°C","1018.000","hPa","37.0","pmil","0","55.500","deg","20.000","°C","100.000","%a.s.","22.500","deg","20.000","°C","1013.000","hPa","0.861","-0.02056","0.00035","-0.00011","0","14.7","Humid","26.25","0","52.00","348688.20","SABD0000000001","AAV1.0.0.11","2.0.0.28","PSt7-10","000000-000","10/20/2017 9:36:39 AM","0000-00","0","no battery","V"
"10/20/2017","11:22:28","5","default","957498349","OXY5","12.835","min","158.638","μmol/L","Humid","20.992","deg","95517","µV","35.796","°C","1018.000","hPa","37.0","pmil","0","55.500","deg","20.000","°C","100.000","%a.s.","22.500","deg","20.000","°C","1013.000","hPa","0.861","-0.02056","0.00035","-0.00011","0","14.7","Humid","26.25","0","52.00","348701.01","SABD0000000001","AAV1.0.0.11","2.0.0.28","PSt7-10","000000-000","10/20/2017 9:36:39 AM","0000-00","0","no battery","V"
"10/20/2017","11:22:29","5","default","957498349","OXY5","12.852","min","158.576","μmol/L","Humid","20.993","deg","95507","µV","35.805","°C","1018.000","hPa","37.0","pmil","0","55.500","deg","20.000","°C","100.000","%a.s.","22.500","deg","20.000","°C","1013.000","hPa","0.861","-0.02056","0.00035","-0.00011","0","14.7","Humid","26.25","0","52.00","348672.79","SABD0000000001","AAV1.0.0.11","2.0.0.28","PSt7-10","000000-000","10/20/2017 9:36:39 AM","0000-00","0","no battery","V"
"10/20/2017","11:22:30","5","default","957498349","OXY5","12.868","min","158.436","μmol/L","Humid","20.998","deg","95617","µV","35.816","°C","1018.000","hPa","37.0","pmil","0","55.500","deg","20.000","°C","100.000","%a.s.","22.500","deg","20.000","°C","1013.000","hPa","0.861","-0.02056","0.00035","-0.00011","0","14.7","Humid","26.25","0","52.00","348665.19","SABD0000000001","AAV1.0.0.11","2.0.0.28","PSt7-10","000000-000","10/20/2017 9:36:39 AM","0000-00","0","no battery","V"
"10/20/2017","11:22:31","5","default","957498349","OXY5","12.885","min","158.515","μmol/L","Humid","20.991","deg","95617","µV","35.820","°C","1018.000","hPa","37.0","pmil","0","55.500","deg","20.000","°C","100.000","%a.s.","22.500","deg","20.000","°C","1013.000","hPa","0.861","-0.02056","0.00035","-0.00011","0","14.7","Humid","26.25","0","52.00","348687.94","SABD0000000001","AAV1.0.0.11","2.0.0.28","PSt7-10","000000-000","10/20/2017 9:36:39 AM","0000-00","0","no battery","V"
"10/20/2017","11:22:32","5","default","957498349","OXY5","12.902","min","158.493","μmol/L","Humid","20.998","deg","95624","µV","35.806","°C","1018.000","hPa","37.0","pmil","0","55.500","deg","20.000","°C","100.000","%a.s.","22.500","deg","20.000","°C","1013.000","hPa","0.861","-0.02056","0.00035","-0.00011","0","14.7","Humid","26.25","0","52.00","348674.88","SABD0000000001","AAV1.0.0.11","2.0.0.28","PSt7-10","000000-000","10/20/2017 9:36:39 AM","0000-00","0","no battery","V"
"10/20/2017","11:22:33","5","default","957498349","OXY5","12.918","min","158.482","μmol/L","Humid","20.995","deg","95615","µV","35.815","°C","1018.000","hPa","37.0","pmil","0","55.500","deg","20.000","°C","100.000","%a.s.","22.500","deg","20.000","°C","1013.000","hPa","0.861","-0.02056","0.00035","-0.00011","0","14.7","Humid","26.25","0","52.00","348691.18","SABD0000000001","AAV1.0.0.11","2.0.0.28","PSt7-10","000000-000","10/20/2017 9:36:39 AM","0000-00","0","no battery","V"
"10/20/2017","11:22:34","5","default","957498349","OXY5","12.935","min","158.585","μmol/L","Humid","20.992","deg","95626","µV","35.805","°C","1018.000","hPa","37.0","pmil","0","55.500","deg","20.000","°C","100.000","%a.s.","22.500","deg","20.000","°C","1013.000","hPa","0.861","-0.02056","0.00035","-0.00011","0","14.7","Humid","26.25","0","52.00","348692.57","SABD0000000001","AAV1.0.0.11","2.0.0.28","PSt7-10","000000-000","10/20/2017 9:36:39 AM","0000-00","0","no battery","V"
"10/20/2017","11:22:35","5","default","957498349","OXY5","12.952","min","158.575","μmol/L","Humid","20.994","deg","95617","µV","35.802","°C","1018.000","hPa","37.0","pmil","0","55.500","deg","20.000","°C","100.000","%a.s.","22.500","deg","20.000","°C","1013.000","hPa","0.861","-0.02056","0.00035","-0.00011","0","14.7","Humid","26.25","0","52.00","348699.90","SABD0000000001","AAV1.0.0.11","2.0.0.28","PSt7-10","000000-000","10/20/2017 9:36:39 AM","0000-00","0","no battery","V"
"10/20/2017","11:22:36","5","default","957498349","OXY5","12.968","min","158.635","μmol/L","Humid","20.990","deg","95612","µV","35.802","°C","1018.000","hPa","37.0","pmil","0","55.500","deg","20.000","°C","100.000","%a.s.","22.500","deg","20.000","°C","1013.000","hPa","0.861","-0.02056","0.00035","-0.00011","0","14.7","Humid","26.25","0","52.00","348664.88","SABD0000000001","AAV1.0.0.11","2.0.0.28","PSt7-10","000000-000","10/20/2017 9:36:39 AM","0000-00","0","no battery","V"
"10/20/2017","11:22:37","5","default","957498349","OXY5","12.985","min","158.565","μmol/L","Humid","20.993","deg","95604","µV","35.806","°C","1018.000","hPa","37.0","pmil","0","55.500","deg","20.000","°C","100.000","%a.s.","22.500","deg","20.000","°C","1013.000","hPa","0.861","-0.02056","0.00035","-0.00011","0","14.7","Humid","26.25","0","52.00","348662.96","SABD0000000001","AAV1.0.0.11","2.0.0.28","PSt7-10","000000-000","10/20/2017 9:36:39 AM","0000-00","0","no battery","V"
"10/20/2017","11:22:38","5","default","957498349","OXY5","13.002","min","158.611","μmol/L","Humid","20.990","deg","95600","µV","35.806","°C","1018.000","hPa","37.0","pmil","0","55.500","deg","20.000","°C","100.000","%a.s.","22.500","deg","20.000","°C","1013.000","hPa","0.861","-0.02056","0.00035","-0.00011","0","14.7","Humid","26.25","0","52.00","348669.98","SABD0000000001","AAV1.0.0.11","2.0.0.28","PSt7-10","000000-000","10/20/2017 9:36:39 AM","0000-00","0","no battery","V"
"10/20/2017","11:22:39","5","default","957498349","OXY5","13.018","min","158.623","μmol/L","Humid","20.993","deg","95596","µV","35.797","°C","1018.000","hPa","37.0","pmil","0","55.500","deg","20.000","°C","100.000","%a.s.","22.500","deg","20.000","°C","1013.000","hPa","0.861","-0.02056","0.00035","-0.00011","0","14.7","Humid","26.25","0","52.00","348692.51","SABD0000000001","AAV1.0.0.11","2.0.0.28","PSt7-10","000000-000","10/20/2017 9:36:39 AM","0000-00","0","no battery","V"
"10/20/2017","11:22:40","5","default","957498349","OXY5","13.034","min","158.618","μmol/L","Humid","20.992","deg","95592","µV","35.800","°C","1018.000","hPa","37.0","pmil","0","55.500","deg","20.000","°C","100.000","%a.s.","22.500","deg","20.000","°C","1013.000","hPa","0.861","-0.02056","0.00035","-0.00011","0","14.7","Humid","26.25","0","52.00","348666.98","SABD0000000001","AAV1.0.0.11","2.0.0.28","PSt7-10","000000-000","10/20/2017 9:36:39 AM","0000-00","0","no battery","V"
"10/20/2017","11:22:41","5","default","957498349","OXY5","13.051","min","158.536","μmol/L","Humid","20.994","deg","95590","µV","35.809","°C","1018.000","hPa","37.0","pmil","0","55.500","deg","20.000","°C","100.000","%a.s.","22.500","deg","20.000","°C","1013.000","hPa","0.861","-0.02056","0.00035","-0.00011","0","14.7","Humid","26.25","0","52.00","348677.07","SABD0000000001","AAV1.0.0.11","2.0.0.28","PSt7-10","000000-000","10/20/2017 9:36:39 AM","0000-00","0","no battery","V"
"10/20/2017","11:22:42","5","default","957498349","OXY5","13.068","min","158.658","μmol/L","Humid","20.988","deg","95596","µV","35.803","°C","1018.000","hPa","37.0","pmil","0","55.500","deg","20.000","°C","100.000","%a.s.","22.500","deg","20.000","°C","1013.000","hPa","0.861","-0.02056","0.00035","-0.00011","0","14.7","Humid","26.25","0","52.00","348670.27","SABD0000000001","AAV1.0.0.11","2.0.0.28","PSt7-10","000000-000","10/20/2017 9:36:39 AM","0000-00","0","no battery","V"
"10/20/2017","11:22:43","5","default","957498349","OXY5","13.084","min","158.685","μmol/L","Humid","20.989","deg","95586","µV","35.796","°C","1018.000","hPa","37.0","pmil","0","55.500","deg","20.000","°C","100.000","%a.s.","22.500","deg","20.000","°C","1013.000","hPa","0.861","-0.02056","0.00035","-0.00011","0","14.7","Humid","26.25","0","52.00","348670.01","SABD0000000001","AAV1.0.0.11","2.0.0.28","PSt7-10","000000-000","10/20/2017 9:36:39 AM","0000-00","0","no battery","V"
"10/20/2017","11:22:44","5","default","957498349","OXY5","13.101","min","158.654","μmol/L","Humid","20.991","deg","95581","µV","35.796","°C","1018.000","hPa","37.0","pmil","0","55.500","deg","20.000","°C","100.000","%a.s.","22.500","deg","20.000","°C","1013.000","hPa","0.861","-0.02056","0.00035","-0.00011","0","14.7","Humid","26.25","0","52.00","348669.72","SABD0000000001","AAV1.0.0.11","2.0.0.28","PSt7-10","000000-000","10/20/2017 9:36:39 AM","0000-00","0","no battery","V"
"10/20/2017","11:22:45","5","default","957498349","OXY5","13.118","min","158.579","μmol/L","Humid","20.989","deg","95574","µV","35.814","°C","1018.000","hPa","37.0","pmil","0","55.500","deg","20.000","°C","100.000","%a.s.","22.500","deg","20.000","°C","1013.000","hPa","0.861","-0.02056","0.00035","-0.00011","0","14.7","Humid","26.25","0","52.00","348652.53","SABD0000000001","AAV1.0.0.11","2.0.0.28","PSt7-10","000000-000","10/20/2017 9:36:39 AM","0000-00","0","no battery","V"
"10/20/2017","11:22:46","5","default","957498349","OXY5","13.134","min","158.550","μmol/L","Humid","20.994","deg","95570","µV","35.806","°C","1018.000","hPa","37.0","pmil","0","55.500","deg","20.000","°C","100.000","%a.s.","22.500","deg","20.000","°C","1013.000","hPa","0.861","-0.02056","0.00035","-0.00011","0","14.7","Humid","26.25","0","52.00","348656.84","SABD0000000001","AAV1.0.0.11","2.0.0.28","PSt7-10","000000-000","10/20/2017 9:36:39 AM","0000-00","0","no battery","V"
"10/20/2017","11:22:47","5","default","957498349","OXY5","13.151","min","158.606","μmol/L","Humid","20.994","deg","95573","µV","35.797","°C","1018.000","hPa","37.0","pmil","0","55.500","deg","20.000","°C","100.000","%a.s.","22.500","deg","20.000","°C","1013.000","hPa","0.861","-0.02056","0.00035","-0.00011","0","14.7","Humid","26.25","0","52.00","348654.16","SABD0000000001","AAV1.0.0.11","2.0.0.28","PSt7-10","000000-000","10/20/2017 9:36:39 AM","0000-00","0","no battery","V"
"10/20/2017","11:22:48","5","default","957498349","OXY5","13.168","min","158.650","μmol/L","Humid","20.989","deg","95572","µV","35.802","°C","1018.000","hPa","37.0","pmil","0","55.500","deg","20.000","°C","100.000","%a.s.","22.500","deg","20.000","°C","1013.000","hPa","0.861","-0.02056","0.00035","-0.00011","0","14.7","Humid","26.25","0","52.00","348663.33","SABD0000000001","AAV1.0.0.11","2.0.0.28","PSt7-10","000000-000","10/20/2017 9:36:39 AM","0000-00","0","no battery","V"
"10/20/2017","11:22:49","5","default","957498349","OXY5","13.184","min","158.481","μmol/L","Humid","20.993","deg","95568","µV","35.820","°C","1018.000","hPa","37.0","pmil","0","55.500","deg","20.000","°C","100.000","%a.s.","22.500","deg","20.000","°C","1013.000","hPa","0.861","-0.02056","0.00035","-0.00011","0","14.7","Humid","26.25","0","52.00","348662.75","SABD0000000001","AAV1.0.0.11","2.0.0.28","PSt7-10","000000-000","10/20/2017 9:36:39 AM","0000-00","0","no battery","V"
"10/20/2017","11:22:50","5","default","957498349","OXY5","13.201","min","158.530","μmol/L","Humid","20.992","deg","95570","µV","35.815","°C","1018.000","hPa","37.0","pmil","0","55.500","deg","20.000","°C","100.000","%a.s.","22.500","deg","20.000","°C","1013.000","hPa","0.861","-0.02056","0.00035","-0.00011","0","14.7","Humid","26.25","0","52.00","348673.59","SABD0000000001","AAV1.0.0.11","2.0.0.28","PSt7-10","000000-000","10/20/2017 9:36:39 AM","0000-00","0","no battery","V"
"10/20/2017","11:22:51","5","default","957498349","OXY5","13.218","min","158.414","μmol/L","Humid","20.993","deg","95559","µV","35.832","°C","1018.000","hPa","37.0","pmil","0","55.500","deg","20.000","°C","100.000","%a.s.","22.500","deg","20.000","°C","1013.000","hPa","0.861","-0.02056","0.00035","-0.00011","0","14.7","Humid","26.25","0","52.00","348654.35","SABD0000000001","AAV1.0.0.11","2.0.0.28","PSt7-10","000000-000","10/20/2017 9:36:39 AM","0000-00","0","no battery","V"
"10/20/2017","11:22:52","5","default","957498349","OXY5","13.235","min","158.636","μmol/L","Humid","20.988","deg","95559","µV","35.807","°C","1018.000","hPa","37.0","pmil","0","55.500","deg","20.000","°C","100.000","%a.s.","22.500","deg","20.000","°C","1013.000","hPa","0.861","-0.02056","0.00035","-0.00011","0","14.7","Humid","26.25","0","52.00","348649.44","SABD0000000001","AAV1.0.0.11","2.0.0.28","PSt7-10","000000-000","10/20/2017 9:36:39 AM","0000-00","0","no battery","V"
"10/20/2017","11:22:53","5","default","957498349","OXY5","13.251","min","158.641","μmol/L","Humid","20.987","deg","95558","µV","35.808","°C","1018.000","hPa","37.0","pmil","0","55.500","deg","20.000","°C","100.000","%a.s.","22.500","deg","20.000","°C","1013.000","hPa","0.861","-0.02056","0.00035","-0.00011","0","14.7","Humid","26.25","0","52.00","348649.85","SABD0000000001","AAV1.0.0.11","2.0.0.28","PSt7-10","000000-000","10/20/2017 9:36:39 AM","0000-00","0","no battery","V"
"10/20/2017","11:22:54","5","default","957498349","OXY5","13.268","min","158.522","μmol/L","Humid","20.991","deg","95555","µV","35.818","°C","1018.000","hPa","37.0","pmil","0","55.500","deg","20.000","°C","100.000","%a.s.","22.500","deg","20.000","°C","1013.000","hPa","0.861","-0.02056","0.00035","-0.00011","0","14.7","Humid","26.25","0","52.00","348639.60","SABD0000000001","AAV1.0.0.11","2.0.0.28","PSt7-10","000000-000","10/20/2017 9:36:39 AM","0000-00","0","no battery","V"
"10/20/2017","11:22:55","5","default","957498349","OXY5","13.285","min","158.491","μmol/L","Humid","20.993","deg","95563","µV","35.819","°C","1018.000","hPa","37.0","pmil","0","55.500","deg","20.000","°C","100.000","%a.s.","22.500","deg","20.000","°C","1013.000","hPa","0.861","-0.02056","0.00035","-0.00011","0","14.7","Humid","26.25","0","52.00","348648.54","SABD0000000001","AAV1.0.0.11","2.0.0.28","PSt7-10","000000-000","10/20/2017 9:36:39 AM","0000-00","0","no battery","V"
"10/20/2017","11:22:56","5","default","957498349","OXY5","13.301","min","158.572","μmol/L","Humid","20.987","deg","95561","µV","35.819","°C","1018.000","hPa","37.0","pmil","0","55.500","deg","20.000","°C","100.000","%a.s.","22.500","deg","20.000","°C","1013.000","hPa","0.861","-0.02056","0.00035","-0.00011","0","14.7","Humid","26.25","0","52.00","348648.16","SABD0000000001","AAV1.0.0.11","2.0.0.28","PSt7-10","000000-000","10/20/2017 9:36:39 AM","0000-00","0","no battery","V"
"10/20/2017","11:22:57","5","default","957498349","OXY5","13.318","min","158.524","μmol/L","Humid","20.992","deg","95569","µV","35.816","°C","1018.000","hPa","37.0","pmil","0","55.500","deg","20.000","°C","100.000","%a.s.","22.500","deg","20.000","°C","1013.000","hPa","0.861","-0.02056","0.00035","-0.00011","0","14.7","Humid","26.25","0","52.00","348643.70","SABD0000000001","AAV1.0.0.11","2.0.0.28","PSt7-10","000000-000","10/20/2017 9:36:39 AM","0000-00","0","no battery","V"
"10/20/2017","11:22:58","5","default","957498349","OXY5","13.335","min","158.592","μmol/L","Humid","20.992","deg","95560","µV","35.804","°C","1018.000","hPa","37.0","pmil","0","55.500","deg","20.000","°C","100.000","%a.s.","22.500","deg","20.000","°C","1013.000","hPa","0.861","-0.02056","0.00035","-0.00011","0","14.7","Humid","26.25","0","52.00","348651.00","SABD0000000001","AAV1.0.0.11","2.0.0.28","PSt7-10","000000-000","10/20/2017 9:36:39 AM","0000-00","0","no battery","V"
"10/20/2017","11:22:59","5","default","957498349","OXY5","13.351","min","158.570","μmol/L","Humid","20.989","deg","95562","µV","35.815","°C","1018.000","hPa","37.0","pmil","0","55.500","deg","20.000","°C","100.000","%a.s.","22.500","deg","20.000","°C","1013.000","hPa","0.861","-0.02056","0.00035","-0.00011","0","14.7","Humid","26.25","0","52.00","348639.70","SABD0000000001","AAV1.0.0.11","2.0.0.28","PSt7-10","000000-000","10/20/2017 9:36:39 AM","0000-00","0","no battery","V"
"10/20/2017","11:23:00","5","default","957498349","OXY5","13.368","min","158.466","μmol/L","Humid","20.991","deg","95550","µV","35.828","°C","1018.000","hPa","37.0","pmil","0","55.500","deg","20.000","°C","100.000","%a.s.","22.500","deg","20.000","°C","1013.000","hPa","0.861","-0.02056","0.00035","-0.00011","0","14.7","Humid","26.25","0","52.00","348633.93","SABD0000000001","AAV1.0.0.11","2.0.0.28","PSt7-10","000000-000","10/20/2017 9:36:39 AM","0000-00","0","no battery","V"
"10/20/2017","11:23:01","5","default","957498349","OXY5","13.385","min","158.565","μmol/L","Humid","20.991","deg","95556","µV","35.811","°C","1018.000","hPa","37.0","pmil","0","55.500","deg","20.000","°C","100.000","%a.s.","22.500","deg","20.000","°C","1013.000","hPa","0.861","-0.02056","0.00035","-0.00011","0","14.7","Humid","26.25","0","52.00","348636.04","SABD0000000001","AAV1.0.0.11","2.0.0.28","PSt7-10","000000-000","10/20/2017 9:36:39 AM","0000-00","0","no battery","V"
"10/20/2017","11:23:02","5","default","957498349","OXY5","13.401","min","158.656","μmol/L","Humid","20.986","deg","95552","µV","35.808","°C","1018.000","hPa","37.0","pmil","0","55.500","deg","20.000","°C","100.000","%a.s.","22.500","deg","20.000","°C","1013.000","hPa","0.861","-0.02056","0.00035","-0.00011","0","14.7","Humid","26.25","0","52.00","348617.86","SABD0000000001","AAV1.0.0.11","2.0.0.28","PSt7-10","000000-000","10/20/2017 9:36:39 AM","0000-00","0","no battery","V"
"10/20/2017","11:23:03","5","default","957498349","OXY5","13.418","min","158.525","μmol/L","Humid","20.993","deg","95547","µV","35.813","°C","1018.000","hPa","37.0","pmil","0","55.500","deg","20.000","°C","100.000","%a.s.","22.500","deg","20.000","°C","1013.000","hPa","0.861","-0.02056","0.00035","-0.00011","0","14.7","Humid","26.25","0","52.00","348623.32","SABD0000000001","AAV1.0.0.11","2.0.0.28","PSt7-10","000000-000","10/20/2017 9:36:39 AM","0000-00","0","no battery","V"
"10/20/2017","11:23:04","5","default","957498349","OXY5","13.435","min","158.547","μmol/L","Humid","20.992","deg","95547","µV","35.812","°C","1018.000","hPa","37.0","pmil","0","55.500","deg","20.000","°C","100.000","%a.s.","22.500","deg","20.000","°C","1013.000","hPa","0.861","-0.02056","0.00035","-0.00011","0","14.7","Humid","26.25","0","52.00","348614.44","SABD0000000001","AAV1.0.0.11","2.0.0.28","PSt7-10","000000-000","10/20/2017 9:36:39 AM","0000-00","0","no battery","V"
"10/20/2017","11:23:05","5","default","957498349","OXY5","13.451","min","158.536","μmol/L","Humid","20.997","deg","95553","µV","35.802","°C","1018.000","hPa","37.0","pmil","0","55.500","deg","20.000","°C","100.000","%a.s.","22.500","deg","20.000","°C","1013.000","hPa","0.861","-0.02056","0.00035","-0.00011","0","14.7","Humid","26.25","0","52.00","348617.96","SABD0000000001","AAV1.0.0.11","2.0.0.28","PSt7-10","000000-000","10/20/2017 9:36:39 AM","0000-00","0","no battery","V"
"10/20/2017","11:23:06","5","default","957498349","OXY5","13.468","min","158.560","μmol/L","Humid","20.993","deg","95540","µV","35.807","°C","1018.000","hPa","37.0","pmil","0","55.500","deg","20.000","°C","100.000","%a.s.","22.500","deg","20.000","°C","1013.000","hPa","0.861","-0.02056","0.00035","-0.00011","0","14.7","Humid","26.25","0","52.00","348614.92","SABD0000000001","AAV1.0.0.11","2.0.0.28","PSt7-10","000000-000","10/20/2017 9:36:39 AM","0000-00","0","no battery","V"
"10/20/2017","11:23:07","5","default","957498349","OXY5","13.485","min","158.770","μmol/L","Humid","20.986","deg","95541","µV","35.789","°C","1018.000","hPa","37.0","pmil","0","55.500","deg","20.000","°C","100.000","%a.s.","22.500","deg","20.000","°C","1013.000","hPa","0.861","-0.02056","0.00035","-0.00011","0","14.7","Humid","26.25","0","52.00","348618.27","SABD0000000001","AAV1.0.0.11","2.0.0.28","PSt7-10","000000-000","10/20/2017 9:36:39 AM","0000-00","0","no battery","V"
"10/20/2017","11:23:08","5","default","957498349","OXY5","13.501","min","158.465","μmol/L","Humid","20.992","deg","95542","µV","35.825","°C","1018.000","hPa","37.0","pmil","0","55.500","deg","20.000","°C","100.000","%a.s.","22.500","deg","20.000","°C","1013.000","hPa","0.861","-0.02056","0.00035","-0.00011","0","14.7","Humid","26.25","0","52.00","348610.64","SABD0000000001","AAV1.0.0.11","2.0.0.28","PSt7-10","000000-000","10/20/2017 9:36:39 AM","0000-00","0","no battery","V"
"10/20/2017","11:23:09","5","default","957498349","OXY5","13.518","min","158.451","μmol/L","Humid","20.993","deg","95534","µV","35.825","°C","1018.000","hPa","37.0","pmil","0","55.500","deg","20.000","°C","100.000","%a.s.","22.500","deg","20.000","°C","1013.000","hPa","0.861","-0.02056","0.00035","-0.00011","0","14.7","Humid","26.25","0","52.00","348614.62","SABD0000000001","AAV1.0.0.11","2.0.0.28","PSt7-10","000000-000","10/20/2017 9:36:39 AM","0000-00","0","no battery","V"
"10/20/2017","11:23:10","5","default","957498349","OXY5","13.535","min","158.549","μmol/L","Humid","20.989","deg","95539","µV","35.819","°C","1018.000","hPa","37.0","pmil","0","55.500","deg","20.000","°C","100.000","%a.s.","22.500","deg","20.000","°C","1013.000","hPa","0.861","-0.02056","0.00035","-0.00011","0","14.7","Humid","26.25","0","52.00","348623.45","SABD0000000001","AAV1.0.0.11","2.0.0.28","PSt7-10","000000-000","10/20/2017 9:36:39 AM","0000-00","0","no battery","V"
"10/20/2017","11:23:11","5","default","957498349","OXY5","13.551","min","158.576","μmol/L","Humid","20.989","deg","95522","µV","35.814","°C","1018.000","hPa","37.0","pmil","0","55.500","deg","20.000","°C","100.000","%a.s.","22.500","deg","20.000","°C","1013.000","hPa","0.861","-0.02056","0.00035","-0.00011","0","14.7","Humid","26.25","0","52.00","348610.59","SABD0000000001","AAV1.0.0.11","2.0.0.28","PSt7-10","000000-000","10/20/2017 9:36:39 AM","0000-00","0","no battery","V"
"10/20/2017","11:23:12","5","default","957498349","OXY5","13.568","min","158.555","μmol/L","Humid","20.990","deg","95533","µV","35.815","°C","1018.000","hPa","37.0","pmil","0","55.500","deg","20.000","°C","100.000","%a.s.","22.500","deg","20.000","°C","1013.000","hPa","0.861","-0.02056","0.00035","-0.00011","0","14.7","Humid","26.25","0","52.00","348618.49","SABD0000000001","AAV1.0.0.11","2.0.0.28","PSt7-10","000000-000","10/20/2017 9:36:39 AM","0000-00","0","no battery","V"
"10/20/2017","11:23:13","5","default","957498349","OXY5","13.585","min","158.470","μmol/L","Humid","20.988","deg","95536","µV","35.834","°C","1018.000","hPa","37.0","pmil","0","55.500","deg","20.000","°C","100.000","%a.s.","22.500","deg","20.000","°C","1013.000","hPa","0.861","-0.02056","0.00035","-0.00011","0","14.7","Humid","26.25","0","52.00","348616.00","SABD0000000001","AAV1.0.0.11","2.0.0.28","PSt7-10","000000-000","10/20/2017 9:36:39 AM","0000-00","0","no battery","V"
"10/20/2017","11:23:14","5","default","957498349","OXY5","13.601","min","158.606","μmol/L","Humid","20.987","deg","95522","µV","35.814","°C","1018.000","hPa","37.0","pmil","0","55.500","deg","20.000","°C","100.000","%a.s.","22.500","deg","20.000","°C","1013.000","hPa","0.861","-0.02056","0.00035","-0.00011","0","14.7","Humid","26.25","0","52.00","348605.10","SABD0000000001","AAV1.0.0.11","2.0.0.28","PSt7-10","000000-000","10/20/2017 9:36:39 AM","0000-00","0","no battery","V"
"10/20/2017","11:23:15","5","default","957498349","OXY5","13.618","min","158.558","μmol/L","Humid","20.992","deg","95520","µV","35.810","°C","1018.000","hPa","37.0","pmil","0","55.500","deg","20.000","°C","100.000","%a.s.","22.500","deg","20.000","°C","1013.000","hPa","0.861","-0.02056","0.00035","-0.00011","0","14.7","Humid","26.25","0","52.00","348594.70","SABD0000000001","AAV1.0.0.11","2.0.0.28","PSt7-10","000000-000","10/20/2017 9:36:39 AM","0000-00","0","no battery","V"
"10/20/2017","11:23:16","5","default","957498349","OXY5","13.635","min","158.635","μmol/L","Humid","20.989","deg","95527","µV","35.804","°C","1018.000","hPa","37.0","pmil","0","55.500","deg","20.000","°C","100.000","%a.s.","22.500","deg","20.000","°C","1013.000","hPa","0.861","-0.02056","0.00035","-0.00011","0","14.7","Humid","26.25","0","52.00","348598.89","SABD0000000001","AAV1.0.0.11","2.0.0.28","PSt7-10","000000-000","10/20/2017 9:36:39 AM","0000-00","0","no battery","V"
"10/20/2017","11:23:17","5","default","957498349","OXY5","13.651","min","158.630","μmol/L","Humid","20.988","deg","95518","µV","35.807","°C","1018.000","hPa","37.0","pmil","0","55.500","deg","20.000","°C","100.000","%a.s.","22.500","deg","20.000","°C","1013.000","hPa","0.861","-0.02056","0.00035","-0.00011","0","14.7","Humid","26.25","0","52.00","348615.59","SABD0000000001","AAV1.0.0.11","2.0.0.28","PSt7-10","000000-000","10/20/2017 9:36:39 AM","0000-00","0","no battery","V"
"10/20/2017","11:23:18","5","default","957498349","OXY5","13.668","min","158.524","μmol/L","Humid","20.991","deg","95514","µV","35.818","°C","1018.000","hPa","37.0","pmil","0","55.500","deg","20.000","°C","100.000","%a.s.","22.500","deg","20.000","°C","1013.000","hPa","0.861","-0.02056","0.00035","-0.00011","0","14.7","Humid","26.25","0","52.00","348601.01","SABD0000000001","AAV1.0.0.11","2.0.0.28","PSt7-10","000000-000","10/20/2017 9:36:39 AM","0000-00","0","no battery","V"
"10/20/2017","11:23:19","5","default","957498349","OXY5","13.685","min","158.601","μmol/L","Humid","20.987","deg","95517","µV","35.815","°C","1018.000","hPa","37.0","pmil","0","55.500","deg","20.000","°C","100.000","%a.s.","22.500","deg","20.000","°C","1013.000","hPa","0.861","-0.02056","0.00035","-0.00011","0","14.7","Humid","26.25","0","52.00","348591.45","SABD0000000001","AAV1.0.0.11","2.0.0.28","PSt7-10","000000-000","10/20/2017 9:36:39 AM","0000-00","0","no battery","V"
"10/20/2017","11:23:20","5","default","957498349","OXY5","13.701","min","158.547","μmol/L","Humid","20.989","deg","95509","µV","35.819","°C","1018.000","hPa","37.0","pmil","0","55.500","deg","20.000","°C","100.000","%a.s.","22.500","deg","20.000","°C","1013.000","hPa","0.861","-0.02056","0.00035","-0.00011","0","14.7","Humid","26.25","0","52.00","348582.73","SABD0000000001","AAV1.0.0.11","2.0.0.28","PSt7-10","000000-000","10/20/2017 9:36:39 AM","0000-00","0","no battery","V"
"10/20/2017","11:23:21","5","default","957498349","OXY5","13.718","min","158.546","μmol/L","Humid","20.988","deg","95512","µV","35.821","°C","1018.000","hPa","37.0","pmil","0","55.500","deg","20.000","°C","100.000","%a.s.","22.500","deg","20.000","°C","1013.000","hPa","0.861","-0.02056","0.00035","-0.00011","0","14.7","Humid","26.25","0","52.00","348597.87","SABD0000000001","AAV1.0.0.11","2.0.0.28","PSt7-10","000000-000","10/20/2017 9:36:39 AM","0000-00","0","no battery","V"
"10/20/2017","11:23:22","5","default","957498349","OXY5","13.735","min","158.556","μmol/L","Humid","20.987","deg","95510","µV","35.822","°C","1018.000","hPa","37.0","pmil","0","55.500","deg","20.000","°C","100.000","%a.s.","22.500","deg","20.000","°C","1013.000","hPa","0.861","-0.02056","0.00035","-0.00011","0","14.7","Humid","26.25","0","52.00","348582.66","SABD0000000001","AAV1.0.0.11","2.0.0.28","PSt7-10","000000-000","10/20/2017 9:36:39 AM","0000-00","0","no battery","V"
"10/20/2017","11:23:23","5","default","957498349","OXY5","13.751","min","158.569","μmol/L","Humid","20.989","deg","95511","µV","35.815","°C","1018.000","hPa","37.0","pmil","0","55.500","deg","20.000","°C","100.000","%a.s.","22.500","deg","20.000","°C","1013.000","hPa","0.861","-0.02056","0.00035","-0.00011","0","14.7","Humid","26.25","0","52.00","348579.83","SABD0000000001","AAV1.0.0.11","2.0.0.28","PSt7-10","000000-000","10/20/2017 9:36:39 AM","0000-00","0","no battery","V"
"10/20/2017","11:23:24","5","default","957498349","OXY5","13.768","min","158.555","μmol/L","Humid","20.991","deg","95504","µV","35.813","°C","1018.000","hPa","37.0","pmil","0","55.500","deg","20.000","°C","100.000","%a.s.","22.500","deg","20.000","°C","1013.000","hPa","0.861","-0.02056","0.00035","-0.00011","0","14.7","Humid","26.25","0","52.00","348589.69","SABD0000000001","AAV1.0.0.11","2.0.0.28","PSt7-10","000000-000","10/20/2017 9:36:39 AM","0000-00","0","no battery","V"
"10/20/2017","11:23:25","5","default","957498349","OXY5","13.785","min","158.638","μmol/L","Humid","20.986","deg","95501","µV","35.811","°C","1018.000","hPa","37.0","pmil","0","55.500","deg","20.000","°C","100.000","%a.s.","22.500","deg","20.000","°C","1013.000","hPa","0.861","-0.02056","0.00035","-0.00011","0","14.7","Humid","26.25","0","52.00","348584.14","SABD0000000001","AAV1.0.0.11","2.0.0.28","PSt7-10","000000-000","10/20/2017 9:36:39 AM","0000-00","0","no battery","V"
"10/20/2017","11:23:26","5","default","957498349","OXY5","13.801","min","158.639","μmol/L","Humid","20.986","deg","95499","µV","35.811","°C","1018.000","hPa","37.0","pmil","0","55.500","deg","20.000","°C","100.000","%a.s.","22.500","deg","20.000","°C","1013.000","hPa","0.861","-0.02056","0.00035","-0.00011","0","14.7","Humid","26.25","0","52.00","348578.41","SABD0000000001","AAV1.0.0.11","2.0.0.28","PSt7-10","000000-000","10/20/2017 9:36:39 AM","0000-00","0","no battery","V"
"10/20/2017","11:23:27","5","default","957498349","OXY5","13.818","min","158.538","μmol/L","Humid","20.987","deg","95506","µV","35.825","°C","1018.000","hPa","37.0","pmil","0","55.500","deg","20.000","°C","100.000","%a.s.","22.500","deg","20.000","°C","1013.000","hPa","0.861","-0.02056","0.00035","-0.00011","0","14.7","Humid","26.25","0","52.00","348578.08","SABD0000000001","AAV1.0.0.11","2.0.0.28","PSt7-10","000000-000","10/20/2017 9:36:39 AM","0000-00","0","no battery","V"
"10/20/2017","11:23:28","5","default","957498349","OXY5","13.835","min","158.613","μmol/L","Humid","20.986","deg","95499","µV","35.815","°C","1018.000","hPa","37.0","pmil","0","55.500","deg","20.000","°C","100.000","%a.s.","22.500","deg","20.000","°C","1013.000","hPa","0.861","-0.02056","0.00035","-0.00011","0","14.7","Humid","26.25","0","52.00","348572.65","SABD0000000001","AAV1.0.0.11","2.0.0.28","PSt7-10","000000-000","10/20/2017 9:36:39 AM","0000-00","0","no battery","V"
"10/20/2017","11:23:29","5","default","957498349","OXY5","13.851","min","158.628","μmol/L","Humid","20.983","deg","95496","µV","35.820","°C","1018.000","hPa","37.0","pmil","0","55.500","deg","20.000","°C","100.000","%a.s.","22.500","deg","20.000","°C","1013.000","hPa","0.861","-0.02056","0.00035","-0.00011","0","14.7","Humid","26.25","0","52.00","348563.65","SABD0000000001","AAV1.0.0.11","2.0.0.28","PSt7-10","000000-000","10/20/2017 9:36:39 AM","0000-00","0","no battery","V"
"10/20/2017","11:23:30","5","default","957498349","OXY5","13.868","min","158.651","μmol/L","Humid","20.986","deg","95496","µV","35.809","°C","1018.000","hPa","37.0","pmil","0","55.500","deg","20.000","°C","100.000","%a.s.","22.500","deg","20.000","°C","1013.000","hPa","0.861","-0.02056","0.00035","-0.00011","0","14.7","Humid","26.25","0","52.00","348571.17","SABD0000000001","AAV1.0.0.11","2.0.0.28","PSt7-10","000000-000","10/20/2017 9:36:39 AM","0000-00","0","no battery","V"
"10/20/2017","11:23:31","5","default","957498349","OXY5","13.885","min","158.559","μmol/L","Humid","20.991","deg","95487","µV","35.812","°C","1018.000","hPa","37.0","pmil","0","55.500","deg","20.000","°C","100.000","%a.s.","22.500","deg","20.000","°C","1013.000","hPa","0.861","-0.02056","0.00035","-0.00011","0","14.7","Humid","26.25","0","52.00","348563.48","SABD0000000001","AAV1.0.0.11","2.0.0.28","PSt7-10","000000-000","10/20/2017 9:36:39 AM","0000-00","0","no battery","V"
"10/20/2017","11:23:32","5","default","957498349","OXY5","13.901","min","158.512","μmol/L","Humid","20.988","deg","95492","µV","35.827","°C","1018.000","hPa","37.0","pmil","0","55.500","deg","20.000","°C","100.000","%a.s.","22.500","deg","20.000","°C","1013.000","hPa","0.861","-0.02056","0.00035","-0.00011","0","14.7","Humid","26.25","0","52.00","348574.07","SABD0000000001","AAV1.0.0.11","2.0.0.28","PSt7-10","000000-000","10/20/2017 9:36:39 AM","0000-00","0","no battery","V"
"10/20/2017","11:23:33","5","default","957498349","OXY5","13.918","min","158.504","μmol/L","Humid","20.986","deg","95488","µV","35.833","°C","1018.000","hPa","37.0","pmil","0","55.500","deg","20.000","°C","100.000","%a.s.","22.500","deg","20.000","°C","1013.000","hPa","0.861","-0.02056","0.00035","-0.00011","0","14.7","Humid","26.25","0","52.00","348578.72","SABD0000000001","AAV1.0.0.11","2.0.0.28","PSt7-10","000000-000","10/20/2017 9:36:39 AM","0000-00","0","no battery","V"
"10/20/2017","11:23:34","5","default","957498349","OXY5","13.935","min","158.569","μmol/L","Humid","20.984","deg","95487","µV","35.827","°C","1018.000","hPa","37.0","pmil","0","55.500","deg","20.000","°C","100.000","%a.s.","22.500","deg","20.000","°C","1013.000","hPa","0.861","-0.02056","0.00035","-0.00011","0","14.7","Humid","26.25","0","52.00","348564.46","SABD0000000001","AAV1.0.0.11","2.0.0.28","PSt7-10","000000-000","10/20/2017 9:36:39 AM","0000-00","0","no battery","V"
"10/20/2017","11:23:35","5","default","957498349","OXY5","13.951","min","158.682","μmol/L","Humid","20.982","deg","95481","µV","35.813","°C","1018.000","hPa","37.0","pmil","0","55.500","deg","20.000","°C","100.000","%a.s.","22.500","deg","20.000","°C","1013.000","hPa","0.861","-0.02056","0.00035","-0.00011","0","14.7","Humid","26.25","0","52.00","348560.80","SABD0000000001","AAV1.0.0.11","2.0.0.28","PSt7-10","000000-000","10/20/2017 9:36:39 AM","0000-00","0","no battery","V"
"10/20/2017","11:23:36","5","default","957498349","OXY5","13.968","min","158.598","μmol/L","Humid","20.990","deg","95480","µV","35.808","°C","1018.000","hPa","37.0","pmil","0","55.500","deg","20.000","°C","100.000","%a.s.","22.500","deg","20.000","°C","1013.000","hPa","0.861","-0.02056","0.00035","-0.00011","0","14.7","Humid","26.25","0","52.00","348560.44","SABD0000000001","AAV1.0.0.11","2.0.0.28","PSt7-10","000000-000","10/20/2017 9:36:39 AM","0000-00","0","no battery","V"
"10/20/2017","11:23:37","5","default","957498349","OXY5","13.985","min","158.537","μmol/L","Humid","20.988","deg","95482","µV","35.823","°C","1018.000","hPa","37.0","pmil","0","55.500","deg","20.000","°C","100.000","%a.s.","22.500","deg","20.000","°C","1013.000","hPa","0.861","-0.02056","0.00035","-0.00011","0","14.7","Humid","26.25","0","52.00","348562.51","SABD0000000001","AAV1.0.0.11","2.0.0.28","PSt7-10","000000-000","10/20/2017 9:36:39 AM","0000-00","0","no battery","V"
"10/20/2017","11:23:38","5","default","957498349","OXY5","14.001","min","158.587","μmol/L","Humid","20.987","deg","95481","µV","35.817","°C","1018.000","hPa","37.0","pmil","0","55.500","deg","20.000","°C","100.000","%a.s.","22.500","deg","20.000","°C","1013.000","hPa","0.861","-0.02056","0.00035","-0.00011","0","14.7","Humid","26.25","0","52.00","348573.78","SABD0000000001","AAV1.0.0.11","2.0.0.28","PSt7-10","000000-000","10/20/2017 9:36:39 AM","0000-00","0","no battery","V"
"10/20/2017","11:23:39","5","default","957498349","OXY5","14.018","min","158.525","μmol/L","Humid","20.989","deg","95469","µV","35.823","°C","1018.000","hPa","37.0","pmil","0","55.500","deg","20.000","°C","100.000","%a.s.","22.500","deg","20.000","°C","1013.000","hPa","0.861","-0.02056","0.00035","-0.00011","0","14.7","Humid","26.25","0","52.00","348567.64","SABD0000000001","AAV1.0.0.11","2.0.0.28","PSt7-10","000000-000","10/20/2017 9:36:39 AM","0000-00","0","no battery","V"
"10/20/2017","11:23:40","5","default","957498349","OXY5","14.035","min","158.593","μmol/L","Humid","20.989","deg","95472","µV","35.811","°C","1018.000","hPa","37.0","pmil","0","55.500","deg","20.000","°C","100.000","%a.s.","22.500","deg","20.000","°C","1013.000","hPa","0.861","-0.02056","0.00035","-0.00011","0","14.7","Humid","26.25","0","52.00","348559.41","SABD0000000001","AAV1.0.0.11","2.0.0.28","PSt7-10","000000-000","10/20/2017 9:36:39 AM","0000-00","0","no battery","V"
"10/20/2017","11:23:41","5","default","957498349","OXY5","14.051","min","158.479","μmol/L","Humid","20.989","deg","95471","µV","35.830","°C","1018.000","hPa","37.0","pmil","0","55.500","deg","20.000","°C","100.000","%a.s.","22.500","deg","20.000","°C","1013.000","hPa","0.861","-0.02056","0.00035","-0.00011","0","14.7","Humid","26.25","0","52.00","348582.34","SABD0000000001","AAV1.0.0.11","2.0.0.28","PSt7-10","000000-000","10/20/2017 9:36:39 AM","0000-00","0","no battery","V"
"10/20/2017","11:23:42","5","default","957498349","OXY5","14.068","min","158.548","μmol/L","Humid","20.988","deg","95473","µV","35.821","°C","1018.000","hPa","37.0","pmil","0","55.500","deg","20.000","°C","100.000","%a.s.","22.500","deg","20.000","°C","1013.000","hPa","0.861","-0.02056","0.00035","-0.00011","0","14.7","Humid","26.25","0","52.00","348560.39","SABD0000000001","AAV1.0.0.11","2.0.0.28","PSt7-10","000000-000","10/20/2017 9:36:39 AM","0000-00","0","no battery","V"
"10/20/2017","11:23:43","5","default","957498349","OXY5","14.085","min","158.560","μmol/L","Humid","20.986","deg","95475","µV","35.824","°C","1018.000","hPa","37.0","pmil","0","55.500","deg","20.000","°C","100.000","%a.s.","22.500","deg","20.000","°C","1013.000","hPa","0.861","-0.02056","0.00035","-0.00011","0","14.7","Humid","26.25","0","52.00","348574.81","SABD0000000001","AAV1.0.0.11","2.0.0.28","PSt7-10","000000-000","10/20/2017 9:36:39 AM","0000-00","0","no battery","V"
"10/20/2017","11:23:44","5","default","957498349","OXY5","14.101","min","158.650","μmol/L","Humid","20.986","deg","95469","µV","35.809","°C","1018.000","hPa","37.0","pmil","0","55.500","deg","20.000","°C","100.000","%a.s.","22.500","deg","20.000","°C","1013.000","hPa","0.861","-0.02056","0.00035","-0.00011","0","14.7","Humid","26.25","0","52.00","348576.96","SABD0000000001","AAV1.0.0.11","2.0.0.28","PSt7-10","000000-000","10/20/2017 9:36:39 AM","0000-00","0","no battery","V"
"10/20/2017","11:23:45","5","default","957498349","OXY5","14.118","min","158.598","μmol/L","Humid","20.988","deg","95459","µV","35.813","°C","1018.000","hPa","37.0","pmil","0","55.500","deg","20.000","°C","100.000","%a.s.","22.500","deg","20.000","°C","1013.000","hPa","0.861","-0.02056","0.00035","-0.00011","0","14.7","Humid","26.25","0","52.00","348566.12","SABD0000000001","AAV1.0.0.11","2.0.0.28","PSt7-10","000000-000","10/20/2017 9:36:39 AM","0000-00","0","no battery","V"
"10/20/2017","11:23:46","5","default","957498349","OXY5","14.135","min","158.608","μmol/L","Humid","20.985","deg","95465","µV","35.818","°C","1018.000","hPa","37.0","pmil","0","55.500","deg","20.000","°C","100.000","%a.s.","22.500","deg","20.000","°C","1013.000","hPa","0.861","-0.02056","0.00035","-0.00011","0","14.7","Humid","26.25","0","52.00","348566.40","SABD0000000001","AAV1.0.0.11","2.0.0.28","PSt7-10","000000-000","10/20/2017 9:36:39 AM","0000-00","0","no battery","V"
"10/20/2017","11:23:47","5","default","957498349","OXY5","14.151","min","158.475","μmol/L","Humid","20.985","deg","95457","µV","35.840","°C","1018.000","hPa","37.0","pmil","0","55.500","deg","20.000","°C","100.000","%a.s.","22.500","deg","20.000","°C","1013.000","hPa","0.861","-0.02056","0.00035","-0.00011","0","14.7","Humid","26.25","0","52.00","348543.90","SABD0000000001","AAV1.0.0.11","2.0.0.28","PSt7-10","000000-000","10/20/2017 9:36:39 AM","0000-00","0","no battery","V"
"10/20/2017","11:23:48","5","default","957498349","OXY5","14.168","min","158.608","μmol/L","Humid","20.984","deg","95457","µV","35.821","°C","1018.000","hPa","37.0","pmil","0","55.500","deg","20.000","°C","100.000","%a.s.","22.500","deg","20.000","°C","1013.000","hPa","0.861","-0.02056","0.00035","-0.00011","0","14.7","Humid","26.25","0","52.00","348561.52","SABD0000000001","AAV1.0.0.11","2.0.0.28","PSt7-10","000000-000","10/20/2017 9:36:39 AM","0000-00","0","no battery","V"
"10/20/2017","11:23:49","5","default","957498349","OXY5","14.185","min","158.620","μmol/L","Humid","20.986","deg","95463","µV","35.814","°C","1018.000","hPa","37.0","pmil","0","55.500","deg","20.000","°C","100.000","%a.s.","22.500","deg","20.000","°C","1013.000","hPa","0.861","-0.02056","0.00035","-0.00011","0","14.7","Humid","26.25","0","52.00","348575.52","SABD0000000001","AAV1.0.0.11","2.0.0.28","PSt7-10","000000-000","10/20/2017 9:36:39 AM","0000-00","0","no battery","V"
"10/20/2017","11:23:50","5","default","957498349","OXY5","14.201","min","158.586","μmol/L","Humid","20.981","deg","95459","µV","35.832","°C","1018.000","hPa","37.0","pmil","0","55.500","deg","20.000","°C","100.000","%a.s.","22.500","deg","20.000","°C","1013.000","hPa","0.861","-0.02056","0.00035","-0.00011","0","14.7","Humid","26.25","0","52.00","348564.40","SABD0000000001","AAV1.0.0.11","2.0.0.28","PSt7-10","000000-000","10/20/2017 9:36:39 AM","0000-00","0","no battery","V"
"10/20/2017","11:23:51","5","default","957498349","OXY5","14.218","min","158.470","μmol/L","Humid","20.983","deg","95451","µV","35.846","°C","1018.000","hPa","37.0","pmil","0","55.500","deg","20.000","°C","100.000","%a.s.","22.500","deg","20.000","°C","1013.000","hPa","0.861","-0.02056","0.00035","-0.00011","0","14.7","Humid","26.25","0","52.00","348565.70","SABD0000000001","AAV1.0.0.11","2.0.0.28","PSt7-10","000000-000","10/20/2017 9:36:39 AM","0000-00","0","no battery","V"
"10/20/2017","11:23:52","5","default","957498349","OXY5","14.235","min","158.698","μmol/L","Humid","20.981","deg","95450","µV","35.813","°C","1018.000","hPa","37.0","pmil","0","55.500","deg","20.000","°C","100.000","%a.s.","22.500","deg","20.000","°C","1013.000","hPa","0.861","-0.02056","0.00035","-0.00011","0","14.7","Humid","26.25","0","52.00","348545.79","SABD0000000001","AAV1.0.0.11","2.0.0.28","PSt7-10","000000-000","10/20/2017 9:36:39 AM","0000-00","0","no battery","V"
"10/20/2017","11:23:53","5","default","957498349","OXY5","14.252","min","158.593","μmol/L","Humid","20.985","deg","95448","µV","35.821","°C","1018.000","hPa","37.0","pmil","0","55.500","deg","20.000","°C","100.000","%a.s.","22.500","deg","20.000","°C","1013.000","hPa","0.861","-0.02056","0.00035","-0.00011","0","14.7","Humid","26.25","0","52.00","348548.90","SABD0000000001","AAV1.0.0.11","2.0.0.28","PSt7-10","000000-000","10/20/2017 9:36:39 AM","0000-00","0","no battery","V"
"10/20/2017","11:23:54","5","default","957498349","OXY5","14.268","min","158.662","μmol/L","Humid","20.983","deg","95443","µV","35.814","°C","1018.000","hPa","37.0","pmil","0","55.500","deg","20.000","°C","100.000","%a.s.","22.500","deg","20.000","°C","1013.000","hPa","0.861","-0.02056","0.00035","-0.00011","0","14.7","Humid","26.25","0","52.00","348541.08","SABD0000000001","AAV1.0.0.11","2.0.0.28","PSt7-10","000000-000","10/20/2017 9:36:39 AM","0000-00","0","no battery","V"
"10/20/2017","11:23:55","5","default","957498349","OXY5","14.285","min","158.539","μmol/L","Humid","20.985","deg","95443","µV","35.830","°C","1018.000","hPa","37.0","pmil","0","55.500","deg","20.000","°C","100.000","%a.s.","22.500","deg","20.000","°C","1013.000","hPa","0.861","-0.02056","0.00035","-0.00011","0","14.7","Humid","26.25","0","52.00","348551.11","SABD0000000001","AAV1.0.0.11","2.0.0.28","PSt7-10","000000-000","10/20/2017 9:36:39 AM","0000-00","0","no battery","V"
"10/20/2017","11:23:56","5","default","957498349","OXY5","14.302","min","158.499","μmol/L","Humid","20.987","deg","95446","µV","35.832","°C","1018.000","hPa","37.0","pmil","0","55.500","deg","20.000","°C","100.000","%a.s.","22.500","deg","20.000","°C","1013.000","hPa","0.861","-0.02056","0.00035","-0.00011","0","14.7","Humid","26.25","0","52.00","348553.42","SABD0000000001","AAV1.0.0.11","2.0.0.28","PSt7-10","000000-000","10/20/2017 9:36:39 AM","0000-00","0","no battery","V"
"10/20/2017","11:23:57","5","default","957498349","OXY5","14.318","min","158.526","μmol/L","Humid","20.986","deg","95447","µV","35.830","°C","1018.000","hPa","37.0","pmil","0","55.500","deg","20.000","°C","100.000","%a.s.","22.500","deg","20.000","°C","1013.000","hPa","0.861","-0.02056","0.00035","-0.00011","0","14.7","Humid","26.25","0","52.00","348547.64","SABD0000000001","AAV1.0.0.11","2.0.0.28","PSt7-10","000000-000","10/20/2017 9:36:39 AM","0000-00","0","no battery","V"
"10/20/2017","11:23:58","5","default","957498349","OXY5","14.335","min","158.571","μmol/L","Humid","20.983","deg","95436","µV","35.829","°C","1018.000","hPa","37.0","pmil","0","55.500","deg","20.000","°C","100.000","%a.s.","22.500","deg","20.000","°C","1013.000","hPa","0.861","-0.02056","0.00035","-0.00011","0","14.7","Humid","26.25","0","52.00","348555.83","SABD0000000001","AAV1.0.0.11","2.0.0.28","PSt7-10","000000-000","10/20/2017 9:36:39 AM","0000-00","0","no battery","V"
"10/20/2017","11:23:59","5","default","957498349","OXY5","14.352","min","158.653","μmol/L","Humid","20.985","deg","95433","µV","35.811","°C","1018.000","hPa","37.0","pmil","0","55.500","deg","20.000","°C","100.000","%a.s.","22.500","deg","20.000","°C","1013.000","hPa","0.861","-0.02056","0.00035","-0.00011","0","14.7","Humid","26.25","0","52.00","348532.48","SABD0000000001","AAV1.0.0.11","2.0.0.28","PSt7-10","000000-000","10/20/2017 9:36:39 AM","0000-00","0","no battery","V"
"10/20/2017","11:24:00","5","default","957498349","OXY5","14.368","min","158.607","μmol/L","Humid","20.983","deg","95429","µV","35.823","°C","1018.000","hPa","37.0","pmil","0","55.500","deg","20.000","°C","100.000","%a.s.","22.500","deg","20.000","°C","1013.000","hPa","0.861","-0.02056","0.00035","-0.00011","0","14.7","Humid","26.25","0","52.00","348529.86","SABD0000000001","AAV1.0.0.11","2.0.0.28","PSt7-10","000000-000","10/20/2017 9:36:39 AM","0000-00","0","no battery","V"
"10/20/2017","11:24:01","5","default","957498349","OXY5","14.385","min","158.571","μmol/L","Humid","20.986","deg","95425","µV","35.822","°C","1018.000","hPa","37.0","pmil","0","55.500","deg","20.000","°C","100.000","%a.s.","22.500","deg","20.000","°C","1013.000","hPa","0.861","-0.02056","0.00035","-0.00011","0","14.7","Humid","26.25","0","52.00","348545.34","SABD0000000001","AAV1.0.0.11","2.0.0.28","PSt7-10","000000-000","10/20/2017 9:36:39 AM","0000-00","0","no battery","V"
"10/20/2017","11:24:02","5","default","957498349","OXY5","14.402","min","158.636","μmol/L","Humid","20.982","deg","95425","µV","35.821","°C","1018.000","hPa","37.0","pmil","0","55.500","deg","20.000","°C","100.000","%a.s.","22.500","deg","20.000","°C","1013.000","hPa","0.861","-0.02056","0.00035","-0.00011","0","14.7","Humid","26.25","0","52.00","348539.43","SABD0000000001","AAV1.0.0.11","2.0.0.28","PSt7-10","000000-000","10/20/2017 9:36:39 AM","0000-00","0","no battery","V"
"10/20/2017","11:24:03","5","default","957498349","OXY5","14.418","min","158.604","μmol/L","Humid","20.985","deg","95426","µV","35.819","°C","1018.000","hPa","37.0","pmil","0","55.500","deg","20.000","°C","100.000","%a.s.","22.500","deg","20.000","°C","1013.000","hPa","0.861","-0.02056","0.00035","-0.00011","0","14.7","Humid","26.25","0","52.00","348547.59","SABD0000000001","AAV1.0.0.11","2.0.0.28","PSt7-10","000000-000","10/20/2017 9:36:39 AM","0000-00","0","no battery","V"
"10/20/2017","11:24:04","5","default","957498349","OXY5","14.435","min","158.608","μmol/L","Humid","20.989","deg","95424","µV","35.809","°C","1018.000","hPa","37.0","pmil","0","55.500","deg","20.000","°C","100.000","%a.s.","22.500","deg","20.000","°C","1013.000","hPa","0.861","-0.02056","0.00035","-0.00011","0","14.7","Humid","26.25","0","52.00","348535.24","SABD0000000001","AAV1.0.0.11","2.0.0.28","PSt7-10","000000-000","10/20/2017 9:36:39 AM","0000-00","0","no battery","V"
"10/20/2017","11:24:05","5","default","957498349","OXY5","14.452","min","158.485","μmol/L","Humid","20.984","deg","95427","µV","35.841","°C","1018.000","hPa","37.0","pmil","0","55.500","deg","20.000","°C","100.000","%a.s.","22.500","deg","20.000","°C","1013.000","hPa","0.861","-0.02056","0.00035","-0.00011","0","14.7","Humid","26.25","0","52.00","348533.26","SABD0000000001","AAV1.0.0.11","2.0.0.28","PSt7-10","000000-000","10/20/2017 9:36:39 AM","0000-00","0","no battery","V"
"10/20/2017","11:24:06","5","default","957498349","OXY5","14.468","min","158.486","μmol/L","Humid","20.984","deg","95413","µV","35.841","°C","1018.000","hPa","37.0","pmil","0","55.500","deg","20.000","°C","100.000","%a.s.","22.500","deg","20.000","°C","1013.000","hPa","0.861","-0.02056","0.00035","-0.00011","0","14.7","Humid","26.25","0","52.00","348546.11","SABD0000000001","AAV1.0.0.11","2.0.0.28","PSt7-10","000000-000","10/20/2017 9:36:39 AM","0000-00","0","no battery","V"
"10/20/2017","11:24:07","5","default","957498349","OXY5","14.485","min","158.571","μmol/L","Humid","20.984","deg","95416","µV","35.827","°C","1018.000","hPa","37.0","pmil","0","55.500","deg","20.000","°C","100.000","%a.s.","22.500","deg","20.000","°C","1013.000","hPa","0.861","-0.02056","0.00035","-0.00011","0","14.7","Humid","26.25","0","52.00","348545.03","SABD0000000001","AAV1.0.0.11","2.0.0.28","PSt7-10","000000-000","10/20/2017 9:36:39 AM","0000-00","0","no battery","V"
"10/20/2017","11:24:08","5","default","957498349","OXY5","14.502","min","158.661","μmol/L","Humid","20.979","deg","95417","µV","35.824","°C","1018.000","hPa","37.0","pmil","0","55.500","deg","20.000","°C","100.000","%a.s.","22.500","deg","20.000","°C","1013.000","hPa","0.861","-0.02056","0.00035","-0.00011","0","14.7","Humid","26.25","0","52.00","348535.76","SABD0000000001","AAV1.0.0.11","2.0.0.28","PSt7-10","000000-000","10/20/2017 9:36:39 AM","0000-00","0","no battery","V"
"10/20/2017","11:24:09","5","default","957498349","OXY5","14.518","min","158.570","μmol/L","Humid","20.983","deg","95408","µV","35.829","°C","1018.000","hPa","37.0","pmil","0","55.500","deg","20.000","°C","100.000","%a.s.","22.500","deg","20.000","°C","1013.000","hPa","0.861","-0.02056","0.00035","-0.00011","0","14.7","Humid","26.25","0","52.00","348535.18","SABD0000000001","AAV1.0.0.11","2.0.0.28","PSt7-10","000000-000","10/20/2017 9:36:39 AM","0000-00","0","no battery","V"
"10/20/2017","11:24:10","5","default","957498349","OXY5","14.535","min","158.620","μmol/L","Humid","20.981","deg","95408","µV","35.826","°C","1018.000","hPa","37.0","pmil","0","55.500","deg","20.000","°C","100.000","%a.s.","22.500","deg","20.000","°C","1013.000","hPa","0.861","-0.02056","0.00035","-0.00011","0","14.7","Humid","26.25","0","52.00","348523.82","SABD0000000001","AAV1.0.0.11","2.0.0.28","PSt7-10","000000-000","10/20/2017 9:36:39 AM","0000-00","0","no battery","V"
"10/20/2017","11:24:11","5","default","957498349","OXY5","14.552","min","158.567","μmol/L","Humid","20.982","deg","95411","µV","35.832","°C","1018.000","hPa","37.0","pmil","0","55.500","deg","20.000","°C","100.000","%a.s.","22.500","deg","20.000","°C","1013.000","hPa","0.861","-0.02056","0.00035","-0.00011","0","14.7","Humid","26.25","0","52.00","348533.63","SABD0000000001","AAV1.0.0.11","2.0.0.28","PSt7-10","000000-000","10/20/2017 9:36:39 AM","0000-00","0","no battery","V"
"10/20/2017","11:24:12","5","default","957498349","OXY5","14.568","min","158.596","μmol/L","Humid","20.985","deg","95395","µV","35.820","°C","1018.000","hPa","37.0","pmil","0","55.500","deg","20.000","°C","100.000","%a.s.","22.500","deg","20.000","°C","1013.000","hPa","0.861","-0.02056","0.00035","-0.00011","0","14.7","Humid","26.25","0","52.00","348527.71","SABD0000000001","AAV1.0.0.11","2.0.0.28","PSt7-10","000000-000","10/20/2017 9:36:39 AM","0000-00","0","no battery","V"
"10/20/2017","11:24:13","5","default","957498349","OXY5","14.585","min","158.695","μmol/L","Humid","20.981","deg","95397","µV","35.813","°C","1018.000","hPa","37.0","pmil","0","55.500","deg","20.000","°C","100.000","%a.s.","22.500","deg","20.000","°C","1013.000","hPa","0.861","-0.02056","0.00035","-0.00011","0","14.7","Humid","26.25","0","52.00","348530.98","SABD0000000001","AAV1.0.0.11","2.0.0.28","PSt7-10","000000-000","10/20/2017 9:36:39 AM","0000-00","0","no battery","V"
"10/20/2017","11:24:14","5","default","957498349","OXY5","14.602","min","158.480","μmol/L","Humid","20.986","deg","95391","µV","35.837","°C","1018.000","hPa","37.0","pmil","0","55.500","deg","20.000","°C","100.000","%a.s.","22.500","deg","20.000","°C","1013.000","hPa","0.861","-0.02056","0.00035","-0.00011","0","14.7","Humid","26.25","0","52.00","348512.61","SABD0000000001","AAV1.0.0.11","2.0.0.28","PSt7-10","000000-000","10/20/2017 9:36:39 AM","0000-00","0","no battery","V"
"10/20/2017","11:24:15","5","default","957498349","OXY5","14.618","min","158.518","μmol/L","Humid","20.984","deg","95384","µV","35.836","°C","1018.000","hPa","37.0","pmil","0","55.500","deg","20.000","°C","100.000","%a.s.","22.500","deg","20.000","°C","1013.000","hPa","0.861","-0.02056","0.00035","-0.00011","0","14.7","Humid","26.25","0","52.00","348528.46","SABD0000000001","AAV1.0.0.11","2.0.0.28","PSt7-10","000000-000","10/20/2017 9:36:39 AM","0000-00","0","no battery","V"
"10/20/2017","11:24:16","5","default","957498349","OXY5","14.635","min","158.562","μmol/L","Humid","20.979","deg","95381","µV","35.840","°C","1018.000","hPa","37.0","pmil","0","55.500","deg","20.000","°C","100.000","%a.s.","22.500","deg","20.000","°C","1013.000","hPa","0.861","-0.02056","0.00035","-0.00011","0","14.7","Humid","26.25","0","52.00","348518.14","SABD0000000001","AAV1.0.0.11","2.0.0.28","PSt7-10","000000-000","10/20/2017 9:36:39 AM","0000-00","0","no battery","V"
"10/20/2017","11:24:17","5","default","957498349","OXY5","14.652","min","158.626","μmol/L","Humid","20.979","deg","95379","µV","35.830","°C","1018.000","hPa","37.0","pmil","0","55.500","deg","20.000","°C","100.000","%a.s.","22.500","deg","20.000","°C","1013.000","hPa","0.861","-0.02056","0.00035","-0.00011","0","14.7","Humid","26.25","0","52.00","348519.14","SABD0000000001","AAV1.0.0.11","2.0.0.28","PSt7-10","000000-000","10/20/2017 9:36:39 AM","0000-00","0","no battery","V"
"10/20/2017","11:24:18","5","default","957498349","OXY5","14.668","min","158.474","μmol/L","Humid","20.986","deg","95373","µV","35.838","°C","1018.000","hPa","37.0","pmil","0","55.500","deg","20.000","°C","100.000","%a.s.","22.500","deg","20.000","°C","1013.000","hPa","0.861","-0.02056","0.00035","-0.00011","0","14.7","Humid","26.25","0","52.00","348529.30","SABD0000000001","AAV1.0.0.11","2.0.0.28","PSt7-10","000000-000","10/20/2017 9:36:39 AM","0000-00","0","no battery","V"
"10/20/2017","11:24:19","5","default","957498349","OXY5","14.685","min","158.532","μmol/L","Humid","20.982","deg","95368","µV","35.838","°C","1018.000","hPa","37.0","pmil","0","55.500","deg","20.000","°C","100.000","%a.s.","22.500","deg","20.000","°C","1013.000","hPa","0.861","-0.02056","0.00035","-0.00011","0","14.7","Humid","26.25","0","52.00","348500.00","SABD0000000001","AAV1.0.0.11","2.0.0.28","PSt7-10","000000-000","10/20/2017 9:36:39 AM","0000-00","0","no battery","V"
"10/20/2017","11:24:20","5","default","957498349","OXY5","14.702","min","158.583","μmol/L","Humid","20.984","deg","95379","µV","35.825","°C","1018.000","hPa","37.0","pmil","0","55.500","deg","20.000","°C","100.000","%a.s.","22.500","deg","20.000","°C","1013.000","hPa","0.861","-0.02056","0.00035","-0.00011","0","14.7","Humid","26.25","0","52.00","348509.02","SABD0000000001","AAV1.0.0.11","2.0.0.28","PSt7-10","000000-000","10/20/2017 9:36:39 AM","0000-00","0","no battery","V"
"10/20/2017","11:24:21","5","default","957498349","OXY5","14.718","min","158.582","μmol/L","Humid","20.982","deg","95365","µV","35.830","°C","1018.000","hPa","37.0","pmil","0","55.500","deg","20.000","°C","100.000","%a.s.","22.500","deg","20.000","°C","1013.000","hPa","0.861","-0.02056","0.00035","-0.00011","0","14.7","Humid","26.25","0","52.00","348511.15","SABD0000000001","AAV1.0.0.11","2.0.0.28","PSt7-10","000000-000","10/20/2017 9:36:39 AM","0000-00","0","no battery","V"
"10/20/2017","11:24:22","5","default","957498349","OXY5","14.735","min","158.630","μmol/L","Humid","20.981","deg","95370","µV","35.824","°C","1018.000","hPa","37.0","pmil","0","55.500","deg","20.000","°C","100.000","%a.s.","22.500","deg","20.000","°C","1013.000","hPa","0.861","-0.02056","0.00035","-0.00011","0","14.7","Humid","26.25","0","52.00","348500.67","SABD0000000001","AAV1.0.0.11","2.0.0.28","PSt7-10","000000-000","10/20/2017 9:36:39 AM","0000-00","0","no battery","V"
"10/20/2017","11:24:23","5","default","957498349","OXY5","14.752","min","158.647","μmol/L","Humid","20.982","deg","95359","µV","35.819","°C","1018.000","hPa","37.0","pmil","0","55.500","deg","20.000","°C","100.000","%a.s.","22.500","deg","20.000","°C","1013.000","hPa","0.861","-0.02056","0.00035","-0.00011","0","14.7","Humid","26.25","0","52.00","348514.72","SABD0000000001","AAV1.0.0.11","2.0.0.28","PSt7-10","000000-000","10/20/2017 9:36:39 AM","0000-00","0","no battery","V"
"10/20/2017","11:24:24","5","default","957498349","OXY5","14.768","min","158.600","μmol/L","Humid","20.983","deg","95365","µV","35.824","°C","1018.000","hPa","37.0","pmil","0","55.500","deg","20.000","°C","100.000","%a.s.","22.500","deg","20.000","°C","1013.000","hPa","0.861","-0.02056","0.00035","-0.00011","0","14.7","Humid","26.25","0","52.00","348501.63","SABD0000000001","AAV1.0.0.11","2.0.0.28","PSt7-10","000000-000","10/20/2017 9:36:39 AM","0000-00","0","no battery","V"
"10/20/2017","11:24:25","5","default","957498349","OXY5","14.785","min","158.586","μmol/L","Humid","20.979","deg","95360","µV","35.836","°C","1018.000","hPa","37.0","pmil","0","55.500","deg","20.000","°C","100.000","%a.s.","22.500","deg","20.000","°C","1013.000","hPa","0.861","-0.02056","0.00035","-0.00011","0","14.7","Humid","26.25","0","52.00","348509.21","SABD0000000001","AAV1.0.0.11","2.0.0.28","PSt7-10","000000-000","10/20/2017 9:36:39 AM","0000-00","0","no battery","V"
"10/20/2017","11:24:26","5","default","957498349","OXY5","14.802","min","158.559","μmol/L","Humid","20.981","deg","95354","µV","35.836","°C","1018.000","hPa","37.0","pmil","0","55.500","deg","20.000","°C","100.000","%a.s.","22.500","deg","20.000","°C","1013.000","hPa","0.861","-0.02056","0.00035","-0.00011","0","14.7","Humid","26.25","0","52.00","348523.89","SABD0000000001","AAV1.0.0.11","2.0.0.28","PSt7-10","000000-000","10/20/2017 9:36:39 AM","0000-00","0","no battery","V"
"10/20/2017","11:24:27","5","default","957498349","OXY5","14.818","min","158.535","μmol/L","Humid","20.983","deg","95354","µV","35.835","°C","1018.000","hPa","37.0","pmil","0","55.500","deg","20.000","°C","100.000","%a.s.","22.500","deg","20.000","°C","1013.000","hPa","0.861","-0.02056","0.00035","-0.00011","0","14.7","Humid","26.25","0","52.00","348507.03","SABD0000000001","AAV1.0.0.11","2.0.0.28","PSt7-10","000000-000","10/20/2017 9:36:39 AM","0000-00","0","no battery","V"
"10/20/2017","11:24:28","5","default","957498349","OXY5","14.835","min","158.606","μmol/L","Humid","20.979","deg","95349","µV","35.833","°C","1018.000","hPa","37.0","pmil","0","55.500","deg","20.000","°C","100.000","%a.s.","22.500","deg","20.000","°C","1013.000","hPa","0.861","-0.02056","0.00035","-0.00011","0","14.7","Humid","26.25","0","52.00","348509.31","SABD0000000001","AAV1.0.0.11","2.0.0.28","PSt7-10","000000-000","10/20/2017 9:36:39 AM","0000-00","0","no battery","V"
"10/20/2017","11:24:29","5","default","957498349","OXY5","14.852","min","158.406","μmol/L","Humid","20.987","deg","95343","µV","35.847","°C","1018.000","hPa","37.0","pmil","0","55.500","deg","20.000","°C","100.000","%a.s.","22.500","deg","20.000","°C","1013.000","hPa","0.861","-0.02056","0.00035","-0.00011","0","14.7","Humid","26.25","0","52.00","348489.81","SABD0000000001","AAV1.0.0.11","2.0.0.28","PSt7-10","000000-000","10/20/2017 9:36:39 AM","0000-00","0","no battery","V"
"10/20/2017","11:24:30","5","default","957498349","OXY5","14.868","min","158.436","μmol/L","Humid","20.985","deg","95340","µV","35.847","°C","1018.000","hPa","37.0","pmil","0","55.500","deg","20.000","°C","100.000","%a.s.","22.500","deg","20.000","°C","1013.000","hPa","0.861","-0.02056","0.00035","-0.00011","0","14.7","Humid","26.25","0","52.00","348496.51","SABD0000000001","AAV1.0.0.11","2.0.0.28","PSt7-10","000000-000","10/20/2017 9:36:39 AM","0000-00","0","no battery","V"
"10/20/2017","11:24:31","5","default","957498349","OXY5","14.885","min","158.525","μmol/L","Humid","20.985","deg","95339","µV","35.832","°C","1018.000","hPa","37.0","pmil","0","55.500","deg","20.000","°C","100.000","%a.s.","22.500","deg","20.000","°C","1013.000","hPa","0.861","-0.02056","0.00035","-0.00011","0","14.7","Humid","26.25","0","52.00","348489.92","SABD0000000001","AAV1.0.0.11","2.0.0.28","PSt7-10","000000-000","10/20/2017 9:36:39 AM","0000-00","0","no battery","V"
"10/20/2017","11:24:32","5","default","957498349","OXY5","14.902","min","158.587","μmol/L","Humid","20.983","deg","95335","µV","35.827","°C","1018.000","hPa","37.0","pmil","0","55.500","deg","20.000","°C","100.000","%a.s.","22.500","deg","20.000","°C","1013.000","hPa","0.861","-0.02056","0.00035","-0.00011","0","14.7","Humid","26.25","0","52.00","348479.38","SABD0000000001","AAV1.0.0.11","2.0.0.28","PSt7-10","000000-000","10/20/2017 9:36:39 AM","0000-00","0","no battery","V"
"10/20/2017","11:24:33","5","default","957498349","OXY5","14.918","min","158.466","μmol/L","Humid","20.983","deg","95332","µV","35.847","°C","1018.000","hPa","37.0","pmil","0","55.500","deg","20.000","°C","100.000","%a.s.","22.500","deg","20.000","°C","1013.000","hPa","0.861","-0.02056","0.00035","-0.00011","0","14.7","Humid","26.25","0","52.00","348470.01","SABD0000000001","AAV1.0.0.11","2.0.0.28","PSt7-10","000000-000","10/20/2017 9:36:39 AM","0000-00","0","no battery","V"
"10/20/2017","11:24:34","5","default","957498349","OXY5","14.935","min","158.599","μmol/L","Humid","20.980","deg","95338","µV","35.832","°C","1018.000","hPa","37.0","pmil","0","55.500","deg","20.000","°C","100.000","%a.s.","22.500","deg","20.000","°C","1013.000","hPa","0.861","-0.02056","0.00035","-0.00011","0","14.7","Humid","26.25","0","52.00","348493.09","SABD0000000001","AAV1.0.0.11","2.0.0.28","PSt7-10","000000-000","10/20/2017 9:36:39 AM","0000-00","0","no battery","V"
"10/20/2017","11:24:35","5","default","957498349","OXY5","14.952","min","158.480","μmol/L","Humid","20.985","deg","95332","µV","35.840","°C","1018.000","hPa","37.0","pmil","0","55.500","deg","20.000","°C","100.000","%a.s.","22.500","deg","20.000","°C","1013.000","hPa","0.861","-0.02056","0.00035","-0.00011","0","14.7","Humid","26.25","0","52.00","348488.17","SABD0000000001","AAV1.0.0.11","2.0.0.28","PSt7-10","000000-000","10/20/2017 9:36:39 AM","0000-00","0","no battery","V"
"10/20/2017","11:24:36","5","default","957498349","OXY5","14.968","min","158.592","μmol/L","Humid","20.979","deg","95319","µV","35.835","°C","1018.000","hPa","37.0","pmil","0","55.500","deg","20.000","°C","100.000","%a.s.","22.500","deg","20.000","°C","1013.000","hPa","0.861","-0.02056","0.00035","-0.00011","0","14.7","Humid","26.25","0","52.00","348482.78","SABD0000000001","AAV1.0.0.11","2.0.0.28","PSt7-10","000000-000","10/20/2017 9:36:39 AM","0000-00","0","no battery","V"
"10/20/2017","11:24:37","5","default","957498349","OXY5","14.985","min","158.652","μmol/L","Humid","20.979","deg","95326","µV","35.825","°C","1018.000","hPa","37.0","pmil","0","55.500","deg","20.000","°C","100.000","%a.s.","22.500","deg","20.000","°C","1013.000","hPa","0.861","-0.02056","0.00035","-0.00011","0","14.7","Humid","26.25","0","52.00","348490.24","SABD0000000001","AAV1.0.0.11","2.0.0.28","PSt7-10","000000-000","10/20/2017 9:36:39 AM","0000-00","0","no battery","V"
"10/20/2017","11:24:38","5","default","957498349","OXY5","15.002","min","158.555","μmol/L","Humid","20.983","deg","95318","µV","35.832","°C","1018.000","hPa","37.0","pmil","0","55.500","deg","20.000","°C","100.000","%a.s.","22.500","deg","20.000","°C","1013.000","hPa","0.861","-0.02056","0.00035","-0.00011","0","14.7","Humid","26.25","0","52.00","348472.01","SABD0000000001","AAV1.0.0.11","2.0.0.28","PSt7-10","000000-000","10/20/2017 9:36:39 AM","0000-00","0","no battery","V"
"10/20/2017","11:24:39","5","default","957498349","OXY5","15.018","min","158.566","μmol/L","Humid","20.982","deg","95323","µV","35.832","°C","1018.000","hPa","37.0","pmil","0","55.500","deg","20.000","°C","100.000","%a.s.","22.500","deg","20.000","°C","1013.000","hPa","0.861","-0.02056","0.00035","-0.00011","0","14.7","Humid","26.25","0","52.00","348485.41","SABD0000000001","AAV1.0.0.11","2.0.0.28","PSt7-10","000000-000","10/20/2017 9:36:39 AM","0000-00","0","no battery","V"
"10/20/2017","11:24:40","5","default","957498349","OXY5","15.035","min","158.595","μmol/L","Humid","20.982","deg","95309","µV","35.828","°C","1018.000","hPa","37.0","pmil","0","55.500","deg","20.000","°C","100.000","%a.s.","22.500","deg","20.000","°C","1013.000","hPa","0.861","-0.02056","0.00035","-0.00011","0","14.7","Humid","26.25","0","52.00","348479.31","SABD0000000001","AAV1.0.0.11","2.0.0.28","PSt7-10","000000-000","10/20/2017 9:36:39 AM","0000-00","0","no battery","V"
"10/20/2017","11:24:41","5","default","957498349","OXY5","15.052","min","158.611","μmol/L","Humid","20.979","deg","95312","µV","35.832","°C","1018.000","hPa","37.0","pmil","0","55.500","deg","20.000","°C","100.000","%a.s.","22.500","deg","20.000","°C","1013.000","hPa","0.861","-0.02056","0.00035","-0.00011","0","14.7","Humid","26.25","0","52.00","348480.06","SABD0000000001","AAV1.0.0.11","2.0.0.28","PSt7-10","000000-000","10/20/2017 9:36:39 AM","0000-00","0","no battery","V"
"10/20/2017","11:24:42","5","default","957498349","OXY5","15.068","min","158.669","μmol/L","Humid","20.979","deg","95310","µV","35.822","°C","1018.000","hPa","37.0","pmil","0","55.500","deg","20.000","°C","100.000","%a.s.","22.500","deg","20.000","°C","1013.000","hPa","0.861","-0.02056","0.00035","-0.00011","0","14.7","Humid","26.25","0","52.00","348459.16","SABD0000000001","AAV1.0.0.11","2.0.0.28","PSt7-10","000000-000","10/20/2017 9:36:39 AM","0000-00","0","no battery","V"
"10/20/2017","11:24:43","5","default","957498349","OXY5","15.085","min","158.475","μmol/L","Humid","20.983","deg","95304","µV","35.845","°C","1018.000","hPa","37.0","pmil","0","55.500","deg","20.000","°C","100.000","%a.s.","22.500","deg","20.000","°C","1013.000","hPa","0.861","-0.02056","0.00035","-0.00011","0","14.7","Humid","26.25","0","52.00","348459.65","SABD0000000001","AAV1.0.0.11","2.0.0.28","PSt7-10","000000-000","10/20/2017 9:36:39 AM","0000-00","0","no battery","V"
"10/20/2017","11:24:44","5","default","957498349","OXY5","15.102","min","158.364","μmol/L","Humid","20.984","deg","95305","µV","35.861","°C","1018.000","hPa","37.0","pmil","0","55.500","deg","20.000","°C","100.000","%a.s.","22.500","deg","20.000","°C","1013.000","hPa","0.861","-0.02056","0.00035","-0.00011","0","14.7","Humid","26.25","0","52.00","348479.79","SABD0000000001","AAV1.0.0.11","2.0.0.28","PSt7-10","000000-000","10/20/2017 9:36:39 AM","0000-00","0","no battery","V"
"10/20/2017","11:24:45","5","default","957498349","OXY5","15.118","min","158.518","μmol/L","Humid","20.984","deg","95299","µV","35.836","°C","1018.000","hPa","37.0","pmil","0","55.500","deg","20.000","°C","100.000","%a.s.","22.500","deg","20.000","°C","1013.000","hPa","0.861","-0.02056","0.00035","-0.00011","0","14.7","Humid","26.25","0","52.00","348462.29","SABD0000000001","AAV1.0.0.11","2.0.0.28","PSt7-10","000000-000","10/20/2017 9:36:39 AM","0000-00","0","no battery","V"
"10/20/2017","11:24:46","5","default","957498349","OXY5","15.135","min","158.542","μmol/L","Humid","20.980","deg","95293","µV","35.841","°C","1018.000","hPa","37.0","pmil","0","55.500","deg","20.000","°C","100.000","%a.s.","22.500","deg","20.000","°C","1013.000","hPa","0.861","-0.02056","0.00035","-0.00011","0","14.7","Humid","26.25","0","52.00","348456.64","SABD0000000001","AAV1.0.0.11","2.0.0.28","PSt7-10","000000-000","10/20/2017 9:36:39 AM","0000-00","0","no battery","V"
"10/20/2017","11:24:47","5","default","957498349","OXY5","15.152","min","158.517","μmol/L","Humid","20.979","deg","95290","µV","35.848","°C","1018.000","hPa","37.0","pmil","0","55.500","deg","20.000","°C","100.000","%a.s.","22.500","deg","20.000","°C","1013.000","hPa","0.861","-0.02056","0.00035","-0.00011","0","14.7","Humid","26.25","0","52.00","348451.88","SABD0000000001","AAV1.0.0.11","2.0.0.28","PSt7-10","000000-000","10/20/2017 9:36:39 AM","0000-00","0","no battery","V"
"10/20/2017","11:24:48","5","default","957498349","OXY5","15.168","min","158.621","μmol/L","Humid","20.977","deg","95291","µV","35.835","°C","1018.000","hPa","37.0","pmil","0","55.500","deg","20.000","°C","100.000","%a.s.","22.500","deg","20.000","°C","1013.000","hPa","0.861","-0.02056","0.00035","-0.00011","0","14.7","Humid","26.25","0","52.00","348456.07","SABD0000000001","AAV1.0.0.11","2.0.0.28","PSt7-10","000000-000","10/20/2017 9:36:39 AM","0000-00","0","no battery","V"
"10/20/2017","11:24:49","5","default","957498349","OXY5","15.185","min","158.524","μmol/L","Humid","20.980","deg","95285","µV","35.844","°C","1018.000","hPa","37.0","pmil","0","55.500","deg","20.000","°C","100.000","%a.s.","22.500","deg","20.000","°C","1013.000","hPa","0.861","-0.02056","0.00035","-0.00011","0","14.7","Humid","26.25","0","52.00","348456.08","SABD0000000001","AAV1.0.0.11","2.0.0.28","PSt7-10","000000-000","10/20/2017 9:36:39 AM","0000-00","0","no battery","V"
"10/20/2017","11:24:50","5","default","957498349","OXY5","15.202","min","158.650","μmol/L","Humid","20.980","deg","95285","µV","35.823","°C","1018.000","hPa","37.0","pmil","0","55.500","deg","20.000","°C","100.000","%a.s.","22.500","deg","20.000","°C","1013.000","hPa","0.861","-0.02056","0.00035","-0.00011","0","14.7","Humid","26.25","0","52.00","348458.82","SABD0000000001","AAV1.0.0.11","2.0.0.28","PSt7-10","000000-000","10/20/2017 9:36:39 AM","0000-00","0","no battery","V"
"10/20/2017","11:24:51","5","default","957498349","OXY5","15.218","min","158.734","μmol/L","Humid","20.974","deg","95284","µV","35.823","°C","1018.000","hPa","37.0","pmil","0","55.500","deg","20.000","°C","100.000","%a.s.","22.500","deg","20.000","°C","1013.000","hPa","0.861","-0.02056","0.00035","-0.00011","0","14.7","Humid","26.25","0","52.00","348454.11","SABD0000000001","AAV1.0.0.11","2.0.0.28","PSt7-10","000000-000","10/20/2017 9:36:39 AM","0000-00","0","no battery","V"
"10/20/2017","11:24:52","5","default","957498349","OXY5","15.235","min","158.660","μmol/L","Humid","20.978","deg","95277","µV","35.826","°C","1018.000","hPa","37.0","pmil","0","55.500","deg","20.000","°C","100.000","%a.s.","22.500","deg","20.000","°C","1013.000","hPa","0.861","-0.02056","0.00035","-0.00011","0","14.7","Humid","26.25","0","52.00","348457.70","SABD0000000001","AAV1.0.0.11","2.0.0.28","PSt7-10","000000-000","10/20/2017 9:36:39 AM","0000-00","0","no battery","V"
"10/20/2017","11:24:53","5","default","957498349","OXY5","15.252","min","158.653","μmol/L","Humid","20.979","deg","95278","µV","35.825","°C","1018.000","hPa","37.0","pmil","0","55.500","deg","20.000","°C","100.000","%a.s.","22.500","deg","20.000","°C","1013.000","hPa","0.861","-0.02056","0.00035","-0.00011","0","14.7","Humid","26.25","0","52.00","348447.91","SABD0000000001","AAV1.0.0.11","2.0.0.28","PSt7-10","000000-000","10/20/2017 9:36:39 AM","0000-00","0","no battery","V"
"10/20/2017","11:24:54","5","default","957498349","OXY5","15.268","min","158.656","μmol/L","Humid","20.976","deg","95282","µV","35.832","°C","1018.000","hPa","37.0","pmil","0","55.500","deg","20.000","°C","100.000","%a.s.","22.500","deg","20.000","°C","1013.000","hPa","0.861","-0.02056","0.00035","-0.00011","0","14.7","Humid","26.25","0","52.00","348450.12","SABD0000000001","AAV1.0.0.11","2.0.0.28","PSt7-10","000000-000","10/20/2017 9:36:39 AM","0000-00","0","no battery","V"
"10/20/2017","11:24:55","5","default","957498349","OXY5","15.285","min","158.550","μmol/L","Humid","20.982","deg","95268","µV","35.835","°C","1018.000","hPa","37.0","pmil","0","55.500","deg","20.000","°C","100.000","%a.s.","22.500","deg","20.000","°C","1013.000","hPa","0.861","-0.02056","0.00035","-0.00011","0","14.7","Humid","26.25","0","52.00","348450.97","SABD0000000001","AAV1.0.0.11","2.0.0.28","PSt7-10","000000-000","10/20/2017 9:36:39 AM","0000-00","0","no battery","V"
"10/20/2017","11:24:56","5","default","957498349","OXY5","15.302","min","158.590","μmol/L","Humid","20.980","deg","95277","µV","35.833","°C","1018.000","hPa","37.0","pmil","0","55.500","deg","20.000","°C","100.000","%a.s.","22.500","deg","20.000","°C","1013.000","hPa","0.861","-0.02056","0.00035","-0.00011","0","14.7","Humid","26.25","0","52.00","348449.05","SABD0000000001","AAV1.0.0.11","2.0.0.28","PSt7-10","000000-000","10/20/2017 9:36:39 AM","0000-00","0","no battery","V"
"10/20/2017","11:24:57","5","default","957498349","OXY5","15.318","min","158.617","μmol/L","Humid","20.981","deg","95261","µV","35.826","°C","1018.000","hPa","37.0","pmil","0","55.500","deg","20.000","°C","100.000","%a.s.","22.500","deg","20.000","°C","1013.000","hPa","0.861","-0.02056","0.00035","-0.00011","0","14.7","Humid","26.25","0","52.00","348442.73","SABD0000000001","AAV1.0.0.11","2.0.0.28","PSt7-10","000000-000","10/20/2017 9:36:39 AM","0000-00","0","no battery","V"
"10/20/2017","11:25:02","5","default","957498349","OXY5","15.395","min","158.644","μmol/L","Humid","20.976","deg","95303","µV","35.834","°C","1018.000","hPa","37.0","pmil","0","55.500","deg","20.000","°C","100.000","%a.s.","22.500","deg","20.000","°C","1013.000","hPa","0.861","-0.02056","0.00035","-0.00011","0","14.7","Humid","26.25","0","52.00","348532.07","SABD0000000001","AAV1.0.0.11","2.0.0.28","PSt7-10","000000-000","10/20/2017 9:36:39 AM","0000-00","0","no battery","V"
"10/20/2017","11:25:11","5","default","957498349","OXY5","15.545","min","158.687","μmol/L","Humid","20.971","deg","95302","µV","35.838","°C","1018.000","hPa","37.0","pmil","0","55.500","deg","20.000","°C","100.000","%a.s.","22.500","deg","20.000","°C","1013.000","hPa","0.861","-0.02056","0.00035","-0.00011","0","14.7","Humid","26.25","0","52.00","348542.84","SABD0000000001","AAV1.0.0.11","2.0.0.28","PSt7-10","000000-000","10/20/2017 9:36:39 AM","0000-00","0","no battery","V"
"10/20/2017","11:25:11","5","default","957498349","OXY5","15.545","min","158.635","μmol/L","Humid","20.976","deg","95256","µV","35.835","°C","1018.000","hPa","37.0","pmil","0","55.500","deg","20.000","°C","100.000","%a.s.","22.500","deg","20.000","°C","1013.000","hPa","0.861","-0.02056","0.00035","-0.00011","0","14.7","Humid","26.25","0","52.00","348476.08","SABD0000000001","AAV1.0.0.11","2.0.0.28","PSt7-10","000000-000","10/20/2017 9:36:39 AM","0000-00","0","no battery","V"
"10/20/2017","11:25:11","5","default","957498349","OXY5","15.545","min","158.621","μmol/L","Humid","20.977","deg","95231","µV","35.835","°C","1018.000","hPa","37.0","pmil","0","55.500","deg","20.000","°C","100.000","%a.s.","22.500","deg","20.000","°C","1013.000","hPa","0.861","-0.02056","0.00035","-0.00011","0","14.7","Humid","26.25","0","52.00","348420.97","SABD0000000001","AAV1.0.0.11","2.0.0.28","PSt7-10","000000-000","10/20/2017 9:36:39 AM","0000-00","0","no battery","V"
"10/20/2017","11:25:11","5","default","957498349","OXY5","15.545","min","158.522","μmol/L","Humid","20.978","deg","95208","µV","35.849","°C","1018.000","hPa","37.0","pmil","0","55.500","deg","20.000","°C","100.000","%a.s.","22.500","deg","20.000","°C","1013.000","hPa","0.861","-0.02056","0.00035","-0.00011","0","14.7","Humid","26.25","0","52.00","348371.36","SABD0000000001","AAV1.0.0.11","2.0.0.28","PSt7-10","000000-000","10/20/2017 9:36:39 AM","0000-00","0","no battery","V"
"10/20/2017","11:25:11","5","default","957498349","OXY5","15.545","min","158.508","μmol/L","Humid","20.979","deg","95198","µV","35.849","°C","1018.000","hPa","37.0","pmil","0","55.500","deg","20.000","°C","100.000","%a.s.","22.500","deg","20.000","°C","1013.000","hPa","0.861","-0.02056","0.00035","-0.00011","0","14.7","Humid","26.25","0","52.00","348337.09","SABD0000000001","AAV1.0.0.11","2.0.0.28","PSt7-10","000000-000","10/20/2017 9:36:39 AM","0000-00","0","no battery","V"
"10/20/2017","11:25:11","5","default","957498349","OXY5","15.545","min","158.598","μmol/L","Humid","20.975","deg","95172","µV","35.844","°C","1018.000","hPa","37.0","pmil","0","55.500","deg","20.000","°C","100.000","%a.s.","22.500","deg","20.000","°C","1013.000","hPa","0.861","-0.02056","0.00035","-0.00011","0","14.7","Humid","26.25","0","52.00","348298.35","SABD0000000001","AAV1.0.0.11","2.0.0.28","PSt7-10","000000-000","10/20/2017 9:36:39 AM","0000-00","0","no battery","V"
"10/20/2017","11:25:11","5","default","957498349","OXY5","15.545","min","158.527","μmol/L","Humid","20.980","deg","95159","µV","35.844","°C","1018.000","hPa","37.0","pmil","0","55.500","deg","20.000","°C","100.000","%a.s.","22.500","deg","20.000","°C","1013.000","hPa","0.861","-0.02056","0.00035","-0.00011","0","14.7","Humid","26.25","0","52.00","348250.69","SABD0000000001","AAV1.0.0.11","2.0.0.28","PSt7-10","000000-000","10/20/2017 9:36:39 AM","0000-00","0","no battery","V"
"10/20/2017","11:25:11","5","default","957498349","OXY5","15.545","min","158.515","μmol/L","Humid","20.976","deg","95153","µV","35.855","°C","1018.000","hPa","37.0","pmil","0","55.500","deg","20.000","°C","100.000","%a.s.","22.500","deg","20.000","°C","1013.000","hPa","0.861","-0.02056","0.00035","-0.00011","0","14.7","Humid","26.25","0","52.00","348220.65","SABD0000000001","AAV1.0.0.11","2.0.0.28","PSt7-10","000000-000","10/20/2017 9:36:39 AM","0000-00","0","no battery","V"
"10/20/2017","11:25:11","5","default","957498349","OXY5","15.545","min","158.458","μmol/L","Humid","20.980","deg","95135","µV","35.855","°C","1018.000","hPa","37.0","pmil","0","55.500","deg","20.000","°C","100.000","%a.s.","22.500","deg","20.000","°C","1013.000","hPa","0.861","-0.02056","0.00035","-0.00011","0","14.7","Humid","26.25","0","52.00","348216.01","SABD0000000001","AAV1.0.0.11","2.0.0.28","PSt7-10","000000-000","10/20/2017 9:36:39 AM","0000-00","0","no battery","V"
"10/20/2017","11:25:11","5","default","957498349","OXY5","15.545","min","158.526","μmol/L","Humid","20.977","deg","95118","µV","35.851","°C","1018.000","hPa","37.0","pmil","0","55.500","deg","20.000","°C","100.000","%a.s.","22.500","deg","20.000","°C","1013.000","hPa","0.861","-0.02056","0.00035","-0.00011","0","14.7","Humid","26.25","0","52.00","348172.51","SABD0000000001","AAV1.0.0.11","2.0.0.28","PSt7-10","000000-000","10/20/2017 9:36:39 AM","0000-00","0","no battery","V"
"10/20/2017","11:25:11","5","default","957498349","OXY5","15.545","min","158.468","μmol/L","Humid","20.981","deg","95115","µV","35.851","°C","1018.000","hPa","37.0","pmil","0","55.500","deg","20.000","°C","100.000","%a.s.","22.500","deg","20.000","°C","1013.000","hPa","0.861","-0.02056","0.00035","-0.00011","0","14.7","Humid","26.25","0","52.00","348148.68","SABD0000000001","AAV1.0.0.11","2.0.0.28","PSt7-10","000000-000","10/20/2017 9:36:39 AM","0000-00","0","no battery","V"
"10/20/2017","11:25:11","5","default","957498349","OXY5","15.545","min","158.593","μmol/L","Humid","20.977","deg","95102","µV","35.840","°C","1018.000","hPa","37.0","pmil","0","55.500","deg","20.000","°C","100.000","%a.s.","22.500","deg","20.000","°C","1013.000","hPa","0.861","-0.02056","0.00035","-0.00011","0","14.7","Humid","26.25","0","52.00","348127.07","SABD0000000001","AAV1.0.0.11","2.0.0.28","PSt7-10","000000-000","10/20/2017 9:36:39 AM","0000-00","0","no battery","V"
"10/20/2017","11:25:11","5","default","957498349","OXY5","15.551","min","158.564","μmol/L","Humid","20.979","deg","95093","µV","35.840","°C","1018.000","hPa","37.0","pmil","0","55.500","deg","20.000","°C","100.000","%a.s.","22.500","deg","20.000","°C","1013.000","hPa","0.861","-0.02056","0.00035","-0.00011","0","14.7","Humid","26.25","0","52.00","348104.97","SABD0000000001","AAV1.0.0.11","2.0.0.28","PSt7-10","000000-000","10/20/2017 9:36:39 AM","0000-00","0","no battery","V"
"10/20/2017","11:25:12","5","default","957498349","OXY5","15.568","min","158.550","μmol/L","Humid","20.980","deg","95084","µV","35.840","°C","1018.000","hPa","37.0","pmil","0","55.500","deg","20.000","°C","100.000","%a.s.","22.500","deg","20.000","°C","1013.000","hPa","0.861","-0.02056","0.00035","-0.00011","0","14.7","Humid","26.25","0","52.00","348081.02","SABD0000000001","AAV1.0.0.11","2.0.0.28","PSt7-10","000000-000","10/20/2017 9:36:39 AM","0000-00","0","no battery","V"
"10/20/2017","11:25:13","5","default","957498349","OXY5","15.585","min","158.571","μmol/L","Humid","20.980","deg","95081","µV","35.836","°C","1018.000","hPa","37.0","pmil","0","55.500","deg","20.000","°C","100.000","%a.s.","22.500","deg","20.000","°C","1013.000","hPa","0.861","-0.02056","0.00035","-0.00011","0","14.7","Humid","26.25","0","52.00","348079.35","SABD0000000001","AAV1.0.0.11","2.0.0.28","PSt7-10","000000-000","10/20/2017 9:36:39 AM","0000-00","0","no battery","V"
"10/20/2017","11:25:14","5","default","957498349","OXY5","15.602","min","158.585","μmol/L","Humid","20.979","deg","95073","µV","35.836","°C","1018.000","hPa","37.0","pmil","0","55.500","deg","20.000","°C","100.000","%a.s.","22.500","deg","20.000","°C","1013.000","hPa","0.861","-0.02056","0.00035","-0.00011","0","14.7","Humid","26.25","0","52.00","348069.22","SABD0000000001","AAV1.0.0.11","2.0.0.28","PSt7-10","000000-000","10/20/2017 9:36:39 AM","0000-00","0","no battery","V"
"10/20/2017","11:25:15","5","default","957498349","OXY5","15.618","min","158.548","μmol/L","Humid","20.980","deg","95069","µV","35.840","°C","1018.000","hPa","37.0","pmil","0","55.500","deg","20.000","°C","100.000","%a.s.","22.500","deg","20.000","°C","1013.000","hPa","0.861","-0.02056","0.00035","-0.00011","0","14.7","Humid","26.25","0","52.00","348052.83","SABD0000000001","AAV1.0.0.11","2.0.0.28","PSt7-10","000000-000","10/20/2017 9:36:39 AM","0000-00","0","no battery","V"
"10/20/2017","11:25:16","5","default","957498349","OXY5","15.635","min","158.520","μmol/L","Humid","20.981","deg","95086","µV","35.843","°C","1018.000","hPa","37.0","pmil","0","55.500","deg","20.000","°C","100.000","%a.s.","22.500","deg","20.000","°C","1013.000","hPa","0.861","-0.02056","0.00035","-0.00011","0","14.7","Humid","26.25","0","52.00","348103.48","SABD0000000001","AAV1.0.0.11","2.0.0.28","PSt7-10","000000-000","10/20/2017 9:36:39 AM","0000-00","0","no battery","V"
"10/20/2017","11:25:17","5","default","957498349","OXY5","15.652","min","158.517","μmol/L","Humid","20.982","deg","95141","µV","35.841","°C","1018.000","hPa","37.0","pmil","0","55.500","deg","20.000","°C","100.000","%a.s.","22.500","deg","20.000","°C","1013.000","hPa","0.861","-0.02056","0.00035","-0.00011","0","14.7","Humid","26.25","0","52.00","348213.71","SABD0000000001","AAV1.0.0.11","2.0.0.28","PSt7-10","000000-000","10/20/2017 9:36:39 AM","0000-00","0","no battery","V"
"10/20/2017","11:25:18","5","default","957498349","OXY5","15.668","min","158.523","μmol/L","Humid","20.980","deg","95162","µV","35.844","°C","1018.000","hPa","37.0","pmil","0","55.500","deg","20.000","°C","100.000","%a.s.","22.500","deg","20.000","°C","1013.000","hPa","0.861","-0.02056","0.00035","-0.00011","0","14.7","Humid","26.25","0","52.00","348261.14","SABD0000000001","AAV1.0.0.11","2.0.0.28","PSt7-10","000000-000","10/20/2017 9:36:39 AM","0000-00","0","no battery","V"
"10/20/2017","11:25:19","5","default","957498349","OXY5","15.684","min","158.643","μmol/L","Humid","20.983","deg","95173","µV","35.817","°C","1018.000","hPa","37.0","pmil","0","55.500","deg","20.000","°C","100.000","%a.s.","22.500","deg","20.000","°C","1013.000","hPa","0.861","-0.02056","0.00035","-0.00011","0","14.7","Humid","26.25","0","52.00","348294.30","SABD0000000001","AAV1.0.0.11","2.0.0.28","PSt7-10","000000-000","10/20/2017 9:36:39 AM","0000-00","0","no battery","V"
"10/20/2017","11:25:20","5","default","957498349","OXY5","15.701","min","158.624","μmol/L","Humid","20.981","deg","95174","µV","35.825","°C","1018.000","hPa","37.0","pmil","0","55.500","deg","20.000","°C","100.000","%a.s.","22.500","deg","20.000","°C","1013.000","hPa","0.861","-0.02056","0.00035","-0.00011","0","14.7","Humid","26.25","0","52.00","348314.86","SABD0000000001","AAV1.0.0.11","2.0.0.28","PSt7-10","000000-000","10/20/2017 9:36:39 AM","0000-00","0","no battery","V"
"10/20/2017","11:25:21","5","default","957498349","OXY5","15.718","min","158.661","μmol/L","Humid","20.978","deg","95190","µV","35.826","°C","1018.000","hPa","37.0","pmil","0","55.500","deg","20.000","°C","100.000","%a.s.","22.500","deg","20.000","°C","1013.000","hPa","0.861","-0.02056","0.00035","-0.00011","0","14.7","Humid","26.25","0","52.00","348340.61","SABD0000000001","AAV1.0.0.11","2.0.0.28","PSt7-10","000000-000","10/20/2017 9:36:39 AM","0000-00","0","no battery","V"
"10/20/2017","11:25:22","5","default","957498349","OXY5","15.734","min","158.545","μmol/L","Humid","20.981","deg","95184","µV","35.838","°C","1018.000","hPa","37.0","pmil","0","55.500","deg","20.000","°C","100.000","%a.s.","22.500","deg","20.000","°C","1013.000","hPa","0.861","-0.02056","0.00035","-0.00011","0","14.7","Humid","26.25","0","52.00","348351.43","SABD0000000001","AAV1.0.0.11","2.0.0.28","PSt7-10","000000-000","10/20/2017 9:36:39 AM","0000-00","0","no battery","V"
"10/20/2017","11:25:23","5","default","957498349","OXY5","15.751","min","158.570","μmol/L","Humid","20.977","deg","95180","µV","35.844","°C","1018.000","hPa","37.0","pmil","0","55.500","deg","20.000","°C","100.000","%a.s.","22.500","deg","20.000","°C","1013.000","hPa","0.861","-0.02056","0.00035","-0.00011","0","14.7","Humid","26.25","0","52.00","348344.11","SABD0000000001","AAV1.0.0.11","2.0.0.28","PSt7-10","000000-000","10/20/2017 9:36:39 AM","0000-00","0","no battery","V"
"10/20/2017","11:25:24","5","default","957498349","OXY5","15.768","min","158.545","μmol/L","Humid","20.979","deg","95187","µV","35.843","°C","1018.000","hPa","37.0","pmil","0","55.500","deg","20.000","°C","100.000","%a.s.","22.500","deg","20.000","°C","1013.000","hPa","0.861","-0.02056","0.00035","-0.00011","0","14.7","Humid","26.25","0","52.00","348355.39","SABD0000000001","AAV1.0.0.11","2.0.0.28","PSt7-10","000000-000","10/20/2017 9:36:39 AM","0000-00","0","no battery","V"
"10/20/2017","11:25:25","5","default","957498349","OXY5","15.784","min","158.577","μmol/L","Humid","20.974","deg","95189","µV","35.850","°C","1018.000","hPa","37.0","pmil","0","55.500","deg","20.000","°C","100.000","%a.s.","22.500","deg","20.000","°C","1013.000","hPa","0.861","-0.02056","0.00035","-0.00011","0","14.7","Humid","26.25","0","52.00","348352.97","SABD0000000001","AAV1.0.0.11","2.0.0.28","PSt7-10","000000-000","10/20/2017 9:36:39 AM","0000-00","0","no battery","V"
"10/20/2017","11:25:26","5","default","957498349","OXY5","15.801","min","158.657","μmol/L","Humid","20.980","deg","95182","µV","35.822","°C","1018.000","hPa","37.0","pmil","0","55.500","deg","20.000","°C","100.000","%a.s.","22.500","deg","20.000","°C","1013.000","hPa","0.861","-0.02056","0.00035","-0.00011","0","14.7","Humid","26.25","0","52.00","348369.13","SABD0000000001","AAV1.0.0.11","2.0.0.28","PSt7-10","000000-000","10/20/2017 9:36:39 AM","0000-00","0","no battery","V"
"10/20/2017","11:25:27","5","default","957498349","OXY5","15.818","min","158.512","μmol/L","Humid","20.978","deg","95179","µV","35.851","°C","1018.000","hPa","37.0","pmil","0","55.500","deg","20.000","°C","100.000","%a.s.","22.500","deg","20.000","°C","1013.000","hPa","0.861","-0.02056","0.00035","-0.00011","0","14.7","Humid","26.25","0","52.00","348368.21","SABD0000000001","AAV1.0.0.11","2.0.0.28","PSt7-10","000000-000","10/20/2017 9:36:39 AM","0000-00","0","no battery","V"
"10/20/2017","11:25:28","5","default","957498349","OXY5","15.834","min","158.580","μmol/L","Humid","20.977","deg","95169","µV","35.842","°C","1018.000","hPa","37.0","pmil","0","55.500","deg","20.000","°C","100.000","%a.s.","22.500","deg","20.000","°C","1013.000","hPa","0.861","-0.02056","0.00035","-0.00011","0","14.7","Humid","26.25","0","52.00","348365.16","SABD0000000001","AAV1.0.0.11","2.0.0.28","PSt7-10","000000-000","10/20/2017 9:36:39 AM","0000-00","0","no battery","V"
"10/20/2017","11:25:29","5","default","957498349","OXY5","15.851","min","158.633","μmol/L","Humid","20.977","deg","95182","µV","35.833","°C","1018.000","hPa","37.0","pmil","0","55.500","deg","20.000","°C","100.000","%a.s.","22.500","deg","20.000","°C","1013.000","hPa","0.861","-0.02056","0.00035","-0.00011","0","14.7","Humid","26.25","0","52.00","348359.53","SABD0000000001","AAV1.0.0.11","2.0.0.28","PSt7-10","000000-000","10/20/2017 9:36:39 AM","0000-00","0","no battery","V"
"10/20/2017","11:25:30","5","default","957498349","OXY5","15.868","min","158.580","μmol/L","Humid","20.978","deg","95173","µV","35.840","°C","1018.000","hPa","37.0","pmil","0","55.500","deg","20.000","°C","100.000","%a.s.","22.500","deg","20.000","°C","1013.000","hPa","0.861","-0.02056","0.00035","-0.00011","0","14.7","Humid","26.25","0","52.00","348373.54","SABD0000000001","AAV1.0.0.11","2.0.0.28","PSt7-10","000000-000","10/20/2017 9:36:39 AM","0000-00","0","no battery","V"
"10/20/2017","11:25:31","5","default","957498349","OXY5","15.887","min","158.575","μmol/L","Humid","20.977","deg","95177","µV","35.843","°C","1018.000","hPa","37.0","pmil","0","55.500","deg","20.000","°C","100.000","%a.s.","22.500","deg","20.000","°C","1013.000","hPa","0.861","-0.02056","0.00035","-0.00011","0","14.7","Humid","26.25","0","52.00","348366.96","SABD0000000001","AAV1.0.0.11","2.0.0.28","PSt7-10","000000-000","10/20/2017 9:36:39 AM","0000-00","0","no battery","V"
"10/20/2017","11:25:32","5","default","957498349","OXY5","15.901","min","158.560","μmol/L","Humid","20.978","deg","95167","µV","35.843","°C","1018.000","hPa","37.0","pmil","0","55.500","deg","20.000","°C","100.000","%a.s.","22.500","deg","20.000","°C","1013.000","hPa","0.861","-0.02056","0.00035","-0.00011","0","14.7","Humid","26.25","0","52.00","348372.76","SABD0000000001","AAV1.0.0.11","2.0.0.28","PSt7-10","000000-000","10/20/2017 9:36:39 AM","0000-00","0","no battery","V"
"10/20/2017","11:25:33","5","default","957498349","OXY5","15.918","min","158.498","μmol/L","Humid","20.982","deg","95164","µV","35.844","°C","1018.000","hPa","37.0","pmil","0","55.500","deg","20.000","°C","100.000","%a.s.","22.500","deg","20.000","°C","1013.000","hPa","0.861","-0.02056","0.00035","-0.00011","0","14.7","Humid","26.25","0","52.00","348358.58","SABD0000000001","AAV1.0.0.11","2.0.0.28","PSt7-10","000000-000","10/20/2017 9:36:39 AM","0000-00","0","no battery","V"
"10/20/2017","11:25:34","5","default","957498349","OXY5","15.935","min","158.582","μmol/L","Humid","20.979","deg","95167","µV","35.837","°C","1018.000","hPa","37.0","pmil","0","55.500","deg","20.000","°C","100.000","%a.s.","22.500","deg","20.000","°C","1013.000","hPa","0.861","-0.02056","0.00035","-0.00011","0","14.7","Humid","26.25","0","52.00","348357.07","SABD0000000001","AAV1.0.0.11","2.0.0.28","PSt7-10","000000-000","10/20/2017 9:36:39 AM","0000-00","0","no battery","V"
"10/20/2017","11:25:35","5","default","957498349","OXY5","15.952","min","158.660","μmol/L","Humid","20.975","deg","95162","µV","35.833","°C","1018.000","hPa","37.0","pmil","0","55.500","deg","20.000","°C","100.000","%a.s.","22.500","deg","20.000","°C","1013.000","hPa","0.861","-0.02056","0.00035","-0.00011","0","14.7","Humid","26.25","0","52.00","348359.59","SABD0000000001","AAV1.0.0.11","2.0.0.28","PSt7-10","000000-000","10/20/2017 9:36:39 AM","0000-00","0","no battery","V"
"10/20/2017","11:25:36","5","default","957498349","OXY5","15.968","min","158.635","μmol/L","Humid","20.978","deg","95157","µV","35.830","°C","1018.000","hPa","37.0","pmil","0","55.500","deg","20.000","°C","100.000","%a.s.","22.500","deg","20.000","°C","1013.000","hPa","0.861","-0.02056","0.00035","-0.00011","0","14.7","Humid","26.25","0","52.00","348349.76","SABD0000000001","AAV1.0.0.11","2.0.0.28","PSt7-10","000000-000","10/20/2017 9:36:39 AM","0000-00","0","no battery","V"
"10/20/2017","11:25:37","5","default","957498349","OXY5","15.984","min","158.596","μmol/L","Humid","20.980","deg","95151","µV","35.832","°C","1018.000","hPa","37.0","pmil","0","55.500","deg","20.000","°C","100.000","%a.s.","22.500","deg","20.000","°C","1013.000","hPa","0.861","-0.02056","0.00035","-0.00011","0","14.7","Humid","26.25","0","52.00","348347.64","SABD0000000001","AAV1.0.0.11","2.0.0.28","PSt7-10","000000-000","10/20/2017 9:36:39 AM","0000-00","0","no battery","V"
"10/20/2017","11:25:38","5","default","957498349","OXY5","16.001","min","158.605","μmol/L","Humid","20.979","deg","95158","µV","35.833","°C","1018.000","hPa","37.0","pmil","0","55.500","deg","20.000","°C","100.000","%a.s.","22.500","deg","20.000","°C","1013.000","hPa","0.861","-0.02056","0.00035","-0.00011","0","14.7","Humid","26.25","0","52.00","348367.06","SABD0000000001","AAV1.0.0.11","2.0.0.28","PSt7-10","000000-000","10/20/2017 9:36:39 AM","0000-00","0","no battery","V"
"10/20/2017","11:25:39","5","default","957498349","OXY5","16.018","min","158.649","μmol/L","Humid","20.976","deg","95152","µV","35.833","°C","1018.000","hPa","37.0","pmil","0","55.500","deg","20.000","°C","100.000","%a.s.","22.500","deg","20.000","°C","1013.000","hPa","0.861","-0.02056","0.00035","-0.00011","0","14.7","Humid","26.25","0","52.00","348346.14","SABD0000000001","AAV1.0.0.11","2.0.0.28","PSt7-10","000000-000","10/20/2017 9:36:39 AM","0000-00","0","no battery","V"
"10/20/2017","11:25:40","5","default","957498349","OXY5","16.034","min","158.526","μmol/L","Humid","20.975","deg","95148","µV","35.856","°C","1018.000","hPa","37.0","pmil","0","55.500","deg","20.000","°C","100.000","%a.s.","22.500","deg","20.000","°C","1013.000","hPa","0.861","-0.02056","0.00035","-0.00011","0","14.7","Humid","26.25","0","52.00","348362.60","SABD0000000001","AAV1.0.0.11","2.0.0.28","PSt7-10","000000-000","10/20/2017 9:36:39 AM","0000-00","0","no battery","V"
"10/20/2017","11:25:41","5","default","957498349","OXY5","16.051","min","158.517","μmol/L","Humid","20.978","deg","95138","µV","35.850","°C","1018.000","hPa","37.0","pmil","0","55.500","deg","20.000","°C","100.000","%a.s.","22.500","deg","20.000","°C","1013.000","hPa","0.861","-0.02056","0.00035","-0.00011","0","14.7","Humid","26.25","0","52.00","348342.33","SABD0000000001","AAV1.0.0.11","2.0.0.28","PSt7-10","000000-000","10/20/2017 9:36:39 AM","0000-00","0","no battery","V"
"10/20/2017","11:25:42","5","default","957498349","OXY5","16.068","min","158.468","μmol/L","Humid","20.980","deg","95148","µV","35.854","°C","1018.000","hPa","37.0","pmil","0","55.500","deg","20.000","°C","100.000","%a.s.","22.500","deg","20.000","°C","1013.000","hPa","0.861","-0.02056","0.00035","-0.00011","0","14.7","Humid","26.25","0","52.00","348358.09","SABD0000000001","AAV1.0.0.11","2.0.0.28","PSt7-10","000000-000","10/20/2017 9:36:39 AM","0000-00","0","no battery","V"
"10/20/2017","11:25:43","5","default","957498349","OXY5","16.086","min","158.500","μmol/L","Humid","20.975","deg","95147","µV","35.860","°C","1018.000","hPa","37.0","pmil","0","55.500","deg","20.000","°C","100.000","%a.s.","22.500","deg","20.000","°C","1013.000","hPa","0.861","-0.02056","0.00035","-0.00011","0","14.7","Humid","26.25","0","52.00","348349.88","SABD0000000001","AAV1.0.0.11","2.0.0.28","PSt7-10","000000-000","10/20/2017 9:36:39 AM","0000-00","0","no battery","V"
"10/20/2017","11:25:44","5","default","957498349","OXY5","16.101","min","158.485","μmol/L","Humid","20.978","deg","95139","µV","35.855","°C","1018.000","hPa","37.0","pmil","0","55.500","deg","20.000","°C","100.000","%a.s.","22.500","deg","20.000","°C","1013.000","hPa","0.861","-0.02056","0.00035","-0.00011","0","14.7","Humid","26.25","0","52.00","348332.04","SABD0000000001","AAV1.0.0.11","2.0.0.28","PSt7-10","000000-000","10/20/2017 9:36:39 AM","0000-00","0","no battery","V"
"10/20/2017","11:25:45","5","default","957498349","OXY5","16.118","min","158.533","μmol/L","Humid","20.975","deg","95140","µV","35.855","°C","1018.000","hPa","37.0","pmil","0","55.500","deg","20.000","°C","100.000","%a.s.","22.500","deg","20.000","°C","1013.000","hPa","0.861","-0.02056","0.00035","-0.00011","0","14.7","Humid","26.25","0","52.00","348335.75","SABD0000000001","AAV1.0.0.11","2.0.0.28","PSt7-10","000000-000","10/20/2017 9:36:39 AM","0000-00","0","no battery","V"
"10/20/2017","11:25:46","5","default","957498349","OXY5","16.135","min","158.502","μmol/L","Humid","20.979","deg","95138","µV","35.850","°C","1018.000","hPa","37.0","pmil","0","55.500","deg","20.000","°C","100.000","%a.s.","22.500","deg","20.000","°C","1013.000","hPa","0.861","-0.02056","0.00035","-0.00011","0","14.7","Humid","26.25","0","52.00","348357.65","SABD0000000001","AAV1.0.0.11","2.0.0.28","PSt7-10","000000-000","10/20/2017 9:36:39 AM","0000-00","0","no battery","V"
"10/20/2017","11:25:47","5","default","957498349","OXY5","16.152","min","158.642","μmol/L","Humid","20.976","deg","95136","µV","35.834","°C","1018.000","hPa","37.0","pmil","0","55.500","deg","20.000","°C","100.000","%a.s.","22.500","deg","20.000","°C","1013.000","hPa","0.861","-0.02056","0.00035","-0.00011","0","14.7","Humid","26.25","0","52.00","348358.05","SABD0000000001","AAV1.0.0.11","2.0.0.28","PSt7-10","000000-000","10/20/2017 9:36:39 AM","0000-00","0","no battery","V"
"10/20/2017","11:25:48","5","default","957498349","OXY5","16.168","min","158.594","μmol/L","Humid","20.978","deg","95129","µV","35.837","°C","1018.000","hPa","37.0","pmil","0","55.500","deg","20.000","°C","100.000","%a.s.","22.500","deg","20.000","°C","1013.000","hPa","0.861","-0.02056","0.00035","-0.00011","0","14.7","Humid","26.25","0","52.00","348352.15","SABD0000000001","AAV1.0.0.11","2.0.0.28","PSt7-10","000000-000","10/20/2017 9:36:39 AM","0000-00","0","no battery","V"
"10/20/2017","11:25:49","5","default","957498349","OXY5","16.185","min","158.657","μmol/L","Humid","20.974","deg","95130","µV","35.836","°C","1018.000","hPa","37.0","pmil","0","55.500","deg","20.000","°C","100.000","%a.s.","22.500","deg","20.000","°C","1013.000","hPa","0.861","-0.02056","0.00035","-0.00011","0","14.7","Humid","26.25","0","52.00","348343.65","SABD0000000001","AAV1.0.0.11","2.0.0.28","PSt7-10","000000-000","10/20/2017 9:36:39 AM","0000-00","0","no battery","V"
"10/20/2017","11:25:50","5","default","957498349","OXY5","16.202","min","158.501","μmol/L","Humid","20.982","deg","95132","µV","35.843","°C","1018.000","hPa","37.0","pmil","0","55.500","deg","20.000","°C","100.000","%a.s.","22.500","deg","20.000","°C","1013.000","hPa","0.861","-0.02056","0.00035","-0.00011","0","14.7","Humid","26.25","0","52.00","348347.14","SABD0000000001","AAV1.0.0.11","2.0.0.28","PSt7-10","000000-000","10/20/2017 9:36:39 AM","0000-00","0","no battery","V"
"10/20/2017","11:25:51","5","default","957498349","OXY5","16.218","min","158.557","μmol/L","Humid","20.979","deg","95129","µV","35.841","°C","1018.000","hPa","37.0","pmil","0","55.500","deg","20.000","°C","100.000","%a.s.","22.500","deg","20.000","°C","1013.000","hPa","0.861","-0.02056","0.00035","-0.00011","0","14.7","Humid","26.25","0","52.00","348333.28","SABD0000000001","AAV1.0.0.11","2.0.0.28","PSt7-10","000000-000","10/20/2017 9:36:39 AM","0000-00","0","no battery","V"
"10/20/2017","11:25:52","5","default","957498349","OXY5","16.235","min","158.559","μmol/L","Humid","20.980","deg","95128","µV","35.838","°C","1018.000","hPa","37.0","pmil","0","55.500","deg","20.000","°C","100.000","%a.s.","22.500","deg","20.000","°C","1013.000","hPa","0.861","-0.02056","0.00035","-0.00011","0","14.7","Humid","26.25","0","52.00","348335.88","SABD0000000001","AAV1.0.0.11","2.0.0.28","PSt7-10","000000-000","10/20/2017 9:36:39 AM","0000-00","0","no battery","V"
"10/20/2017","11:25:53","5","default","957498349","OXY5","16.252","min","158.632","μmol/L","Humid","20.974","deg","95135","µV","35.840","°C","1018.000","hPa","37.0","pmil","0","55.500","deg","20.000","°C","100.000","%a.s.","22.500","deg","20.000","°C","1013.000","hPa","0.861","-0.02056","0.00035","-0.00011","0","14.7","Humid","26.25","0","52.00","348336.28","SABD0000000001","AAV1.0.0.11","2.0.0.28","PSt7-10","000000-000","10/20/2017 9:36:39 AM","0000-00","0","no battery","V"
"10/20/2017","11:25:54","5","default","957498349","OXY5","16.268","min","158.546","μmol/L","Humid","20.979","deg","95125","µV","35.843","°C","1018.000","hPa","37.0","pmil","0","55.500","deg","20.000","°C","100.000","%a.s.","22.500","deg","20.000","°C","1013.000","hPa","0.861","-0.02056","0.00035","-0.00011","0","14.7","Humid","26.25","0","52.00","348350.33","SABD0000000001","AAV1.0.0.11","2.0.0.28","PSt7-10","000000-000","10/20/2017 9:36:39 AM","0000-00","0","no battery","V"
"10/20/2017","11:25:55","5","default","957498349","OXY5","16.285","min","158.579","μmol/L","Humid","20.974","deg","95119","µV","35.849","°C","1018.000","hPa","37.0","pmil","0","55.500","deg","20.000","°C","100.000","%a.s.","22.500","deg","20.000","°C","1013.000","hPa","0.861","-0.02056","0.00035","-0.00011","0","14.7","Humid","26.25","0","52.00","348343.39","SABD0000000001","AAV1.0.0.11","2.0.0.28","PSt7-10","000000-000","10/20/2017 9:36:39 AM","0000-00","0","no battery","V"
"10/20/2017","11:25:56","5","default","957498349","OXY5","16.302","min","158.513","μmol/L","Humid","20.979","deg","95118","µV","35.848","°C","1018.000","hPa","37.0","pmil","0","55.500","deg","20.000","°C","100.000","%a.s.","22.500","deg","20.000","°C","1013.000","hPa","0.861","-0.02056","0.00035","-0.00011","0","14.7","Humid","26.25","0","52.00","348335.96","SABD0000000001","AAV1.0.0.11","2.0.0.28","PSt7-10","000000-000","10/20/2017 9:36:39 AM","0000-00","0","no battery","V"
"10/20/2017","11:25:57","5","default","957498349","OXY5","16.318","min","158.590","μmol/L","Humid","20.978","deg","95116","µV","35.838","°C","1018.000","hPa","37.0","pmil","0","55.500","deg","20.000","°C","100.000","%a.s.","22.500","deg","20.000","°C","1013.000","hPa","0.861","-0.02056","0.00035","-0.00011","0","14.7","Humid","26.25","0","52.00","348350.42","SABD0000000001","AAV1.0.0.11","2.0.0.28","PSt7-10","000000-000","10/20/2017 9:36:39 AM","0000-00","0","no battery","V"
"10/20/2017","11:25:58","5","default","957498349","OXY5","16.335","min","158.633","μmol/L","Humid","20.977","deg","95115","µV","35.833","°C","1018.000","hPa","37.0","pmil","0","55.500","deg","20.000","°C","100.000","%a.s.","22.500","deg","20.000","°C","1013.000","hPa","0.861","-0.02056","0.00035","-0.00011","0","14.7","Humid","26.25","0","52.00","348333.84","SABD0000000001","AAV1.0.0.11","2.0.0.28","PSt7-10","000000-000","10/20/2017 9:36:39 AM","0000-00","0","no battery","V"
"10/20/2017","11:25:59","5","default","957498349","OXY5","16.352","min","158.610","μmol/L","Humid","20.980","deg","95114","µV","35.830","°C","1018.000","hPa","37.0","pmil","0","55.500","deg","20.000","°C","100.000","%a.s.","22.500","deg","20.000","°C","1013.000","hPa","0.861","-0.02056","0.00035","-0.00011","0","14.7","Humid","26.25","0","52.00","348343.88","SABD0000000001","AAV1.0.0.11","2.0.0.28","PSt7-10","000000-000","10/20/2017 9:36:39 AM","0000-00","0","no battery","V"
"10/20/2017","11:26:00","5","default","957498349","OXY5","16.368","min","158.496","μmol/L","Humid","20.976","deg","95105","µV","35.858","°C","1018.000","hPa","37.0","pmil","0","55.500","deg","20.000","°C","100.000","%a.s.","22.500","deg","20.000","°C","1013.000","hPa","0.861","-0.02056","0.00035","-0.00011","0","14.7","Humid","26.25","0","52.00","348334.25","SABD0000000001","AAV1.0.0.11","2.0.0.28","PSt7-10","000000-000","10/20/2017 9:36:39 AM","0000-00","0","no battery","V"
"10/20/2017","11:26:01","5","default","957498349","OXY5","16.385","min","158.441","μmol/L","Humid","20.975","deg","95101","µV","35.870","°C","1018.000","hPa","37.0","pmil","0","55.500","deg","20.000","°C","100.000","%a.s.","22.500","deg","20.000","°C","1013.000","hPa","0.861","-0.02056","0.00035","-0.00011","0","14.7","Humid","26.25","0","52.00","348327.09","SABD0000000001","AAV1.0.0.11","2.0.0.28","PSt7-10","000000-000","10/20/2017 9:36:39 AM","0000-00","0","no battery","V"
"10/20/2017","11:26:02","5","default","957498349","OXY5","16.402","min","158.581","μmol/L","Humid","20.974","deg","95106","µV","35.849","°C","1018.000","hPa","37.0","pmil","0","55.500","deg","20.000","°C","100.000","%a.s.","22.500","deg","20.000","°C","1013.000","hPa","0.861","-0.02056","0.00035","-0.00011","0","14.7","Humid","26.25","0","52.00","348334.26","SABD0000000001","AAV1.0.0.11","2.0.0.28","PSt7-10","000000-000","10/20/2017 9:36:39 AM","0000-00","0","no battery","V"
"10/20/2017","11:26:03","5","default","957498349","OXY5","16.418","min","158.460","μmol/L","Humid","20.977","deg","95106","µV","35.862","°C","1018.000","hPa","37.0","pmil","0","55.500","deg","20.000","°C","100.000","%a.s.","22.500","deg","20.000","°C","1013.000","hPa","0.861","-0.02056","0.00035","-0.00011","0","14.7","Humid","26.25","0","52.00","348338.00","SABD0000000001","AAV1.0.0.11","2.0.0.28","PSt7-10","000000-000","10/20/2017 9:36:39 AM","0000-00","0","no battery","V"
"10/20/2017","11:26:04","5","default","957498349","OXY5","16.435","min","158.535","μmol/L","Humid","20.975","deg","95102","µV","35.854","°C","1018.000","hPa","37.0","pmil","0","55.500","deg","20.000","°C","100.000","%a.s.","22.500","deg","20.000","°C","1013.000","hPa","0.861","-0.02056","0.00035","-0.00011","0","14.7","Humid","26.25","0","52.00","348342.88","SABD0000000001","AAV1.0.0.11","2.0.0.28","PSt7-10","000000-000","10/20/2017 9:36:39 AM","0000-00","0","no battery","V"
"10/20/2017","11:26:05","5","default","957498349","OXY5","16.451","min","158.631","μmol/L","Humid","20.972","deg","95099","µV","35.845","°C","1018.000","hPa","37.0","pmil","0","55.500","deg","20.000","°C","100.000","%a.s.","22.500","deg","20.000","°C","1013.000","hPa","0.861","-0.02056","0.00035","-0.00011","0","14.7","Humid","26.25","0","52.00","348333.75","SABD0000000001","AAV1.0.0.11","2.0.0.28","PSt7-10","000000-000","10/20/2017 9:36:39 AM","0000-00","0","no battery","V"
"10/20/2017","11:26:06","5","default","957498349","OXY5","16.468","min","158.523","μmol/L","Humid","20.977","deg","95097","µV","35.851","°C","1018.000","hPa","37.0","pmil","0","55.500","deg","20.000","°C","100.000","%a.s.","22.500","deg","20.000","°C","1013.000","hPa","0.861","-0.02056","0.00035","-0.00011","0","14.7","Humid","26.25","0","52.00","348325.95","SABD0000000001","AAV1.0.0.11","2.0.0.28","PSt7-10","000000-000","10/20/2017 9:36:39 AM","0000-00","0","no battery","V"
"10/20/2017","11:26:07","5","default","957498349","OXY5","16.485","min","158.630","μmol/L","Humid","20.977","deg","95093","µV","35.834","°C","1018.000","hPa","37.0","pmil","0","55.500","deg","20.000","°C","100.000","%a.s.","22.500","deg","20.000","°C","1013.000","hPa","0.861","-0.02056","0.00035","-0.00011","0","14.7","Humid","26.25","0","52.00","348320.47","SABD0000000001","AAV1.0.0.11","2.0.0.28","PSt7-10","000000-000","10/20/2017 9:36:39 AM","0000-00","0","no battery","V"
"10/20/2017","11:26:08","5","default","957498349","OXY5","16.501","min","158.565","μmol/L","Humid","20.977","deg","95090","µV","35.844","°C","1018.000","hPa","37.0","pmil","0","55.500","deg","20.000","°C","100.000","%a.s.","22.500","deg","20.000","°C","1013.000","hPa","0.861","-0.02056","0.00035","-0.00011","0","14.7","Humid","26.25","0","52.00","348326.52","SABD0000000001","AAV1.0.0.11","2.0.0.28","PSt7-10","000000-000","10/20/2017 9:36:39 AM","0000-00","0","no battery","V"
"10/20/2017","11:26:09","5","default","957498349","OXY5","16.518","min","158.495","μmol/L","Humid","20.976","deg","95088","µV","35.859","°C","1018.000","hPa","37.0","pmil","0","55.500","deg","20.000","°C","100.000","%a.s.","22.500","deg","20.000","°C","1013.000","hPa","0.861","-0.02056","0.00035","-0.00011","0","14.7","Humid","26.25","0","52.00","348314.18","SABD0000000001","AAV1.0.0.11","2.0.0.28","PSt7-10","000000-000","10/20/2017 9:36:39 AM","0000-00","0","no battery","V"
"10/20/2017","11:26:10","5","default","957498349","OXY5","16.535","min","158.544","μmol/L","Humid","20.974","deg","95083","µV","35.855","°C","1018.000","hPa","37.0","pmil","0","55.500","deg","20.000","°C","100.000","%a.s.","22.500","deg","20.000","°C","1013.000","hPa","0.861","-0.02056","0.00035","-0.00011","0","14.7","Humid","26.25","0","52.00","348317.06","SABD0000000001","AAV1.0.0.11","2.0.0.28","PSt7-10","000000-000","10/20/2017 9:36:39 AM","0000-00","0","no battery","V"
"10/20/2017","11:26:11","5","default","957498349","OXY5","16.551","min","158.650","μmol/L","Humid","20.974","deg","95083","µV","35.838","°C","1018.000","hPa","37.0","pmil","0","55.500","deg","20.000","°C","100.000","%a.s.","22.500","deg","20.000","°C","1013.000","hPa","0.861","-0.02056","0.00035","-0.00011","0","14.7","Humid","26.25","0","52.00","348314.39","SABD0000000001","AAV1.0.0.11","2.0.0.28","PSt7-10","000000-000","10/20/2017 9:36:39 AM","0000-00","0","no battery","V"
"10/20/2017","11:26:12","5","default","957498349","OXY5","16.568","min","158.587","μmol/L","Humid","20.976","deg","95086","µV","35.843","°C","1018.000","hPa","37.0","pmil","0","55.500","deg","20.000","°C","100.000","%a.s.","22.500","deg","20.000","°C","1013.000","hPa","0.861","-0.02056","0.00035","-0.00011","0","14.7","Humid","26.25","0","52.00","348318.02","SABD0000000001","AAV1.0.0.11","2.0.0.28","PSt7-10","000000-000","10/20/2017 9:36:39 AM","0000-00","0","no battery","V"
"10/20/2017","11:26:13","5","default","957498349","OXY5","16.585","min","158.568","μmol/L","Humid","20.976","deg","95079","µV","35.846","°C","1018.000","hPa","37.0","pmil","0","55.500","deg","20.000","°C","100.000","%a.s.","22.500","deg","20.000","°C","1013.000","hPa","0.861","-0.02056","0.00035","-0.00011","0","14.7","Humid","26.25","0","52.00","348317.02","SABD0000000001","AAV1.0.0.11","2.0.0.28","PSt7-10","000000-000","10/20/2017 9:36:39 AM","0000-00","0","no battery","V"
"10/20/2017","11:26:14","5","default","957498349","OXY5","16.602","min","158.528","μmol/L","Humid","20.973","deg","95076","µV","35.860","°C","1018.000","hPa","37.0","pmil","0","55.500","deg","20.000","°C","100.000","%a.s.","22.500","deg","20.000","°C","1013.000","hPa","0.861","-0.02056","0.00035","-0.00011","0","14.7","Humid","26.25","0","52.00","348310.37","SABD0000000001","AAV1.0.0.11","2.0.0.28","PSt7-10","000000-000","10/20/2017 9:36:39 AM","0000-00","0","no battery","V"
"10/20/2017","11:26:15","5","default","957498349","OXY5","16.618","min","158.609","μmol/L","Humid","20.976","deg","95071","µV","35.839","°C","1018.000","hPa","37.0","pmil","0","55.500","deg","20.000","°C","100.000","%a.s.","22.500","deg","20.000","°C","1013.000","hPa","0.861","-0.02056","0.00035","-0.00011","0","14.7","Humid","26.25","0","52.00","348313.72","SABD0000000001","AAV1.0.0.11","2.0.0.28","PSt7-10","000000-000","10/20/2017 9:36:39 AM","0000-00","0","no battery","V"
"10/20/2017","11:26:16","5","default","957498349","OXY5","16.635","min","158.764","μmol/L","Humid","20.973","deg","95069","µV","35.821","°C","1018.000","hPa","37.0","pmil","0","55.500","deg","20.000","°C","100.000","%a.s.","22.500","deg","20.000","°C","1013.000","hPa","0.861","-0.02056","0.00035","-0.00011","0","14.7","Humid","26.25","0","52.00","348318.30","SABD0000000001","AAV1.0.0.11","2.0.0.28","PSt7-10","000000-000","10/20/2017 9:36:39 AM","0000-00","0","no battery","V"
"10/20/2017","11:26:17","5","default","957498349","OXY5","16.652","min","158.567","μmol/L","Humid","20.975","deg","95065","µV","35.849","°C","1018.000","hPa","37.0","pmil","0","55.500","deg","20.000","°C","100.000","%a.s.","22.500","deg","20.000","°C","1013.000","hPa","0.861","-0.02056","0.00035","-0.00011","0","14.7","Humid","26.25","0","52.00","348310.71","SABD0000000001","AAV1.0.0.11","2.0.0.28","PSt7-10","000000-000","10/20/2017 9:36:39 AM","0000-00","0","no battery","V"
"10/20/2017","11:26:18","5","default","957498349","OXY5","16.668","min","158.574","μmol/L","Humid","20.975","deg","95069","µV","35.848","°C","1018.000","hPa","37.0","pmil","0","55.500","deg","20.000","°C","100.000","%a.s.","22.500","deg","20.000","°C","1013.000","hPa","0.861","-0.02056","0.00035","-0.00011","0","14.7","Humid","26.25","0","52.00","348298.99","SABD0000000001","AAV1.0.0.11","2.0.0.28","PSt7-10","000000-000","10/20/2017 9:36:39 AM","0000-00","0","no battery","V"
"10/20/2017","11:26:19","5","default","957498349","OXY5","16.685","min","158.582","μmol/L","Humid","20.973","deg","95069","µV","35.851","°C","1018.000","hPa","37.0","pmil","0","55.500","deg","20.000","°C","100.000","%a.s.","22.500","deg","20.000","°C","1013.000","hPa","0.861","-0.02056","0.00035","-0.00011","0","14.7","Humid","26.25","0","52.00","348312.38","SABD0000000001","AAV1.0.0.11","2.0.0.28","PSt7-10","000000-000","10/20/2017 9:36:39 AM","0000-00","0","no battery","V"
"10/20/2017","11:26:20","5","default","957498349","OXY5","16.702","min","158.521","μmol/L","Humid","20.974","deg","95067","µV","35.859","°C","1018.000","hPa","37.0","pmil","0","55.500","deg","20.000","°C","100.000","%a.s.","22.500","deg","20.000","°C","1013.000","hPa","0.861","-0.02056","0.00035","-0.00011","0","14.7","Humid","26.25","0","52.00","348306.55","SABD0000000001","AAV1.0.0.11","2.0.0.28","PSt7-10","000000-000","10/20/2017 9:36:39 AM","0000-00","0","no battery","V"
"10/20/2017","11:26:21","5","default","957498349","OXY5","16.718","min","158.554","μmol/L","Humid","20.973","deg","95067","µV","35.856","°C","1018.000","hPa","37.0","pmil","0","55.500","deg","20.000","°C","100.000","%a.s.","22.500","deg","20.000","°C","1013.000","hPa","0.861","-0.02056","0.00035","-0.00011","0","14.7","Humid","26.25","0","52.00","348306.63","SABD0000000001","AAV1.0.0.11","2.0.0.28","PSt7-10","000000-000","10/20/2017 9:36:39 AM","0000-00","0","no battery","V"
"10/20/2017","11:26:22","5","default","957498349","OXY5","16.735","min","158.566","μmol/L","Humid","20.975","deg","95056","µV","35.849","°C","1018.000","hPa","37.0","pmil","0","55.500","deg","20.000","°C","100.000","%a.s.","22.500","deg","20.000","°C","1013.000","hPa","0.861","-0.02056","0.00035","-0.00011","0","14.7","Humid","26.25","0","52.00","348306.54","SABD0000000001","AAV1.0.0.11","2.0.0.28","PSt7-10","000000-000","10/20/2017 9:36:39 AM","0000-00","0","no battery","V"
"10/20/2017","11:26:23","5","default","957498349","OXY5","16.752","min","158.679","μmol/L","Humid","20.974","deg","95060","µV","35.833","°C","1018.000","hPa","37.0","pmil","0","55.500","deg","20.000","°C","100.000","%a.s.","22.500","deg","20.000","°C","1013.000","hPa","0.861","-0.02056","0.00035","-0.00011","0","14.7","Humid","26.25","0","52.00","348308.13","SABD0000000001","AAV1.0.0.11","2.0.0.28","PSt7-10","000000-000","10/20/2017 9:36:39 AM","0000-00","0","no battery","V"
"10/20/2017","11:26:24","5","default","957498349","OXY5","16.768","min","158.472","μmol/L","Humid","20.975","deg","95056","µV","35.865","°C","1018.000","hPa","37.0","pmil","0","55.500","deg","20.000","°C","100.000","%a.s.","22.500","deg","20.000","°C","1013.000","hPa","0.861","-0.02056","0.00035","-0.00011","0","14.7","Humid","26.25","0","52.00","348308.53","SABD0000000001","AAV1.0.0.11","2.0.0.28","PSt7-10","000000-000","10/20/2017 9:36:39 AM","0000-00","0","no battery","V"
"10/20/2017","11:26:25","5","default","957498349","OXY5","16.785","min","158.560","μmol/L","Humid","20.975","deg","95048","µV","35.850","°C","1018.000","hPa","37.0","pmil","0","55.500","deg","20.000","°C","100.000","%a.s.","22.500","deg","20.000","°C","1013.000","hPa","0.861","-0.02056","0.00035","-0.00011","0","14.7","Humid","26.25","0","52.00","348302.00","SABD0000000001","AAV1.0.0.11","2.0.0.28","PSt7-10","000000-000","10/20/2017 9:36:39 AM","0000-00","0","no battery","V"
"10/20/2017","11:26:26","5","default","957498349","OXY5","16.802","min","158.514","μmol/L","Humid","20.977","deg","95052","µV","35.853","°C","1018.000","hPa","37.0","pmil","0","55.500","deg","20.000","°C","100.000","%a.s.","22.500","deg","20.000","°C","1013.000","hPa","0.861","-0.02056","0.00035","-0.00011","0","14.7","Humid","26.25","0","52.00","348299.46","SABD0000000001","AAV1.0.0.11","2.0.0.28","PSt7-10","000000-000","10/20/2017 9:36:39 AM","0000-00","0","no battery","V"
"10/20/2017","11:26:27","5","default","957498349","OXY5","16.818","min","158.579","μmol/L","Humid","20.977","deg","95048","µV","35.842","°C","1018.000","hPa","37.0","pmil","0","55.500","deg","20.000","°C","100.000","%a.s.","22.500","deg","20.000","°C","1013.000","hPa","0.861","-0.02056","0.00035","-0.00011","0","14.7","Humid","26.25","0","52.00","348298.40","SABD0000000001","AAV1.0.0.11","2.0.0.28","PSt7-10","000000-000","10/20/2017 9:36:39 AM","0000-00","0","no battery","V"
"10/20/2017","11:26:28","5","default","957498349","OXY5","16.835","min","158.606","μmol/L","Humid","20.973","deg","95052","µV","35.847","°C","1018.000","hPa","37.0","pmil","0","55.500","deg","20.000","°C","100.000","%a.s.","22.500","deg","20.000","°C","1013.000","hPa","0.861","-0.02056","0.00035","-0.00011","0","14.7","Humid","26.25","0","52.00","348305.58","SABD0000000001","AAV1.0.0.11","2.0.0.28","PSt7-10","000000-000","10/20/2017 9:36:39 AM","0000-00","0","no battery","V"
"10/20/2017","11:26:29","5","default","957498349","OXY5","16.852","min","158.535","μmol/L","Humid","20.975","deg","95049","µV","35.854","°C","1018.000","hPa","37.0","pmil","0","55.500","deg","20.000","°C","100.000","%a.s.","22.500","deg","20.000","°C","1013.000","hPa","0.861","-0.02056","0.00035","-0.00011","0","14.7","Humid","26.25","0","52.00","348299.80","SABD0000000001","AAV1.0.0.11","2.0.0.28","PSt7-10","000000-000","10/20/2017 9:36:39 AM","0000-00","0","no battery","V"
"10/20/2017","11:26:30","5","default","957498349","OXY5","16.868","min","158.578","μmol/L","Humid","20.975","deg","95044","µV","35.847","°C","1018.000","hPa","37.0","pmil","0","55.500","deg","20.000","°C","100.000","%a.s.","22.500","deg","20.000","°C","1013.000","hPa","0.861","-0.02056","0.00035","-0.00011","0","14.7","Humid","26.25","0","52.00","348308.48","SABD0000000001","AAV1.0.0.11","2.0.0.28","PSt7-10","000000-000","10/20/2017 9:36:39 AM","0000-00","0","no battery","V"
"10/20/2017","11:26:31","5","default","957498349","OXY5","16.885","min","158.622","μmol/L","Humid","20.973","deg","95041","µV","35.845","°C","1018.000","hPa","37.0","pmil","0","55.500","deg","20.000","°C","100.000","%a.s.","22.500","deg","20.000","°C","1013.000","hPa","0.861","-0.02056","0.00035","-0.00011","0","14.7","Humid","26.25","0","52.00","348297.49","SABD0000000001","AAV1.0.0.11","2.0.0.28","PSt7-10","000000-000","10/20/2017 9:36:39 AM","0000-00","0","no battery","V"
"10/20/2017","11:26:32","5","default","957498349","OXY5","16.902","min","158.552","μmol/L","Humid","20.975","deg","95038","µV","35.851","°C","1018.000","hPa","37.0","pmil","0","55.500","deg","20.000","°C","100.000","%a.s.","22.500","deg","20.000","°C","1013.000","hPa","0.861","-0.02056","0.00035","-0.00011","0","14.7","Humid","26.25","0","52.00","348289.30","SABD0000000001","AAV1.0.0.11","2.0.0.28","PSt7-10","000000-000","10/20/2017 9:36:39 AM","0000-00","0","no battery","V"
"10/20/2017","11:26:33","5","default","957498349","OXY5","16.918","min","158.594","μmol/L","Humid","20.975","deg","95033","µV","35.844","°C","1018.000","hPa","37.0","pmil","0","55.500","deg","20.000","°C","100.000","%a.s.","22.500","deg","20.000","°C","1013.000","hPa","0.861","-0.02056","0.00035","-0.00011","0","14.7","Humid","26.25","0","52.00","348283.05","SABD0000000001","AAV1.0.0.11","2.0.0.28","PSt7-10","000000-000","10/20/2017 9:36:39 AM","0000-00","0","no battery","V"
"10/20/2017","11:26:34","5","default","957498349","OXY5","16.935","min","158.615","μmol/L","Humid","20.974","deg","95039","µV","35.843","°C","1018.000","hPa","37.0","pmil","0","55.500","deg","20.000","°C","100.000","%a.s.","22.500","deg","20.000","°C","1013.000","hPa","0.861","-0.02056","0.00035","-0.00011","0","14.7","Humid","26.25","0","52.00","348289.89","SABD0000000001","AAV1.0.0.11","2.0.0.28","PSt7-10","000000-000","10/20/2017 9:36:39 AM","0000-00","0","no battery","V"
"10/20/2017","11:26:35","5","default","957498349","OXY5","16.952","min","158.554","μmol/L","Humid","20.976","deg","95032","µV","35.849","°C","1018.000","hPa","37.0","pmil","0","55.500","deg","20.000","°C","100.000","%a.s.","22.500","deg","20.000","°C","1013.000","hPa","0.861","-0.02056","0.00035","-0.00011","0","14.7","Humid","26.25","0","52.00","348296.59","SABD0000000001","AAV1.0.0.11","2.0.0.28","PSt7-10","000000-000","10/20/2017 9:36:39 AM","0000-00","0","no battery","V"
"10/20/2017","11:26:36","5","default","957498349","OXY5","16.968","min","158.706","μmol/L","Humid","20.973","deg","95035","µV","35.830","°C","1018.000","hPa","37.0","pmil","0","55.500","deg","20.000","°C","100.000","%a.s.","22.500","deg","20.000","°C","1013.000","hPa","0.861","-0.02056","0.00035","-0.00011","0","14.7","Humid","26.25","0","52.00","348285.09","SABD0000000001","AAV1.0.0.11","2.0.0.28","PSt7-10","000000-000","10/20/2017 9:36:39 AM","0000-00","0","no battery","V"
"10/20/2017","11:26:37","5","default","957498349","OXY5","16.985","min","158.580","μmol/L","Humid","20.973","deg","95038","µV","35.852","°C","1018.000","hPa","37.0","pmil","0","55.500","deg","20.000","°C","100.000","%a.s.","22.500","deg","20.000","°C","1013.000","hPa","0.861","-0.02056","0.00035","-0.00011","0","14.7","Humid","26.25","0","52.00","348278.59","SABD0000000001","AAV1.0.0.11","2.0.0.28","PSt7-10","000000-000","10/20/2017 9:36:39 AM","0000-00","0","no battery","V"
"10/20/2017","11:26:38","5","default","957498349","OXY5","17.002","min","158.503","μmol/L","Humid","20.977","deg","95030","µV","35.855","°C","1018.000","hPa","37.0","pmil","0","55.500","deg","20.000","°C","100.000","%a.s.","22.500","deg","20.000","°C","1013.000","hPa","0.861","-0.02056","0.00035","-0.00011","0","14.7","Humid","26.25","0","52.00","348285.69","SABD0000000001","AAV1.0.0.11","2.0.0.28","PSt7-10","000000-000","10/20/2017 9:36:39 AM","0000-00","0","no battery","V"
"10/20/2017","11:26:39","5","default","957498349","OXY5","17.018","min","158.514","μmol/L","Humid","20.973","deg","95022","µV","35.862","°C","1018.000","hPa","37.0","pmil","0","55.500","deg","20.000","°C","100.000","%a.s.","22.500","deg","20.000","°C","1013.000","hPa","0.861","-0.02056","0.00035","-0.00011","0","14.7","Humid","26.25","0","52.00","348291.43","SABD0000000001","AAV1.0.0.11","2.0.0.28","PSt7-10","000000-000","10/20/2017 9:36:39 AM","0000-00","0","no battery","V"
"10/20/2017","11:26:40","5","default","957498349","OXY5","17.035","min","158.669","μmol/L","Humid","20.970","deg","95025","µV","35.844","°C","1018.000","hPa","37.0","pmil","0","55.500","deg","20.000","°C","100.000","%a.s.","22.500","deg","20.000","°C","1013.000","hPa","0.861","-0.02056","0.00035","-0.00011","0","14.7","Humid","26.25","0","52.00","348280.80","SABD0000000001","AAV1.0.0.11","2.0.0.28","PSt7-10","000000-000","10/20/2017 9:36:39 AM","0000-00","0","no battery","V"
"10/20/2017","11:26:41","5","default","957498349","OXY5","17.052","min","158.605","μmol/L","Humid","20.971","deg","95021","µV","35.852","°C","1018.000","hPa","37.0","pmil","0","55.500","deg","20.000","°C","100.000","%a.s.","22.500","deg","20.000","°C","1013.000","hPa","0.861","-0.02056","0.00035","-0.00011","0","14.7","Humid","26.25","0","52.00","348285.14","SABD0000000001","AAV1.0.0.11","2.0.0.28","PSt7-10","000000-000","10/20/2017 9:36:39 AM","0000-00","0","no battery","V"
"10/20/2017","11:26:42","5","default","957498349","OXY5","17.068","min","158.603","μmol/L","Humid","20.972","deg","94968","µV","35.850","°C","1018.000","hPa","37.0","pmil","0","55.500","deg","20.000","°C","100.000","%a.s.","22.500","deg","20.000","°C","1013.000","hPa","0.861","-0.02056","0.00035","-0.00011","0","14.7","Humid","26.25","0","52.00","348279.88","SABD0000000001","AAV1.0.0.11","2.0.0.28","PSt7-10","000000-000","10/20/2017 9:36:39 AM","0000-00","0","no battery","V"
"10/20/2017","11:26:43","5","default","957498349","OXY5","17.085","min","158.509","μmol/L","Humid","20.976","deg","95011","µV","35.856","°C","1018.000","hPa","37.0","pmil","0","55.500","deg","20.000","°C","100.000","%a.s.","22.500","deg","20.000","°C","1013.000","hPa","0.861","-0.02056","0.00035","-0.00011","0","14.7","Humid","26.25","0","52.00","348268.91","SABD0000000001","AAV1.0.0.11","2.0.0.28","PSt7-10","000000-000","10/20/2017 9:36:39 AM","0000-00","0","no battery","V"
"10/20/2017","11:26:44","5","default","957498349","OXY5","17.102","min","158.508","μmol/L","Humid","20.976","deg","95013","µV","35.856","°C","1018.000","hPa","37.0","pmil","0","55.500","deg","20.000","°C","100.000","%a.s.","22.500","deg","20.000","°C","1013.000","hPa","0.861","-0.02056","0.00035","-0.00011","0","14.7","Humid","26.25","0","52.00","348271.69","SABD0000000001","AAV1.0.0.11","2.0.0.28","PSt7-10","000000-000","10/20/2017 9:36:39 AM","0000-00","0","no battery","V"
"10/20/2017","11:26:45","5","default","957498349","OXY5","17.118","min","158.593","μmol/L","Humid","20.974","deg","95000","µV","35.847","°C","1018.000","hPa","37.0","pmil","0","55.500","deg","20.000","°C","100.000","%a.s.","22.500","deg","20.000","°C","1013.000","hPa","0.861","-0.02056","0.00035","-0.00011","0","14.7","Humid","26.25","0","52.00","348257.67","SABD0000000001","AAV1.0.0.11","2.0.0.28","PSt7-10","000000-000","10/20/2017 9:36:39 AM","0000-00","0","no battery","V"
"10/20/2017","11:26:46","5","default","957498349","OXY5","17.135","min","158.709","μmol/L","Humid","20.970","deg","94990","µV","35.837","°C","1018.000","hPa","37.0","pmil","0","55.500","deg","20.000","°C","100.000","%a.s.","22.500","deg","20.000","°C","1013.000","hPa","0.861","-0.02056","0.00035","-0.00011","0","14.7","Humid","26.25","0","52.00","348251.64","SABD0000000001","AAV1.0.0.11","2.0.0.28","PSt7-10","000000-000","10/20/2017 9:36:39 AM","0000-00","0","no battery","V"
"10/20/2017","11:26:47","5","default","957498349","OXY5","17.152","min","158.521","μmol/L","Humid","20.977","deg","94995","µV","35.852","°C","1018.000","hPa","37.0","pmil","0","55.500","deg","20.000","°C","100.000","%a.s.","22.500","deg","20.000","°C","1013.000","hPa","0.861","-0.02056","0.00035","-0.00011","0","14.7","Humid","26.25","0","52.00","348274.09","SABD0000000001","AAV1.0.0.11","2.0.0.28","PSt7-10","000000-000","10/20/2017 9:36:39 AM","0000-00","0","no battery","V"
"10/20/2017","11:26:48","5","default","957498349","OXY5","17.168","min","158.541","μmol/L","Humid","20.974","deg","94983","µV","35.856","°C","1018.000","hPa","37.0","pmil","0","55.500","deg","20.000","°C","100.000","%a.s.","22.500","deg","20.000","°C","1013.000","hPa","0.861","-0.02056","0.00035","-0.00011","0","14.7","Humid","26.25","0","52.00","348251.10","SABD0000000001","AAV1.0.0.11","2.0.0.28","PSt7-10","000000-000","10/20/2017 9:36:39 AM","0000-00","0","no battery","V"
"10/20/2017","11:26:49","5","default","957498349","OXY5","17.185","min","158.495","μmol/L","Humid","20.974","deg","94979","µV","35.863","°C","1018.000","hPa","37.0","pmil","0","55.500","deg","20.000","°C","100.000","%a.s.","22.500","deg","20.000","°C","1013.000","hPa","0.861","-0.02056","0.00035","-0.00011","0","14.7","Humid","26.25","0","52.00","348255.37","SABD0000000001","AAV1.0.0.11","2.0.0.28","PSt7-10","000000-000","10/20/2017 9:36:39 AM","0000-00","0","no battery","V"
"10/20/2017","11:26:50","5","default","957498349","OXY5","17.202","min","158.532","μmol/L","Humid","20.973","deg","94985","µV","35.859","°C","1018.000","hPa","37.0","pmil","0","55.500","deg","20.000","°C","100.000","%a.s.","22.500","deg","20.000","°C","1013.000","hPa","0.861","-0.02056","0.00035","-0.00011","0","14.7","Humid","26.25","0","52.00","348268.04","SABD0000000001","AAV1.0.0.11","2.0.0.28","PSt7-10","000000-000","10/20/2017 9:36:39 AM","0000-00","0","no battery","V"
"10/20/2017","11:26:51","5","default","957498349","OXY5","17.218","min","158.614","μmol/L","Humid","20.973","deg","94975","µV","35.846","°C","1018.000","hPa","37.0","pmil","0","55.500","deg","20.000","°C","100.000","%a.s.","22.500","deg","20.000","°C","1013.000","hPa","0.861","-0.02056","0.00035","-0.00011","0","14.7","Humid","26.25","0","52.00","348268.39","SABD0000000001","AAV1.0.0.11","2.0.0.28","PSt7-10","000000-000","10/20/2017 9:36:39 AM","0000-00","0","no battery","V"
"10/20/2017","11:26:52","5","default","957498349","OXY5","17.235","min","158.630","μmol/L","Humid","20.973","deg","94976","µV","35.843","°C","1018.000","hPa","37.0","pmil","0","55.500","deg","20.000","°C","100.000","%a.s.","22.500","deg","20.000","°C","1013.000","hPa","0.861","-0.02056","0.00035","-0.00011","0","14.7","Humid","26.25","0","52.00","348264.78","SABD0000000001","AAV1.0.0.11","2.0.0.28","PSt7-10","000000-000","10/20/2017 9:36:39 AM","0000-00","0","no battery","V"
"10/20/2017","11:26:53","5","default","957498349","OXY5","17.252","min","158.593","μmol/L","Humid","20.972","deg","94978","µV","35.852","°C","1018.000","hPa","37.0","pmil","0","55.500","deg","20.000","°C","100.000","%a.s.","22.500","deg","20.000","°C","1013.000","hPa","0.861","-0.02056","0.00035","-0.00011","0","14.7","Humid","26.25","0","52.00","348248.70","SABD0000000001","AAV1.0.0.11","2.0.0.28","PSt7-10","000000-000","10/20/2017 9:36:39 AM","0000-00","0","no battery","V"
"10/20/2017","11:26:54","5","default","957498349","OXY5","17.268","min","158.588","μmol/L","Humid","20.972","deg","94980","µV","35.853","°C","1018.000","hPa","37.0","pmil","0","55.500","deg","20.000","°C","100.000","%a.s.","22.500","deg","20.000","°C","1013.000","hPa","0.861","-0.02056","0.00035","-0.00011","0","14.7","Humid","26.25","0","52.00","348263.92","SABD0000000001","AAV1.0.0.11","2.0.0.28","PSt7-10","000000-000","10/20/2017 9:36:39 AM","0000-00","0","no battery","V"
"10/20/2017","11:26:55","5","default","957498349","OXY5","17.285","min","158.628","μmol/L","Humid","20.972","deg","94966","µV","35.846","°C","1018.000","hPa","37.0","pmil","0","55.500","deg","20.000","°C","100.000","%a.s.","22.500","deg","20.000","°C","1013.000","hPa","0.861","-0.02056","0.00035","-0.00011","0","14.7","Humid","26.25","0","52.00","348257.45","SABD0000000001","AAV1.0.0.11","2.0.0.28","PSt7-10","000000-000","10/20/2017 9:36:39 AM","0000-00","0","no battery","V"
"10/20/2017","11:26:56","5","default","957498349","OXY5","17.302","min","158.538","μmol/L","Humid","20.972","deg","94978","µV","35.861","°C","1018.000","hPa","37.0","pmil","0","55.500","deg","20.000","°C","100.000","%a.s.","22.500","deg","20.000","°C","1013.000","hPa","0.861","-0.02056","0.00035","-0.00011","0","14.7","Humid","26.25","0","52.00","348249.81","SABD0000000001","AAV1.0.0.11","2.0.0.28","PSt7-10","000000-000","10/20/2017 9:36:39 AM","0000-00","0","no battery","V"
"10/20/2017","11:26:57","5","default","957498349","OXY5","17.318","min","158.541","μmol/L","Humid","20.975","deg","94969","µV","35.853","°C","1018.000","hPa","37.0","pmil","0","55.500","deg","20.000","°C","100.000","%a.s.","22.500","deg","20.000","°C","1013.000","hPa","0.861","-0.02056","0.00035","-0.00011","0","14.7","Humid","26.25","0","52.00","348253.82","SABD0000000001","AAV1.0.0.11","2.0.0.28","PSt7-10","000000-000","10/20/2017 9:36:39 AM","0000-00","0","no battery","V"
"10/20/2017","11:26:58","5","default","957498349","OXY5","17.335","min","158.447","μmol/L","Humid","20.974","deg","94958","µV","35.871","°C","1018.000","hPa","37.0","pmil","0","55.500","deg","20.000","°C","100.000","%a.s.","22.500","deg","20.000","°C","1013.000","hPa","0.861","-0.02056","0.00035","-0.00011","0","14.7","Humid","26.25","0","52.00","348261.77","SABD0000000001","AAV1.0.0.11","2.0.0.28","PSt7-10","000000-000","10/20/2017 9:36:39 AM","0000-00","0","no battery","V"
"10/20/2017","11:26:59","5","default","957498349","OXY5","17.352","min","158.608","μmol/L","Humid","20.974","deg","94969","µV","35.844","°C","1018.000","hPa","37.0","pmil","0","55.500","deg","20.000","°C","100.000","%a.s.","22.500","deg","20.000","°C","1013.000","hPa","0.861","-0.02056","0.00035","-0.00011","0","14.7","Humid","26.25","0","52.00","348253.93","SABD0000000001","AAV1.0.0.11","2.0.0.28","PSt7-10","000000-000","10/20/2017 9:36:39 AM","0000-00","0","no battery","V"
"10/20/2017","11:27:00","5","default","957498349","OXY5","17.368","min","158.665","μmol/L","Humid","20.970","deg","94970","µV","35.844","°C","1018.000","hPa","37.0","pmil","0","55.500","deg","20.000","°C","100.000","%a.s.","22.500","deg","20.000","°C","1013.000","hPa","0.861","-0.02056","0.00035","-0.00011","0","14.7","Humid","26.25","0","52.00","348255.72","SABD0000000001","AAV1.0.0.11","2.0.0.28","PSt7-10","000000-000","10/20/2017 9:36:39 AM","0000-00","0","no battery","V"
"10/20/2017","11:27:01","5","default","957498349","OXY5","17.384","min","158.611","μmol/L","Humid","20.969","deg","94967","µV","35.856","°C","1018.000","hPa","37.0","pmil","0","55.500","deg","20.000","°C","100.000","%a.s.","22.500","deg","20.000","°C","1013.000","hPa","0.861","-0.02056","0.00035","-0.00011","0","14.7","Humid","26.25","0","52.00","348247.49","SABD0000000001","AAV1.0.0.11","2.0.0.28","PSt7-10","000000-000","10/20/2017 9:36:39 AM","0000-00","0","no battery","V"
"10/20/2017","11:27:02","5","default","957498349","OXY5","17.401","min","158.611","μmol/L","Humid","20.970","deg","94954","µV","35.853","°C","1018.000","hPa","37.0","pmil","0","55.500","deg","20.000","°C","100.000","%a.s.","22.500","deg","20.000","°C","1013.000","hPa","0.861","-0.02056","0.00035","-0.00011","0","14.7","Humid","26.25","0","52.00","348248.61","SABD0000000001","AAV1.0.0.11","2.0.0.28","PSt7-10","000000-000","10/20/2017 9:36:39 AM","0000-00","0","no battery","V"
"10/20/2017","11:27:03","5","default","957498349","OXY5","17.418","min","158.632","μmol/L","Humid","20.973","deg","94961","µV","35.843","°C","1018.000","hPa","37.0","pmil","0","55.500","deg","20.000","°C","100.000","%a.s.","22.500","deg","20.000","°C","1013.000","hPa","0.861","-0.02056","0.00035","-0.00011","0","14.7","Humid","26.25","0","52.00","348237.93","SABD0000000001","AAV1.0.0.11","2.0.0.28","PSt7-10","000000-000","10/20/2017 9:36:39 AM","0000-00","0","no battery","V"
"10/20/2017","11:27:04","5","default","957498349","OXY5","17.435","min","158.754","μmol/L","Humid","20.968","deg","94948","µV","35.834","°C","1018.000","hPa","37.0","pmil","0","55.500","deg","20.000","°C","100.000","%a.s.","22.500","deg","20.000","°C","1013.000","hPa","0.861","-0.02056","0.00035","-0.00011","0","14.7","Humid","26.25","0","52.00","348237.41","SABD0000000001","AAV1.0.0.11","2.0.0.28","PSt7-10","000000-000","10/20/2017 9:36:39 AM","0000-00","0","no battery","V"
"10/20/2017","11:27:05","5","default","957498349","OXY5","17.452","min","158.562","μmol/L","Humid","20.970","deg","94947","µV","35.862","°C","1018.000","hPa","37.0","pmil","0","55.500","deg","20.000","°C","100.000","%a.s.","22.500","deg","20.000","°C","1013.000","hPa","0.861","-0.02056","0.00035","-0.00011","0","14.7","Humid","26.25","0","52.00","348233.80","SABD0000000001","AAV1.0.0.11","2.0.0.28","PSt7-10","000000-000","10/20/2017 9:36:39 AM","0000-00","0","no battery","V"
"10/20/2017","11:27:06","5","default","957498349","OXY5","17.468","min","158.581","μmol/L","Humid","20.972","deg","94950","µV","35.854","°C","1018.000","hPa","37.0","pmil","0","55.500","deg","20.000","°C","100.000","%a.s.","22.500","deg","20.000","°C","1013.000","hPa","0.861","-0.02056","0.00035","-0.00011","0","14.7","Humid","26.25","0","52.00","348248.24","SABD0000000001","AAV1.0.0.11","2.0.0.28","PSt7-10","000000-000","10/20/2017 9:36:39 AM","0000-00","0","no battery","V"
"10/20/2017","11:27:07","5","default","957498349","OXY5","17.485","min","158.705","μmol/L","Humid","20.969","deg","94951","µV","35.840","°C","1018.000","hPa","37.0","pmil","0","55.500","deg","20.000","°C","100.000","%a.s.","22.500","deg","20.000","°C","1013.000","hPa","0.861","-0.02056","0.00035","-0.00011","0","14.7","Humid","26.25","0","52.00","348233.63","SABD0000000001","AAV1.0.0.11","2.0.0.28","PSt7-10","000000-000","10/20/2017 9:36:39 AM","0000-00","0","no battery","V"
"10/20/2017","11:27:08","5","default","957498349","OXY5","17.501","min","158.709","μmol/L","Humid","20.969","deg","94950","µV","35.839","°C","1018.000","hPa","37.0","pmil","0","55.500","deg","20.000","°C","100.000","%a.s.","22.500","deg","20.000","°C","1013.000","hPa","0.861","-0.02056","0.00035","-0.00011","0","14.7","Humid","26.25","0","52.00","348236.72","SABD0000000001","AAV1.0.0.11","2.0.0.28","PSt7-10","000000-000","10/20/2017 9:36:39 AM","0000-00","0","no battery","V"
"10/20/2017","11:27:09","5","default","957498349","OXY5","17.518","min","158.653","μmol/L","Humid","20.972","deg","94945","µV","35.842","°C","1018.000","hPa","37.0","pmil","0","55.500","deg","20.000","°C","100.000","%a.s.","22.500","deg","20.000","°C","1013.000","hPa","0.861","-0.02056","0.00035","-0.00011","0","14.7","Humid","26.25","0","52.00","348243.54","SABD0000000001","AAV1.0.0.11","2.0.0.28","PSt7-10","000000-000","10/20/2017 9:36:39 AM","0000-00","0","no battery","V"
"10/20/2017","11:27:10","5","default","957498349","OXY5","17.535","min","158.618","μmol/L","Humid","20.971","deg","94947","µV","35.850","°C","1018.000","hPa","37.0","pmil","0","55.500","deg","20.000","°C","100.000","%a.s.","22.500","deg","20.000","°C","1013.000","hPa","0.861","-0.02056","0.00035","-0.00011","0","14.7","Humid","26.25","0","52.00","348241.35","SABD0000000001","AAV1.0.0.11","2.0.0.28","PSt7-10","000000-000","10/20/2017 9:36:39 AM","0000-00","0","no battery","V"
"10/20/2017","11:27:11","5","default","957498349","OXY5","17.551","min","158.640","μmol/L","Humid","20.969","deg","94944","µV","35.851","°C","1018.000","hPa","37.0","pmil","0","55.500","deg","20.000","°C","100.000","%a.s.","22.500","deg","20.000","°C","1013.000","hPa","0.861","-0.02056","0.00035","-0.00011","0","14.7","Humid","26.25","0","52.00","348233.89","SABD0000000001","AAV1.0.0.11","2.0.0.28","PSt7-10","000000-000","10/20/2017 9:36:39 AM","0000-00","0","no battery","V"
"10/20/2017","11:27:12","5","default","957498349","OXY5","17.568","min","158.639","μmol/L","Humid","20.974","deg","94937","µV","35.839","°C","1018.000","hPa","37.0","pmil","0","55.500","deg","20.000","°C","100.000","%a.s.","22.500","deg","20.000","°C","1013.000","hPa","0.861","-0.02056","0.00035","-0.00011","0","14.7","Humid","26.25","0","52.00","348214.40","SABD0000000001","AAV1.0.0.11","2.0.0.28","PSt7-10","000000-000","10/20/2017 9:36:39 AM","0000-00","0","no battery","V"
"10/20/2017","11:27:13","5","default","957498349","OXY5","17.584","min","158.699","μmol/L","Humid","20.970","deg","94938","µV","35.839","°C","1018.000","hPa","37.0","pmil","0","55.500","deg","20.000","°C","100.000","%a.s.","22.500","deg","20.000","°C","1013.000","hPa","0.861","-0.02056","0.00035","-0.00011","0","14.7","Humid","26.25","0","52.00","348226.47","SABD0000000001","AAV1.0.0.11","2.0.0.28","PSt7-10","000000-000","10/20/2017 9:36:39 AM","0000-00","0","no battery","V"
"10/20/2017","11:27:14","5","default","957498349","OXY5","17.601","min","158.585","μmol/L","Humid","20.972","deg","94935","µV","35.853","°C","1018.000","hPa","37.0","pmil","0","55.500","deg","20.000","°C","100.000","%a.s.","22.500","deg","20.000","°C","1013.000","hPa","0.861","-0.02056","0.00035","-0.00011","0","14.7","Humid","26.25","0","52.00","348222.98","SABD0000000001","AAV1.0.0.11","2.0.0.28","PSt7-10","000000-000","10/20/2017 9:36:39 AM","0000-00","0","no battery","V"
"10/20/2017","11:27:15","5","default","957498349","OXY5","17.618","min","158.580","μmol/L","Humid","20.970","deg","94933","µV","35.859","°C","1018.000","hPa","37.0","pmil","0","55.500","deg","20.000","°C","100.000","%a.s.","22.500","deg","20.000","°C","1013.000","hPa","0.861","-0.02056","0.00035","-0.00011","0","14.7","Humid","26.25","0","52.00","348234.58","SABD0000000001","AAV1.0.0.11","2.0.0.28","PSt7-10","000000-000","10/20/2017 9:36:39 AM","0000-00","0","no battery","V"
"10/20/2017","11:27:16","5","default","957498349","OXY5","17.634","min","158.458","μmol/L","Humid","20.975","deg","94932","µV","35.867","°C","1018.000","hPa","37.0","pmil","0","55.500","deg","20.000","°C","100.000","%a.s.","22.500","deg","20.000","°C","1013.000","hPa","0.861","-0.02056","0.00035","-0.00011","0","14.7","Humid","26.25","0","52.00","348223.62","SABD0000000001","AAV1.0.0.11","2.0.0.28","PSt7-10","000000-000","10/20/2017 9:36:39 AM","0000-00","0","no battery","V"
"10/20/2017","11:27:17","5","default","957498349","OXY5","17.651","min","158.554","μmol/L","Humid","20.971","deg","94931","µV","35.861","°C","1018.000","hPa","37.0","pmil","0","55.500","deg","20.000","°C","100.000","%a.s.","22.500","deg","20.000","°C","1013.000","hPa","0.861","-0.02056","0.00035","-0.00011","0","14.7","Humid","26.25","0","52.00","348212.46","SABD0000000001","AAV1.0.0.11","2.0.0.28","PSt7-10","000000-000","10/20/2017 9:36:39 AM","0000-00","0","no battery","V"
"10/20/2017","11:27:18","5","default","957498349","OXY5","17.668","min","158.512","μmol/L","Humid","20.975","deg","94930","µV","35.858","°C","1018.000","hPa","37.0","pmil","0","55.500","deg","20.000","°C","100.000","%a.s.","22.500","deg","20.000","°C","1013.000","hPa","0.861","-0.02056","0.00035","-0.00011","0","14.7","Humid","26.25","0","52.00","348216.21","SABD0000000001","AAV1.0.0.11","2.0.0.28","PSt7-10","000000-000","10/20/2017 9:36:39 AM","0000-00","0","no battery","V"
"10/20/2017","11:27:19","5","default","957498349","OXY5","17.684","min","158.547","μmol/L","Humid","20.971","deg","94926","µV","35.862","°C","1018.000","hPa","37.0","pmil","0","55.500","deg","20.000","°C","100.000","%a.s.","22.500","deg","20.000","°C","1013.000","hPa","0.861","-0.02056","0.00035","-0.00011","0","14.7","Humid","26.25","0","52.00","348215.57","SABD0000000001","AAV1.0.0.11","2.0.0.28","PSt7-10","000000-000","10/20/2017 9:36:39 AM","0000-00","0","no battery","V"
"10/20/2017","11:27:20","5","default","957498349","OXY5","17.701","min","158.592","μmol/L","Humid","20.972","deg","94918","µV","35.852","°C","1018.000","hPa","37.0","pmil","0","55.500","deg","20.000","°C","100.000","%a.s.","22.500","deg","20.000","°C","1013.000","hPa","0.861","-0.02056","0.00035","-0.00011","0","14.7","Humid","26.25","0","52.00","348215.89","SABD0000000001","AAV1.0.0.11","2.0.0.28","PSt7-10","000000-000","10/20/2017 9:36:39 AM","0000-00","0","no battery","V"
"10/20/2017","11:27:21","5","default","957498349","OXY5","17.718","min","158.495","μmol/L","Humid","20.973","deg","94923","µV","35.866","°C","1018.000","hPa","37.0","pmil","0","55.500","deg","20.000","°C","100.000","%a.s.","22.500","deg","20.000","°C","1013.000","hPa","0.861","-0.02056","0.00035","-0.00011","0","14.7","Humid","26.25","0","52.00","348202.75","SABD0000000001","AAV1.0.0.11","2.0.0.28","PSt7-10","000000-000","10/20/2017 9:36:39 AM","0000-00","0","no battery","V"
"10/20/2017","11:27:22","5","default","957498349","OXY5","17.734","min","158.507","μmol/L","Humid","20.971","deg","94916","µV","35.868","°C","1018.000","hPa","37.0","pmil","0","55.500","deg","20.000","°C","100.000","%a.s.","22.500","deg","20.000","°C","1013.000","hPa","0.861","-0.02056","0.00035","-0.00011","0","14.7","Humid","26.25","0","52.00","348210.36","SABD0000000001","AAV1.0.0.11","2.0.0.28","PSt7-10","000000-000","10/20/2017 9:36:39 AM","0000-00","0","no battery","V"
"10/20/2017","11:27:23","5","default","957498349","OXY5","17.751","min","158.604","μmol/L","Humid","20.971","deg","94915","µV","35.852","°C","1018.000","hPa","37.0","pmil","0","55.500","deg","20.000","°C","100.000","%a.s.","22.500","deg","20.000","°C","1013.000","hPa","0.861","-0.02056","0.00035","-0.00011","0","14.7","Humid","26.25","0","52.00","348212.10","SABD0000000001","AAV1.0.0.11","2.0.0.28","PSt7-10","000000-000","10/20/2017 9:36:39 AM","0000-00","0","no battery","V"
"10/20/2017","11:27:24","5","default","957498349","OXY5","17.768","min","158.691","μmol/L","Humid","20.971","deg","94917","µV","35.838","°C","1018.000","hPa","37.0","pmil","0","55.500","deg","20.000","°C","100.000","%a.s.","22.500","deg","20.000","°C","1013.000","hPa","0.861","-0.02056","0.00035","-0.00011","0","14.7","Humid","26.25","0","52.00","348209.17","SABD0000000001","AAV1.0.0.11","2.0.0.28","PSt7-10","000000-000","10/20/2017 9:36:39 AM","0000-00","0","no battery","V"
"10/20/2017","11:27:25","5","default","957498349","OXY5","17.784","min","158.619","μmol/L","Humid","20.970","deg","94914","µV","35.852","°C","1018.000","hPa","37.0","pmil","0","55.500","deg","20.000","°C","100.000","%a.s.","22.500","deg","20.000","°C","1013.000","hPa","0.861","-0.02056","0.00035","-0.00011","0","14.7","Humid","26.25","0","52.00","348204.93","SABD0000000001","AAV1.0.0.11","2.0.0.28","PSt7-10","000000-000","10/20/2017 9:36:39 AM","0000-00","0","no battery","V"
"10/20/2017","11:27:26","5","default","957498349","OXY5","17.801","min","158.520","μmol/L","Humid","20.973","deg","94917","µV","35.862","°C","1018.000","hPa","37.0","pmil","0","55.500","deg","20.000","°C","100.000","%a.s.","22.500","deg","20.000","°C","1013.000","hPa","0.861","-0.02056","0.00035","-0.00011","0","14.7","Humid","26.25","0","52.00","348205.09","SABD0000000001","AAV1.0.0.11","2.0.0.28","PSt7-10","000000-000","10/20/2017 9:36:39 AM","0000-00","0","no battery","V"
"10/20/2017","11:27:27","5","default","957498349","OXY5","17.818","min","158.550","μmol/L","Humid","20.976","deg","94911","µV","35.849","°C","1018.000","hPa","37.0","pmil","0","55.500","deg","20.000","°C","100.000","%a.s.","22.500","deg","20.000","°C","1013.000","hPa","0.861","-0.02056","0.00035","-0.00011","0","14.7","Humid","26.25","0","52.00","348206.59","SABD0000000001","AAV1.0.0.11","2.0.0.28","PSt7-10","000000-000","10/20/2017 9:36:39 AM","0000-00","0","no battery","V"
"10/20/2017","11:27:28","5","default","957498349","OXY5","17.834","min","158.629","μmol/L","Humid","20.971","deg","94908","µV","35.848","°C","1018.000","hPa","37.0","pmil","0","55.500","deg","20.000","°C","100.000","%a.s.","22.500","deg","20.000","°C","1013.000","hPa","0.861","-0.02056","0.00035","-0.00011","0","14.7","Humid","26.25","0","52.00","348205.69","SABD0000000001","AAV1.0.0.11","2.0.0.28","PSt7-10","000000-000","10/20/2017 9:36:39 AM","0000-00","0","no battery","V"
"10/20/2017","11:27:29","5","default","957498349","OXY5","17.851","min","158.660","μmol/L","Humid","20.972","deg","94908","µV","35.840","°C","1018.000","hPa","37.0","pmil","0","55.500","deg","20.000","°C","100.000","%a.s.","22.500","deg","20.000","°C","1013.000","hPa","0.861","-0.02056","0.00035","-0.00011","0","14.7","Humid","26.25","0","52.00","348203.89","SABD0000000001","AAV1.0.0.11","2.0.0.28","PSt7-10","000000-000","10/20/2017 9:36:39 AM","0000-00","0","no battery","V"
"10/20/2017","11:27:30","5","default","957498349","OXY5","17.868","min","158.579","μmol/L","Humid","20.971","deg","94900","µV","35.856","°C","1018.000","hPa","37.0","pmil","0","55.500","deg","20.000","°C","100.000","%a.s.","22.500","deg","20.000","°C","1013.000","hPa","0.861","-0.02056","0.00035","-0.00011","0","14.7","Humid","26.25","0","52.00","348191.29","SABD0000000001","AAV1.0.0.11","2.0.0.28","PSt7-10","000000-000","10/20/2017 9:36:39 AM","0000-00","0","no battery","V"
"10/20/2017","11:27:31","5","default","957498349","OXY5","17.884","min","158.568","μmol/L","Humid","20.977","deg","94898","µV","35.844","°C","1018.000","hPa","37.0","pmil","0","55.500","deg","20.000","°C","100.000","%a.s.","22.500","deg","20.000","°C","1013.000","hPa","0.861","-0.02056","0.00035","-0.00011","0","14.7","Humid","26.25","0","52.00","348191.75","SABD0000000001","AAV1.0.0.11","2.0.0.28","PSt7-10","000000-000","10/20/2017 9:36:39 AM","0000-00","0","no battery","V"
"10/20/2017","11:27:32","5","default","957498349","OXY5","17.901","min","158.651","μmol/L","Humid","20.970","deg","94903","µV","35.847","°C","1018.000","hPa","37.0","pmil","0","55.500","deg","20.000","°C","100.000","%a.s.","22.500","deg","20.000","°C","1013.000","hPa","0.861","-0.02056","0.00035","-0.00011","0","14.7","Humid","26.25","0","52.00","348194.59","SABD0000000001","AAV1.0.0.11","2.0.0.28","PSt7-10","000000-000","10/20/2017 9:36:39 AM","0000-00","0","no battery","V"
"10/20/2017","11:27:33","5","default","957498349","OXY5","17.918","min","158.655","μmol/L","Humid","20.973","deg","94894","µV","35.839","°C","1018.000","hPa","37.0","pmil","0","55.500","deg","20.000","°C","100.000","%a.s.","22.500","deg","20.000","°C","1013.000","hPa","0.861","-0.02056","0.00035","-0.00011","0","14.7","Humid","26.25","0","52.00","348189.70","SABD0000000001","AAV1.0.0.11","2.0.0.28","PSt7-10","000000-000","10/20/2017 9:36:39 AM","0000-00","0","no battery","V"
"10/20/2017","11:27:34","5","default","957498349","OXY5","17.934","min","158.662","μmol/L","Humid","20.973","deg","94891","µV","35.838","°C","1018.000","hPa","37.0","pmil","0","55.500","deg","20.000","°C","100.000","%a.s.","22.500","deg","20.000","°C","1013.000","hPa","0.861","-0.02056","0.00035","-0.00011","0","14.7","Humid","26.25","0","52.00","348179.50","SABD0000000001","AAV1.0.0.11","2.0.0.28","PSt7-10","000000-000","10/20/2017 9:36:39 AM","0000-00","0","no battery","V"
"10/20/2017","11:27:35","5","default","957498349","OXY5","17.951","min","158.377","μmol/L","Humid","20.974","deg","94890","µV","35.883","°C","1018.000","hPa","37.0","pmil","0","55.500","deg","20.000","°C","100.000","%a.s.","22.500","deg","20.000","°C","1013.000","hPa","0.861","-0.02056","0.00035","-0.00011","0","14.7","Humid","26.25","0","52.00","348185.10","SABD0000000001","AAV1.0.0.11","2.0.0.28","PSt7-10","000000-000","10/20/2017 9:36:39 AM","0000-00","0","no battery","V"
"10/20/2017","11:27:36","5","default","957498349","OXY5","17.968","min","158.505","μmol/L","Humid","20.973","deg","94888","µV","35.864","°C","1018.000","hPa","37.0","pmil","0","55.500","deg","20.000","°C","100.000","%a.s.","22.500","deg","20.000","°C","1013.000","hPa","0.861","-0.02056","0.00035","-0.00011","0","14.7","Humid","26.25","0","52.00","348166.17","SABD0000000001","AAV1.0.0.11","2.0.0.28","PSt7-10","000000-000","10/20/2017 9:36:39 AM","0000-00","0","no battery","V"
"10/20/2017","11:27:37","5","default","957498349","OXY5","17.984","min","158.636","μmol/L","Humid","20.969","deg","94884","µV","35.852","°C","1018.000","hPa","37.0","pmil","0","55.500","deg","20.000","°C","100.000","%a.s.","22.500","deg","20.000","°C","1013.000","hPa","0.861","-0.02056","0.00035","-0.00011","0","14.7","Humid","26.25","0","52.00","348166.27","SABD0000000001","AAV1.0.0.11","2.0.0.28","PSt7-10","000000-000","10/20/2017 9:36:39 AM","0000-00","0","no battery","V"
"10/20/2017","11:27:38","5","default","957498349","OXY5","18.001","min","158.537","μmol/L","Humid","20.970","deg","94883","µV","35.866","°C","1018.000","hPa","37.0","pmil","0","55.500","deg","20.000","°C","100.000","%a.s.","22.500","deg","20.000","°C","1013.000","hPa","0.861","-0.02056","0.00035","-0.00011","0","14.7","Humid","26.25","0","52.00","348181.18","SABD0000000001","AAV1.0.0.11","2.0.0.28","PSt7-10","000000-000","10/20/2017 9:36:39 AM","0000-00","0","no battery","V"
"10/20/2017","11:27:39","5","default","957498349","OXY5","18.018","min","158.577","μmol/L","Humid","20.970","deg","94886","µV","35.859","°C","1018.000","hPa","37.0","pmil","0","55.500","deg","20.000","°C","100.000","%a.s.","22.500","deg","20.000","°C","1013.000","hPa","0.861","-0.02056","0.00035","-0.00011","0","14.7","Humid","26.25","0","52.00","348157.44","SABD0000000001","AAV1.0.0.11","2.0.0.28","PSt7-10","000000-000","10/20/2017 9:36:39 AM","0000-00","0","no battery","V"
"10/20/2017","11:27:40","5","default","957498349","OXY5","18.035","min","158.661","μmol/L","Humid","20.969","deg","94887","µV","35.847","°C","1018.000","hPa","37.0","pmil","0","55.500","deg","20.000","°C","100.000","%a.s.","22.500","deg","20.000","°C","1013.000","hPa","0.861","-0.02056","0.00035","-0.00011","0","14.7","Humid","26.25","0","52.00","348172.65","SABD0000000001","AAV1.0.0.11","2.0.0.28","PSt7-10","000000-000","10/20/2017 9:36:39 AM","0000-00","0","no battery","V"
"10/20/2017","11:27:41","5","default","957498349","OXY5","18.051","min","158.642","μmol/L","Humid","20.971","deg","94885","µV","35.846","°C","1018.000","hPa","37.0","pmil","0","55.500","deg","20.000","°C","100.000","%a.s.","22.500","deg","20.000","°C","1013.000","hPa","0.861","-0.02056","0.00035","-0.00011","0","14.7","Humid","26.25","0","52.00","348166.20","SABD0000000001","AAV1.0.0.11","2.0.0.28","PSt7-10","000000-000","10/20/2017 9:36:39 AM","0000-00","0","no battery","V"
"10/20/2017","11:27:42","5","default","957498349","OXY5","18.068","min","158.625","μmol/L","Humid","20.970","deg","94892","µV","35.851","°C","1018.000","hPa","37.0","pmil","0","55.500","deg","20.000","°C","100.000","%a.s.","22.500","deg","20.000","°C","1013.000","hPa","0.861","-0.02056","0.00035","-0.00011","0","14.7","Humid","26.25","0","52.00","348167.67","SABD0000000001","AAV1.0.0.11","2.0.0.28","PSt7-10","000000-000","10/20/2017 9:36:39 AM","0000-00","0","no battery","V"
"10/20/2017","11:27:43","5","default","957498349","OXY5","18.085","min","158.545","μmol/L","Humid","20.973","deg","94881","µV","35.857","°C","1018.000","hPa","37.0","pmil","0","55.500","deg","20.000","°C","100.000","%a.s.","22.500","deg","20.000","°C","1013.000","hPa","0.861","-0.02056","0.00035","-0.00011","0","14.7","Humid","26.25","0","52.00","348170.57","SABD0000000001","AAV1.0.0.11","2.0.0.28","PSt7-10","000000-000","10/20/2017 9:36:39 AM","0000-00","0","no battery","V"
"10/20/2017","11:27:44","5","default","957498349","OXY5","18.101","min","158.500","μmol/L","Humid","20.973","deg","94866","µV","35.865","°C","1018.000","hPa","37.0","pmil","0","55.500","deg","20.000","°C","100.000","%a.s.","22.500","deg","20.000","°C","1013.000","hPa","0.861","-0.02056","0.00035","-0.00011","0","14.7","Humid","26.25","0","52.00","348148.75","SABD0000000001","AAV1.0.0.11","2.0.0.28","PSt7-10","000000-000","10/20/2017 9:36:39 AM","0000-00","0","no battery","V"
"10/20/2017","11:27:45","5","default","957498349","OXY5","18.118","min","158.569","μmol/L","Humid","20.969","deg","94873","µV","35.863","°C","1018.000","hPa","37.0","pmil","0","55.500","deg","20.000","°C","100.000","%a.s.","22.500","deg","20.000","°C","1013.000","hPa","0.861","-0.02056","0.00035","-0.00011","0","14.7","Humid","26.25","0","52.00","348162.26","SABD0000000001","AAV1.0.0.11","2.0.0.28","PSt7-10","000000-000","10/20/2017 9:36:39 AM","0000-00","0","no battery","V"
"10/20/2017","11:27:46","5","default","957498349","OXY5","18.135","min","158.695","μmol/L","Humid","20.967","deg","94874","µV","35.847","°C","1018.000","hPa","37.0","pmil","0","55.500","deg","20.000","°C","100.000","%a.s.","22.500","deg","20.000","°C","1013.000","hPa","0.861","-0.02056","0.00035","-0.00011","0","14.7","Humid","26.25","0","52.00","348153.73","SABD0000000001","AAV1.0.0.11","2.0.0.28","PSt7-10","000000-000","10/20/2017 9:36:39 AM","0000-00","0","no battery","V"
"10/20/2017","11:27:47","5","default","957498349","OXY5","18.151","min","158.778","μmol/L","Humid","20.969","deg","94873","µV","35.828","°C","1018.000","hPa","37.0","pmil","0","55.500","deg","20.000","°C","100.000","%a.s.","22.500","deg","20.000","°C","1013.000","hPa","0.861","-0.02056","0.00035","-0.00011","0","14.7","Humid","26.25","0","52.00","348152.25","SABD0000000001","AAV1.0.0.11","2.0.0.28","PSt7-10","000000-000","10/20/2017 9:36:39 AM","0000-00","0","no battery","V"
"10/20/2017","11:27:48","5","default","957498349","OXY5","18.168","min","158.653","μmol/L","Humid","20.970","deg","94867","µV","35.847","°C","1018.000","hPa","37.0","pmil","0","55.500","deg","20.000","°C","100.000","%a.s.","22.500","deg","20.000","°C","1013.000","hPa","0.861","-0.02056","0.00035","-0.00011","0","14.7","Humid","26.25","0","52.00","348165.85","SABD0000000001","AAV1.0.0.11","2.0.0.28","PSt7-10","000000-000","10/20/2017 9:36:39 AM","0000-00","0","no battery","V"
"10/20/2017","11:27:49","5","default","957498349","OXY5","18.185","min","158.733","μmol/L","Humid","20.967","deg","94866","µV","35.840","°C","1018.000","hPa","37.0","pmil","0","55.500","deg","20.000","°C","100.000","%a.s.","22.500","deg","20.000","°C","1013.000","hPa","0.861","-0.02056","0.00035","-0.00011","0","14.7","Humid","26.25","0","52.00","348124.72","SABD0000000001","AAV1.0.0.11","2.0.0.28","PSt7-10","000000-000","10/20/2017 9:36:39 AM","0000-00","0","no battery","V"
"10/20/2017","11:27:50","5","default","957498349","OXY5","18.201","min","158.673","μmol/L","Humid","20.969","deg","94863","µV","35.845","°C","1018.000","hPa","37.0","pmil","0","55.500","deg","20.000","°C","100.000","%a.s.","22.500","deg","20.000","°C","1013.000","hPa","0.861","-0.02056","0.00035","-0.00011","0","14.7","Humid","26.25","0","52.00","348146.26","SABD0000000001","AAV1.0.0.11","2.0.0.28","PSt7-10","000000-000","10/20/2017 9:36:39 AM","0000-00","0","no battery","V"
"10/20/2017","11:27:51","5","default","957498349","OXY5","18.218","min","158.676","μmol/L","Humid","20.970","deg","94859","µV","35.843","°C","1018.000","hPa","37.0","pmil","0","55.500","deg","20.000","°C","100.000","%a.s.","22.500","deg","20.000","°C","1013.000","hPa","0.861","-0.02056","0.00035","-0.00011","0","14.7","Humid","26.25","0","52.00","348144.18","SABD0000000001","AAV1.0.0.11","2.0.0.28","PSt7-10","000000-000","10/20/2017 9:36:39 AM","0000-00","0","no battery","V"
"10/20/2017","11:27:52","5","default","957498349","OXY5","18.235","min","158.710","μmol/L","Humid","20.968","deg","94857","µV","35.842","°C","1018.000","hPa","37.0","pmil","0","55.500","deg","20.000","°C","100.000","%a.s.","22.500","deg","20.000","°C","1013.000","hPa","0.861","-0.02056","0.00035","-0.00011","0","14.7","Humid","26.25","0","52.00","348155.18","SABD0000000001","AAV1.0.0.11","2.0.0.28","PSt7-10","000000-000","10/20/2017 9:36:39 AM","0000-00","0","no battery","V"
"10/20/2017","11:27:53","5","default","957498349","OXY5","18.251","min","158.517","μmol/L","Humid","20.975","deg","94851","µV","35.857","°C","1018.000","hPa","37.0","pmil","0","55.500","deg","20.000","°C","100.000","%a.s.","22.500","deg","20.000","°C","1013.000","hPa","0.861","-0.02056","0.00035","-0.00011","0","14.7","Humid","26.25","0","52.00","348142.44","SABD0000000001","AAV1.0.0.11","2.0.0.28","PSt7-10","000000-000","10/20/2017 9:36:39 AM","0000-00","0","no battery","V"
"10/20/2017","11:27:54","5","default","957498349","OXY5","18.268","min","158.548","μmol/L","Humid","20.970","deg","94850","µV","35.864","°C","1018.000","hPa","37.0","pmil","0","55.500","deg","20.000","°C","100.000","%a.s.","22.500","deg","20.000","°C","1013.000","hPa","0.861","-0.02056","0.00035","-0.00011","0","14.7","Humid","26.25","0","52.00","348138.57","SABD0000000001","AAV1.0.0.11","2.0.0.28","PSt7-10","000000-000","10/20/2017 9:36:39 AM","0000-00","0","no battery","V"
"10/20/2017","11:27:55","5","default","957498349","OXY5","18.285","min","158.615","μmol/L","Humid","20.972","deg","94844","µV","35.848","°C","1018.000","hPa","37.0","pmil","0","55.500","deg","20.000","°C","100.000","%a.s.","22.500","deg","20.000","°C","1013.000","hPa","0.861","-0.02056","0.00035","-0.00011","0","14.7","Humid","26.25","0","52.00","348130.55","SABD0000000001","AAV1.0.0.11","2.0.0.28","PSt7-10","000000-000","10/20/2017 9:36:39 AM","0000-00","0","no battery","V"
"10/20/2017","11:27:56","5","default","957498349","OXY5","18.301","min","158.673","μmol/L","Humid","20.969","deg","94839","µV","35.846","°C","1018.000","hPa","37.0","pmil","0","55.500","deg","20.000","°C","100.000","%a.s.","22.500","deg","20.000","°C","1013.000","hPa","0.861","-0.02056","0.00035","-0.00011","0","14.7","Humid","26.25","0","52.00","348127.45","SABD0000000001","AAV1.0.0.11","2.0.0.28","PSt7-10","000000-000","10/20/2017 9:36:39 AM","0000-00","0","no battery","V"
"10/20/2017","11:27:57","5","default","957498349","OXY5","18.318","min","158.603","μmol/L","Humid","20.972","deg","94841","µV","35.850","°C","1018.000","hPa","37.0","pmil","0","55.500","deg","20.000","°C","100.000","%a.s.","22.500","deg","20.000","°C","1013.000","hPa","0.861","-0.02056","0.00035","-0.00011","0","14.7","Humid","26.25","0","52.00","348137.30","SABD0000000001","AAV1.0.0.11","2.0.0.28","PSt7-10","000000-000","10/20/2017 9:36:39 AM","0000-00","0","no battery","V"
"10/20/2017","11:27:58","5","default","957498349","OXY5","18.335","min","158.611","μmol/L","Humid","20.973","deg","94840","µV","35.846","°C","1018.000","hPa","37.0","pmil","0","55.500","deg","20.000","°C","100.000","%a.s.","22.500","deg","20.000","°C","1013.000","hPa","0.861","-0.02056","0.00035","-0.00011","0","14.7","Humid","26.25","0","52.00","348134.27","SABD0000000001","AAV1.0.0.11","2.0.0.28","PSt7-10","000000-000","10/20/2017 9:36:39 AM","0000-00","0","no battery","V"
"10/20/2017","11:27:59","5","default","957498349","OXY5","18.351","min","158.690","μmol/L","Humid","20.970","deg","94846","µV","35.840","°C","1018.000","hPa","37.0","pmil","0","55.500","deg","20.000","°C","100.000","%a.s.","22.500","deg","20.000","°C","1013.000","hPa","0.861","-0.02056","0.00035","-0.00011","0","14.7","Humid","26.25","0","52.00","348134.35","SABD0000000001","AAV1.0.0.11","2.0.0.28","PSt7-10","000000-000","10/20/2017 9:36:39 AM","0000-00","0","no battery","V"
"10/20/2017","11:28:00","5","default","957498349","OXY5","18.368","min","158.537","μmol/L","Humid","20.972","deg","94831","µV","35.861","°C","1018.000","hPa","37.0","pmil","0","55.500","deg","20.000","°C","100.000","%a.s.","22.500","deg","20.000","°C","1013.000","hPa","0.861","-0.02056","0.00035","-0.00011","0","14.7","Humid","26.25","0","52.00","348128.46","SABD0000000001","AAV1.0.0.11","2.0.0.28","PSt7-10","000000-000","10/20/2017 9:36:39 AM","0000-00","0","no battery","V"
"10/20/2017","11:28:01","5","default","957498349","OXY5","18.385","min","158.535","μmol/L","Humid","20.973","deg","94827","µV","35.859","°C","1018.000","hPa","37.0","pmil","0","55.500","deg","20.000","°C","100.000","%a.s.","22.500","deg","20.000","°C","1013.000","hPa","0.861","-0.02056","0.00035","-0.00011","0","14.7","Humid","26.25","0","52.00","348121.16","SABD0000000001","AAV1.0.0.11","2.0.0.28","PSt7-10","000000-000","10/20/2017 9:36:39 AM","0000-00","0","no battery","V"
"10/20/2017","11:28:02","5","default","957498349","OXY5","18.401","min","158.600","μmol/L","Humid","20.970","deg","94820","µV","35.855","°C","1018.000","hPa","37.0","pmil","0","55.500","deg","20.000","°C","100.000","%a.s.","22.500","deg","20.000","°C","1013.000","hPa","0.861","-0.02056","0.00035","-0.00011","0","14.7","Humid","26.25","0","52.00","348123.47","SABD0000000001","AAV1.0.0.11","2.0.0.28","PSt7-10","000000-000","10/20/2017 9:36:39 AM","0000-00","0","no battery","V"
"10/20/2017","11:28:03","5","default","957498349","OXY5","18.418","min","158.668","μmol/L","Humid","20.969","deg","94827","µV","35.846","°C","1018.000","hPa","37.0","pmil","0","55.500","deg","20.000","°C","100.000","%a.s.","22.500","deg","20.000","°C","1013.000","hPa","0.861","-0.02056","0.00035","-0.00011","0","14.7","Humid","26.25","0","52.00","348131.99","SABD0000000001","AAV1.0.0.11","2.0.0.28","PSt7-10","000000-000","10/20/2017 9:36:39 AM","0000-00","0","no battery","V"
"10/20/2017","11:28:04","5","default","957498349","OXY5","18.435","min","158.671","μmol/L","Humid","20.967","deg","94822","µV","35.851","°C","1018.000","hPa","37.0","pmil","0","55.500","deg","20.000","°C","100.000","%a.s.","22.500","deg","20.000","°C","1013.000","hPa","0.861","-0.02056","0.00035","-0.00011","0","14.7","Humid","26.25","0","52.00","348119.52","SABD0000000001","AAV1.0.0.11","2.0.0.28","PSt7-10","000000-000","10/20/2017 9:36:39 AM","0000-00","0","no battery","V"
"10/20/2017","11:28:05","5","default","957498349","OXY5","18.451","min","158.664","μmol/L","Humid","20.971","deg","94819","µV","35.842","°C","1018.000","hPa","37.0","pmil","0","55.500","deg","20.000","°C","100.000","%a.s.","22.500","deg","20.000","°C","1013.000","hPa","0.861","-0.02056","0.00035","-0.00011","0","14.7","Humid","26.25","0","52.00","348119.47","SABD0000000001","AAV1.0.0.11","2.0.0.28","PSt7-10","000000-000","10/20/2017 9:36:39 AM","0000-00","0","no battery","V"
"10/20/2017","11:28:06","5","default","957498349","OXY5","18.468","min","158.619","μmol/L","Humid","20.970","deg","94825","µV","35.852","°C","1018.000","hPa","37.0","pmil","0","55.500","deg","20.000","°C","100.000","%a.s.","22.500","deg","20.000","°C","1013.000","hPa","0.861","-0.02056","0.00035","-0.00011","0","14.7","Humid","26.25","0","52.00","348119.46","SABD0000000001","AAV1.0.0.11","2.0.0.28","PSt7-10","000000-000","10/20/2017 9:36:39 AM","0000-00","0","no battery","V"
"10/20/2017","11:28:07","5","default","957498349","OXY5","18.485","min","158.624","μmol/L","Humid","20.967","deg","94816","µV","35.858","°C","1018.000","hPa","37.0","pmil","0","55.500","deg","20.000","°C","100.000","%a.s.","22.500","deg","20.000","°C","1013.000","hPa","0.861","-0.02056","0.00035","-0.00011","0","14.7","Humid","26.25","0","52.00","348114.00","SABD0000000001","AAV1.0.0.11","2.0.0.28","PSt7-10","000000-000","10/20/2017 9:36:39 AM","0000-00","0","no battery","V"
"10/20/2017","11:28:08","5","default","957498349","OXY5","18.501","min","158.661","μmol/L","Humid","20.969","deg","94815","µV","35.847","°C","1018.000","hPa","37.0","pmil","0","55.500","deg","20.000","°C","100.000","%a.s.","22.500","deg","20.000","°C","1013.000","hPa","0.861","-0.02056","0.00035","-0.00011","0","14.7","Humid","26.25","0","52.00","348126.51","SABD0000000001","AAV1.0.0.11","2.0.0.28","PSt7-10","000000-000","10/20/2017 9:36:39 AM","0000-00","0","no battery","V"
"10/20/2017","11:28:09","5","default","957498349","OXY5","18.518","min","158.647","μmol/L","Humid","20.967","deg","94812","µV","35.855","°C","1018.000","hPa","37.0","pmil","0","55.500","deg","20.000","°C","100.000","%a.s.","22.500","deg","20.000","°C","1013.000","hPa","0.861","-0.02056","0.00035","-0.00011","0","14.7","Humid","26.25","0","52.00","348135.67","SABD0000000001","AAV1.0.0.11","2.0.0.28","PSt7-10","000000-000","10/20/2017 9:36:39 AM","0000-00","0","no battery","V"
"10/20/2017","11:28:10","5","default","957498349","OXY5","18.535","min","158.676","μmol/L","Humid","20.968","deg","94811","µV","35.847","°C","1018.000","hPa","37.0","pmil","0","55.500","deg","20.000","°C","100.000","%a.s.","22.500","deg","20.000","°C","1013.000","hPa","0.861","-0.02056","0.00035","-0.00011","0","14.7","Humid","26.25","0","52.00","348130.35","SABD0000000001","AAV1.0.0.11","2.0.0.28","PSt7-10","000000-000","10/20/2017 9:36:39 AM","0000-00","0","no battery","V"
"10/20/2017","11:28:11","5","default","957498349","OXY5","18.551","min","158.659","μmol/L","Humid","20.967","deg","94821","µV","35.853","°C","1018.000","hPa","37.0","pmil","0","55.500","deg","20.000","°C","100.000","%a.s.","22.500","deg","20.000","°C","1013.000","hPa","0.861","-0.02056","0.00035","-0.00011","0","14.7","Humid","26.25","0","52.00","348123.64","SABD0000000001","AAV1.0.0.11","2.0.0.28","PSt7-10","000000-000","10/20/2017 9:36:39 AM","0000-00","0","no battery","V"
"10/20/2017","11:28:12","5","default","957498349","OXY5","18.568","min","158.557","μmol/L","Humid","20.971","deg","94809","µV","35.860","°C","1018.000","hPa","37.0","pmil","0","55.500","deg","20.000","°C","100.000","%a.s.","22.500","deg","20.000","°C","1013.000","hPa","0.861","-0.02056","0.00035","-0.00011","0","14.7","Humid","26.25","0","52.00","348120.03","SABD0000000001","AAV1.0.0.11","2.0.0.28","PSt7-10","000000-000","10/20/2017 9:36:39 AM","0000-00","0","no battery","V"
"10/20/2017","11:28:13","5","default","957498349","OXY5","18.585","min","158.594","μmol/L","Humid","20.973","deg","94811","µV","35.849","°C","1018.000","hPa","37.0","pmil","0","55.500","deg","20.000","°C","100.000","%a.s.","22.500","deg","20.000","°C","1013.000","hPa","0.861","-0.02056","0.00035","-0.00011","0","14.7","Humid","26.25","0","52.00","348125.06","SABD0000000001","AAV1.0.0.11","2.0.0.28","PSt7-10","000000-000","10/20/2017 9:36:39 AM","0000-00","0","no battery","V"
"10/20/2017","11:28:14","5","default","957498349","OXY5","18.601","min","158.547","μmol/L","Humid","20.971","deg","94804","µV","35.862","°C","1018.000","hPa","37.0","pmil","0","55.500","deg","20.000","°C","100.000","%a.s.","22.500","deg","20.000","°C","1013.000","hPa","0.861","-0.02056","0.00035","-0.00011","0","14.7","Humid","26.25","0","52.00","348104.11","SABD0000000001","AAV1.0.0.11","2.0.0.28","PSt7-10","000000-000","10/20/2017 9:36:39 AM","0000-00","0","no battery","V"
"10/20/2017","11:28:15","5","default","957498349","OXY5","18.618","min","158.562","μmol/L","Humid","20.974","deg","94804","µV","35.852","°C","1018.000","hPa","37.0","pmil","0","55.500","deg","20.000","°C","100.000","%a.s.","22.500","deg","20.000","°C","1013.000","hPa","0.861","-0.02056","0.00035","-0.00011","0","14.7","Humid","26.25","0","52.00","348116.20","SABD0000000001","AAV1.0.0.11","2.0.0.28","PSt7-10","000000-000","10/20/2017 9:36:39 AM","0000-00","0","no battery","V"
"10/20/2017","11:28:16","5","default","957498349","OXY5","18.635","min","158.471","μmol/L","Humid","20.976","deg","94805","µV","35.863","°C","1018.000","hPa","37.0","pmil","0","55.500","deg","20.000","°C","100.000","%a.s.","22.500","deg","20.000","°C","1013.000","hPa","0.861","-0.02056","0.00035","-0.00011","0","14.7","Humid","26.25","0","52.00","348109.47","SABD0000000001","AAV1.0.0.11","2.0.0.28","PSt7-10","000000-000","10/20/2017 9:36:39 AM","0000-00","0","no battery","V"
"10/20/2017","11:28:17","5","default","957498349","OXY5","18.651","min","158.641","μmol/L","Humid","20.969","deg","94809","µV","35.851","°C","1018.000","hPa","37.0","pmil","0","55.500","deg","20.000","°C","100.000","%a.s.","22.500","deg","20.000","°C","1013.000","hPa","0.861","-0.02056","0.00035","-0.00011","0","14.7","Humid","26.25","0","52.00","348105.67","SABD0000000001","AAV1.0.0.11","2.0.0.28","PSt7-10","000000-000","10/20/2017 9:36:39 AM","0000-00","0","no battery","V"
"10/20/2017","11:28:18","5","default","957498349","OXY5","18.668","min","158.729","μmol/L","Humid","20.964","deg","94795","µV","35.848","°C","1018.000","hPa","37.0","pmil","0","55.500","deg","20.000","°C","100.000","%a.s.","22.500","deg","20.000","°C","1013.000","hPa","0.861","-0.02056","0.00035","-0.00011","0","14.7","Humid","26.25","0","52.00","348099.83","SABD0000000001","AAV1.0.0.11","2.0.0.28","PSt7-10","000000-000","10/20/2017 9:36:39 AM","0000-00","0","no battery","V"
"10/20/2017","11:28:19","5","default","957498349","OXY5","18.685","min","158.666","μmol/L","Humid","20.973","deg","94793","µV","35.837","°C","1018.000","hPa","37.0","pmil","0","55.500","deg","20.000","°C","100.000","%a.s.","22.500","deg","20.000","°C","1013.000","hPa","0.861","-0.02056","0.00035","-0.00011","0","14.7","Humid","26.25","0","52.00","348080.16","SABD0000000001","AAV1.0.0.11","2.0.0.28","PSt7-10","000000-000","10/20/2017 9:36:39 AM","0000-00","0","no battery","V"
"10/20/2017","11:28:20","5","default","957498349","OXY5","18.701","min","158.720","μmol/L","Humid","20.972","deg","94792","µV","35.831","°C","1018.000","hPa","37.0","pmil","0","55.500","deg","20.000","°C","100.000","%a.s.","22.500","deg","20.000","°C","1013.000","hPa","0.861","-0.02056","0.00035","-0.00011","0","14.7","Humid","26.25","0","52.00","348090.31","SABD0000000001","AAV1.0.0.11","2.0.0.28","PSt7-10","000000-000","10/20/2017 9:36:39 AM","0000-00","0","no battery","V"
"10/20/2017","11:28:21","5","default","957498349","OXY5","18.718","min","158.568","μmol/L","Humid","20.973","deg","94786","µV","35.853","°C","1018.000","hPa","37.0","pmil","0","55.500","deg","20.000","°C","100.000","%a.s.","22.500","deg","20.000","°C","1013.000","hPa","0.861","-0.02056","0.00035","-0.00011","0","14.7","Humid","26.25","0","52.00","348088.32","SABD0000000001","AAV1.0.0.11","2.0.0.28","PSt7-10","000000-000","10/20/2017 9:36:39 AM","0000-00","0","no battery","V"
"10/20/2017","11:28:22","5","default","957498349","OXY5","18.735","min","158.565","μmol/L","Humid","20.970","deg","94784","µV","35.861","°C","1018.000","hPa","37.0","pmil","0","55.500","deg","20.000","°C","100.000","%a.s.","22.500","deg","20.000","°C","1013.000","hPa","0.861","-0.02056","0.00035","-0.00011","0","14.7","Humid","26.25","0","52.00","348081.95","SABD0000000001","AAV1.0.0.11","2.0.0.28","PSt7-10","000000-000","10/20/2017 9:36:39 AM","0000-00","0","no battery","V"
"10/20/2017","11:28:23","5","default","957498349","OXY5","18.751","min","158.645","μmol/L","Humid","20.968","deg","94789","µV","35.853","°C","1018.000","hPa","37.0","pmil","0","55.500","deg","20.000","°C","100.000","%a.s.","22.500","deg","20.000","°C","1013.000","hPa","0.861","-0.02056","0.00035","-0.00011","0","14.7","Humid","26.25","0","52.00","348081.53","SABD0000000001","AAV1.0.0.11","2.0.0.28","PSt7-10","000000-000","10/20/2017 9:36:39 AM","0000-00","0","no battery","V"
"10/20/2017","11:28:24","5","default","957498349","OXY5","18.768","min","158.746","μmol/L","Humid","20.967","deg","94784","µV","35.838","°C","1018.000","hPa","37.0","pmil","0","55.500","deg","20.000","°C","100.000","%a.s.","22.500","deg","20.000","°C","1013.000","hPa","0.861","-0.02056","0.00035","-0.00011","0","14.7","Humid","26.25","0","52.00","348077.67","SABD0000000001","AAV1.0.0.11","2.0.0.28","PSt7-10","000000-000","10/20/2017 9:36:39 AM","0000-00","0","no battery","V"
"10/20/2017","11:28:25","5","default","957498349","OXY5","18.785","min","158.684","μmol/L","Humid","20.969","deg","94790","µV","35.844","°C","1018.000","hPa","37.0","pmil","0","55.500","deg","20.000","°C","100.000","%a.s.","22.500","deg","20.000","°C","1013.000","hPa","0.861","-0.02056","0.00035","-0.00011","0","14.7","Humid","26.25","0","52.00","348099.86","SABD0000000001","AAV1.0.0.11","2.0.0.28","PSt7-10","000000-000","10/20/2017 9:36:39 AM","0000-00","0","no battery","V"
"10/20/2017","11:28:26","5","default","957498349","OXY5","18.801","min","158.607","μmol/L","Humid","20.969","deg","94786","µV","35.857","°C","1018.000","hPa","37.0","pmil","0","55.500","deg","20.000","°C","100.000","%a.s.","22.500","deg","20.000","°C","1013.000","hPa","0.861","-0.02056","0.00035","-0.00011","0","14.7","Humid","26.25","0","52.00","348097.63","SABD0000000001","AAV1.0.0.11","2.0.0.28","PSt7-10","000000-000","10/20/2017 9:36:39 AM","0000-00","0","no battery","V"
"10/20/2017","11:28:27","5","default","957498349","OXY5","18.818","min","158.645","μmol/L","Humid","20.968","deg","94781","µV","35.853","°C","1018.000","hPa","37.0","pmil","0","55.500","deg","20.000","°C","100.000","%a.s.","22.500","deg","20.000","°C","1013.000","hPa","0.861","-0.02056","0.00035","-0.00011","0","14.7","Humid","26.25","0","52.00","348087.43","SABD0000000001","AAV1.0.0.11","2.0.0.28","PSt7-10","000000-000","10/20/2017 9:36:39 AM","0000-00","0","no battery","V"
"10/20/2017","11:28:28","5","default","957498349","OXY5","18.835","min","158.766","μmol/L","Humid","20.967","deg","94781","µV","35.835","°C","1018.000","hPa","37.0","pmil","0","55.500","deg","20.000","°C","100.000","%a.s.","22.500","deg","20.000","°C","1013.000","hPa","0.861","-0.02056","0.00035","-0.00011","0","14.7","Humid","26.25","0","52.00","348086.95","SABD0000000001","AAV1.0.0.11","2.0.0.28","PSt7-10","000000-000","10/20/2017 9:36:39 AM","0000-00","0","no battery","V"
"10/20/2017","11:28:29","5","default","957498349","OXY5","18.851","min","158.797","μmol/L","Humid","20.965","deg","94782","µV","35.834","°C","1018.000","hPa","37.0","pmil","0","55.500","deg","20.000","°C","100.000","%a.s.","22.500","deg","20.000","°C","1013.000","hPa","0.861","-0.02056","0.00035","-0.00011","0","14.7","Humid","26.25","0","52.00","348078.29","SABD0000000001","AAV1.0.0.11","2.0.0.28","PSt7-10","000000-000","10/20/2017 9:36:39 AM","0000-00","0","no battery","V"
"10/20/2017","11:28:30","5","default","957498349","OXY5","18.868","min","158.740","μmol/L","Humid","20.969","deg","94782","µV","35.834","°C","1018.000","hPa","37.0","pmil","0","55.500","deg","20.000","°C","100.000","%a.s.","22.500","deg","20.000","°C","1013.000","hPa","0.861","-0.02056","0.00035","-0.00011","0","14.7","Humid","26.25","0","52.00","348089.93","SABD0000000001","AAV1.0.0.11","2.0.0.28","PSt7-10","000000-000","10/20/2017 9:36:39 AM","0000-00","0","no battery","V"
"10/20/2017","11:28:31","5","default","957498349","OXY5","18.885","min","158.543","μmol/L","Humid","20.967","deg","94777","µV","35.872","°C","1018.000","hPa","37.0","pmil","0","55.500","deg","20.000","°C","100.000","%a.s.","22.500","deg","20.000","°C","1013.000","hPa","0.861","-0.02056","0.00035","-0.00011","0","14.7","Humid","26.25","0","52.00","348089.36","SABD0000000001","AAV1.0.0.11","2.0.0.28","PSt7-10","000000-000","10/20/2017 9:36:39 AM","0000-00","0","no battery","V"
"10/20/2017","11:28:32","5","default","957498349","OXY5","18.901","min","158.626","μmol/L","Humid","20.968","deg","94767","µV","35.856","°C","1018.000","hPa","37.0","pmil","0","55.500","deg","20.000","°C","100.000","%a.s.","22.500","deg","20.000","°C","1013.000","hPa","0.861","-0.02056","0.00035","-0.00011","0","14.7","Humid","26.25","0","52.00","348077.87","SABD0000000001","AAV1.0.0.11","2.0.0.28","PSt7-10","000000-000","10/20/2017 9:36:39 AM","0000-00","0","no battery","V"
"10/20/2017","11:28:33","5","default","957498349","OXY5","18.918","min","158.625","μmol/L","Humid","20.970","deg","94762","µV","35.851","°C","1018.000","hPa","37.0","pmil","0","55.500","deg","20.000","°C","100.000","%a.s.","22.500","deg","20.000","°C","1013.000","hPa","0.861","-0.02056","0.00035","-0.00011","0","14.7","Humid","26.25","0","52.00","348084.64","SABD0000000001","AAV1.0.0.11","2.0.0.28","PSt7-10","000000-000","10/20/2017 9:36:39 AM","0000-00","0","no battery","V"
"10/20/2017","11:28:34","5","default","957498349","OXY5","18.935","min","158.553","μmol/L","Humid","20.969","deg","94766","µV","35.866","°C","1018.000","hPa","37.0","pmil","0","55.500","deg","20.000","°C","100.000","%a.s.","22.500","deg","20.000","°C","1013.000","hPa","0.861","-0.02056","0.00035","-0.00011","0","14.7","Humid","26.25","0","52.00","348095.18","SABD0000000001","AAV1.0.0.11","2.0.0.28","PSt7-10","000000-000","10/20/2017 9:36:39 AM","0000-00","0","no battery","V"
"10/20/2017","11:28:35","5","default","957498349","OXY5","18.952","min","158.539","μmol/L","Humid","20.970","deg","94761","µV","35.865","°C","1018.000","hPa","37.0","pmil","0","55.500","deg","20.000","°C","100.000","%a.s.","22.500","deg","20.000","°C","1013.000","hPa","0.861","-0.02056","0.00035","-0.00011","0","14.7","Humid","26.25","0","52.00","348076.76","SABD0000000001","AAV1.0.0.11","2.0.0.28","PSt7-10","000000-000","10/20/2017 9:36:39 AM","0000-00","0","no battery","V"
"10/20/2017","11:28:36","5","default","957498349","OXY5","18.968","min","158.586","μmol/L","Humid","20.968","deg","94759","µV","35.862","°C","1018.000","hPa","37.0","pmil","0","55.500","deg","20.000","°C","100.000","%a.s.","22.500","deg","20.000","°C","1013.000","hPa","0.861","-0.02056","0.00035","-0.00011","0","14.7","Humid","26.25","0","52.00","348063.08","SABD0000000001","AAV1.0.0.11","2.0.0.28","PSt7-10","000000-000","10/20/2017 9:36:39 AM","0000-00","0","no battery","V"
"10/20/2017","11:28:37","5","default","957498349","OXY5","18.985","min","158.518","μmol/L","Humid","20.973","deg","94758","µV","35.862","°C","1018.000","hPa","37.0","pmil","0","55.500","deg","20.000","°C","100.000","%a.s.","22.500","deg","20.000","°C","1013.000","hPa","0.861","-0.02056","0.00035","-0.00011","0","14.7","Humid","26.25","0","52.00","348071.92","SABD0000000001","AAV1.0.0.11","2.0.0.28","PSt7-10","000000-000","10/20/2017 9:36:39 AM","0000-00","0","no battery","V"
"10/20/2017","11:28:38","5","default","957498349","OXY5","19.002","min","158.662","μmol/L","Humid","20.968","deg","94754","µV","35.850","°C","1018.000","hPa","37.0","pmil","0","55.500","deg","20.000","°C","100.000","%a.s.","22.500","deg","20.000","°C","1013.000","hPa","0.861","-0.02056","0.00035","-0.00011","0","14.7","Humid","26.25","0","52.00","348080.98","SABD0000000001","AAV1.0.0.11","2.0.0.28","PSt7-10","000000-000","10/20/2017 9:36:39 AM","0000-00","0","no battery","V"
"10/20/2017","11:28:39","5","default","957498349","OXY5","19.018","min","158.624","μmol/L","Humid","20.968","deg","94753","µV","35.856","°C","1018.000","hPa","37.0","pmil","0","55.500","deg","20.000","°C","100.000","%a.s.","22.500","deg","20.000","°C","1013.000","hPa","0.861","-0.02056","0.00035","-0.00011","0","14.7","Humid","26.25","0","52.00","348059.50","SABD0000000001","AAV1.0.0.11","2.0.0.28","PSt7-10","000000-000","10/20/2017 9:36:39 AM","0000-00","0","no battery","V"
"10/20/2017","11:28:40","5","default","957498349","OXY5","19.035","min","158.643","μmol/L","Humid","20.969","deg","94756","µV","35.851","°C","1018.000","hPa","37.0","pmil","0","55.500","deg","20.000","°C","100.000","%a.s.","22.500","deg","20.000","°C","1013.000","hPa","0.861","-0.02056","0.00035","-0.00011","0","14.7","Humid","26.25","0","52.00","348066.55","SABD0000000001","AAV1.0.0.11","2.0.0.28","PSt7-10","000000-000","10/20/2017 9:36:39 AM","0000-00","0","no battery","V"
"10/20/2017","11:28:41","5","default","957498349","OXY5","19.052","min","158.755","μmol/L","Humid","20.969","deg","94742","µV","35.832","°C","1018.000","hPa","37.0","pmil","0","55.500","deg","20.000","°C","100.000","%a.s.","22.500","deg","20.000","°C","1013.000","hPa","0.861","-0.02056","0.00035","-0.00011","0","14.7","Humid","26.25","0","52.00","348062.47","SABD0000000001","AAV1.0.0.11","2.0.0.28","PSt7-10","000000-000","10/20/2017 9:36:39 AM","0000-00","0","no battery","V"
"10/20/2017","11:28:42","5","default","957498349","OXY5","19.068","min","158.597","μmol/L","Humid","20.966","deg","94748","µV","35.865","°C","1018.000","hPa","37.0","pmil","0","55.500","deg","20.000","°C","100.000","%a.s.","22.500","deg","20.000","°C","1013.000","hPa","0.861","-0.02056","0.00035","-0.00011","0","14.7","Humid","26.25","0","52.00","348070.23","SABD0000000001","AAV1.0.0.11","2.0.0.28","PSt7-10","000000-000","10/20/2017 9:36:39 AM","0000-00","0","no battery","V"
"10/20/2017","11:28:43","5","default","957498349","OXY5","19.085","min","158.692","μmol/L","Humid","20.969","deg","94746","µV","35.842","°C","1018.000","hPa","37.0","pmil","0","55.500","deg","20.000","°C","100.000","%a.s.","22.500","deg","20.000","°C","1013.000","hPa","0.861","-0.02056","0.00035","-0.00011","0","14.7","Humid","26.25","0","52.00","348074.95","SABD0000000001","AAV1.0.0.11","2.0.0.28","PSt7-10","000000-000","10/20/2017 9:36:39 AM","0000-00","0","no battery","V"
"10/20/2017","11:28:44","5","default","957498349","OXY5","19.102","min","158.638","μmol/L","Humid","20.965","deg","94739","µV","35.861","°C","1018.000","hPa","37.0","pmil","0","55.500","deg","20.000","°C","100.000","%a.s.","22.500","deg","20.000","°C","1013.000","hPa","0.861","-0.02056","0.00035","-0.00011","0","14.7","Humid","26.25","0","52.00","348061.70","SABD0000000001","AAV1.0.0.11","2.0.0.28","PSt7-10","000000-000","10/20/2017 9:36:39 AM","0000-00","0","no battery","V"
"10/20/2017","11:28:45","5","default","957498349","OXY5","19.118","min","158.664","μmol/L","Humid","20.971","deg","94742","µV","35.842","°C","1018.000","hPa","37.0","pmil","0","55.500","deg","20.000","°C","100.000","%a.s.","22.500","deg","20.000","°C","1013.000","hPa","0.861","-0.02056","0.00035","-0.00011","0","14.7","Humid","26.25","0","52.00","348070.50","SABD0000000001","AAV1.0.0.11","2.0.0.28","PSt7-10","000000-000","10/20/2017 9:36:39 AM","0000-00","0","no battery","V"
"10/20/2017","11:28:46","5","default","957498349","OXY5","19.135","min","158.645","μmol/L","Humid","20.966","deg","94741","µV","35.857","°C","1018.000","hPa","37.0","pmil","0","55.500","deg","20.000","°C","100.000","%a.s.","22.500","deg","20.000","°C","1013.000","hPa","0.861","-0.02056","0.00035","-0.00011","0","14.7","Humid","26.25","0","52.00","348067.36","SABD0000000001","AAV1.0.0.11","2.0.0.28","PSt7-10","000000-000","10/20/2017 9:36:39 AM","0000-00","0","no battery","V"
"10/20/2017","11:28:47","5","default","957498349","OXY5","19.152","min","158.639","μmol/L","Humid","20.969","deg","94742","µV","35.851","°C","1018.000","hPa","37.0","pmil","0","55.500","deg","20.000","°C","100.000","%a.s.","22.500","deg","20.000","°C","1013.000","hPa","0.861","-0.02056","0.00035","-0.00011","0","14.7","Humid","26.25","0","52.00","348070.82","SABD0000000001","AAV1.0.0.11","2.0.0.28","PSt7-10","000000-000","10/20/2017 9:36:39 AM","0000-00","0","no battery","V"
"10/20/2017","11:28:48","5","default","957498349","OXY5","19.168","min","158.712","μmol/L","Humid","20.968","deg","94729","µV","35.841","°C","1018.000","hPa","37.0","pmil","0","55.500","deg","20.000","°C","100.000","%a.s.","22.500","deg","20.000","°C","1013.000","hPa","0.861","-0.02056","0.00035","-0.00011","0","14.7","Humid","26.25","0","52.00","348055.78","SABD0000000001","AAV1.0.0.11","2.0.0.28","PSt7-10","000000-000","10/20/2017 9:36:39 AM","0000-00","0","no battery","V"
"10/20/2017","11:28:49","5","default","957498349","OXY5","19.185","min","158.647","μmol/L","Humid","20.971","deg","94733","µV","35.845","°C","1018.000","hPa","37.0","pmil","0","55.500","deg","20.000","°C","100.000","%a.s.","22.500","deg","20.000","°C","1013.000","hPa","0.861","-0.02056","0.00035","-0.00011","0","14.7","Humid","26.25","0","52.00","348064.43","SABD0000000001","AAV1.0.0.11","2.0.0.28","PSt7-10","000000-000","10/20/2017 9:36:39 AM","0000-00","0","no battery","V"
"10/20/2017","11:28:50","5","default","957498349","OXY5","19.202","min","158.477","μmol/L","Humid","20.972","deg","94737","µV","35.871","°C","1018.000","hPa","37.0","pmil","0","55.500","deg","20.000","°C","100.000","%a.s.","22.500","deg","20.000","°C","1013.000","hPa","0.861","-0.02056","0.00035","-0.00011","0","14.7","Humid","26.25","0","52.00","348053.52","SABD0000000001","AAV1.0.0.11","2.0.0.28","PSt7-10","000000-000","10/20/2017 9:36:39 AM","0000-00","0","no battery","V"
"10/20/2017","11:28:51","5","default","957498349","OXY5","19.218","min","158.545","μmol/L","Humid","20.968","deg","94722","µV","35.869","°C","1018.000","hPa","37.0","pmil","0","55.500","deg","20.000","°C","100.000","%a.s.","22.500","deg","20.000","°C","1013.000","hPa","0.861","-0.02056","0.00035","-0.00011","0","14.7","Humid","26.25","0","52.00","348058.22","SABD0000000001","AAV1.0.0.11","2.0.0.28","PSt7-10","000000-000","10/20/2017 9:36:39 AM","0000-00","0","no battery","V"
"10/20/2017","11:28:52","5","default","957498349","OXY5","19.235","min","158.522","μmol/L","Humid","20.967","deg","94727","µV","35.875","°C","1018.000","hPa","37.0","pmil","0","55.500","deg","20.000","°C","100.000","%a.s.","22.500","deg","20.000","°C","1013.000","hPa","0.861","-0.02056","0.00035","-0.00011","0","14.7","Humid","26.25","0","52.00","348065.23","SABD0000000001","AAV1.0.0.11","2.0.0.28","PSt7-10","000000-000","10/20/2017 9:36:39 AM","0000-00","0","no battery","V"
"10/20/2017","11:28:53","5","default","957498349","OXY5","19.252","min","158.583","μmol/L","Humid","20.965","deg","94728","µV","35.870","°C","1018.000","hPa","37.0","pmil","0","55.500","deg","20.000","°C","100.000","%a.s.","22.500","deg","20.000","°C","1013.000","hPa","0.861","-0.02056","0.00035","-0.00011","0","14.7","Humid","26.25","0","52.00","348053.89","SABD0000000001","AAV1.0.0.11","2.0.0.28","PSt7-10","000000-000","10/20/2017 9:36:39 AM","0000-00","0","no battery","V"
"10/20/2017","11:28:54","5","default","957498349","OXY5","19.268","min","158.584","μmol/L","Humid","20.969","deg","94728","µV","35.860","°C","1018.000","hPa","37.0","pmil","0","55.500","deg","20.000","°C","100.000","%a.s.","22.500","deg","20.000","°C","1013.000","hPa","0.861","-0.02056","0.00035","-0.00011","0","14.7","Humid","26.25","0","52.00","348041.27","SABD0000000001","AAV1.0.0.11","2.0.0.28","PSt7-10","000000-000","10/20/2017 9:36:39 AM","0000-00","0","no battery","V"
"10/20/2017","11:28:55","5","default","957498349","OXY5","19.285","min","158.737","μmol/L","Humid","20.965","deg","94723","µV","35.844","°C","1018.000","hPa","37.0","pmil","0","55.500","deg","20.000","°C","100.000","%a.s.","22.500","deg","20.000","°C","1013.000","hPa","0.861","-0.02056","0.00035","-0.00011","0","14.7","Humid","26.25","0","52.00","348052.48","SABD0000000001","AAV1.0.0.11","2.0.0.28","PSt7-10","000000-000","10/20/2017 9:36:39 AM","0000-00","0","no battery","V"
"10/20/2017","11:28:56","5","default","957498349","OXY5","19.302","min","158.651","μmol/L","Humid","20.971","deg","94726","µV","35.844","°C","1018.000","hPa","37.0","pmil","0","55.500","deg","20.000","°C","100.000","%a.s.","22.500","deg","20.000","°C","1013.000","hPa","0.861","-0.02056","0.00035","-0.00011","0","14.7","Humid","26.25","0","52.00","348042.28","SABD0000000001","AAV1.0.0.11","2.0.0.28","PSt7-10","000000-000","10/20/2017 9:36:39 AM","0000-00","0","no battery","V"
"10/20/2017","11:28:57","5","default","957498349","OXY5","19.318","min","158.646","μmol/L","Humid","20.970","deg","94723","µV","35.848","°C","1018.000","hPa","37.0","pmil","0","55.500","deg","20.000","°C","100.000","%a.s.","22.500","deg","20.000","°C","1013.000","hPa","0.861","-0.02056","0.00035","-0.00011","0","14.7","Humid","26.25","0","52.00","348034.02","SABD0000000001","AAV1.0.0.11","2.0.0.28","PSt7-10","000000-000","10/20/2017 9:36:39 AM","0000-00","0","no battery","V"
"10/20/2017","11:28:58","5","default","957498349","OXY5","19.335","min","158.707","μmol/L","Humid","20.970","deg","94715","µV","35.838","°C","1018.000","hPa","37.0","pmil","0","55.500","deg","20.000","°C","100.000","%a.s.","22.500","deg","20.000","°C","1013.000","hPa","0.861","-0.02056","0.00035","-0.00011","0","14.7","Humid","26.25","0","52.00","348053.83","SABD0000000001","AAV1.0.0.11","2.0.0.28","PSt7-10","000000-000","10/20/2017 9:36:39 AM","0000-00","0","no battery","V"
"10/20/2017","11:28:59","5","default","957498349","OXY5","19.352","min","158.586","μmol/L","Humid","20.969","deg","94721","µV","35.860","°C","1018.000","hPa","37.0","pmil","0","55.500","deg","20.000","°C","100.000","%a.s.","22.500","deg","20.000","°C","1013.000","hPa","0.861","-0.02056","0.00035","-0.00011","0","14.7","Humid","26.25","0","52.00","348032.89","SABD0000000001","AAV1.0.0.11","2.0.0.28","PSt7-10","000000-000","10/20/2017 9:36:39 AM","0000-00","0","no battery","V"
"10/20/2017","11:29:00","5","default","957498349","OXY5","19.368","min","158.676","μmol/L","Humid","20.968","deg","94714","µV","35.847","°C","1018.000","hPa","37.0","pmil","0","55.500","deg","20.000","°C","100.000","%a.s.","22.500","deg","20.000","°C","1013.000","hPa","0.861","-0.02056","0.00035","-0.00011","0","14.7","Humid","26.25","0","52.00","348045.05","SABD0000000001","AAV1.0.0.11","2.0.0.28","PSt7-10","000000-000","10/20/2017 9:36:39 AM","0000-00","0","no battery","V"
"10/20/2017","11:29:01","5","default","957498349","OXY5","19.385","min","158.546","μmol/L","Humid","20.968","deg","94712","µV","35.869","°C","1018.000","hPa","37.0","pmil","0","55.500","deg","20.000","°C","100.000","%a.s.","22.500","deg","20.000","°C","1013.000","hPa","0.861","-0.02056","0.00035","-0.00011","0","14.7","Humid","26.25","0","52.00","348028.90","SABD0000000001","AAV1.0.0.11","2.0.0.28","PSt7-10","000000-000","10/20/2017 9:36:39 AM","0000-00","0","no battery","V"
"10/20/2017","11:29:02","5","default","957498349","OXY5","19.402","min","158.621","μmol/L","Humid","20.968","deg","94705","µV","35.857","°C","1018.000","hPa","37.0","pmil","0","55.500","deg","20.000","°C","100.000","%a.s.","22.500","deg","20.000","°C","1013.000","hPa","0.861","-0.02056","0.00035","-0.00011","0","14.7","Humid","26.25","0","52.00","348033.81","SABD0000000001","AAV1.0.0.11","2.0.0.28","PSt7-10","000000-000","10/20/2017 9:36:39 AM","0000-00","0","no battery","V"
"10/20/2017","11:29:03","5","default","957498349","OXY5","19.418","min","158.600","μmol/L","Humid","20.972","deg","94713","µV","35.851","°C","1018.000","hPa","37.0","pmil","0","55.500","deg","20.000","°C","100.000","%a.s.","22.500","deg","20.000","°C","1013.000","hPa","0.861","-0.02056","0.00035","-0.00011","0","14.7","Humid","26.25","0","52.00","348042.62","SABD0000000001","AAV1.0.0.11","2.0.0.28","PSt7-10","000000-000","10/20/2017 9:36:39 AM","0000-00","0","no battery","V"
"10/20/2017","11:29:04","5","default","957498349","OXY5","19.435","min","158.670","μmol/L","Humid","20.969","deg","94707","µV","35.846","°C","1018.000","hPa","37.0","pmil","0","55.500","deg","20.000","°C","100.000","%a.s.","22.500","deg","20.000","°C","1013.000","hPa","0.861","-0.02056","0.00035","-0.00011","0","14.7","Humid","26.25","0","52.00","348031.16","SABD0000000001","AAV1.0.0.11","2.0.0.28","PSt7-10","000000-000","10/20/2017 9:36:39 AM","0000-00","0","no battery","V"
"10/20/2017","11:29:05","5","default","957498349","OXY5","19.452","min","158.680","μmol/L","Humid","20.970","deg","94711","µV","35.842","°C","1018.000","hPa","37.0","pmil","0","55.500","deg","20.000","°C","100.000","%a.s.","22.500","deg","20.000","°C","1013.000","hPa","0.861","-0.02056","0.00035","-0.00011","0","14.7","Humid","26.25","0","52.00","348045.89","SABD0000000001","AAV1.0.0.11","2.0.0.28","PSt7-10","000000-000","10/20/2017 9:36:39 AM","0000-00","0","no battery","V"
"10/20/2017","11:29:06","5","default","957498349","OXY5","19.468","min","158.654","μmol/L","Humid","20.969","deg","94696","µV","35.849","°C","1018.000","hPa","37.0","pmil","0","55.500","deg","20.000","°C","100.000","%a.s.","22.500","deg","20.000","°C","1013.000","hPa","0.861","-0.02056","0.00035","-0.00011","0","14.7","Humid","26.25","0","52.00","348032.71","SABD0000000001","AAV1.0.0.11","2.0.0.28","PSt7-10","000000-000","10/20/2017 9:36:39 AM","0000-00","0","no battery","V"
"10/20/2017","11:29:07","5","default","957498349","OXY5","19.485","min","158.614","μmol/L","Humid","20.966","deg","94711","µV","35.863","°C","1018.000","hPa","37.0","pmil","0","55.500","deg","20.000","°C","100.000","%a.s.","22.500","deg","20.000","°C","1013.000","hPa","0.861","-0.02056","0.00035","-0.00011","0","14.7","Humid","26.25","0","52.00","348027.45","SABD0000000001","AAV1.0.0.11","2.0.0.28","PSt7-10","000000-000","10/20/2017 9:36:39 AM","0000-00","0","no battery","V"
"10/20/2017","11:29:08","5","default","957498349","OXY5","19.502","min","158.607","μmol/L","Humid","20.967","deg","94693","µV","35.861","°C","1018.000","hPa","37.0","pmil","0","55.500","deg","20.000","°C","100.000","%a.s.","22.500","deg","20.000","°C","1013.000","hPa","0.861","-0.02056","0.00035","-0.00011","0","14.7","Humid","26.25","0","52.00","348044.56","SABD0000000001","AAV1.0.0.11","2.0.0.28","PSt7-10","000000-000","10/20/2017 9:36:39 AM","0000-00","0","no battery","V"
"10/20/2017","11:29:09","5","default","957498349","OXY5","19.518","min","158.569","μmol/L","Humid","20.972","deg","94702","µV","35.856","°C","1018.000","hPa","37.0","pmil","0","55.500","deg","20.000","°C","100.000","%a.s.","22.500","deg","20.000","°C","1013.000","hPa","0.861","-0.02056","0.00035","-0.00011","0","14.7","Humid","26.25","0","52.00","348024.82","SABD0000000001","AAV1.0.0.11","2.0.0.28","PSt7-10","000000-000","10/20/2017 9:36:39 AM","0000-00","0","no battery","V"
"10/20/2017","11:29:10","5","default","957498349","OXY5","19.535","min","158.611","μmol/L","Humid","20.968","deg","94689","µV","35.858","°C","1018.000","hPa","37.0","pmil","0","55.500","deg","20.000","°C","100.000","%a.s.","22.500","deg","20.000","°C","1013.000","hPa","0.861","-0.02056","0.00035","-0.00011","0","14.7","Humid","26.25","0","52.00","348033.49","SABD0000000001","AAV1.0.0.11","2.0.0.28","PSt7-10","000000-000","10/20/2017 9:36:39 AM","0000-00","0","no battery","V"
"10/20/2017","11:29:11","5","default","957498349","OXY5","19.552","min","158.568","μmol/L","Humid","20.965","deg","94691","µV","35.873","°C","1018.000","hPa","37.0","pmil","0","55.500","deg","20.000","°C","100.000","%a.s.","22.500","deg","20.000","°C","1013.000","hPa","0.861","-0.02056","0.00035","-0.00011","0","14.7","Humid","26.25","0","52.00","348025.98","SABD0000000001","AAV1.0.0.11","2.0.0.28","PSt7-10","000000-000","10/20/2017 9:36:39 AM","0000-00","0","no battery","V"
"10/20/2017","11:29:12","5","default","957498349","OXY5","19.568","min","158.660","μmol/L","Humid","20.963","deg","94690","µV","35.862","°C","1018.000","hPa","37.0","pmil","0","55.500","deg","20.000","°C","100.000","%a.s.","22.500","deg","20.000","°C","1013.000","hPa","0.861","-0.02056","0.00035","-0.00011","0","14.7","Humid","26.25","0","52.00","348021.63","SABD0000000001","AAV1.0.0.11","2.0.0.28","PSt7-10","000000-000","10/20/2017 9:36:39 AM","0000-00","0","no battery","V"
"10/20/2017","11:29:13","5","default","957498349","OXY5","19.585","min","158.621","μmol/L","Humid","20.966","deg","94694","µV","35.861","°C","1018.000","hPa","37.0","pmil","0","55.500","deg","20.000","°C","100.000","%a.s.","22.500","deg","20.000","°C","1013.000","hPa","0.861","-0.02056","0.00035","-0.00011","0","14.7","Humid","26.25","0","52.00","348015.86","SABD0000000001","AAV1.0.0.11","2.0.0.28","PSt7-10","000000-000","10/20/2017 9:36:39 AM","0000-00","0","no battery","V"
"10/20/2017","11:29:14","5","default","957498349","OXY5","19.602","min","158.647","μmol/L","Humid","20.968","deg","94687","µV","35.852","°C","1018.000","hPa","37.0","pmil","0","55.500","deg","20.000","°C","100.000","%a.s.","22.500","deg","20.000","°C","1013.000","hPa","0.861","-0.02056","0.00035","-0.00011","0","14.7","Humid","26.25","0","52.00","348026.52","SABD0000000001","AAV1.0.0.11","2.0.0.28","PSt7-10","000000-000","10/20/2017 9:36:39 AM","0000-00","0","no battery","V"
"10/20/2017","11:29:15","5","default","957498349","OXY5","19.618","min","158.611","μmol/L","Humid","20.966","deg","94681","µV","35.863","°C","1018.000","hPa","37.0","pmil","0","55.500","deg","20.000","°C","100.000","%a.s.","22.500","deg","20.000","°C","1013.000","hPa","0.861","-0.02056","0.00035","-0.00011","0","14.7","Humid","26.25","0","52.00","348016.82","SABD0000000001","AAV1.0.0.11","2.0.0.28","PSt7-10","000000-000","10/20/2017 9:36:39 AM","0000-00","0","no battery","V"
"10/20/2017","11:29:16","5","default","957498349","OXY5","19.635","min","158.583","μmol/L","Humid","20.972","deg","94682","µV","35.853","°C","1018.000","hPa","37.0","pmil","0","55.500","deg","20.000","°C","100.000","%a.s.","22.500","deg","20.000","°C","1013.000","hPa","0.861","-0.02056","0.00035","-0.00011","0","14.7","Humid","26.25","0","52.00","348019.57","SABD0000000001","AAV1.0.0.11","2.0.0.28","PSt7-10","000000-000","10/20/2017 9:36:39 AM","0000-00","0","no battery","V"
"10/20/2017","11:29:17","5","default","957498349","OXY5","19.652","min","158.636","μmol/L","Humid","20.968","deg","94684","µV","35.854","°C","1018.000","hPa","37.0","pmil","0","55.500","deg","20.000","°C","100.000","%a.s.","22.500","deg","20.000","°C","1013.000","hPa","0.861","-0.02056","0.00035","-0.00011","0","14.7","Humid","26.25","0","52.00","348029.96","SABD0000000001","AAV1.0.0.11","2.0.0.28","PSt7-10","000000-000","10/20/2017 9:36:39 AM","0000-00","0","no battery","V"
"10/20/2017","11:29:18","5","default","957498349","OXY5","19.668","min","158.654","μmol/L","Humid","20.969","deg","94682","µV","35.849","°C","1018.000","hPa","37.0","pmil","0","55.500","deg","20.000","°C","100.000","%a.s.","22.500","deg","20.000","°C","1013.000","hPa","0.861","-0.02056","0.00035","-0.00011","0","14.7","Humid","26.25","0","52.00","348026.33","SABD0000000001","AAV1.0.0.11","2.0.0.28","PSt7-10","000000-000","10/20/2017 9:36:39 AM","0000-00","0","no battery","V"
"10/20/2017","11:29:19","5","default","957498349","OXY5","19.685","min","158.588","μmol/L","Humid","20.968","deg","94679","µV","35.862","°C","1018.000","hPa","37.0","pmil","0","55.500","deg","20.000","°C","100.000","%a.s.","22.500","deg","20.000","°C","1013.000","hPa","0.861","-0.02056","0.00035","-0.00011","0","14.7","Humid","26.25","0","52.00","348026.07","SABD0000000001","AAV1.0.0.11","2.0.0.28","PSt7-10","000000-000","10/20/2017 9:36:39 AM","0000-00","0","no battery","V"
"10/20/2017","11:29:20","5","default","957498349","OXY5","19.702","min","158.632","μmol/L","Humid","20.969","deg","94674","µV","35.852","°C","1018.000","hPa","37.0","pmil","0","55.500","deg","20.000","°C","100.000","%a.s.","22.500","deg","20.000","°C","1013.000","hPa","0.861","-0.02056","0.00035","-0.00011","0","14.7","Humid","26.25","0","52.00","348033.80","SABD0000000001","AAV1.0.0.11","2.0.0.28","PSt7-10","000000-000","10/20/2017 9:36:39 AM","0000-00","0","no battery","V"
"10/20/2017","11:29:21","5","default","957498349","OXY5","19.718","min","158.587","μmol/L","Humid","20.973","deg","94676","µV","35.850","°C","1018.000","hPa","37.0","pmil","0","55.500","deg","20.000","°C","100.000","%a.s.","22.500","deg","20.000","°C","1013.000","hPa","0.861","-0.02056","0.00035","-0.00011","0","14.7","Humid","26.25","0","52.00","348020.55","SABD0000000001","AAV1.0.0.11","2.0.0.28","PSt7-10","000000-000","10/20/2017 9:36:39 AM","0000-00","0","no battery","V"
"10/20/2017","11:29:22","5","default","957498349","OXY5","19.735","min","158.660","μmol/L","Humid","20.969","deg","94675","µV","35.848","°C","1018.000","hPa","37.0","pmil","0","55.500","deg","20.000","°C","100.000","%a.s.","22.500","deg","20.000","°C","1013.000","hPa","0.861","-0.02056","0.00035","-0.00011","0","14.7","Humid","26.25","0","52.00","348026.25","SABD0000000001","AAV1.0.0.11","2.0.0.28","PSt7-10","000000-000","10/20/2017 9:36:39 AM","0000-00","0","no battery","V"
"10/20/2017","11:29:23","5","default","957498349","OXY5","19.752","min","158.613","μmol/L","Humid","20.970","deg","94672","µV","35.853","°C","1018.000","hPa","37.0","pmil","0","55.500","deg","20.000","°C","100.000","%a.s.","22.500","deg","20.000","°C","1013.000","hPa","0.861","-0.02056","0.00035","-0.00011","0","14.7","Humid","26.25","0","52.00","348021.91","SABD0000000001","AAV1.0.0.11","2.0.0.28","PSt7-10","000000-000","10/20/2017 9:36:39 AM","0000-00","0","no battery","V"
"10/20/2017","11:29:24","5","default","957498349","OXY5","19.768","min","158.730","μmol/L","Humid","20.968","deg","94668","µV","35.838","°C","1018.000","hPa","37.0","pmil","0","55.500","deg","20.000","°C","100.000","%a.s.","22.500","deg","20.000","°C","1013.000","hPa","0.861","-0.02056","0.00035","-0.00011","0","14.7","Humid","26.25","0","52.00","348003.02","SABD0000000001","AAV1.0.0.11","2.0.0.28","PSt7-10","000000-000","10/20/2017 9:36:39 AM","0000-00","0","no battery","V"
"10/20/2017","11:29:25","5","default","957498349","OXY5","19.785","min","158.641","μmol/L","Humid","20.969","deg","94670","µV","35.851","°C","1018.000","hPa","37.0","pmil","0","55.500","deg","20.000","°C","100.000","%a.s.","22.500","deg","20.000","°C","1013.000","hPa","0.861","-0.02056","0.00035","-0.00011","0","14.7","Humid","26.25","0","52.00","348019.62","SABD0000000001","AAV1.0.0.11","2.0.0.28","PSt7-10","000000-000","10/20/2017 9:36:39 AM","0000-00","0","no battery","V"
"10/20/2017","11:29:26","5","default","957498349","OXY5","19.802","min","158.716","μmol/L","Humid","20.966","deg","94664","µV","35.846","°C","1018.000","hPa","37.0","pmil","0","55.500","deg","20.000","°C","100.000","%a.s.","22.500","deg","20.000","°C","1013.000","hPa","0.861","-0.02056","0.00035","-0.00011","0","14.7","Humid","26.25","0","52.00","348011.25","SABD0000000001","AAV1.0.0.11","2.0.0.28","PSt7-10","000000-000","10/20/2017 9:36:39 AM","0000-00","0","no battery","V"
"10/20/2017","11:29:27","5","default","957498349","OXY5","19.818","min","158.673","μmol/L","Humid","20.969","deg","94658","µV","35.846","°C","1018.000","hPa","37.0","pmil","0","55.500","deg","20.000","°C","100.000","%a.s.","22.500","deg","20.000","°C","1013.000","hPa","0.861","-0.02056","0.00035","-0.00011","0","14.7","Humid","26.25","0","52.00","348005.47","SABD0000000001","AAV1.0.0.11","2.0.0.28","PSt7-10","000000-000","10/20/2017 9:36:39 AM","0000-00","0","no battery","V"
"10/20/2017","11:29:28","5","default","957498349","OXY5","19.835","min","158.606","μmol/L","Humid","20.964","deg","94659","µV","35.869","°C","1018.000","hPa","37.0","pmil","0","55.500","deg","20.000","°C","100.000","%a.s.","22.500","deg","20.000","°C","1013.000","hPa","0.861","-0.02056","0.00035","-0.00011","0","14.7","Humid","26.25","0","52.00","348009.28","SABD0000000001","AAV1.0.0.11","2.0.0.28","PSt7-10","000000-000","10/20/2017 9:36:39 AM","0000-00","0","no battery","V"
"10/20/2017","11:29:29","5","default","957498349","OXY5","19.852","min","158.490","μmol/L","Humid","20.969","deg","94653","µV","35.876","°C","1018.000","hPa","37.0","pmil","0","55.500","deg","20.000","°C","100.000","%a.s.","22.500","deg","20.000","°C","1013.000","hPa","0.861","-0.02056","0.00035","-0.00011","0","14.7","Humid","26.25","0","52.00","348009.31","SABD0000000001","AAV1.0.0.11","2.0.0.28","PSt7-10","000000-000","10/20/2017 9:36:39 AM","0000-00","0","no battery","V"
"10/20/2017","11:29:30","5","default","957498349","OXY5","19.868","min","158.621","μmol/L","Humid","20.967","deg","94653","µV","35.859","°C","1018.000","hPa","37.0","pmil","0","55.500","deg","20.000","°C","100.000","%a.s.","22.500","deg","20.000","°C","1013.000","hPa","0.861","-0.02056","0.00035","-0.00011","0","14.7","Humid","26.25","0","52.00","347998.15","SABD0000000001","AAV1.0.0.11","2.0.0.28","PSt7-10","000000-000","10/20/2017 9:36:39 AM","0000-00","0","no battery","V"
"10/20/2017","11:29:31","5","default","957498349","OXY5","19.885","min","158.634","μmol/L","Humid","20.967","deg","94645","µV","35.857","°C","1018.000","hPa","37.0","pmil","0","55.500","deg","20.000","°C","100.000","%a.s.","22.500","deg","20.000","°C","1013.000","hPa","0.861","-0.02056","0.00035","-0.00011","0","14.7","Humid","26.25","0","52.00","348009.10","SABD0000000001","AAV1.0.0.11","2.0.0.28","PSt7-10","000000-000","10/20/2017 9:36:39 AM","0000-00","0","no battery","V"
"10/20/2017","11:29:32","5","default","957498349","OXY5","19.902","min","158.739","μmol/L","Humid","20.965","deg","94652","µV","35.844","°C","1018.000","hPa","37.0","pmil","0","55.500","deg","20.000","°C","100.000","%a.s.","22.500","deg","20.000","°C","1013.000","hPa","0.861","-0.02056","0.00035","-0.00011","0","14.7","Humid","26.25","0","52.00","348011.94","SABD0000000001","AAV1.0.0.11","2.0.0.28","PSt7-10","000000-000","10/20/2017 9:36:39 AM","0000-00","0","no battery","V"
"10/20/2017","11:29:33","5","default","957498349","OXY5","19.918","min","158.617","μmol/L","Humid","20.966","deg","94650","µV","35.862","°C","1018.000","hPa","37.0","pmil","0","55.500","deg","20.000","°C","100.000","%a.s.","22.500","deg","20.000","°C","1013.000","hPa","0.861","-0.02056","0.00035","-0.00011","0","14.7","Humid","26.25","0","52.00","348003.99","SABD0000000001","AAV1.0.0.11","2.0.0.28","PSt7-10","000000-000","10/20/2017 9:36:39 AM","0000-00","0","no battery","V"
"10/20/2017","11:29:34","5","default","957498349","OXY5","19.935","min","158.554","μmol/L","Humid","20.966","deg","94648","µV","35.872","°C","1018.000","hPa","37.0","pmil","0","55.500","deg","20.000","°C","100.000","%a.s.","22.500","deg","20.000","°C","1013.000","hPa","0.861","-0.02056","0.00035","-0.00011","0","14.7","Humid","26.25","0","52.00","348001.64","SABD0000000001","AAV1.0.0.11","2.0.0.28","PSt7-10","000000-000","10/20/2017 9:36:39 AM","0000-00","0","no battery","V"
"10/20/2017","11:29:35","5","default","957498349","OXY5","19.952","min","158.679","μmol/L","Humid","20.965","deg","94638","µV","35.854","°C","1018.000","hPa","37.0","pmil","0","55.500","deg","20.000","°C","100.000","%a.s.","22.500","deg","20.000","°C","1013.000","hPa","0.861","-0.02056","0.00035","-0.00011","0","14.7","Humid","26.25","0","52.00","348018.11","SABD0000000001","AAV1.0.0.11","2.0.0.28","PSt7-10","000000-000","10/20/2017 9:36:39 AM","0000-00","0","no battery","V"
"10/20/2017","11:29:36","5","default","957498349","OXY5","19.968","min","158.619","μmol/L","Humid","20.968","deg","94647","µV","35.857","°C","1018.000","hPa","37.0","pmil","0","55.500","deg","20.000","°C","100.000","%a.s.","22.500","deg","20.000","°C","1013.000","hPa","0.861","-0.02056","0.00035","-0.00011","0","14.7","Humid","26.25","0","52.00","347999.67","SABD0000000001","AAV1.0.0.11","2.0.0.28","PSt7-10","000000-000","10/20/2017 9:36:39 AM","0000-00","0","no battery","V"
"10/20/2017","11:29:37","5","default","957498349","OXY5","19.985","min","158.733","μmol/L","Humid","20.963","deg","94634","µV","35.850","°C","1018.000","hPa","37.0","pmil","0","55.500","deg","20.000","°C","100.000","%a.s.","22.500","deg","20.000","°C","1013.000","hPa","0.861","-0.02056","0.00035","-0.00011","0","14.7","Humid","26.25","0","52.00","348001.62","SABD0000000001","AAV1.0.0.11","2.0.0.28","PSt7-10","000000-000","10/20/2017 9:36:39 AM","0000-00","0","no battery","V"
"10/20/2017","11:29:38","5","default","957498349","OXY5","20.002","min","158.676","μmol/L","Humid","20.962","deg","94635","µV","35.862","°C","1018.000","hPa","37.0","pmil","0","55.500","deg","20.000","°C","100.000","%a.s.","22.500","deg","20.000","°C","1013.000","hPa","0.861","-0.02056","0.00035","-0.00011","0","14.7","Humid","26.25","0","52.00","347987.50","SABD0000000001","AAV1.0.0.11","2.0.0.28","PSt7-10","000000-000","10/20/2017 9:36:39 AM","0000-00","0","no battery","V"
"10/20/2017","11:29:39","5","default","957498349","OXY5","20.018","min","158.641","μmol/L","Humid","20.967","deg","94628","µV","35.856","°C","1018.000","hPa","37.0","pmil","0","55.500","deg","20.000","°C","100.000","%a.s.","22.500","deg","20.000","°C","1013.000","hPa","0.861","-0.02056","0.00035","-0.00011","0","14.7","Humid","26.25","0","52.00","347997.08","SABD0000000001","AAV1.0.0.11","2.0.0.28","PSt7-10","000000-000","10/20/2017 9:36:39 AM","0000-00","0","no battery","V"
"10/20/2017","11:29:40","5","default","957498349","OXY5","20.035","min","158.600","μmol/L","Humid","20.971","deg","94634","µV","35.853","°C","1018.000","hPa","37.0","pmil","0","55.500","deg","20.000","°C","100.000","%a.s.","22.500","deg","20.000","°C","1013.000","hPa","0.861","-0.02056","0.00035","-0.00011","0","14.7","Humid","26.25","0","52.00","348001.60","SABD0000000001","AAV1.0.0.11","2.0.0.28","PSt7-10","000000-000","10/20/2017 9:36:39 AM","0000-00","0","no battery","V"
"10/20/2017","11:29:41","5","default","957498349","OXY5","20.052","min","158.710","μmol/L","Humid","20.961","deg","94630","µV","35.858","°C","1018.000","hPa","37.0","pmil","0","55.500","deg","20.000","°C","100.000","%a.s.","22.500","deg","20.000","°C","1013.000","hPa","0.861","-0.02056","0.00035","-0.00011","0","14.7","Humid","26.25","0","52.00","347988.36","SABD0000000001","AAV1.0.0.11","2.0.0.28","PSt7-10","000000-000","10/20/2017 9:36:39 AM","0000-00","0","no battery","V"
"10/20/2017","11:29:42","5","default","957498349","OXY5","20.068","min","158.678","μmol/L","Humid","20.969","deg","94625","µV","35.845","°C","1018.000","hPa","37.0","pmil","0","55.500","deg","20.000","°C","100.000","%a.s.","22.500","deg","20.000","°C","1013.000","hPa","0.861","-0.02056","0.00035","-0.00011","0","14.7","Humid","26.25","0","52.00","347991.51","SABD0000000001","AAV1.0.0.11","2.0.0.28","PSt7-10","000000-000","10/20/2017 9:36:39 AM","0000-00","0","no battery","V"
"10/20/2017","11:29:43","5","default","957498349","OXY5","20.085","min","158.698","μmol/L","Humid","20.966","deg","94622","µV","35.849","°C","1018.000","hPa","37.0","pmil","0","55.500","deg","20.000","°C","100.000","%a.s.","22.500","deg","20.000","°C","1013.000","hPa","0.861","-0.02056","0.00035","-0.00011","0","14.7","Humid","26.25","0","52.00","347988.31","SABD0000000001","AAV1.0.0.11","2.0.0.28","PSt7-10","000000-000","10/20/2017 9:36:39 AM","0000-00","0","no battery","V"
"10/20/2017","11:29:44","5","default","957498349","OXY5","20.102","min","158.744","μmol/L","Humid","20.967","deg","94614","µV","35.838","°C","1018.000","hPa","37.0","pmil","0","55.500","deg","20.000","°C","100.000","%a.s.","22.500","deg","20.000","°C","1013.000","hPa","0.861","-0.02056","0.00035","-0.00011","0","14.7","Humid","26.25","0","52.00","347990.42","SABD0000000001","AAV1.0.0.11","2.0.0.28","PSt7-10","000000-000","10/20/2017 9:36:39 AM","0000-00","0","no battery","V"
"10/20/2017","11:29:45","5","default","957498349","OXY5","20.118","min","158.773","μmol/L","Humid","20.965","deg","94616","µV","35.838","°C","1018.000","hPa","37.0","pmil","0","55.500","deg","20.000","°C","100.000","%a.s.","22.500","deg","20.000","°C","1013.000","hPa","0.861","-0.02056","0.00035","-0.00011","0","14.7","Humid","26.25","0","52.00","347991.59","SABD0000000001","AAV1.0.0.11","2.0.0.28","PSt7-10","000000-000","10/20/2017 9:36:39 AM","0000-00","0","no battery","V"
"10/20/2017","11:29:46","5","default","957498349","OXY5","20.135","min","158.727","μmol/L","Humid","20.966","deg","94610","µV","35.844","°C","1018.000","hPa","37.0","pmil","0","55.500","deg","20.000","°C","100.000","%a.s.","22.500","deg","20.000","°C","1013.000","hPa","0.861","-0.02056","0.00035","-0.00011","0","14.7","Humid","26.25","0","52.00","347984.78","SABD0000000001","AAV1.0.0.11","2.0.0.28","PSt7-10","000000-000","10/20/2017 9:36:39 AM","0000-00","0","no battery","V"
"10/20/2017","11:29:47","5","default","957498349","OXY5","20.152","min","158.708","μmol/L","Humid","20.965","deg","94612","µV","35.849","°C","1018.000","hPa","37.0","pmil","0","55.500","deg","20.000","°C","100.000","%a.s.","22.500","deg","20.000","°C","1013.000","hPa","0.861","-0.02056","0.00035","-0.00011","0","14.7","Humid","26.25","0","52.00","347984.52","SABD0000000001","AAV1.0.0.11","2.0.0.28","PSt7-10","000000-000","10/20/2017 9:36:39 AM","0000-00","0","no battery","V"
"10/20/2017","11:29:48","5","default","957498349","OXY5","20.168","min","158.571","μmol/L","Humid","20.968","deg","94615","µV","35.865","°C","1018.000","hPa","37.0","pmil","0","55.500","deg","20.000","°C","100.000","%a.s.","22.500","deg","20.000","°C","1013.000","hPa","0.861","-0.02056","0.00035","-0.00011","0","14.7","Humid","26.25","0","52.00","347971.51","SABD0000000001","AAV1.0.0.11","2.0.0.28","PSt7-10","000000-000","10/20/2017 9:36:39 AM","0000-00","0","no battery","V"
"10/20/2017","11:29:49","5","default","957498349","OXY5","20.185","min","158.628","μmol/L","Humid","20.964","deg","94609","µV","35.865","°C","1018.000","hPa","37.0","pmil","0","55.500","deg","20.000","°C","100.000","%a.s.","22.500","deg","20.000","°C","1013.000","hPa","0.861","-0.02056","0.00035","-0.00011","0","14.7","Humid","26.25","0","52.00","347971.58","SABD0000000001","AAV1.0.0.11","2.0.0.28","PSt7-10","000000-000","10/20/2017 9:36:39 AM","0000-00","0","no battery","V"
"10/20/2017","11:29:50","5","default","957498349","OXY5","20.202","min","158.660","μmol/L","Humid","20.968","deg","94607","µV","35.850","°C","1018.000","hPa","37.0","pmil","0","55.500","deg","20.000","°C","100.000","%a.s.","22.500","deg","20.000","°C","1013.000","hPa","0.861","-0.02056","0.00035","-0.00011","0","14.7","Humid","26.25","0","52.00","347969.71","SABD0000000001","AAV1.0.0.11","2.0.0.28","PSt7-10","000000-000","10/20/2017 9:36:39 AM","0000-00","0","no battery","V"
"10/20/2017","11:29:51","5","default","957498349","OXY5","20.218","min","158.549","μmol/L","Humid","20.966","deg","94604","µV","35.873","°C","1018.000","hPa","37.0","pmil","0","55.500","deg","20.000","°C","100.000","%a.s.","22.500","deg","20.000","°C","1013.000","hPa","0.861","-0.02056","0.00035","-0.00011","0","14.7","Humid","26.25","0","52.00","347969.98","SABD0000000001","AAV1.0.0.11","2.0.0.28","PSt7-10","000000-000","10/20/2017 9:36:39 AM","0000-00","0","no battery","V"
"10/20/2017","11:29:52","5","default","957498349","OXY5","20.235","min","158.609","μmol/L","Humid","20.968","deg","94603","µV","35.859","°C","1018.000","hPa","37.0","pmil","0","55.500","deg","20.000","°C","100.000","%a.s.","22.500","deg","20.000","°C","1013.000","hPa","0.861","-0.02056","0.00035","-0.00011","0","14.7","Humid","26.25","0","52.00","347968.03","SABD0000000001","AAV1.0.0.11","2.0.0.28","PSt7-10","000000-000","10/20/2017 9:36:39 AM","0000-00","0","no battery","V"
"10/20/2017","11:29:53","5","default","957498349","OXY5","20.252","min","158.695","μmol/L","Humid","20.964","deg","94607","µV","35.854","°C","1018.000","hPa","37.0","pmil","0","55.500","deg","20.000","°C","100.000","%a.s.","22.500","deg","20.000","°C","1013.000","hPa","0.861","-0.02056","0.00035","-0.00011","0","14.7","Humid","26.25","0","52.00","347967.48","SABD0000000001","AAV1.0.0.11","2.0.0.28","PSt7-10","000000-000","10/20/2017 9:36:39 AM","0000-00","0","no battery","V"
"10/20/2017","11:29:54","5","default","957498349","OXY5","20.268","min","158.701","μmol/L","Humid","20.964","deg","94601","µV","35.853","°C","1018.000","hPa","37.0","pmil","0","55.500","deg","20.000","°C","100.000","%a.s.","22.500","deg","20.000","°C","1013.000","hPa","0.861","-0.02056","0.00035","-0.00011","0","14.7","Humid","26.25","0","52.00","347976.61","SABD0000000001","AAV1.0.0.11","2.0.0.28","PSt7-10","000000-000","10/20/2017 9:36:39 AM","0000-00","0","no battery","V"
"10/20/2017","11:29:55","5","default","957498349","OXY5","20.285","min","158.654","μmol/L","Humid","20.964","deg","94601","µV","35.861","°C","1018.000","hPa","37.0","pmil","0","55.500","deg","20.000","°C","100.000","%a.s.","22.500","deg","20.000","°C","1013.000","hPa","0.861","-0.02056","0.00035","-0.00011","0","14.7","Humid","26.25","0","52.00","347968.14","SABD0000000001","AAV1.0.0.11","2.0.0.28","PSt7-10","000000-000","10/20/2017 9:36:39 AM","0000-00","0","no battery","V"
"10/20/2017","11:29:56","5","default","957498349","OXY5","20.302","min","158.699","μmol/L","Humid","20.965","deg","94586","µV","35.851","°C","1018.000","hPa","37.0","pmil","0","55.500","deg","20.000","°C","100.000","%a.s.","22.500","deg","20.000","°C","1013.000","hPa","0.861","-0.02056","0.00035","-0.00011","0","14.7","Humid","26.25","0","52.00","347959.95","SABD0000000001","AAV1.0.0.11","2.0.0.28","PSt7-10","000000-000","10/20/2017 9:36:39 AM","0000-00","0","no battery","V"
"10/20/2017","11:29:57","5","default","957498349","OXY5","20.318","min","158.574","μmol/L","Humid","20.967","deg","94592","µV","35.867","°C","1018.000","hPa","37.0","pmil","0","55.500","deg","20.000","°C","100.000","%a.s.","22.500","deg","20.000","°C","1013.000","hPa","0.861","-0.02056","0.00035","-0.00011","0","14.7","Humid","26.25","0","52.00","347954.58","SABD0000000001","AAV1.0.0.11","2.0.0.28","PSt7-10","000000-000","10/20/2017 9:36:39 AM","0000-00","0","no battery","V"
"10/20/2017","11:29:58","5","default","957498349","OXY5","20.335","min","158.691","μmol/L","Humid","20.966","deg","94590","µV","35.850","°C","1018.000","hPa","37.0","pmil","0","55.500","deg","20.000","°C","100.000","%a.s.","22.500","deg","20.000","°C","1013.000","hPa","0.861","-0.02056","0.00035","-0.00011","0","14.7","Humid","26.25","0","52.00","347956.83","SABD0000000001","AAV1.0.0.11","2.0.0.28","PSt7-10","000000-000","10/20/2017 9:36:39 AM","0000-00","0","no battery","V"
"10/20/2017","11:29:59","5","default","957498349","OXY5","20.352","min","158.629","μmol/L","Humid","20.966","deg","94588","µV","35.860","°C","1018.000","hPa","37.0","pmil","0","55.500","deg","20.000","°C","100.000","%a.s.","22.500","deg","20.000","°C","1013.000","hPa","0.861","-0.02056","0.00035","-0.00011","0","14.7","Humid","26.25","0","52.00","347952.13","SABD0000000001","AAV1.0.0.11","2.0.0.28","PSt7-10","000000-000","10/20/2017 9:36:39 AM","0000-00","0","no battery","V"
"10/20/2017","11:30:00","5","default","957498349","OXY5","20.368","min","158.730","μmol/L","Humid","20.966","deg","94586","µV","35.843","°C","1018.000","hPa","37.0","pmil","0","55.500","deg","20.000","°C","100.000","%a.s.","22.500","deg","20.000","°C","1013.000","hPa","0.861","-0.02056","0.00035","-0.00011","0","14.7","Humid","26.25","0","52.00","347942.51","SABD0000000001","AAV1.0.0.11","2.0.0.28","PSt7-10","000000-000","10/20/2017 9:36:39 AM","0000-00","0","no battery","V"
"10/20/2017","11:30:01","5","default","957498349","OXY5","20.385","min","158.726","μmol/L","Humid","20.964","deg","94577","µV","35.849","°C","1018.000","hPa","37.0","pmil","0","55.500","deg","20.000","°C","100.000","%a.s.","22.500","deg","20.000","°C","1013.000","hPa","0.861","-0.02056","0.00035","-0.00011","0","14.7","Humid","26.25","0","52.00","347956.97","SABD0000000001","AAV1.0.0.11","2.0.0.28","PSt7-10","000000-000","10/20/2017 9:36:39 AM","0000-00","0","no battery","V"
"10/20/2017","11:30:02","5","default","957498349","OXY5","20.402","min","158.698","μmol/L","Humid","20.965","deg","94582","µV","35.851","°C","1018.000","hPa","37.0","pmil","0","55.500","deg","20.000","°C","100.000","%a.s.","22.500","deg","20.000","°C","1013.000","hPa","0.861","-0.02056","0.00035","-0.00011","0","14.7","Humid","26.25","0","52.00","347950.54","SABD0000000001","AAV1.0.0.11","2.0.0.28","PSt7-10","000000-000","10/20/2017 9:36:39 AM","0000-00","0","no battery","V"
"10/20/2017","11:30:03","5","default","957498349","OXY5","20.418","min","158.734","μmol/L","Humid","20.964","deg","94573","µV","35.847","°C","1018.000","hPa","37.0","pmil","0","55.500","deg","20.000","°C","100.000","%a.s.","22.500","deg","20.000","°C","1013.000","hPa","0.861","-0.02056","0.00035","-0.00011","0","14.7","Humid","26.25","0","52.00","347950.33","SABD0000000001","AAV1.0.0.11","2.0.0.28","PSt7-10","000000-000","10/20/2017 9:36:39 AM","0000-00","0","no battery","V"
"10/20/2017","11:30:04","5","default","957498349","OXY5","20.435","min","158.658","μmol/L","Humid","20.964","deg","94572","µV","35.860","°C","1018.000","hPa","37.0","pmil","0","55.500","deg","20.000","°C","100.000","%a.s.","22.500","deg","20.000","°C","1013.000","hPa","0.861","-0.02056","0.00035","-0.00011","0","14.7","Humid","26.25","0","52.00","347934.47","SABD0000000001","AAV1.0.0.11","2.0.0.28","PSt7-10","000000-000","10/20/2017 9:36:39 AM","0000-00","0","no battery","V"
"10/20/2017","11:30:05","5","default","957498349","OXY5","20.452","min","158.728","μmol/L","Humid","20.965","deg","94573","µV","35.846","°C","1018.000","hPa","37.0","pmil","0","55.500","deg","20.000","°C","100.000","%a.s.","22.500","deg","20.000","°C","1013.000","hPa","0.861","-0.02056","0.00035","-0.00011","0","14.7","Humid","26.25","0","52.00","347946.91","SABD0000000001","AAV1.0.0.11","2.0.0.28","PSt7-10","000000-000","10/20/2017 9:36:39 AM","0000-00","0","no battery","V"
"10/20/2017","11:30:06","5","default","957498349","OXY5","20.468","min","158.565","μmol/L","Humid","20.966","deg","94570","µV","35.871","°C","1018.000","hPa","37.0","pmil","0","55.500","deg","20.000","°C","100.000","%a.s.","22.500","deg","20.000","°C","1013.000","hPa","0.861","-0.02056","0.00035","-0.00011","0","14.7","Humid","26.25","0","52.00","347934.61","SABD0000000001","AAV1.0.0.11","2.0.0.28","PSt7-10","000000-000","10/20/2017 9:36:39 AM","0000-00","0","no battery","V"
"10/20/2017","11:30:07","5","default","957498349","OXY5","20.485","min","158.585","μmol/L","Humid","20.966","deg","94567","µV","35.867","°C","1018.000","hPa","37.0","pmil","0","55.500","deg","20.000","°C","100.000","%a.s.","22.500","deg","20.000","°C","1013.000","hPa","0.861","-0.02056","0.00035","-0.00011","0","14.7","Humid","26.25","0","52.00","347958.22","SABD0000000001","AAV1.0.0.11","2.0.0.28","PSt7-10","000000-000","10/20/2017 9:36:39 AM","0000-00","0","no battery","V"
"10/20/2017","11:30:08","5","default","957498349","OXY5","20.502","min","158.575","μmol/L","Humid","20.971","deg","94564","µV","35.857","°C","1018.000","hPa","37.0","pmil","0","55.500","deg","20.000","°C","100.000","%a.s.","22.500","deg","20.000","°C","1013.000","hPa","0.861","-0.02056","0.00035","-0.00011","0","14.7","Humid","26.25","0","52.00","347933.29","SABD0000000001","AAV1.0.0.11","2.0.0.28","PSt7-10","000000-000","10/20/2017 9:36:39 AM","0000-00","0","no battery","V"
"10/20/2017","11:30:09","5","default","957498349","OXY5","20.518","min","158.718","μmol/L","Humid","20.963","deg","94562","µV","35.852","°C","1018.000","hPa","37.0","pmil","0","55.500","deg","20.000","°C","100.000","%a.s.","22.500","deg","20.000","°C","1013.000","hPa","0.861","-0.02056","0.00035","-0.00011","0","14.7","Humid","26.25","0","52.00","347945.69","SABD0000000001","AAV1.0.0.11","2.0.0.28","PSt7-10","000000-000","10/20/2017 9:36:39 AM","0000-00","0","no battery","V"
"10/20/2017","11:30:10","5","default","957498349","OXY5","20.535","min","158.654","μmol/L","Humid","20.967","deg","94563","µV","35.853","°C","1018.000","hPa","37.0","pmil","0","55.500","deg","20.000","°C","100.000","%a.s.","22.500","deg","20.000","°C","1013.000","hPa","0.861","-0.02056","0.00035","-0.00011","0","14.7","Humid","26.25","0","52.00","347921.93","SABD0000000001","AAV1.0.0.11","2.0.0.28","PSt7-10","000000-000","10/20/2017 9:36:39 AM","0000-00","0","no battery","V"
"10/20/2017","11:30:11","5","default","957498349","OXY5","20.552","min","158.558","μmol/L","Humid","20.964","deg","94558","µV","35.877","°C","1018.000","hPa","37.0","pmil","0","55.500","deg","20.000","°C","100.000","%a.s.","22.500","deg","20.000","°C","1013.000","hPa","0.861","-0.02056","0.00035","-0.00011","0","14.7","Humid","26.25","0","52.00","347929.87","SABD0000000001","AAV1.0.0.11","2.0.0.28","PSt7-10","000000-000","10/20/2017 9:36:39 AM","0000-00","0","no battery","V"
"10/20/2017","11:30:12","5","default","957498349","OXY5","20.568","min","158.712","μmol/L","Humid","20.964","deg","94554","µV","35.851","°C","1018.000","hPa","37.0","pmil","0","55.500","deg","20.000","°C","100.000","%a.s.","22.500","deg","20.000","°C","1013.000","hPa","0.861","-0.02056","0.00035","-0.00011","0","14.7","Humid","26.25","0","52.00","347933.86","SABD0000000001","AAV1.0.0.11","2.0.0.28","PSt7-10","000000-000","10/20/2017 9:36:39 AM","0000-00","0","no battery","V"
"10/20/2017","11:30:13","5","default","957498349","OXY5","20.585","min","158.712","μmol/L","Humid","20.968","deg","94561","µV","35.841","°C","1018.000","hPa","37.0","pmil","0","55.500","deg","20.000","°C","100.000","%a.s.","22.500","deg","20.000","°C","1013.000","hPa","0.861","-0.02056","0.00035","-0.00011","0","14.7","Humid","26.25","0","52.00","347929.93","SABD0000000001","AAV1.0.0.11","2.0.0.28","PSt7-10","000000-000","10/20/2017 9:36:39 AM","0000-00","0","no battery","V"
"10/20/2017","11:30:14","5","default","957498349","OXY5","20.602","min","158.771","μmol/L","Humid","20.966","deg","94559","µV","35.836","°C","1018.000","hPa","37.0","pmil","0","55.500","deg","20.000","°C","100.000","%a.s.","22.500","deg","20.000","°C","1013.000","hPa","0.861","-0.02056","0.00035","-0.00011","0","14.7","Humid","26.25","0","52.00","347944.36","SABD0000000001","AAV1.0.0.11","2.0.0.28","PSt7-10","000000-000","10/20/2017 9:36:39 AM","0000-00","0","no battery","V"
"10/20/2017","11:30:15","5","default","957498349","OXY5","20.618","min","158.636","μmol/L","Humid","20.968","deg","94553","µV","35.854","°C","1018.000","hPa","37.0","pmil","0","55.500","deg","20.000","°C","100.000","%a.s.","22.500","deg","20.000","°C","1013.000","hPa","0.861","-0.02056","0.00035","-0.00011","0","14.7","Humid","26.25","0","52.00","347940.72","SABD0000000001","AAV1.0.0.11","2.0.0.28","PSt7-10","000000-000","10/20/2017 9:36:39 AM","0000-00","0","no battery","V"
"10/20/2017","11:30:16","5","default","957498349","OXY5","20.635","min","158.699","μmol/L","Humid","20.966","deg","94549","µV","35.848","°C","1018.000","hPa","37.0","pmil","0","55.500","deg","20.000","°C","100.000","%a.s.","22.500","deg","20.000","°C","1013.000","hPa","0.861","-0.02056","0.00035","-0.00011","0","14.7","Humid","26.25","0","52.00","347936.16","SABD0000000001","AAV1.0.0.11","2.0.0.28","PSt7-10","000000-000","10/20/2017 9:36:39 AM","0000-00","0","no battery","V"
"10/20/2017","11:30:17","5","default","957498349","OXY5","20.652","min","158.734","μmol/L","Humid","20.963","deg","94551","µV","35.850","°C","1018.000","hPa","37.0","pmil","0","55.500","deg","20.000","°C","100.000","%a.s.","22.500","deg","20.000","°C","1013.000","hPa","0.861","-0.02056","0.00035","-0.00011","0","14.7","Humid","26.25","0","52.00","347934.16","SABD0000000001","AAV1.0.0.11","2.0.0.28","PSt7-10","000000-000","10/20/2017 9:36:39 AM","0000-00","0","no battery","V"
"10/20/2017","11:30:18","5","default","957498349","OXY5","20.668","min","158.734","μmol/L","Humid","20.964","deg","94542","µV","35.847","°C","1018.000","hPa","37.0","pmil","0","55.500","deg","20.000","°C","100.000","%a.s.","22.500","deg","20.000","°C","1013.000","hPa","0.861","-0.02056","0.00035","-0.00011","0","14.7","Humid","26.25","0","52.00","347913.26","SABD0000000001","AAV1.0.0.11","2.0.0.28","PSt7-10","000000-000","10/20/2017 9:36:39 AM","0000-00","0","no battery","V"
"10/20/2017","11:30:19","5","default","957498349","OXY5","20.685","min","158.685","μmol/L","Humid","20.967","deg","94550","µV","35.848","°C","1018.000","hPa","37.0","pmil","0","55.500","deg","20.000","°C","100.000","%a.s.","22.500","deg","20.000","°C","1013.000","hPa","0.861","-0.02056","0.00035","-0.00011","0","14.7","Humid","26.25","0","52.00","347922.73","SABD0000000001","AAV1.0.0.11","2.0.0.28","PSt7-10","000000-000","10/20/2017 9:36:39 AM","0000-00","0","no battery","V"
"10/20/2017","11:30:20","5","default","957498349","OXY5","20.702","min","158.783","μmol/L","Humid","20.959","deg","94543","µV","35.851","°C","1018.000","hPa","37.0","pmil","0","55.500","deg","20.000","°C","100.000","%a.s.","22.500","deg","20.000","°C","1013.000","hPa","0.861","-0.02056","0.00035","-0.00011","0","14.7","Humid","26.25","0","52.00","347917.28","SABD0000000001","AAV1.0.0.11","2.0.0.28","PSt7-10","000000-000","10/20/2017 9:36:39 AM","0000-00","0","no battery","V"
"10/20/2017","11:30:21","5","default","957498349","OXY5","20.718","min","158.767","μmol/L","Humid","20.963","deg","94535","µV","35.844","°C","1018.000","hPa","37.0","pmil","0","55.500","deg","20.000","°C","100.000","%a.s.","22.500","deg","20.000","°C","1013.000","hPa","0.861","-0.02056","0.00035","-0.00011","0","14.7","Humid","26.25","0","52.00","347917.42","SABD0000000001","AAV1.0.0.11","2.0.0.28","PSt7-10","000000-000","10/20/2017 9:36:39 AM","0000-00","0","no battery","V"
"10/20/2017","11:30:22","5","default","957498349","OXY5","20.735","min","158.671","μmol/L","Humid","20.966","deg","94537","µV","35.853","°C","1018.000","hPa","37.0","pmil","0","55.500","deg","20.000","°C","100.000","%a.s.","22.500","deg","20.000","°C","1013.000","hPa","0.861","-0.02056","0.00035","-0.00011","0","14.7","Humid","26.25","0","52.00","347922.52","SABD0000000001","AAV1.0.0.11","2.0.0.28","PSt7-10","000000-000","10/20/2017 9:36:39 AM","0000-00","0","no battery","V"
"10/20/2017","11:30:23","5","default","957498349","OXY5","20.752","min","158.803","μmol/L","Humid","20.962","deg","94533","µV","35.841","°C","1018.000","hPa","37.0","pmil","0","55.500","deg","20.000","°C","100.000","%a.s.","22.500","deg","20.000","°C","1013.000","hPa","0.861","-0.02056","0.00035","-0.00011","0","14.7","Humid","26.25","0","52.00","347917.74","SABD0000000001","AAV1.0.0.11","2.0.0.28","PSt7-10","000000-000","10/20/2017 9:36:39 AM","0000-00","0","no battery","V"
"10/20/2017","11:30:24","5","default","957498349","OXY5","20.768","min","158.665","μmol/L","Humid","20.971","deg","94530","µV","35.842","°C","1018.000","hPa","37.0","pmil","0","55.500","deg","20.000","°C","100.000","%a.s.","22.500","deg","20.000","°C","1013.000","hPa","0.861","-0.02056","0.00035","-0.00011","0","14.7","Humid","26.25","0","52.00","347904.39","SABD0000000001","AAV1.0.0.11","2.0.0.28","PSt7-10","000000-000","10/20/2017 9:36:39 AM","0000-00","0","no battery","V"
"10/20/2017","11:30:25","5","default","957498349","OXY5","20.784","min","158.571","μmol/L","Humid","20.965","deg","94525","µV","35.872","°C","1018.000","hPa","37.0","pmil","0","55.500","deg","20.000","°C","100.000","%a.s.","22.500","deg","20.000","°C","1013.000","hPa","0.861","-0.02056","0.00035","-0.00011","0","14.7","Humid","26.25","0","52.00","347903.88","SABD0000000001","AAV1.0.0.11","2.0.0.28","PSt7-10","000000-000","10/20/2017 9:36:39 AM","0000-00","0","no battery","V"
"10/20/2017","11:30:26","5","default","957498349","OXY5","20.801","min","158.530","μmol/L","Humid","20.967","deg","94526","µV","35.874","°C","1018.000","hPa","37.0","pmil","0","55.500","deg","20.000","°C","100.000","%a.s.","22.500","deg","20.000","°C","1013.000","hPa","0.861","-0.02056","0.00035","-0.00011","0","14.7","Humid","26.25","0","52.00","347912.26","SABD0000000001","AAV1.0.0.11","2.0.0.28","PSt7-10","000000-000","10/20/2017 9:36:39 AM","0000-00","0","no battery","V"
"10/20/2017","11:30:27","5","default","957498349","OXY5","20.818","min","158.615","μmol/L","Humid","20.966","deg","94527","µV","35.862","°C","1018.000","hPa","37.0","pmil","0","55.500","deg","20.000","°C","100.000","%a.s.","22.500","deg","20.000","°C","1013.000","hPa","0.861","-0.02056","0.00035","-0.00011","0","14.7","Humid","26.25","0","52.00","347911.21","SABD0000000001","AAV1.0.0.11","2.0.0.28","PSt7-10","000000-000","10/20/2017 9:36:39 AM","0000-00","0","no battery","V"
"10/20/2017","11:30:28","5","default","957498349","OXY5","20.834","min","158.564","μmol/L","Humid","20.968","deg","94520","µV","35.866","°C","1018.000","hPa","37.0","pmil","0","55.500","deg","20.000","°C","100.000","%a.s.","22.500","deg","20.000","°C","1013.000","hPa","0.861","-0.02056","0.00035","-0.00011","0","14.7","Humid","26.25","0","52.00","347914.54","SABD0000000001","AAV1.0.0.11","2.0.0.28","PSt7-10","000000-000","10/20/2017 9:36:39 AM","0000-00","0","no battery","V"
"10/20/2017","11:30:29","5","default","957498349","OXY5","20.851","min","158.638","μmol/L","Humid","20.966","deg","94524","µV","35.858","°C","1018.000","hPa","37.0","pmil","0","55.500","deg","20.000","°C","100.000","%a.s.","22.500","deg","20.000","°C","1013.000","hPa","0.861","-0.02056","0.00035","-0.00011","0","14.7","Humid","26.25","0","52.00","347898.41","SABD0000000001","AAV1.0.0.11","2.0.0.28","PSt7-10","000000-000","10/20/2017 9:36:39 AM","0000-00","0","no battery","V"
"10/20/2017","11:30:30","5","default","957498349","OXY5","20.868","min","158.517","μmol/L","Humid","20.965","deg","94522","µV","35.881","°C","1018.000","hPa","37.0","pmil","0","55.500","deg","20.000","°C","100.000","%a.s.","22.500","deg","20.000","°C","1013.000","hPa","0.861","-0.02056","0.00035","-0.00011","0","14.7","Humid","26.25","0","52.00","347916.90","SABD0000000001","AAV1.0.0.11","2.0.0.28","PSt7-10","000000-000","10/20/2017 9:36:39 AM","0000-00","0","no battery","V"
"10/20/2017","11:30:31","5","default","957498349","OXY5","20.884","min","158.603","μmol/L","Humid","20.964","deg","94520","µV","35.869","°C","1018.000","hPa","37.0","pmil","0","55.500","deg","20.000","°C","100.000","%a.s.","22.500","deg","20.000","°C","1013.000","hPa","0.861","-0.02056","0.00035","-0.00011","0","14.7","Humid","26.25","0","52.00","347908.35","SABD0000000001","AAV1.0.0.11","2.0.0.28","PSt7-10","000000-000","10/20/2017 9:36:39 AM","0000-00","0","no battery","V"
"10/20/2017","11:30:32","5","default","957498349","OXY5","20.901","min","158.519","μmol/L","Humid","20.968","deg","94516","µV","35.874","°C","1018.000","hPa","37.0","pmil","0","55.500","deg","20.000","°C","100.000","%a.s.","22.500","deg","20.000","°C","1013.000","hPa","0.861","-0.02056","0.00035","-0.00011","0","14.7","Humid","26.25","0","52.00","347902.87","SABD0000000001","AAV1.0.0.11","2.0.0.28","PSt7-10","000000-000","10/20/2017 9:36:39 AM","0000-00","0","no battery","V"
"10/20/2017","11:30:33","5","default","957498349","OXY5","20.918","min","158.654","μmol/L","Humid","20.965","deg","94506","µV","35.858","°C","1018.000","hPa","37.0","pmil","0","55.500","deg","20.000","°C","100.000","%a.s.","22.500","deg","20.000","°C","1013.000","hPa","0.861","-0.02056","0.00035","-0.00011","0","14.7","Humid","26.25","0","52.00","347882.76","SABD0000000001","AAV1.0.0.11","2.0.0.28","PSt7-10","000000-000","10/20/2017 9:36:39 AM","0000-00","0","no battery","V"
"10/20/2017","11:30:34","5","default","957498349","OXY5","20.934","min","158.685","μmol/L","Humid","20.965","deg","94503","µV","35.853","°C","1018.000","hPa","37.0","pmil","0","55.500","deg","20.000","°C","100.000","%a.s.","22.500","deg","20.000","°C","1013.000","hPa","0.861","-0.02056","0.00035","-0.00011","0","14.7","Humid","26.25","0","52.00","347881.12","SABD0000000001","AAV1.0.0.11","2.0.0.28","PSt7-10","000000-000","10/20/2017 9:36:39 AM","0000-00","0","no battery","V"
"10/20/2017","11:30:35","5","default","957498349","OXY5","20.951","min","158.733","μmol/L","Humid","20.960","deg","94508","µV","35.857","°C","1018.000","hPa","37.0","pmil","0","55.500","deg","20.000","°C","100.000","%a.s.","22.500","deg","20.000","°C","1013.000","hPa","0.861","-0.02056","0.00035","-0.00011","0","14.7","Humid","26.25","0","52.00","347890.06","SABD0000000001","AAV1.0.0.11","2.0.0.28","PSt7-10","000000-000","10/20/2017 9:36:39 AM","0000-00","0","no battery","V"
"10/20/2017","11:30:36","5","default","957498349","OXY5","20.968","min","158.600","μmol/L","Humid","20.969","deg","94504","µV","35.858","°C","1018.000","hPa","37.0","pmil","0","55.500","deg","20.000","°C","100.000","%a.s.","22.500","deg","20.000","°C","1013.000","hPa","0.861","-0.02056","0.00035","-0.00011","0","14.7","Humid","26.25","0","52.00","347889.42","SABD0000000001","AAV1.0.0.11","2.0.0.28","PSt7-10","000000-000","10/20/2017 9:36:39 AM","0000-00","0","no battery","V"
"10/20/2017","11:30:37","5","default","957498349","OXY5","20.984","min","158.517","μmol/L","Humid","20.968","deg","94502","µV","35.874","°C","1018.000","hPa","37.0","pmil","0","55.500","deg","20.000","°C","100.000","%a.s.","22.500","deg","20.000","°C","1013.000","hPa","0.861","-0.02056","0.00035","-0.00011","0","14.7","Humid","26.25","0","52.00","347904.93","SABD0000000001","AAV1.0.0.11","2.0.0.28","PSt7-10","000000-000","10/20/2017 9:36:39 AM","0000-00","0","no battery","V"
"10/20/2017","11:30:38","5","default","957498349","OXY5","21.001","min","158.615","μmol/L","Humid","20.965","deg","94499","µV","35.865","°C","1018.000","hPa","37.0","pmil","0","55.500","deg","20.000","°C","100.000","%a.s.","22.500","deg","20.000","°C","1013.000","hPa","0.861","-0.02056","0.00035","-0.00011","0","14.7","Humid","26.25","0","52.00","347903.99","SABD0000000001","AAV1.0.0.11","2.0.0.28","PSt7-10","000000-000","10/20/2017 9:36:39 AM","0000-00","0","no battery","V"
"10/20/2017","11:30:39","5","default","957498349","OXY5","21.018","min","158.715","μmol/L","Humid","20.968","deg","94497","µV","35.841","°C","1018.000","hPa","37.0","pmil","0","55.500","deg","20.000","°C","100.000","%a.s.","22.500","deg","20.000","°C","1013.000","hPa","0.861","-0.02056","0.00035","-0.00011","0","14.7","Humid","26.25","0","52.00","347877.03","SABD0000000001","AAV1.0.0.11","2.0.0.28","PSt7-10","000000-000","10/20/2017 9:36:39 AM","0000-00","0","no battery","V"
"10/20/2017","11:30:40","5","default","957498349","OXY5","21.034","min","158.657","μmol/L","Humid","20.967","deg","94498","µV","35.853","°C","1018.000","hPa","37.0","pmil","0","55.500","deg","20.000","°C","100.000","%a.s.","22.500","deg","20.000","°C","1013.000","hPa","0.861","-0.02056","0.00035","-0.00011","0","14.7","Humid","26.25","0","52.00","347889.22","SABD0000000001","AAV1.0.0.11","2.0.0.28","PSt7-10","000000-000","10/20/2017 9:36:39 AM","0000-00","0","no battery","V"
"10/20/2017","11:30:41","5","default","957498349","OXY5","21.051","min","158.719","μmol/L","Humid","20.965","deg","94493","µV","35.847","°C","1018.000","hPa","37.0","pmil","0","55.500","deg","20.000","°C","100.000","%a.s.","22.500","deg","20.000","°C","1013.000","hPa","0.861","-0.02056","0.00035","-0.00011","0","14.7","Humid","26.25","0","52.00","347877.85","SABD0000000001","AAV1.0.0.11","2.0.0.28","PSt7-10","000000-000","10/20/2017 9:36:39 AM","0000-00","0","no battery","V"
"10/20/2017","11:30:42","5","default","957498349","OXY5","21.068","min","158.633","μmol/L","Humid","20.969","deg","94491","µV","35.852","°C","1018.000","hPa","37.0","pmil","0","55.500","deg","20.000","°C","100.000","%a.s.","22.500","deg","20.000","°C","1013.000","hPa","0.861","-0.02056","0.00035","-0.00011","0","14.7","Humid","26.25","0","52.00","347890.29","SABD0000000001","AAV1.0.0.11","2.0.0.28","PSt7-10","000000-000","10/20/2017 9:36:39 AM","0000-00","0","no battery","V"
"10/20/2017","11:30:43","5","default","957498349","OXY5","21.084","min","158.769","μmol/L","Humid","20.963","deg","94490","µV","35.844","°C","1018.000","hPa","37.0","pmil","0","55.500","deg","20.000","°C","100.000","%a.s.","22.500","deg","20.000","°C","1013.000","hPa","0.861","-0.02056","0.00035","-0.00011","0","14.7","Humid","26.25","0","52.00","347879.30","SABD0000000001","AAV1.0.0.11","2.0.0.28","PSt7-10","000000-000","10/20/2017 9:36:39 AM","0000-00","0","no battery","V"
"10/20/2017","11:30:44","5","default","957498349","OXY5","21.101","min","158.609","μmol/L","Humid","20.964","deg","94490","µV","35.868","°C","1018.000","hPa","37.0","pmil","0","55.500","deg","20.000","°C","100.000","%a.s.","22.500","deg","20.000","°C","1013.000","hPa","0.861","-0.02056","0.00035","-0.00011","0","14.7","Humid","26.25","0","52.00","347888.62","SABD0000000001","AAV1.0.0.11","2.0.0.28","PSt7-10","000000-000","10/20/2017 9:36:39 AM","0000-00","0","no battery","V"
"10/20/2017","11:30:45","5","default","957498349","OXY5","21.118","min","158.573","μmol/L","Humid","20.964","deg","94481","µV","35.874","°C","1018.000","hPa","37.0","pmil","0","55.500","deg","20.000","°C","100.000","%a.s.","22.500","deg","20.000","°C","1013.000","hPa","0.861","-0.02056","0.00035","-0.00011","0","14.7","Humid","26.25","0","52.00","347866.35","SABD0000000001","AAV1.0.0.11","2.0.0.28","PSt7-10","000000-000","10/20/2017 9:36:39 AM","0000-00","0","no battery","V"
"10/20/2017","11:30:46","5","default","957498349","OXY5","21.134","min","158.667","μmol/L","Humid","20.962","deg","94490","µV","35.863","°C","1018.000","hPa","37.0","pmil","0","55.500","deg","20.000","°C","100.000","%a.s.","22.500","deg","20.000","°C","1013.000","hPa","0.861","-0.02056","0.00035","-0.00011","0","14.7","Humid","26.25","0","52.00","347882.09","SABD0000000001","AAV1.0.0.11","2.0.0.28","PSt7-10","000000-000","10/20/2017 9:36:39 AM","0000-00","0","no battery","V"
"10/20/2017","11:30:47","5","default","957498349","OXY5","21.151","min","158.700","μmol/L","Humid","20.963","deg","94479","µV","35.855","°C","1018.000","hPa","37.0","pmil","0","55.500","deg","20.000","°C","100.000","%a.s.","22.500","deg","20.000","°C","1013.000","hPa","0.861","-0.02056","0.00035","-0.00011","0","14.7","Humid","26.25","0","52.00","347881.79","SABD0000000001","AAV1.0.0.11","2.0.0.28","PSt7-10","000000-000","10/20/2017 9:36:39 AM","0000-00","0","no battery","V"
"10/20/2017","11:30:48","5","default","957498349","OXY5","21.168","min","158.627","μmol/L","Humid","20.963","deg","94491","µV","35.868","°C","1018.000","hPa","37.0","pmil","0","55.500","deg","20.000","°C","100.000","%a.s.","22.500","deg","20.000","°C","1013.000","hPa","0.861","-0.02056","0.00035","-0.00011","0","14.7","Humid","26.25","0","52.00","347884.30","SABD0000000001","AAV1.0.0.11","2.0.0.28","PSt7-10","000000-000","10/20/2017 9:36:39 AM","0000-00","0","no battery","V"
"10/20/2017","11:30:49","5","default","957498349","OXY5","21.184","min","158.598","μmol/L","Humid","20.966","deg","94477","µV","35.865","°C","1018.000","hPa","37.0","pmil","0","55.500","deg","20.000","°C","100.000","%a.s.","22.500","deg","20.000","°C","1013.000","hPa","0.861","-0.02056","0.00035","-0.00011","0","14.7","Humid","26.25","0","52.00","347878.25","SABD0000000001","AAV1.0.0.11","2.0.0.28","PSt7-10","000000-000","10/20/2017 9:36:39 AM","0000-00","0","no battery","V"
"10/20/2017","11:30:50","5","default","957498349","OXY5","21.201","min","158.642","μmol/L","Humid","20.964","deg","94479","µV","35.863","°C","1018.000","hPa","37.0","pmil","0","55.500","deg","20.000","°C","100.000","%a.s.","22.500","deg","20.000","°C","1013.000","hPa","0.861","-0.02056","0.00035","-0.00011","0","14.7","Humid","26.25","0","52.00","347881.43","SABD0000000001","AAV1.0.0.11","2.0.0.28","PSt7-10","000000-000","10/20/2017 9:36:39 AM","0000-00","0","no battery","V"
"10/20/2017","11:30:51","5","default","957498349","OXY5","21.218","min","158.675","μmol/L","Humid","20.964","deg","94473","µV","35.857","°C","1018.000","hPa","37.0","pmil","0","55.500","deg","20.000","°C","100.000","%a.s.","22.500","deg","20.000","°C","1013.000","hPa","0.861","-0.02056","0.00035","-0.00011","0","14.7","Humid","26.25","0","52.00","347877.47","SABD0000000001","AAV1.0.0.11","2.0.0.28","PSt7-10","000000-000","10/20/2017 9:36:39 AM","0000-00","0","no battery","V"
"10/20/2017","11:30:52","5","default","957498349","OXY5","21.234","min","158.728","μmol/L","Humid","20.964","deg","94479","µV","35.848","°C","1018.000","hPa","37.0","pmil","0","55.500","deg","20.000","°C","100.000","%a.s.","22.500","deg","20.000","°C","1013.000","hPa","0.861","-0.02056","0.00035","-0.00011","0","14.7","Humid","26.25","0","52.00","347872.91","SABD0000000001","AAV1.0.0.11","2.0.0.28","PSt7-10","000000-000","10/20/2017 9:36:39 AM","0000-00","0","no battery","V"
"10/20/2017","11:30:53","5","default","957498349","OXY5","21.251","min","158.598","μmol/L","Humid","20.966","deg","94473","µV","35.865","°C","1018.000","hPa","37.0","pmil","0","55.500","deg","20.000","°C","100.000","%a.s.","22.500","deg","20.000","°C","1013.000","hPa","0.861","-0.02056","0.00035","-0.00011","0","14.7","Humid","26.25","0","52.00","347875.21","SABD0000000001","AAV1.0.0.11","2.0.0.28","PSt7-10","000000-000","10/20/2017 9:36:39 AM","0000-00","0","no battery","V"
"10/20/2017","11:30:54","5","default","957498349","OXY5","21.268","min","158.643","μmol/L","Humid","20.960","deg","94458","µV","35.872","°C","1018.000","hPa","37.0","pmil","0","55.500","deg","20.000","°C","100.000","%a.s.","22.500","deg","20.000","°C","1013.000","hPa","0.861","-0.02056","0.00035","-0.00011","0","14.7","Humid","26.25","0","52.00","347865.64","SABD0000000001","AAV1.0.0.11","2.0.0.28","PSt7-10","000000-000","10/20/2017 9:36:39 AM","0000-00","0","no battery","V"
"10/20/2017","11:30:55","5","default","957498349","OXY5","21.284","min","158.660","μmol/L","Humid","20.966","deg","94467","µV","35.855","°C","1018.000","hPa","37.0","pmil","0","55.500","deg","20.000","°C","100.000","%a.s.","22.500","deg","20.000","°C","1013.000","hPa","0.861","-0.02056","0.00035","-0.00011","0","14.7","Humid","26.25","0","52.00","347874.23","SABD0000000001","AAV1.0.0.11","2.0.0.28","PSt7-10","000000-000","10/20/2017 9:36:39 AM","0000-00","0","no battery","V"
"10/20/2017","11:30:56","5","default","957498349","OXY5","21.301","min","158.633","μmol/L","Humid","20.962","deg","94461","µV","35.869","°C","1018.000","hPa","37.0","pmil","0","55.500","deg","20.000","°C","100.000","%a.s.","22.500","deg","20.000","°C","1013.000","hPa","0.861","-0.02056","0.00035","-0.00011","0","14.7","Humid","26.25","0","52.00","347862.42","SABD0000000001","AAV1.0.0.11","2.0.0.28","PSt7-10","000000-000","10/20/2017 9:36:39 AM","0000-00","0","no battery","V"
"10/20/2017","11:30:57","5","default","957498349","OXY5","21.318","min","158.604","μmol/L","Humid","20.967","deg","94460","µV","35.862","°C","1018.000","hPa","37.0","pmil","0","55.500","deg","20.000","°C","100.000","%a.s.","22.500","deg","20.000","°C","1013.000","hPa","0.861","-0.02056","0.00035","-0.00011","0","14.7","Humid","26.25","0","52.00","347871.72","SABD0000000001","AAV1.0.0.11","2.0.0.28","PSt7-10","000000-000","10/20/2017 9:36:39 AM","0000-00","0","no battery","V"
"10/20/2017","11:30:58","5","default","957498349","OXY5","21.334","min","158.689","μmol/L","Humid","20.965","deg","94465","µV","35.852","°C","1018.000","hPa","37.0","pmil","0","55.500","deg","20.000","°C","100.000","%a.s.","22.500","deg","20.000","°C","1013.000","hPa","0.861","-0.02056","0.00035","-0.00011","0","14.7","Humid","26.25","0","52.00","347870.43","SABD0000000001","AAV1.0.0.11","2.0.0.28","PSt7-10","000000-000","10/20/2017 9:36:39 AM","0000-00","0","no battery","V"
"10/20/2017","11:30:59","5","default","957498349","OXY5","21.351","min","158.592","μmol/L","Humid","20.965","deg","94459","µV","35.869","°C","1018.000","hPa","37.0","pmil","0","55.500","deg","20.000","°C","100.000","%a.s.","22.500","deg","20.000","°C","1013.000","hPa","0.861","-0.02056","0.00035","-0.00011","0","14.7","Humid","26.25","0","52.00","347865.14","SABD0000000001","AAV1.0.0.11","2.0.0.28","PSt7-10","000000-000","10/20/2017 9:36:39 AM","0000-00","0","no battery","V"
"10/20/2017","11:31:00","5","default","957498349","OXY5","21.368","min","158.641","μmol/L","Humid","20.962","deg","94453","µV","35.867","°C","1018.000","hPa","37.0","pmil","0","55.500","deg","20.000","°C","100.000","%a.s.","22.500","deg","20.000","°C","1013.000","hPa","0.861","-0.02056","0.00035","-0.00011","0","14.7","Humid","26.25","0","52.00","347860.33","SABD0000000001","AAV1.0.0.11","2.0.0.28","PSt7-10","000000-000","10/20/2017 9:36:39 AM","0000-00","0","no battery","V"
"10/20/2017","11:31:01","5","default","957498349","OXY5","21.384","min","158.716","μmol/L","Humid","20.966","deg","94456","µV","35.845","°C","1018.000","hPa","37.0","pmil","0","55.500","deg","20.000","°C","100.000","%a.s.","22.500","deg","20.000","°C","1013.000","hPa","0.861","-0.02056","0.00035","-0.00011","0","14.7","Humid","26.25","0","52.00","347854.87","SABD0000000001","AAV1.0.0.11","2.0.0.28","PSt7-10","000000-000","10/20/2017 9:36:39 AM","0000-00","0","no battery","V"
"10/20/2017","11:31:02","5","default","957498349","OXY5","21.401","min","158.753","μmol/L","Humid","20.964","deg","94450","µV","35.844","°C","1018.000","hPa","37.0","pmil","0","55.500","deg","20.000","°C","100.000","%a.s.","22.500","deg","20.000","°C","1013.000","hPa","0.861","-0.02056","0.00035","-0.00011","0","14.7","Humid","26.25","0","52.00","347866.16","SABD0000000001","AAV1.0.0.11","2.0.0.28","PSt7-10","000000-000","10/20/2017 9:36:39 AM","0000-00","0","no battery","V"
"10/20/2017","11:31:03","5","default","957498349","OXY5","21.418","min","158.649","μmol/L","Humid","20.962","deg","94447","µV","35.866","°C","1018.000","hPa","37.0","pmil","0","55.500","deg","20.000","°C","100.000","%a.s.","22.500","deg","20.000","°C","1013.000","hPa","0.861","-0.02056","0.00035","-0.00011","0","14.7","Humid","26.25","0","52.00","347876.47","SABD0000000001","AAV1.0.0.11","2.0.0.28","PSt7-10","000000-000","10/20/2017 9:36:39 AM","0000-00","0","no battery","V"
"10/20/2017","11:31:04","5","default","957498349","OXY5","21.434","min","158.646","μmol/L","Humid","20.961","deg","94448","µV","35.869","°C","1018.000","hPa","37.0","pmil","0","55.500","deg","20.000","°C","100.000","%a.s.","22.500","deg","20.000","°C","1013.000","hPa","0.861","-0.02056","0.00035","-0.00011","0","14.7","Humid","26.25","0","52.00","347854.82","SABD0000000001","AAV1.0.0.11","2.0.0.28","PSt7-10","000000-000","10/20/2017 9:36:39 AM","0000-00","0","no battery","V"
"10/20/2017","11:31:05","5","default","957498349","OXY5","21.451","min","158.678","μmol/L","Humid","20.960","deg","94448","µV","35.866","°C","1018.000","hPa","37.0","pmil","0","55.500","deg","20.000","°C","100.000","%a.s.","22.500","deg","20.000","°C","1013.000","hPa","0.861","-0.02056","0.00035","-0.00011","0","14.7","Humid","26.25","0","52.00","347869.66","SABD0000000001","AAV1.0.0.11","2.0.0.28","PSt7-10","000000-000","10/20/2017 9:36:39 AM","0000-00","0","no battery","V"
"10/20/2017","11:31:06","5","default","957498349","OXY5","21.468","min","158.520","μmol/L","Humid","20.962","deg","94439","µV","35.888","°C","1018.000","hPa","37.0","pmil","0","55.500","deg","20.000","°C","100.000","%a.s.","22.500","deg","20.000","°C","1013.000","hPa","0.861","-0.02056","0.00035","-0.00011","0","14.7","Humid","26.25","0","52.00","347843.22","SABD0000000001","AAV1.0.0.11","2.0.0.28","PSt7-10","000000-000","10/20/2017 9:36:39 AM","0000-00","0","no battery","V"
"10/20/2017","11:31:07","5","default","957498349","OXY5","21.484","min","158.645","μmol/L","Humid","20.966","deg","94441","µV","35.857","°C","1018.000","hPa","37.0","pmil","0","55.500","deg","20.000","°C","100.000","%a.s.","22.500","deg","20.000","°C","1013.000","hPa","0.861","-0.02056","0.00035","-0.00011","0","14.7","Humid","26.25","0","52.00","347858.32","SABD0000000001","AAV1.0.0.11","2.0.0.28","PSt7-10","000000-000","10/20/2017 9:36:39 AM","0000-00","0","no battery","V"
"10/20/2017","11:31:08","5","default","957498349","OXY5","21.501","min","158.651","μmol/L","Humid","20.965","deg","94441","µV","35.859","°C","1018.000","hPa","37.0","pmil","0","55.500","deg","20.000","°C","100.000","%a.s.","22.500","deg","20.000","°C","1013.000","hPa","0.861","-0.02056","0.00035","-0.00011","0","14.7","Humid","26.25","0","52.00","347858.25","SABD0000000001","AAV1.0.0.11","2.0.0.28","PSt7-10","000000-000","10/20/2017 9:36:39 AM","0000-00","0","no battery","V"
"10/20/2017","11:31:09","5","default","957498349","OXY5","21.518","min","158.572","μmol/L","Humid","20.962","deg","94435","µV","35.879","°C","1018.000","hPa","37.0","pmil","0","55.500","deg","20.000","°C","100.000","%a.s.","22.500","deg","20.000","°C","1013.000","hPa","0.861","-0.02056","0.00035","-0.00011","0","14.7","Humid","26.25","0","52.00","347846.93","SABD0000000001","AAV1.0.0.11","2.0.0.28","PSt7-10","000000-000","10/20/2017 9:36:39 AM","0000-00","0","no battery","V"
"10/20/2017","11:31:10","5","default","957498349","OXY5","21.534","min","158.649","μmol/L","Humid","20.965","deg","94436","µV","35.859","°C","1018.000","hPa","37.0","pmil","0","55.500","deg","20.000","°C","100.000","%a.s.","22.500","deg","20.000","°C","1013.000","hPa","0.861","-0.02056","0.00035","-0.00011","0","14.7","Humid","26.25","0","52.00","347852.55","SABD0000000001","AAV1.0.0.11","2.0.0.28","PSt7-10","000000-000","10/20/2017 9:36:39 AM","0000-00","0","no battery","V"
"10/20/2017","11:31:11","5","default","957498349","OXY5","21.551","min","158.674","μmol/L","Humid","20.966","deg","94430","µV","35.852","°C","1018.000","hPa","37.0","pmil","0","55.500","deg","20.000","°C","100.000","%a.s.","22.500","deg","20.000","°C","1013.000","hPa","0.861","-0.02056","0.00035","-0.00011","0","14.7","Humid","26.25","0","52.00","347856.67","SABD0000000001","AAV1.0.0.11","2.0.0.28","PSt7-10","000000-000","10/20/2017 9:36:39 AM","0000-00","0","no battery","V"
"10/20/2017","11:31:12","5","default","957498349","OXY5","21.568","min","158.602","μmol/L","Humid","20.964","deg","94426","µV","35.869","°C","1018.000","hPa","37.0","pmil","0","55.500","deg","20.000","°C","100.000","%a.s.","22.500","deg","20.000","°C","1013.000","hPa","0.861","-0.02056","0.00035","-0.00011","0","14.7","Humid","26.25","0","52.00","347847.88","SABD0000000001","AAV1.0.0.11","2.0.0.28","PSt7-10","000000-000","10/20/2017 9:36:39 AM","0000-00","0","no battery","V"
"10/20/2017","11:31:13","5","default","957498349","OXY5","21.584","min","158.677","μmol/L","Humid","20.965","deg","94422","µV","35.854","°C","1018.000","hPa","37.0","pmil","0","55.500","deg","20.000","°C","100.000","%a.s.","22.500","deg","20.000","°C","1013.000","hPa","0.861","-0.02056","0.00035","-0.00011","0","14.7","Humid","26.25","0","52.00","347838.92","SABD0000000001","AAV1.0.0.11","2.0.0.28","PSt7-10","000000-000","10/20/2017 9:36:39 AM","0000-00","0","no battery","V"
"10/20/2017","11:31:14","5","default","957498349","OXY5","21.601","min","158.573","μmol/L","Humid","20.965","deg","94420","µV","35.872","°C","1018.000","hPa","37.0","pmil","0","55.500","deg","20.000","°C","100.000","%a.s.","22.500","deg","20.000","°C","1013.000","hPa","0.861","-0.02056","0.00035","-0.00011","0","14.7","Humid","26.25","0","52.00","347836.55","SABD0000000001","AAV1.0.0.11","2.0.0.28","PSt7-10","000000-000","10/20/2017 9:36:39 AM","0000-00","0","no battery","V"
"10/20/2017","11:31:15","5","default","957498349","OXY5","21.618","min","158.654","μmol/L","Humid","20.964","deg","94418","µV","35.861","°C","1018.000","hPa","37.0","pmil","0","55.500","deg","20.000","°C","100.000","%a.s.","22.500","deg","20.000","°C","1013.000","hPa","0.861","-0.02056","0.00035","-0.00011","0","14.7","Humid","26.25","0","52.00","347822.88","SABD0000000001","AAV1.0.0.11","2.0.0.28","PSt7-10","000000-000","10/20/2017 9:36:39 AM","0000-00","0","no battery","V"
"10/20/2017","11:31:16","5","default","957498349","OXY5","21.634","min","158.735","μmol/L","Humid","20.960","deg","94416","µV","35.857","°C","1018.000","hPa","37.0","pmil","0","55.500","deg","20.000","°C","100.000","%a.s.","22.500","deg","20.000","°C","1013.000","hPa","0.861","-0.02056","0.00035","-0.00011","0","14.7","Humid","26.25","0","52.00","347815.89","SABD0000000001","AAV1.0.0.11","2.0.0.28","PSt7-10","000000-000","10/20/2017 9:36:39 AM","0000-00","0","no battery","V"
"10/20/2017","11:31:17","5","default","957498349","OXY5","21.651","min","158.705","μmol/L","Humid","20.965","deg","94413","µV","35.850","°C","1018.000","hPa","37.0","pmil","0","55.500","deg","20.000","°C","100.000","%a.s.","22.500","deg","20.000","°C","1013.000","hPa","0.861","-0.02056","0.00035","-0.00011","0","14.7","Humid","26.25","0","52.00","347829.89","SABD0000000001","AAV1.0.0.11","2.0.0.28","PSt7-10","000000-000","10/20/2017 9:36:39 AM","0000-00","0","no battery","V"
"10/20/2017","11:31:18","5","default","957498349","OXY5","21.668","min","158.694","μmol/L","Humid","20.966","deg","94418","µV","35.849","°C","1018.000","hPa","37.0","pmil","0","55.500","deg","20.000","°C","100.000","%a.s.","22.500","deg","20.000","°C","1013.000","hPa","0.861","-0.02056","0.00035","-0.00011","0","14.7","Humid","26.25","0","52.00","347845.20","SABD0000000001","AAV1.0.0.11","2.0.0.28","PSt7-10","000000-000","10/20/2017 9:36:39 AM","0000-00","0","no battery","V"
"10/20/2017","11:31:19","5","default","957498349","OXY5","21.684","min","158.701","μmol/L","Humid","20.961","deg","94417","µV","35.860","°C","1018.000","hPa","37.0","pmil","0","55.500","deg","20.000","°C","100.000","%a.s.","22.500","deg","20.000","°C","1013.000","hPa","0.861","-0.02056","0.00035","-0.00011","0","14.7","Humid","26.25","0","52.00","347839.19","SABD0000000001","AAV1.0.0.11","2.0.0.28","PSt7-10","000000-000","10/20/2017 9:36:39 AM","0000-00","0","no battery","V"
"10/20/2017","11:31:20","5","default","957498349","OXY5","21.701","min","158.719","μmol/L","Humid","20.961","deg","94407","µV","35.857","°C","1018.000","hPa","37.0","pmil","0","55.500","deg","20.000","°C","100.000","%a.s.","22.500","deg","20.000","°C","1013.000","hPa","0.861","-0.02056","0.00035","-0.00011","0","14.7","Humid","26.25","0","52.00","347837.02","SABD0000000001","AAV1.0.0.11","2.0.0.28","PSt7-10","000000-000","10/20/2017 9:36:39 AM","0000-00","0","no battery","V"
"10/20/2017","11:31:21","5","default","957498349","OXY5","21.718","min","158.540","μmol/L","Humid","20.968","deg","94401","µV","35.870","°C","1018.000","hPa","37.0","pmil","0","55.500","deg","20.000","°C","100.000","%a.s.","22.500","deg","20.000","°C","1013.000","hPa","0.861","-0.02056","0.00035","-0.00011","0","14.7","Humid","26.25","0","52.00","347834.27","SABD0000000001","AAV1.0.0.11","2.0.0.28","PSt7-10","000000-000","10/20/2017 9:36:39 AM","0000-00","0","no battery","V"
"10/20/2017","11:31:22","5","default","957498349","OXY5","21.734","min","158.604","μmol/L","Humid","20.965","deg","94401","µV","35.867","°C","1018.000","hPa","37.0","pmil","0","55.500","deg","20.000","°C","100.000","%a.s.","22.500","deg","20.000","°C","1013.000","hPa","0.861","-0.02056","0.00035","-0.00011","0","14.7","Humid","26.25","0","52.00","347820.40","SABD0000000001","AAV1.0.0.11","2.0.0.28","PSt7-10","000000-000","10/20/2017 9:36:39 AM","0000-00","0","no battery","V"
"10/20/2017","11:31:23","5","default","957498349","OXY5","21.751","min","158.585","μmol/L","Humid","20.959","deg","94403","µV","35.884","°C","1018.000","hPa","37.0","pmil","0","55.500","deg","20.000","°C","100.000","%a.s.","22.500","deg","20.000","°C","1013.000","hPa","0.861","-0.02056","0.00035","-0.00011","0","14.7","Humid","26.25","0","52.00","347812.43","SABD0000000001","AAV1.0.0.11","2.0.0.28","PSt7-10","000000-000","10/20/2017 9:36:39 AM","0000-00","0","no battery","V"
"10/20/2017","11:31:24","5","default","957498349","OXY5","21.768","min","158.604","μmol/L","Humid","20.965","deg","94400","µV","35.867","°C","1018.000","hPa","37.0","pmil","0","55.500","deg","20.000","°C","100.000","%a.s.","22.500","deg","20.000","°C","1013.000","hPa","0.861","-0.02056","0.00035","-0.00011","0","14.7","Humid","26.25","0","52.00","347819.82","SABD0000000001","AAV1.0.0.11","2.0.0.28","PSt7-10","000000-000","10/20/2017 9:36:39 AM","0000-00","0","no battery","V"
"10/20/2017","11:31:25","5","default","957498349","OXY5","21.785","min","158.622","μmol/L","Humid","20.964","deg","94408","µV","35.866","°C","1018.000","hPa","37.0","pmil","0","55.500","deg","20.000","°C","100.000","%a.s.","22.500","deg","20.000","°C","1013.000","hPa","0.861","-0.02056","0.00035","-0.00011","0","14.7","Humid","26.25","0","52.00","347828.46","SABD0000000001","AAV1.0.0.11","2.0.0.28","PSt7-10","000000-000","10/20/2017 9:36:39 AM","0000-00","0","no battery","V"
"10/20/2017","11:31:26","5","default","957498349","OXY5","21.801","min","158.613","μmol/L","Humid","20.960","deg","94401","µV","35.877","°C","1018.000","hPa","37.0","pmil","0","55.500","deg","20.000","°C","100.000","%a.s.","22.500","deg","20.000","°C","1013.000","hPa","0.861","-0.02056","0.00035","-0.00011","0","14.7","Humid","26.25","0","52.00","347823.44","SABD0000000001","AAV1.0.0.11","2.0.0.28","PSt7-10","000000-000","10/20/2017 9:36:39 AM","0000-00","0","no battery","V"
"10/20/2017","11:31:27","5","default","957498349","OXY5","21.818","min","158.524","μmol/L","Humid","20.966","deg","94390","µV","35.877","°C","1018.000","hPa","37.0","pmil","0","55.500","deg","20.000","°C","100.000","%a.s.","22.500","deg","20.000","°C","1013.000","hPa","0.861","-0.02056","0.00035","-0.00011","0","14.7","Humid","26.25","0","52.00","347824.51","SABD0000000001","AAV1.0.0.11","2.0.0.28","PSt7-10","000000-000","10/20/2017 9:36:39 AM","0000-00","0","no battery","V"
"10/20/2017","11:31:28","5","default","957498349","OXY5","21.835","min","158.617","μmol/L","Humid","20.965","deg","94389","µV","35.864","°C","1018.000","hPa","37.0","pmil","0","55.500","deg","20.000","°C","100.000","%a.s.","22.500","deg","20.000","°C","1013.000","hPa","0.861","-0.02056","0.00035","-0.00011","0","14.7","Humid","26.25","0","52.00","347811.75","SABD0000000001","AAV1.0.0.11","2.0.0.28","PSt7-10","000000-000","10/20/2017 9:36:39 AM","0000-00","0","no battery","V"
"10/20/2017","11:31:29","5","default","957498349","OXY5","21.851","min","158.619","μmol/L","Humid","20.966","deg","94384","µV","35.862","°C","1018.000","hPa","37.0","pmil","0","55.500","deg","20.000","°C","100.000","%a.s.","22.500","deg","20.000","°C","1013.000","hPa","0.861","-0.02056","0.00035","-0.00011","0","14.7","Humid","26.25","0","52.00","347816.53","SABD0000000001","AAV1.0.0.11","2.0.0.28","PSt7-10","000000-000","10/20/2017 9:36:39 AM","0000-00","0","no battery","V"
"10/20/2017","11:31:30","5","default","957498349","OXY5","21.868","min","158.726","μmol/L","Humid","20.959","deg","94391","µV","35.861","°C","1018.000","hPa","37.0","pmil","0","55.500","deg","20.000","°C","100.000","%a.s.","22.500","deg","20.000","°C","1013.000","hPa","0.861","-0.02056","0.00035","-0.00011","0","14.7","Humid","26.25","0","52.00","347818.10","SABD0000000001","AAV1.0.0.11","2.0.0.28","PSt7-10","000000-000","10/20/2017 9:36:39 AM","0000-00","0","no battery","V"
"10/20/2017","11:31:31","5","default","957498349","OXY5","21.885","min","158.575","μmol/L","Humid","20.963","deg","94385","µV","35.876","°C","1018.000","hPa","37.0","pmil","0","55.500","deg","20.000","°C","100.000","%a.s.","22.500","deg","20.000","°C","1013.000","hPa","0.861","-0.02056","0.00035","-0.00011","0","14.7","Humid","26.25","0","52.00","347811.49","SABD0000000001","AAV1.0.0.11","2.0.0.28","PSt7-10","000000-000","10/20/2017 9:36:39 AM","0000-00","0","no battery","V"
"10/20/2017","11:31:32","5","default","957498349","OXY5","21.901","min","158.627","μmol/L","Humid","20.963","deg","94387","µV","35.867","°C","1018.000","hPa","37.0","pmil","0","55.500","deg","20.000","°C","100.000","%a.s.","22.500","deg","20.000","°C","1013.000","hPa","0.861","-0.02056","0.00035","-0.00011","0","14.7","Humid","26.25","0","52.00","347820.87","SABD0000000001","AAV1.0.0.11","2.0.0.28","PSt7-10","000000-000","10/20/2017 9:36:39 AM","0000-00","0","no battery","V"
"10/20/2017","11:31:33","5","default","957498349","OXY5","21.918","min","158.639","μmol/L","Humid","20.960","deg","94377","µV","35.873","°C","1018.000","hPa","37.0","pmil","0","55.500","deg","20.000","°C","100.000","%a.s.","22.500","deg","20.000","°C","1013.000","hPa","0.861","-0.02056","0.00035","-0.00011","0","14.7","Humid","26.25","0","52.00","347819.35","SABD0000000001","AAV1.0.0.11","2.0.0.28","PSt7-10","000000-000","10/20/2017 9:36:39 AM","0000-00","0","no battery","V"
"10/20/2017","11:31:34","5","default","957498349","OXY5","21.935","min","158.748","μmol/L","Humid","20.959","deg","94372","µV","35.857","°C","1018.000","hPa","37.0","pmil","0","55.500","deg","20.000","°C","100.000","%a.s.","22.500","deg","20.000","°C","1013.000","hPa","0.861","-0.02056","0.00035","-0.00011","0","14.7","Humid","26.25","0","52.00","347814.24","SABD0000000001","AAV1.0.0.11","2.0.0.28","PSt7-10","000000-000","10/20/2017 9:36:39 AM","0000-00","0","no battery","V"
"10/20/2017","11:31:35","5","default","957498349","OXY5","21.951","min","158.621","μmol/L","Humid","20.966","deg","94374","µV","35.861","°C","1018.000","hPa","37.0","pmil","0","55.500","deg","20.000","°C","100.000","%a.s.","22.500","deg","20.000","°C","1013.000","hPa","0.861","-0.02056","0.00035","-0.00011","0","14.7","Humid","26.25","0","52.00","347821.43","SABD0000000001","AAV1.0.0.11","2.0.0.28","PSt7-10","000000-000","10/20/2017 9:36:39 AM","0000-00","0","no battery","V"
"10/20/2017","11:31:36","5","default","957498349","OXY5","21.968","min","158.617","μmol/L","Humid","20.963","deg","94366","µV","35.869","°C","1018.000","hPa","37.0","pmil","0","55.500","deg","20.000","°C","100.000","%a.s.","22.500","deg","20.000","°C","1013.000","hPa","0.861","-0.02056","0.00035","-0.00011","0","14.7","Humid","26.25","0","52.00","347805.37","SABD0000000001","AAV1.0.0.11","2.0.0.28","PSt7-10","000000-000","10/20/2017 9:36:39 AM","0000-00","0","no battery","V"
"10/20/2017","11:31:37","5","default","957498349","OXY5","21.985","min","158.703","μmol/L","Humid","20.961","deg","94371","µV","35.860","°C","1018.000","hPa","37.0","pmil","0","55.500","deg","20.000","°C","100.000","%a.s.","22.500","deg","20.000","°C","1013.000","hPa","0.861","-0.02056","0.00035","-0.00011","0","14.7","Humid","26.25","0","52.00","347814.49","SABD0000000001","AAV1.0.0.11","2.0.0.28","PSt7-10","000000-000","10/20/2017 9:36:39 AM","0000-00","0","no battery","V"
"10/20/2017","11:31:38","5","default","957498349","OXY5","22.001","min","158.767","μmol/L","Humid","20.960","deg","94370","µV","35.851","°C","1018.000","hPa","37.0","pmil","0","55.500","deg","20.000","°C","100.000","%a.s.","22.500","deg","20.000","°C","1013.000","hPa","0.861","-0.02056","0.00035","-0.00011","0","14.7","Humid","26.25","0","52.00","347801.68","SABD0000000001","AAV1.0.0.11","2.0.0.28","PSt7-10","000000-000","10/20/2017 9:36:39 AM","0000-00","0","no battery","V"
"10/20/2017","11:31:39","5","default","957498349","OXY5","22.018","min","158.795","μmol/L","Humid","20.963","deg","94371","µV","35.839","°C","1018.000","hPa","37.0","pmil","0","55.500","deg","20.000","°C","100.000","%a.s.","22.500","deg","20.000","°C","1013.000","hPa","0.861","-0.02056","0.00035","-0.00011","0","14.7","Humid","26.25","0","52.00","347816.92","SABD0000000001","AAV1.0.0.11","2.0.0.28","PSt7-10","000000-000","10/20/2017 9:36:39 AM","0000-00","0","no battery","V"
"10/20/2017","11:31:40","5","default","957498349","OXY5","22.035","min","158.714","μmol/L","Humid","20.960","deg","94364","µV","35.860","°C","1018.000","hPa","37.0","pmil","0","55.500","deg","20.000","°C","100.000","%a.s.","22.500","deg","20.000","°C","1013.000","hPa","0.861","-0.02056","0.00035","-0.00011","0","14.7","Humid","26.25","0","52.00","347804.13","SABD0000000001","AAV1.0.0.11","2.0.0.28","PSt7-10","000000-000","10/20/2017 9:36:39 AM","0000-00","0","no battery","V"
"10/20/2017","11:31:41","5","default","957498349","OXY5","22.051","min","158.549","μmol/L","Humid","20.964","deg","94364","µV","35.878","°C","1018.000","hPa","37.0","pmil","0","55.500","deg","20.000","°C","100.000","%a.s.","22.500","deg","20.000","°C","1013.000","hPa","0.861","-0.02056","0.00035","-0.00011","0","14.7","Humid","26.25","0","52.00","347806.88","SABD0000000001","AAV1.0.0.11","2.0.0.28","PSt7-10","000000-000","10/20/2017 9:36:39 AM","0000-00","0","no battery","V"
"10/20/2017","11:31:42","5","default","957498349","OXY5","22.068","min","158.576","μmol/L","Humid","20.964","deg","94363","µV","35.873","°C","1018.000","hPa","37.0","pmil","0","55.500","deg","20.000","°C","100.000","%a.s.","22.500","deg","20.000","°C","1013.000","hPa","0.861","-0.02056","0.00035","-0.00011","0","14.7","Humid","26.25","0","52.00","347821.22","SABD0000000001","AAV1.0.0.11","2.0.0.28","PSt7-10","000000-000","10/20/2017 9:36:39 AM","0000-00","0","no battery","V"
"10/20/2017","11:31:43","5","default","957498349","OXY5","22.085","min","158.667","μmol/L","Humid","20.960","deg","94356","µV","35.868","°C","1018.000","hPa","37.0","pmil","0","55.500","deg","20.000","°C","100.000","%a.s.","22.500","deg","20.000","°C","1013.000","hPa","0.861","-0.02056","0.00035","-0.00011","0","14.7","Humid","26.25","0","52.00","347806.02","SABD0000000001","AAV1.0.0.11","2.0.0.28","PSt7-10","000000-000","10/20/2017 9:36:39 AM","0000-00","0","no battery","V"
"10/20/2017","11:31:44","5","default","957498349","OXY5","22.101","min","158.566","μmol/L","Humid","20.965","deg","94360","µV","35.873","°C","1018.000","hPa","37.0","pmil","0","55.500","deg","20.000","°C","100.000","%a.s.","22.500","deg","20.000","°C","1013.000","hPa","0.861","-0.02056","0.00035","-0.00011","0","14.7","Humid","26.25","0","52.00","347810.58","SABD0000000001","AAV1.0.0.11","2.0.0.28","PSt7-10","000000-000","10/20/2017 9:36:39 AM","0000-00","0","no battery","V"
"10/20/2017","11:31:45","5","default","957498349","OXY5","22.118","min","158.677","μmol/L","Humid","20.961","deg","94359","µV","35.864","°C","1018.000","hPa","37.0","pmil","0","55.500","deg","20.000","°C","100.000","%a.s.","22.500","deg","20.000","°C","1013.000","hPa","0.861","-0.02056","0.00035","-0.00011","0","14.7","Humid","26.25","0","52.00","347798.77","SABD0000000001","AAV1.0.0.11","2.0.0.28","PSt7-10","000000-000","10/20/2017 9:36:39 AM","0000-00","0","no battery","V"
"10/20/2017","11:31:46","5","default","957498349","OXY5","22.135","min","158.489","μmol/L","Humid","20.965","deg","94344","µV","35.886","°C","1018.000","hPa","37.0","pmil","0","55.500","deg","20.000","°C","100.000","%a.s.","22.500","deg","20.000","°C","1013.000","hPa","0.861","-0.02056","0.00035","-0.00011","0","14.7","Humid","26.25","0","52.00","347802.39","SABD0000000001","AAV1.0.0.11","2.0.0.28","PSt7-10","000000-000","10/20/2017 9:36:39 AM","0000-00","0","no battery","V"
"10/20/2017","11:31:47","5","default","957498349","OXY5","22.151","min","158.559","μmol/L","Humid","20.961","deg","94350","µV","35.883","°C","1018.000","hPa","37.0","pmil","0","55.500","deg","20.000","°C","100.000","%a.s.","22.500","deg","20.000","°C","1013.000","hPa","0.861","-0.02056","0.00035","-0.00011","0","14.7","Humid","26.25","0","52.00","347808.02","SABD0000000001","AAV1.0.0.11","2.0.0.28","PSt7-10","000000-000","10/20/2017 9:36:39 AM","0000-00","0","no battery","V"
"10/20/2017","11:31:48","5","default","957498349","OXY5","22.168","min","158.643","μmol/L","Humid","20.964","deg","94343","µV","35.862","°C","1018.000","hPa","37.0","pmil","0","55.500","deg","20.000","°C","100.000","%a.s.","22.500","deg","20.000","°C","1013.000","hPa","0.861","-0.02056","0.00035","-0.00011","0","14.7","Humid","26.25","0","52.00","347796.12","SABD0000000001","AAV1.0.0.11","2.0.0.28","PSt7-10","000000-000","10/20/2017 9:36:39 AM","0000-00","0","no battery","V"
"10/20/2017","11:31:49","5","default","957498349","OXY5","22.185","min","158.637","μmol/L","Humid","20.963","deg","94345","µV","35.866","°C","1018.000","hPa","37.0","pmil","0","55.500","deg","20.000","°C","100.000","%a.s.","22.500","deg","20.000","°C","1013.000","hPa","0.861","-0.02056","0.00035","-0.00011","0","14.7","Humid","26.25","0","52.00","347794.81","SABD0000000001","AAV1.0.0.11","2.0.0.28","PSt7-10","000000-000","10/20/2017 9:36:39 AM","0000-00","0","no battery","V"
"10/20/2017","11:31:50","5","default","957498349","OXY5","22.201","min","158.610","μmol/L","Humid","20.962","deg","94338","µV","35.873","°C","1018.000","hPa","37.0","pmil","0","55.500","deg","20.000","°C","100.000","%a.s.","22.500","deg","20.000","°C","1013.000","hPa","0.861","-0.02056","0.00035","-0.00011","0","14.7","Humid","26.25","0","52.00","347800.11","SABD0000000001","AAV1.0.0.11","2.0.0.28","PSt7-10","000000-000","10/20/2017 9:36:39 AM","0000-00","0","no battery","V"
"10/20/2017","11:31:51","5","default","957498349","OXY5","22.218","min","158.686","μmol/L","Humid","20.961","deg","94334","µV","35.862","°C","1018.000","hPa","37.0","pmil","0","55.500","deg","20.000","°C","100.000","%a.s.","22.500","deg","20.000","°C","1013.000","hPa","0.861","-0.02056","0.00035","-0.00011","0","14.7","Humid","26.25","0","52.00","347794.02","SABD0000000001","AAV1.0.0.11","2.0.0.28","PSt7-10","000000-000","10/20/2017 9:36:39 AM","0000-00","0","no battery","V"
"10/20/2017","11:31:52","5","default","957498349","OXY5","22.235","min","158.561","μmol/L","Humid","20.961","deg","94333","µV","35.883","°C","1018.000","hPa","37.0","pmil","0","55.500","deg","20.000","°C","100.000","%a.s.","22.500","deg","20.000","°C","1013.000","hPa","0.861","-0.02056","0.00035","-0.00011","0","14.7","Humid","26.25","0","52.00","347789.87","SABD0000000001","AAV1.0.0.11","2.0.0.28","PSt7-10","000000-000","10/20/2017 9:36:39 AM","0000-00","0","no battery","V"
"10/20/2017","11:31:53","5","default","957498349","OXY5","22.251","min","158.533","μmol/L","Humid","20.963","deg","94338","µV","35.883","°C","1018.000","hPa","37.0","pmil","0","55.500","deg","20.000","°C","100.000","%a.s.","22.500","deg","20.000","°C","1013.000","hPa","0.861","-0.02056","0.00035","-0.00011","0","14.7","Humid","26.25","0","52.00","347782.46","SABD0000000001","AAV1.0.0.11","2.0.0.28","PSt7-10","000000-000","10/20/2017 9:36:39 AM","0000-00","0","no battery","V"
"10/20/2017","11:31:54","5","default","957498349","OXY5","22.268","min","158.625","μmol/L","Humid","20.964","deg","94341","µV","35.865","°C","1018.000","hPa","37.0","pmil","0","55.500","deg","20.000","°C","100.000","%a.s.","22.500","deg","20.000","°C","1013.000","hPa","0.861","-0.02056","0.00035","-0.00011","0","14.7","Humid","26.25","0","52.00","347797.88","SABD0000000001","AAV1.0.0.11","2.0.0.28","PSt7-10","000000-000","10/20/2017 9:36:39 AM","0000-00","0","no battery","V"
"10/20/2017","11:31:55","5","default","957498349","OXY5","22.285","min","158.652","μmol/L","Humid","20.962","deg","94333","µV","35.866","°C","1018.000","hPa","37.0","pmil","0","55.500","deg","20.000","°C","100.000","%a.s.","22.500","deg","20.000","°C","1013.000","hPa","0.861","-0.02056","0.00035","-0.00011","0","14.7","Humid","26.25","0","52.00","347795.87","SABD0000000001","AAV1.0.0.11","2.0.0.28","PSt7-10","000000-000","10/20/2017 9:36:39 AM","0000-00","0","no battery","V"
"10/20/2017","11:31:56","5","default","957498349","OXY5","22.301","min","158.590","μmol/L","Humid","20.961","deg","94334","µV","35.878","°C","1018.000","hPa","37.0","pmil","0","55.500","deg","20.000","°C","100.000","%a.s.","22.500","deg","20.000","°C","1013.000","hPa","0.861","-0.02056","0.00035","-0.00011","0","14.7","Humid","26.25","0","52.00","347804.24","SABD0000000001","AAV1.0.0.11","2.0.0.28","PSt7-10","000000-000","10/20/2017 9:36:39 AM","0000-00","0","no battery","V"
"10/20/2017","11:31:57","5","default","957498349","OXY5","22.318","min","158.592","μmol/L","Humid","20.966","deg","94327","µV","35.866","°C","1018.000","hPa","37.0","pmil","0","55.500","deg","20.000","°C","100.000","%a.s.","22.500","deg","20.000","°C","1013.000","hPa","0.861","-0.02056","0.00035","-0.00011","0","14.7","Humid","26.25","0","52.00","347794.98","SABD0000000001","AAV1.0.0.11","2.0.0.28","PSt7-10","000000-000","10/20/2017 9:36:39 AM","0000-00","0","no battery","V"
"10/20/2017","11:31:58","5","default","957498349","OXY5","22.335","min","158.625","μmol/L","Humid","20.963","deg","94326","µV","35.868","°C","1018.000","hPa","37.0","pmil","0","55.500","deg","20.000","°C","100.000","%a.s.","22.500","deg","20.000","°C","1013.000","hPa","0.861","-0.02056","0.00035","-0.00011","0","14.7","Humid","26.25","0","52.00","347780.61","SABD0000000001","AAV1.0.0.11","2.0.0.28","PSt7-10","000000-000","10/20/2017 9:36:39 AM","0000-00","0","no battery","V"
"10/20/2017","11:31:59","5","default","957498349","OXY5","22.351","min","158.729","μmol/L","Humid","20.963","deg","94322","µV","35.850","°C","1018.000","hPa","37.0","pmil","0","55.500","deg","20.000","°C","100.000","%a.s.","22.500","deg","20.000","°C","1013.000","hPa","0.861","-0.02056","0.00035","-0.00011","0","14.7","Humid","26.25","0","52.00","347768.24","SABD0000000001","AAV1.0.0.11","2.0.0.28","PSt7-10","000000-000","10/20/2017 9:36:39 AM","0000-00","0","no battery","V"
"10/20/2017","11:32:00","5","default","957498349","OXY5","22.368","min","158.623","μmol/L","Humid","20.960","deg","94315","µV","35.875","°C","1018.000","hPa","37.0","pmil","0","55.500","deg","20.000","°C","100.000","%a.s.","22.500","deg","20.000","°C","1013.000","hPa","0.861","-0.02056","0.00035","-0.00011","0","14.7","Humid","26.25","0","52.00","347779.07","SABD0000000001","AAV1.0.0.11","2.0.0.28","PSt7-10","000000-000","10/20/2017 9:36:39 AM","0000-00","0","no battery","V"
"10/20/2017","11:32:01","5","default","957498349","OXY5","22.385","min","158.601","μmol/L","Humid","20.963","deg","94320","µV","35.872","°C","1018.000","hPa","37.0","pmil","0","55.500","deg","20.000","°C","100.000","%a.s.","22.500","deg","20.000","°C","1013.000","hPa","0.861","-0.02056","0.00035","-0.00011","0","14.7","Humid","26.25","0","52.00","347783.24","SABD0000000001","AAV1.0.0.11","2.0.0.28","PSt7-10","000000-000","10/20/2017 9:36:39 AM","0000-00","0","no battery","V"
"10/20/2017","11:32:02","5","default","957498349","OXY5","22.401","min","158.640","μmol/L","Humid","20.963","deg","94316","µV","35.865","°C","1018.000","hPa","37.0","pmil","0","55.500","deg","20.000","°C","100.000","%a.s.","22.500","deg","20.000","°C","1013.000","hPa","0.861","-0.02056","0.00035","-0.00011","0","14.7","Humid","26.25","0","52.00","347781.91","SABD0000000001","AAV1.0.0.11","2.0.0.28","PSt7-10","000000-000","10/20/2017 9:36:39 AM","0000-00","0","no battery","V"
"10/20/2017","11:32:03","5","default","957498349","OXY5","22.418","min","158.601","μmol/L","Humid","20.961","deg","94314","µV","35.876","°C","1018.000","hPa","37.0","pmil","0","55.500","deg","20.000","°C","100.000","%a.s.","22.500","deg","20.000","°C","1013.000","hPa","0.861","-0.02056","0.00035","-0.00011","0","14.7","Humid","26.25","0","52.00","347766.79","SABD0000000001","AAV1.0.0.11","2.0.0.28","PSt7-10","000000-000","10/20/2017 9:36:39 AM","0000-00","0","no battery","V"
"10/20/2017","11:32:04","5","default","957498349","OXY5","22.435","min","158.677","μmol/L","Humid","20.965","deg","94317","µV","35.854","°C","1018.000","hPa","37.0","pmil","0","55.500","deg","20.000","°C","100.000","%a.s.","22.500","deg","20.000","°C","1013.000","hPa","0.861","-0.02056","0.00035","-0.00011","0","14.7","Humid","26.25","0","52.00","347771.26","SABD0000000001","AAV1.0.0.11","2.0.0.28","PSt7-10","000000-000","10/20/2017 9:36:39 AM","0000-00","0","no battery","V"
"10/20/2017","11:32:05","5","default","957498349","OXY5","22.451","min","158.673","μmol/L","Humid","20.960","deg","94309","µV","35.867","°C","1018.000","hPa","37.0","pmil","0","55.500","deg","20.000","°C","100.000","%a.s.","22.500","deg","20.000","°C","1013.000","hPa","0.861","-0.02056","0.00035","-0.00011","0","14.7","Humid","26.25","0","52.00","347771.19","SABD0000000001","AAV1.0.0.11","2.0.0.28","PSt7-10","000000-000","10/20/2017 9:36:39 AM","0000-00","0","no battery","V"
"10/20/2017","11:32:06","5","default","957498349","OXY5","22.468","min","158.659","μmol/L","Humid","20.963","deg","94294","µV","35.862","°C","1018.000","hPa","37.0","pmil","0","55.500","deg","20.000","°C","100.000","%a.s.","22.500","deg","20.000","°C","1013.000","hPa","0.861","-0.02056","0.00035","-0.00011","0","14.7","Humid","26.25","0","52.00","347764.48","SABD0000000001","AAV1.0.0.11","2.0.0.28","PSt7-10","000000-000","10/20/2017 9:36:39 AM","0000-00","0","no battery","V"
"10/20/2017","11:32:07","5","default","957498349","OXY5","22.485","min","158.526","μmol/L","Humid","20.964","deg","94299","µV","35.882","°C","1018.000","hPa","37.0","pmil","0","55.500","deg","20.000","°C","100.000","%a.s.","22.500","deg","20.000","°C","1013.000","hPa","0.861","-0.02056","0.00035","-0.00011","0","14.7","Humid","26.25","0","52.00","347771.56","SABD0000000001","AAV1.0.0.11","2.0.0.28","PSt7-10","000000-000","10/20/2017 9:36:39 AM","0000-00","0","no battery","V"
"10/20/2017","11:32:08","5","default","957498349","OXY5","22.501","min","158.641","μmol/L","Humid","20.963","deg","94302","µV","35.865","°C","1018.000","hPa","37.0","pmil","0","55.500","deg","20.000","°C","100.000","%a.s.","22.500","deg","20.000","°C","1013.000","hPa","0.861","-0.02056","0.00035","-0.00011","0","14.7","Humid","26.25","0","52.00","347764.13","SABD0000000001","AAV1.0.0.11","2.0.0.28","PSt7-10","000000-000","10/20/2017 9:36:39 AM","0000-00","0","no battery","V"
"10/20/2017","11:32:09","5","default","957498349","OXY5","22.518","min","158.558","μmol/L","Humid","20.961","deg","94293","µV","35.884","°C","1018.000","hPa","37.0","pmil","0","55.500","deg","20.000","°C","100.000","%a.s.","22.500","deg","20.000","°C","1013.000","hPa","0.861","-0.02056","0.00035","-0.00011","0","14.7","Humid","26.25","0","52.00","347758.27","SABD0000000001","AAV1.0.0.11","2.0.0.28","PSt7-10","000000-000","10/20/2017 9:36:39 AM","0000-00","0","no battery","V"
"10/20/2017","11:32:10","5","default","957498349","OXY5","22.535","min","158.552","μmol/L","Humid","20.962","deg","94293","µV","35.882","°C","1018.000","hPa","37.0","pmil","0","55.500","deg","20.000","°C","100.000","%a.s.","22.500","deg","20.000","°C","1013.000","hPa","0.861","-0.02056","0.00035","-0.00011","0","14.7","Humid","26.25","0","52.00","347766.02","SABD0000000001","AAV1.0.0.11","2.0.0.28","PSt7-10","000000-000","10/20/2017 9:36:39 AM","0000-00","0","no battery","V"
"10/20/2017","11:32:11","5","default","957498349","OXY5","22.551","min","158.705","μmol/L","Humid","20.959","deg","94295","µV","35.864","°C","1018.000","hPa","37.0","pmil","0","55.500","deg","20.000","°C","100.000","%a.s.","22.500","deg","20.000","°C","1013.000","hPa","0.861","-0.02056","0.00035","-0.00011","0","14.7","Humid","26.25","0","52.00","347769.16","SABD0000000001","AAV1.0.0.11","2.0.0.28","PSt7-10","000000-000","10/20/2017 9:36:39 AM","0000-00","0","no battery","V"
"10/20/2017","11:32:12","5","default","957498349","OXY5","22.568","min","158.653","μmol/L","Humid","20.963","deg","94290","µV","35.863","°C","1018.000","hPa","37.0","pmil","0","55.500","deg","20.000","°C","100.000","%a.s.","22.500","deg","20.000","°C","1013.000","hPa","0.861","-0.02056","0.00035","-0.00011","0","14.7","Humid","26.25","0","52.00","347771.25","SABD0000000001","AAV1.0.0.11","2.0.0.28","PSt7-10","000000-000","10/20/2017 9:36:39 AM","0000-00","0","no battery","V"
"10/20/2017","11:32:13","5","default","957498349","OXY5","22.585","min","158.492","μmol/L","Humid","20.961","deg","94288","µV","35.895","°C","1018.000","hPa","37.0","pmil","0","55.500","deg","20.000","°C","100.000","%a.s.","22.500","deg","20.000","°C","1013.000","hPa","0.861","-0.02056","0.00035","-0.00011","0","14.7","Humid","26.25","0","52.00","347761.43","SABD0000000001","AAV1.0.0.11","2.0.0.28","PSt7-10","000000-000","10/20/2017 9:36:39 AM","0000-00","0","no battery","V"
"10/20/2017","11:32:14","5","default","957498349","OXY5","22.602","min","158.735","μmol/L","Humid","20.962","deg","94288","µV","35.852","°C","1018.000","hPa","37.0","pmil","0","55.500","deg","20.000","°C","100.000","%a.s.","22.500","deg","20.000","°C","1013.000","hPa","0.861","-0.02056","0.00035","-0.00011","0","14.7","Humid","26.25","0","52.00","347759.82","SABD0000000001","AAV1.0.0.11","2.0.0.28","PSt7-10","000000-000","10/20/2017 9:36:39 AM","0000-00","0","no battery","V"
"10/20/2017","11:32:15","5","default","957498349","OXY5","22.618","min","158.654","μmol/L","Humid","20.963","deg","94285","µV","35.863","°C","1018.000","hPa","37.0","pmil","0","55.500","deg","20.000","°C","100.000","%a.s.","22.500","deg","20.000","°C","1013.000","hPa","0.861","-0.02056","0.00035","-0.00011","0","14.7","Humid","26.25","0","52.00","347773.54","SABD0000000001","AAV1.0.0.11","2.0.0.28","PSt7-10","000000-000","10/20/2017 9:36:39 AM","0000-00","0","no battery","V"
"10/20/2017","11:32:16","5","default","957498349","OXY5","22.635","min","158.634","μmol/L","Humid","20.961","deg","94276","µV","35.871","°C","1018.000","hPa","37.0","pmil","0","55.500","deg","20.000","°C","100.000","%a.s.","22.500","deg","20.000","°C","1013.000","hPa","0.861","-0.02056","0.00035","-0.00011","0","14.7","Humid","26.25","0","52.00","347753.15","SABD0000000001","AAV1.0.0.11","2.0.0.28","PSt7-10","000000-000","10/20/2017 9:36:39 AM","0000-00","0","no battery","V"
"10/20/2017","11:32:17","5","default","957498349","OXY5","22.652","min","158.680","μmol/L","Humid","20.961","deg","94276","µV","35.863","°C","1018.000","hPa","37.0","pmil","0","55.500","deg","20.000","°C","100.000","%a.s.","22.500","deg","20.000","°C","1013.000","hPa","0.861","-0.02056","0.00035","-0.00011","0","14.7","Humid","26.25","0","52.00","347750.93","SABD0000000001","AAV1.0.0.11","2.0.0.28","PSt7-10","000000-000","10/20/2017 9:36:39 AM","0000-00","0","no battery","V"
"10/20/2017","11:32:18","5","default","957498349","OXY5","22.668","min","158.760","μmol/L","Humid","20.961","deg","94269","µV","35.850","°C","1018.000","hPa","37.0","pmil","0","55.500","deg","20.000","°C","100.000","%a.s.","22.500","deg","20.000","°C","1013.000","hPa","0.861","-0.02056","0.00035","-0.00011","0","14.7","Humid","26.25","0","52.00","347744.09","SABD0000000001","AAV1.0.0.11","2.0.0.28","PSt7-10","000000-000","10/20/2017 9:36:39 AM","0000-00","0","no battery","V"
"10/20/2017","11:32:19","5","default","957498349","OXY5","22.685","min","158.526","μmol/L","Humid","20.959","deg","94274","µV","35.894","°C","1018.000","hPa","37.0","pmil","0","55.500","deg","20.000","°C","100.000","%a.s.","22.500","deg","20.000","°C","1013.000","hPa","0.861","-0.02056","0.00035","-0.00011","0","14.7","Humid","26.25","0","52.00","347753.57","SABD0000000001","AAV1.0.0.11","2.0.0.28","PSt7-10","000000-000","10/20/2017 9:36:39 AM","0000-00","0","no battery","V"
"10/20/2017","11:32:20","5","default","957498349","OXY5","22.702","min","158.667","μmol/L","Humid","20.961","deg","94280","µV","35.866","°C","1018.000","hPa","37.0","pmil","0","55.500","deg","20.000","°C","100.000","%a.s.","22.500","deg","20.000","°C","1013.000","hPa","0.861","-0.02056","0.00035","-0.00011","0","14.7","Humid","26.25","0","52.00","347757.55","SABD0000000001","AAV1.0.0.11","2.0.0.28","PSt7-10","000000-000","10/20/2017 9:36:39 AM","0000-00","0","no battery","V"
"10/20/2017","11:32:21","5","default","957498349","OXY5","22.718","min","158.656","μmol/L","Humid","20.963","deg","94267","µV","35.863","°C","1018.000","hPa","37.0","pmil","0","55.500","deg","20.000","°C","100.000","%a.s.","22.500","deg","20.000","°C","1013.000","hPa","0.861","-0.02056","0.00035","-0.00011","0","14.7","Humid","26.25","0","52.00","347756.83","SABD0000000001","AAV1.0.0.11","2.0.0.28","PSt7-10","000000-000","10/20/2017 9:36:39 AM","0000-00","0","no battery","V"
"10/20/2017","11:32:22","5","default","957498349","OXY5","22.735","min","158.698","μmol/L","Humid","20.959","deg","94266","µV","35.865","°C","1018.000","hPa","37.0","pmil","0","55.500","deg","20.000","°C","100.000","%a.s.","22.500","deg","20.000","°C","1013.000","hPa","0.861","-0.02056","0.00035","-0.00011","0","14.7","Humid","26.25","0","52.00","347747.07","SABD0000000001","AAV1.0.0.11","2.0.0.28","PSt7-10","000000-000","10/20/2017 9:36:39 AM","0000-00","0","no battery","V"
"10/20/2017","11:32:23","5","default","957498349","OXY5","22.752","min","158.502","μmol/L","Humid","20.965","deg","94270","µV","35.884","°C","1018.000","hPa","37.0","pmil","0","55.500","deg","20.000","°C","100.000","%a.s.","22.500","deg","20.000","°C","1013.000","hPa","0.861","-0.02056","0.00035","-0.00011","0","14.7","Humid","26.25","0","52.00","347738.93","SABD0000000001","AAV1.0.0.11","2.0.0.28","PSt7-10","000000-000","10/20/2017 9:36:39 AM","0000-00","0","no battery","V"
"10/20/2017","11:32:24","5","default","957498349","OXY5","22.768","min","158.671","μmol/L","Humid","20.960","deg","94264","µV","35.867","°C","1018.000","hPa","37.0","pmil","0","55.500","deg","20.000","°C","100.000","%a.s.","22.500","deg","20.000","°C","1013.000","hPa","0.861","-0.02056","0.00035","-0.00011","0","14.7","Humid","26.25","0","52.00","347745.84","SABD0000000001","AAV1.0.0.11","2.0.0.28","PSt7-10","000000-000","10/20/2017 9:36:39 AM","0000-00","0","no battery","V"
"10/20/2017","11:32:25","5","default","957498349","OXY5","22.785","min","158.630","μmol/L","Humid","20.958","deg","94261","µV","35.879","°C","1018.000","hPa","37.0","pmil","0","55.500","deg","20.000","°C","100.000","%a.s.","22.500","deg","20.000","°C","1013.000","hPa","0.861","-0.02056","0.00035","-0.00011","0","14.7","Humid","26.25","0","52.00","347741.03","SABD0000000001","AAV1.0.0.11","2.0.0.28","PSt7-10","000000-000","10/20/2017 9:36:39 AM","0000-00","0","no battery","V"
"10/20/2017","11:32:26","5","default","957498349","OXY5","22.802","min","158.668","μmol/L","Humid","20.960","deg","94252","µV","35.868","°C","1018.000","hPa","37.0","pmil","0","55.500","deg","20.000","°C","100.000","%a.s.","22.500","deg","20.000","°C","1013.000","hPa","0.861","-0.02056","0.00035","-0.00011","0","14.7","Humid","26.25","0","52.00","347735.95","SABD0000000001","AAV1.0.0.11","2.0.0.28","PSt7-10","000000-000","10/20/2017 9:36:39 AM","0000-00","0","no battery","V"
"10/20/2017","11:32:27","5","default","957498349","OXY5","22.818","min","158.740","μmol/L","Humid","20.958","deg","94250","µV","35.861","°C","1018.000","hPa","37.0","pmil","0","55.500","deg","20.000","°C","100.000","%a.s.","22.500","deg","20.000","°C","1013.000","hPa","0.861","-0.02056","0.00035","-0.00011","0","14.7","Humid","26.25","0","52.00","347740.89","SABD0000000001","AAV1.0.0.11","2.0.0.28","PSt7-10","000000-000","10/20/2017 9:36:39 AM","0000-00","0","no battery","V"
"10/20/2017","11:32:28","5","default","957498349","OXY5","22.835","min","158.691","μmol/L","Humid","20.961","deg","94254","µV","35.862","°C","1018.000","hPa","37.0","pmil","0","55.500","deg","20.000","°C","100.000","%a.s.","22.500","deg","20.000","°C","1013.000","hPa","0.861","-0.02056","0.00035","-0.00011","0","14.7","Humid","26.25","0","52.00","347732.68","SABD0000000001","AAV1.0.0.11","2.0.0.28","PSt7-10","000000-000","10/20/2017 9:36:39 AM","0000-00","0","no battery","V"
"10/20/2017","11:32:29","5","default","957498349","OXY5","22.852","min","158.722","μmol/L","Humid","20.958","deg","94251","µV","35.864","°C","1018.000","hPa","37.0","pmil","0","55.500","deg","20.000","°C","100.000","%a.s.","22.500","deg","20.000","°C","1013.000","hPa","0.861","-0.02056","0.00035","-0.00011","0","14.7","Humid","26.25","0","52.00","347755.03","SABD0000000001","AAV1.0.0.11","2.0.0.28","PSt7-10","000000-000","10/20/2017 9:36:39 AM","0000-00","0","no battery","V"
"10/20/2017","11:32:30","5","default","957498349","OXY5","22.868","min","158.719","μmol/L","Humid","20.961","deg","94257","µV","35.857","°C","1018.000","hPa","37.0","pmil","0","55.500","deg","20.000","°C","100.000","%a.s.","22.500","deg","20.000","°C","1013.000","hPa","0.861","-0.02056","0.00035","-0.00011","0","14.7","Humid","26.25","0","52.00","347734.12","SABD0000000001","AAV1.0.0.11","2.0.0.28","PSt7-10","000000-000","10/20/2017 9:36:39 AM","0000-00","0","no battery","V"
"10/20/2017","11:32:31","5","default","957498349","OXY5","22.885","min","158.652","μmol/L","Humid","20.965","deg","94244","µV","35.858","°C","1018.000","hPa","37.0","pmil","0","55.500","deg","20.000","°C","100.000","%a.s.","22.500","deg","20.000","°C","1013.000","hPa","0.861","-0.02056","0.00035","-0.00011","0","14.7","Humid","26.25","0","52.00","347728.58","SABD0000000001","AAV1.0.0.11","2.0.0.28","PSt7-10","000000-000","10/20/2017 9:36:39 AM","0000-00","0","no battery","V"
"10/20/2017","11:32:32","5","default","957498349","OXY5","22.902","min","158.649","μmol/L","Humid","20.957","deg","94249","µV","35.878","°C","1018.000","hPa","37.0","pmil","0","55.500","deg","20.000","°C","100.000","%a.s.","22.500","deg","20.000","°C","1013.000","hPa","0.861","-0.02056","0.00035","-0.00011","0","14.7","Humid","26.25","0","52.00","347741.49","SABD0000000001","AAV1.0.0.11","2.0.0.28","PSt7-10","000000-000","10/20/2017 9:36:39 AM","0000-00","0","no battery","V"
"10/20/2017","11:32:33","5","default","957498349","OXY5","22.918","min","158.738","μmol/L","Humid","20.960","deg","94241","µV","35.856","°C","1018.000","hPa","37.0","pmil","0","55.500","deg","20.000","°C","100.000","%a.s.","22.500","deg","20.000","°C","1013.000","hPa","0.861","-0.02056","0.00035","-0.00011","0","14.7","Humid","26.25","0","52.00","347733.78","SABD0000000001","AAV1.0.0.11","2.0.0.28","PSt7-10","000000-000","10/20/2017 9:36:39 AM","0000-00","0","no battery","V"
"10/20/2017","11:32:34","5","default","957498349","OXY5","22.935","min","158.671","μmol/L","Humid","20.960","deg","94244","µV","35.867","°C","1018.000","hPa","37.0","pmil","0","55.500","deg","20.000","°C","100.000","%a.s.","22.500","deg","20.000","°C","1013.000","hPa","0.861","-0.02056","0.00035","-0.00011","0","14.7","Humid","26.25","0","52.00","347733.27","SABD0000000001","AAV1.0.0.11","2.0.0.28","PSt7-10","000000-000","10/20/2017 9:36:39 AM","0000-00","0","no battery","V"
"10/20/2017","11:32:35","5","default","957498349","OXY5","22.952","min","158.585","μmol/L","Humid","20.963","deg","94241","µV","35.874","°C","1018.000","hPa","37.0","pmil","0","55.500","deg","20.000","°C","100.000","%a.s.","22.500","deg","20.000","°C","1013.000","hPa","0.861","-0.02056","0.00035","-0.00011","0","14.7","Humid","26.25","0","52.00","347748.49","SABD0000000001","AAV1.0.0.11","2.0.0.28","PSt7-10","000000-000","10/20/2017 9:36:39 AM","0000-00","0","no battery","V"
"10/20/2017","11:32:36","5","default","957498349","OXY5","22.968","min","158.598","μmol/L","Humid","20.962","deg","94237","µV","35.875","°C","1018.000","hPa","37.0","pmil","0","55.500","deg","20.000","°C","100.000","%a.s.","22.500","deg","20.000","°C","1013.000","hPa","0.861","-0.02056","0.00035","-0.00011","0","14.7","Humid","26.25","0","52.00","347749.56","SABD0000000001","AAV1.0.0.11","2.0.0.28","PSt7-10","000000-000","10/20/2017 9:36:39 AM","0000-00","0","no battery","V"
"10/20/2017","11:32:37","5","default","957498349","OXY5","22.985","min","158.643","μmol/L","Humid","20.960","deg","94233","µV","35.872","°C","1018.000","hPa","37.0","pmil","0","55.500","deg","20.000","°C","100.000","%a.s.","22.500","deg","20.000","°C","1013.000","hPa","0.861","-0.02056","0.00035","-0.00011","0","14.7","Humid","26.25","0","52.00","347721.89","SABD0000000001","AAV1.0.0.11","2.0.0.28","PSt7-10","000000-000","10/20/2017 9:36:39 AM","0000-00","0","no battery","V"
"10/20/2017","11:32:38","5","default","957498349","OXY5","23.002","min","158.565","μmol/L","Humid","20.962","deg","94231","µV","35.880","°C","1018.000","hPa","37.0","pmil","0","55.500","deg","20.000","°C","100.000","%a.s.","22.500","deg","20.000","°C","1013.000","hPa","0.861","-0.02056","0.00035","-0.00011","0","14.7","Humid","26.25","0","52.00","347734.93","SABD0000000001","AAV1.0.0.11","2.0.0.28","PSt7-10","000000-000","10/20/2017 9:36:39 AM","0000-00","0","no battery","V"
"10/20/2017","11:32:39","5","default","957498349","OXY5","23.018","min","158.586","μmol/L","Humid","20.958","deg","94227","µV","35.886","°C","1018.000","hPa","37.0","pmil","0","55.500","deg","20.000","°C","100.000","%a.s.","22.500","deg","20.000","°C","1013.000","hPa","0.861","-0.02056","0.00035","-0.00011","0","14.7","Humid","26.25","0","52.00","347722.39","SABD0000000001","AAV1.0.0.11","2.0.0.28","PSt7-10","000000-000","10/20/2017 9:36:39 AM","0000-00","0","no battery","V"
"10/20/2017","11:32:40","5","default","957498349","OXY5","23.034","min","158.558","μmol/L","Humid","20.960","deg","94231","µV","35.886","°C","1018.000","hPa","37.0","pmil","0","55.500","deg","20.000","°C","100.000","%a.s.","22.500","deg","20.000","°C","1013.000","hPa","0.861","-0.02056","0.00035","-0.00011","0","14.7","Humid","26.25","0","52.00","347730.99","SABD0000000001","AAV1.0.0.11","2.0.0.28","PSt7-10","000000-000","10/20/2017 9:36:39 AM","0000-00","0","no battery","V"
"10/20/2017","11:32:41","5","default","957498349","OXY5","23.051","min","158.677","μmol/L","Humid","20.960","deg","94223","µV","35.866","°C","1018.000","hPa","37.0","pmil","0","55.500","deg","20.000","°C","100.000","%a.s.","22.500","deg","20.000","°C","1013.000","hPa","0.861","-0.02056","0.00035","-0.00011","0","14.7","Humid","26.25","0","52.00","347724.17","SABD0000000001","AAV1.0.0.11","2.0.0.28","PSt7-10","000000-000","10/20/2017 9:36:39 AM","0000-00","0","no battery","V"
"10/20/2017","11:32:42","5","default","957498349","OXY5","23.068","min","158.624","μmol/L","Humid","20.964","deg","94227","µV","35.866","°C","1018.000","hPa","37.0","pmil","0","55.500","deg","20.000","°C","100.000","%a.s.","22.500","deg","20.000","°C","1013.000","hPa","0.861","-0.02056","0.00035","-0.00011","0","14.7","Humid","26.25","0","52.00","347722.23","SABD0000000001","AAV1.0.0.11","2.0.0.28","PSt7-10","000000-000","10/20/2017 9:36:39 AM","0000-00","0","no battery","V"
"10/20/2017","11:32:43","5","default","957498349","OXY5","23.084","min","158.739","μmol/L","Humid","20.958","deg","94217","µV","35.861","°C","1018.000","hPa","37.0","pmil","0","55.500","deg","20.000","°C","100.000","%a.s.","22.500","deg","20.000","°C","1013.000","hPa","0.861","-0.02056","0.00035","-0.00011","0","14.7","Humid","26.25","0","52.00","347713.82","SABD0000000001","AAV1.0.0.11","2.0.0.28","PSt7-10","000000-000","10/20/2017 9:36:39 AM","0000-00","0","no battery","V"
"10/20/2017","11:32:44","5","default","957498349","OXY5","23.101","min","158.661","μmol/L","Humid","20.958","deg","94219","µV","35.874","°C","1018.000","hPa","37.0","pmil","0","55.500","deg","20.000","°C","100.000","%a.s.","22.500","deg","20.000","°C","1013.000","hPa","0.861","-0.02056","0.00035","-0.00011","0","14.7","Humid","26.25","0","52.00","347724.32","SABD0000000001","AAV1.0.0.11","2.0.0.28","PSt7-10","000000-000","10/20/2017 9:36:39 AM","0000-00","0","no battery","V"
"10/20/2017","11:32:45","5","default","957498349","OXY5","23.118","min","158.617","μmol/L","Humid","20.961","deg","94212","µV","35.874","°C","1018.000","hPa","37.0","pmil","0","55.500","deg","20.000","°C","100.000","%a.s.","22.500","deg","20.000","°C","1013.000","hPa","0.861","-0.02056","0.00035","-0.00011","0","14.7","Humid","26.25","0","52.00","347728.56","SABD0000000001","AAV1.0.0.11","2.0.0.28","PSt7-10","000000-000","10/20/2017 9:36:39 AM","0000-00","0","no battery","V"
"10/20/2017","11:32:46","5","default","957498349","OXY5","23.134","min","158.690","μmol/L","Humid","20.959","deg","94214","µV","35.866","°C","1018.000","hPa","37.0","pmil","0","55.500","deg","20.000","°C","100.000","%a.s.","22.500","deg","20.000","°C","1013.000","hPa","0.861","-0.02056","0.00035","-0.00011","0","14.7","Humid","26.25","0","52.00","347723.71","SABD0000000001","AAV1.0.0.11","2.0.0.28","PSt7-10","000000-000","10/20/2017 9:36:39 AM","0000-00","0","no battery","V"
"10/20/2017","11:32:47","5","default","957498349","OXY5","23.151","min","158.718","μmol/L","Humid","20.961","deg","94214","µV","35.857","°C","1018.000","hPa","37.0","pmil","0","55.500","deg","20.000","°C","100.000","%a.s.","22.500","deg","20.000","°C","1013.000","hPa","0.861","-0.02056","0.00035","-0.00011","0","14.7","Humid","26.25","0","52.00","347705.92","SABD0000000001","AAV1.0.0.11","2.0.0.28","PSt7-10","000000-000","10/20/2017 9:36:39 AM","0000-00","0","no battery","V"
"10/20/2017","11:32:48","5","default","957498349","OXY5","23.168","min","158.656","μmol/L","Humid","20.959","deg","94212","µV","35.872","°C","1018.000","hPa","37.0","pmil","0","55.500","deg","20.000","°C","100.000","%a.s.","22.500","deg","20.000","°C","1013.000","hPa","0.861","-0.02056","0.00035","-0.00011","0","14.7","Humid","26.25","0","52.00","347708.47","SABD0000000001","AAV1.0.0.11","2.0.0.28","PSt7-10","000000-000","10/20/2017 9:36:39 AM","0000-00","0","no battery","V"
"10/20/2017","11:32:49","5","default","957498349","OXY5","23.184","min","158.540","μmol/L","Humid","20.961","deg","94207","µV","35.887","°C","1018.000","hPa","37.0","pmil","0","55.500","deg","20.000","°C","100.000","%a.s.","22.500","deg","20.000","°C","1013.000","hPa","0.861","-0.02056","0.00035","-0.00011","0","14.7","Humid","26.25","0","52.00","347706.28","SABD0000000001","AAV1.0.0.11","2.0.0.28","PSt7-10","000000-000","10/20/2017 9:36:39 AM","0000-00","0","no battery","V"
"10/20/2017","11:32:50","5","default","957498349","OXY5","23.201","min","158.729","μmol/L","Humid","20.959","deg","94205","µV","35.860","°C","1018.000","hPa","37.0","pmil","0","55.500","deg","20.000","°C","100.000","%a.s.","22.500","deg","20.000","°C","1013.000","hPa","0.861","-0.02056","0.00035","-0.00011","0","14.7","Humid","26.25","0","52.00","347702.87","SABD0000000001","AAV1.0.0.11","2.0.0.28","PSt7-10","000000-000","10/20/2017 9:36:39 AM","0000-00","0","no battery","V"
"10/20/2017","11:32:51","5","default","957498349","OXY5","23.218","min","158.697","μmol/L","Humid","20.960","deg","94202","µV","35.863","°C","1018.000","hPa","37.0","pmil","0","55.500","deg","20.000","°C","100.000","%a.s.","22.500","deg","20.000","°C","1013.000","hPa","0.861","-0.02056","0.00035","-0.00011","0","14.7","Humid","26.25","0","52.00","347700.14","SABD0000000001","AAV1.0.0.11","2.0.0.28","PSt7-10","000000-000","10/20/2017 9:36:39 AM","0000-00","0","no battery","V"
"10/20/2017","11:32:52","5","default","957498349","OXY5","23.234","min","158.626","μmol/L","Humid","20.957","deg","94203","µV","35.882","°C","1018.000","hPa","37.0","pmil","0","55.500","deg","20.000","°C","100.000","%a.s.","22.500","deg","20.000","°C","1013.000","hPa","0.861","-0.02056","0.00035","-0.00011","0","14.7","Humid","26.25","0","52.00","347704.87","SABD0000000001","AAV1.0.0.11","2.0.0.28","PSt7-10","000000-000","10/20/2017 9:36:39 AM","0000-00","0","no battery","V"
"10/20/2017","11:32:53","5","default","957498349","OXY5","23.251","min","158.703","μmol/L","Humid","20.960","deg","94192","µV","35.862","°C","1018.000","hPa","37.0","pmil","0","55.500","deg","20.000","°C","100.000","%a.s.","22.500","deg","20.000","°C","1013.000","hPa","0.861","-0.02056","0.00035","-0.00011","0","14.7","Humid","26.25","0","52.00","347705.02","SABD0000000001","AAV1.0.0.11","2.0.0.28","PSt7-10","000000-000","10/20/2017 9:36:39 AM","0000-00","0","no battery","V"
"10/20/2017","11:32:54","5","default","957498349","OXY5","23.268","min","158.668","μmol/L","Humid","20.959","deg","94197","µV","35.870","°C","1018.000","hPa","37.0","pmil","0","55.500","deg","20.000","°C","100.000","%a.s.","22.500","deg","20.000","°C","1013.000","hPa","0.861","-0.02056","0.00035","-0.00011","0","14.7","Humid","26.25","0","52.00","347703.43","SABD0000000001","AAV1.0.0.11","2.0.0.28","PSt7-10","000000-000","10/20/2017 9:36:39 AM","0000-00","0","no battery","V"
"10/20/2017","11:32:55","5","default","957498349","OXY5","23.284","min","158.725","μmol/L","Humid","20.960","deg","94201","µV","35.858","°C","1018.000","hPa","37.0","pmil","0","55.500","deg","20.000","°C","100.000","%a.s.","22.500","deg","20.000","°C","1013.000","hPa","0.861","-0.02056","0.00035","-0.00011","0","14.7","Humid","26.25","0","52.00","347697.22","SABD0000000001","AAV1.0.0.11","2.0.0.28","PSt7-10","000000-000","10/20/2017 9:36:39 AM","0000-00","0","no battery","V"
"10/20/2017","11:32:56","5","default","957498349","OXY5","23.301","min","158.572","μmol/L","Humid","20.960","deg","94189","µV","35.884","°C","1018.000","hPa","37.0","pmil","0","55.500","deg","20.000","°C","100.000","%a.s.","22.500","deg","20.000","°C","1013.000","hPa","0.861","-0.02056","0.00035","-0.00011","0","14.7","Humid","26.25","0","52.00","347714.95","SABD0000000001","AAV1.0.0.11","2.0.0.28","PSt7-10","000000-000","10/20/2017 9:36:39 AM","0000-00","0","no battery","V"
"10/20/2017","11:32:57","5","default","957498349","OXY5","23.318","min","158.660","μmol/L","Humid","20.956","deg","94193","µV","35.879","°C","1018.000","hPa","37.0","pmil","0","55.500","deg","20.000","°C","100.000","%a.s.","22.500","deg","20.000","°C","1013.000","hPa","0.861","-0.02056","0.00035","-0.00011","0","14.7","Humid","26.25","0","52.00","347699.97","SABD0000000001","AAV1.0.0.11","2.0.0.28","PSt7-10","000000-000","10/20/2017 9:36:39 AM","0000-00","0","no battery","V"
"10/20/2017","11:32:58","5","default","957498349","OXY5","23.334","min","158.573","μmol/L","Humid","20.958","deg","94184","µV","35.888","°C","1018.000","hPa","37.0","pmil","0","55.500","deg","20.000","°C","100.000","%a.s.","22.500","deg","20.000","°C","1013.000","hPa","0.861","-0.02056","0.00035","-0.00011","0","14.7","Humid","26.25","0","52.00","347698.39","SABD0000000001","AAV1.0.0.11","2.0.0.28","PSt7-10","000000-000","10/20/2017 9:36:39 AM","0000-00","0","no battery","V"
"10/20/2017","11:32:59","5","default","957498349","OXY5","23.351","min","158.689","μmol/L","Humid","20.957","deg","94184","µV","35.871","°C","1018.000","hPa","37.0","pmil","0","55.500","deg","20.000","°C","100.000","%a.s.","22.500","deg","20.000","°C","1013.000","hPa","0.861","-0.02056","0.00035","-0.00011","0","14.7","Humid","26.25","0","52.00","347711.17","SABD0000000001","AAV1.0.0.11","2.0.0.28","PSt7-10","000000-000","10/20/2017 9:36:39 AM","0000-00","0","no battery","V"
"10/20/2017","11:33:00","5","default","957498349","OXY5","23.368","min","158.598","μmol/L","Humid","20.960","deg","94179","µV","35.879","°C","1018.000","hPa","37.0","pmil","0","55.500","deg","20.000","°C","100.000","%a.s.","22.500","deg","20.000","°C","1013.000","hPa","0.861","-0.02056","0.00035","-0.00011","0","14.7","Humid","26.25","0","52.00","347689.25","SABD0000000001","AAV1.0.0.11","2.0.0.28","PSt7-10","000000-000","10/20/2017 9:36:39 AM","0000-00","0","no battery","V"
"10/20/2017","11:33:01","5","default","957498349","OXY5","23.385","min","158.597","μmol/L","Humid","20.962","deg","94178","µV","35.875","°C","1018.000","hPa","37.0","pmil","0","55.500","deg","20.000","°C","100.000","%a.s.","22.500","deg","20.000","°C","1013.000","hPa","0.861","-0.02056","0.00035","-0.00011","0","14.7","Humid","26.25","0","52.00","347701.97","SABD0000000001","AAV1.0.0.11","2.0.0.28","PSt7-10","000000-000","10/20/2017 9:36:39 AM","0000-00","0","no battery","V"
"10/20/2017","11:33:02","5","default","957498349","OXY5","23.401","min","158.649","μmol/L","Humid","20.963","deg","94173","µV","35.864","°C","1018.000","hPa","37.0","pmil","0","55.500","deg","20.000","°C","100.000","%a.s.","22.500","deg","20.000","°C","1013.000","hPa","0.861","-0.02056","0.00035","-0.00011","0","14.7","Humid","26.25","0","52.00","347691.85","SABD0000000001","AAV1.0.0.11","2.0.0.28","PSt7-10","000000-000","10/20/2017 9:36:39 AM","0000-00","0","no battery","V"
"10/20/2017","11:33:03","5","default","957498349","OXY5","23.418","min","158.562","μmol/L","Humid","20.959","deg","94172","µV","35.888","°C","1018.000","hPa","37.0","pmil","0","55.500","deg","20.000","°C","100.000","%a.s.","22.500","deg","20.000","°C","1013.000","hPa","0.861","-0.02056","0.00035","-0.00011","0","14.7","Humid","26.25","0","52.00","347689.95","SABD0000000001","AAV1.0.0.11","2.0.0.28","PSt7-10","000000-000","10/20/2017 9:36:39 AM","0000-00","0","no battery","V"
"10/20/2017","11:33:04","5","default","957498349","OXY5","23.435","min","158.784","μmol/L","Humid","20.958","deg","94172","µV","35.853","°C","1018.000","hPa","37.0","pmil","0","55.500","deg","20.000","°C","100.000","%a.s.","22.500","deg","20.000","°C","1013.000","hPa","0.861","-0.02056","0.00035","-0.00011","0","14.7","Humid","26.25","0","52.00","347682.11","SABD0000000001","AAV1.0.0.11","2.0.0.28","PSt7-10","000000-000","10/20/2017 9:36:39 AM","0000-00","0","no battery","V"
"10/20/2017","11:33:05","5","default","957498349","OXY5","23.451","min","158.704","μmol/L","Humid","20.960","deg","94168","µV","35.862","°C","1018.000","hPa","37.0","pmil","0","55.500","deg","20.000","°C","100.000","%a.s.","22.500","deg","20.000","°C","1013.000","hPa","0.861","-0.02056","0.00035","-0.00011","0","14.7","Humid","26.25","0","52.00","347693.99","SABD0000000001","AAV1.0.0.11","2.0.0.28","PSt7-10","000000-000","10/20/2017 9:36:39 AM","0000-00","0","no battery","V"
"10/20/2017","11:33:06","5","default","957498349","OXY5","23.468","min","158.677","μmol/L","Humid","20.958","deg","94162","µV","35.871","°C","1018.000","hPa","37.0","pmil","0","55.500","deg","20.000","°C","100.000","%a.s.","22.500","deg","20.000","°C","1013.000","hPa","0.861","-0.02056","0.00035","-0.00011","0","14.7","Humid","26.25","0","52.00","347678.79","SABD0000000001","AAV1.0.0.11","2.0.0.28","PSt7-10","000000-000","10/20/2017 9:36:39 AM","0000-00","0","no battery","V"
"10/20/2017","11:33:07","5","default","957498349","OXY5","23.485","min","158.613","μmol/L","Humid","20.962","deg","94169","µV","35.872","°C","1018.000","hPa","37.0","pmil","0","55.500","deg","20.000","°C","100.000","%a.s.","22.500","deg","20.000","°C","1013.000","hPa","0.861","-0.02056","0.00035","-0.00011","0","14.7","Humid","26.25","0","52.00","347700.94","SABD0000000001","AAV1.0.0.11","2.0.0.28","PSt7-10","000000-000","10/20/2017 9:36:39 AM","0000-00","0","no battery","V"
"10/20/2017","11:33:08","5","default","957498349","OXY5","23.501","min","158.741","μmol/L","Humid","20.961","deg","94159","µV","35.853","°C","1018.000","hPa","37.0","pmil","0","55.500","deg","20.000","°C","100.000","%a.s.","22.500","deg","20.000","°C","1013.000","hPa","0.861","-0.02056","0.00035","-0.00011","0","14.7","Humid","26.25","0","52.00","347681.01","SABD0000000001","AAV1.0.0.11","2.0.0.28","PSt7-10","000000-000","10/20/2017 9:36:39 AM","0000-00","0","no battery","V"
"10/20/2017","11:33:09","5","default","957498349","OXY5","23.518","min","158.655","μmol/L","Humid","20.957","deg","94157","µV","35.877","°C","1018.000","hPa","37.0","pmil","0","55.500","deg","20.000","°C","100.000","%a.s.","22.500","deg","20.000","°C","1013.000","hPa","0.861","-0.02056","0.00035","-0.00011","0","14.7","Humid","26.25","0","52.00","347675.29","SABD0000000001","AAV1.0.0.11","2.0.0.28","PSt7-10","000000-000","10/20/2017 9:36:39 AM","0000-00","0","no battery","V"
"10/20/2017","11:33:10","5","default","957498349","OXY5","23.535","min","158.715","μmol/L","Humid","20.956","deg","94157","µV","35.870","°C","1018.000","hPa","37.0","pmil","0","55.500","deg","20.000","°C","100.000","%a.s.","22.500","deg","20.000","°C","1013.000","hPa","0.861","-0.02056","0.00035","-0.00011","0","14.7","Humid","26.25","0","52.00","347679.65","SABD0000000001","AAV1.0.0.11","2.0.0.28","PSt7-10","000000-000","10/20/2017 9:36:39 AM","0000-00","0","no battery","V"
"10/20/2017","11:33:11","5","default","957498349","OXY5","23.551","min","158.622","μmol/L","Humid","20.961","deg","94158","µV","35.873","°C","1018.000","hPa","37.0","pmil","0","55.500","deg","20.000","°C","100.000","%a.s.","22.500","deg","20.000","°C","1013.000","hPa","0.861","-0.02056","0.00035","-0.00011","0","14.7","Humid","26.25","0","52.00","347669.92","SABD0000000001","AAV1.0.0.11","2.0.0.28","PSt7-10","000000-000","10/20/2017 9:36:39 AM","0000-00","0","no battery","V"
"10/20/2017","11:33:12","5","default","957498349","OXY5","23.568","min","158.677","μmol/L","Humid","20.958","deg","94151","µV","35.873","°C","1019.000","hPa","37.0","pmil","0","55.500","deg","20.000","°C","100.000","%a.s.","22.500","deg","20.000","°C","1013.000","hPa","0.861","-0.02056","0.00035","-0.00011","0","14.7","Humid","26.25","0","52.00","347684.41","SABD0000000001","AAV1.0.0.11","2.0.0.28","PSt7-10","000000-000","10/20/2017 9:36:39 AM","0000-00","0","no battery","V"
"10/20/2017","11:33:13","5","default","957498349","OXY5","23.585","min","158.596","μmol/L","Humid","20.961","deg","94154","µV","35.877","°C","1018.000","hPa","37.0","pmil","0","55.500","deg","20.000","°C","100.000","%a.s.","22.500","deg","20.000","°C","1013.000","hPa","0.861","-0.02056","0.00035","-0.00011","0","14.7","Humid","26.25","0","52.00","347676.58","SABD0000000001","AAV1.0.0.11","2.0.0.28","PSt7-10","000000-000","10/20/2017 9:36:39 AM","0000-00","0","no battery","V"
"10/20/2017","11:33:14","5","default","957498349","OXY5","23.601","min","158.768","μmol/L","Humid","20.956","deg","94152","µV","35.862","°C","1019.000","hPa","37.0","pmil","0","55.500","deg","20.000","°C","100.000","%a.s.","22.500","deg","20.000","°C","1013.000","hPa","0.861","-0.02056","0.00035","-0.00011","0","14.7","Humid","26.25","0","52.00","347679.47","SABD0000000001","AAV1.0.0.11","2.0.0.28","PSt7-10","000000-000","10/20/2017 9:36:39 AM","0000-00","0","no battery","V"
"10/20/2017","11:33:15","5","default","957498349","OXY5","23.618","min","158.717","μmol/L","Humid","20.960","deg","94151","µV","35.860","°C","1018.000","hPa","37.0","pmil","0","55.500","deg","20.000","°C","100.000","%a.s.","22.500","deg","20.000","°C","1013.000","hPa","0.861","-0.02056","0.00035","-0.00011","0","14.7","Humid","26.25","0","52.00","347674.89","SABD0000000001","AAV1.0.0.11","2.0.0.28","PSt7-10","000000-000","10/20/2017 9:36:39 AM","0000-00","0","no battery","V"
"10/20/2017","11:33:16","5","default","957498349","OXY5","23.635","min","158.516","μmol/L","Humid","20.962","deg","94153","µV","35.888","°C","1018.000","hPa","37.0","pmil","0","55.500","deg","20.000","°C","100.000","%a.s.","22.500","deg","20.000","°C","1013.000","hPa","0.861","-0.02056","0.00035","-0.00011","0","14.7","Humid","26.25","0","52.00","347684.42","SABD0000000001","AAV1.0.0.11","2.0.0.28","PSt7-10","000000-000","10/20/2017 9:36:39 AM","0000-00","0","no battery","V"
"10/20/2017","11:33:17","5","default","957498349","OXY5","23.651","min","158.564","μmol/L","Humid","20.957","deg","94140","µV","35.892","°C","1018.000","hPa","37.0","pmil","0","55.500","deg","20.000","°C","100.000","%a.s.","22.500","deg","20.000","°C","1013.000","hPa","0.861","-0.02056","0.00035","-0.00011","0","14.7","Humid","26.25","0","52.00","347676.08","SABD0000000001","AAV1.0.0.11","2.0.0.28","PSt7-10","000000-000","10/20/2017 9:36:39 AM","0000-00","0","no battery","V"
"10/20/2017","11:33:18","5","default","957498349","OXY5","23.668","min","158.702","μmol/L","Humid","20.958","deg","94137","µV","35.867","°C","1018.000","hPa","37.0","pmil","0","55.500","deg","20.000","°C","100.000","%a.s.","22.500","deg","20.000","°C","1013.000","hPa","0.861","-0.02056","0.00035","-0.00011","0","14.7","Humid","26.25","0","52.00","347667.22","SABD0000000001","AAV1.0.0.11","2.0.0.28","PSt7-10","000000-000","10/20/2017 9:36:39 AM","0000-00","0","no battery","V"
"10/20/2017","11:33:19","5","default","957498349","OXY5","23.685","min","158.620","μmol/L","Humid","20.962","deg","94143","µV","35.871","°C","1018.000","hPa","37.0","pmil","0","55.500","deg","20.000","°C","100.000","%a.s.","22.500","deg","20.000","°C","1013.000","hPa","0.861","-0.02056","0.00035","-0.00011","0","14.7","Humid","26.25","0","52.00","347658.02","SABD0000000001","AAV1.0.0.11","2.0.0.28","PSt7-10","000000-000","10/20/2017 9:36:39 AM","0000-00","0","no battery","V"
"10/20/2017","11:33:20","5","default","957498349","OXY5","23.701","min","158.622","μmol/L","Humid","20.957","deg","94138","µV","35.883","°C","1018.000","hPa","37.0","pmil","0","55.500","deg","20.000","°C","100.000","%a.s.","22.500","deg","20.000","°C","1013.000","hPa","0.861","-0.02056","0.00035","-0.00011","0","14.7","Humid","26.25","0","52.00","347671.94","SABD0000000001","AAV1.0.0.11","2.0.0.28","PSt7-10","000000-000","10/20/2017 9:36:39 AM","0000-00","0","no battery","V"
"10/20/2017","11:33:21","5","default","957498349","OXY5","23.718","min","158.568","μmol/L","Humid","20.961","deg","94135","µV","35.882","°C","1018.000","hPa","37.0","pmil","0","55.500","deg","20.000","°C","100.000","%a.s.","22.500","deg","20.000","°C","1013.000","hPa","0.861","-0.02056","0.00035","-0.00011","0","14.7","Humid","26.25","0","52.00","347674.49","SABD0000000001","AAV1.0.0.11","2.0.0.28","PSt7-10","000000-000","10/20/2017 9:36:39 AM","0000-00","0","no battery","V"
"10/20/2017","11:33:22","5","default","957498349","OXY5","23.735","min","158.524","μmol/L","Humid","20.963","deg","94130","µV","35.885","°C","1018.000","hPa","37.0","pmil","0","55.500","deg","20.000","°C","100.000","%a.s.","22.500","deg","20.000","°C","1013.000","hPa","0.861","-0.02056","0.00035","-0.00011","0","14.7","Humid","26.25","0","52.00","347670.21","SABD0000000001","AAV1.0.0.11","2.0.0.28","PSt7-10","000000-000","10/20/2017 9:36:39 AM","0000-00","0","no battery","V"
"10/20/2017","11:33:23","5","default","957498349","OXY5","23.751","min","158.681","μmol/L","Humid","20.955","deg","94125","µV","35.878","°C","1018.000","hPa","37.0","pmil","0","55.500","deg","20.000","°C","100.000","%a.s.","22.500","deg","20.000","°C","1013.000","hPa","0.861","-0.02056","0.00035","-0.00011","0","14.7","Humid","26.25","0","52.00","347665.93","SABD0000000001","AAV1.0.0.11","2.0.0.28","PSt7-10","000000-000","10/20/2017 9:36:39 AM","0000-00","0","no battery","V"
"10/20/2017","11:33:24","5","default","957498349","OXY5","23.768","min","158.645","μmol/L","Humid","20.957","deg","94122","µV","35.879","°C","1018.000","hPa","37.0","pmil","0","55.500","deg","20.000","°C","100.000","%a.s.","22.500","deg","20.000","°C","1013.000","hPa","0.861","-0.02056","0.00035","-0.00011","0","14.7","Humid","26.25","0","52.00","347660.17","SABD0000000001","AAV1.0.0.11","2.0.0.28","PSt7-10","000000-000","10/20/2017 9:36:39 AM","0000-00","0","no battery","V"
"10/20/2017","11:33:25","5","default","957498349","OXY5","23.785","min","158.689","μmol/L","Humid","20.958","deg","94124","µV","35.869","°C","1018.000","hPa","37.0","pmil","0","55.500","deg","20.000","°C","100.000","%a.s.","22.500","deg","20.000","°C","1013.000","hPa","0.861","-0.02056","0.00035","-0.00011","0","14.7","Humid","26.25","0","52.00","347645.12","SABD0000000001","AAV1.0.0.11","2.0.0.28","PSt7-10","000000-000","10/20/2017 9:36:39 AM","0000-00","0","no battery","V"
"10/20/2017","11:33:26","5","default","957498349","OXY5","23.801","min","158.683","μmol/L","Humid","20.961","deg","94121","µV","35.863","°C","1018.000","hPa","37.0","pmil","0","55.500","deg","20.000","°C","100.000","%a.s.","22.500","deg","20.000","°C","1013.000","hPa","0.861","-0.02056","0.00035","-0.00011","0","14.7","Humid","26.25","0","52.00","347654.03","SABD0000000001","AAV1.0.0.11","2.0.0.28","PSt7-10","000000-000","10/20/2017 9:36:39 AM","0000-00","0","no battery","V"
"10/20/2017","11:33:27","5","default","957498349","OXY5","23.818","min","158.560","μmol/L","Humid","20.958","deg","94122","µV","35.891","°C","1018.000","hPa","37.0","pmil","0","55.500","deg","20.000","°C","100.000","%a.s.","22.500","deg","20.000","°C","1013.000","hPa","0.861","-0.02056","0.00035","-0.00011","0","14.7","Humid","26.25","0","52.00","347659.89","SABD0000000001","AAV1.0.0.11","2.0.0.28","PSt7-10","000000-000","10/20/2017 9:36:39 AM","0000-00","0","no battery","V"
"10/20/2017","11:33:28","5","default","957498349","OXY5","23.835","min","158.672","μmol/L","Humid","20.959","deg","94110","µV","35.870","°C","1018.000","hPa","37.0","pmil","0","55.500","deg","20.000","°C","100.000","%a.s.","22.500","deg","20.000","°C","1013.000","hPa","0.861","-0.02056","0.00035","-0.00011","0","14.7","Humid","26.25","0","52.00","347660.16","SABD0000000001","AAV1.0.0.11","2.0.0.28","PSt7-10","000000-000","10/20/2017 9:36:39 AM","0000-00","0","no battery","V"
"10/20/2017","11:33:29","5","default","957498349","OXY5","23.851","min","158.589","μmol/L","Humid","20.966","deg","94115","µV","35.867","°C","1018.000","hPa","37.0","pmil","0","55.500","deg","20.000","°C","100.000","%a.s.","22.500","deg","20.000","°C","1013.000","hPa","0.861","-0.02056","0.00035","-0.00011","0","14.7","Humid","26.25","0","52.00","347670.93","SABD0000000001","AAV1.0.0.11","2.0.0.28","PSt7-10","000000-000","10/20/2017 9:36:39 AM","0000-00","0","no battery","V"
"10/20/2017","11:33:30","5","default","957498349","OXY5","23.868","min","158.642","μmol/L","Humid","20.960","deg","94110","µV","35.872","°C","1018.000","hPa","37.0","pmil","0","55.500","deg","20.000","°C","100.000","%a.s.","22.500","deg","20.000","°C","1013.000","hPa","0.861","-0.02056","0.00035","-0.00011","0","14.7","Humid","26.25","0","52.00","347649.71","SABD0000000001","AAV1.0.0.11","2.0.0.28","PSt7-10","000000-000","10/20/2017 9:36:39 AM","0000-00","0","no battery","V"
"10/20/2017","11:33:31","5","default","957498349","OXY5","23.885","min","158.544","μmol/L","Humid","20.960","deg","94103","µV","35.890","°C","1019.000","hPa","37.0","pmil","0","55.500","deg","20.000","°C","100.000","%a.s.","22.500","deg","20.000","°C","1013.000","hPa","0.861","-0.02056","0.00035","-0.00011","0","14.7","Humid","26.25","0","52.00","347648.80","SABD0000000001","AAV1.0.0.11","2.0.0.28","PSt7-10","000000-000","10/20/2017 9:36:39 AM","0000-00","0","no battery","V"
"10/20/2017","11:33:32","5","default","957498349","OXY5","23.902","min","158.537","μmol/L","Humid","20.961","deg","94103","µV","35.887","°C","1018.000","hPa","37.0","pmil","0","55.500","deg","20.000","°C","100.000","%a.s.","22.500","deg","20.000","°C","1013.000","hPa","0.861","-0.02056","0.00035","-0.00011","0","14.7","Humid","26.25","0","52.00","347649.12","SABD0000000001","AAV1.0.0.11","2.0.0.28","PSt7-10","000000-000","10/20/2017 9:36:39 AM","0000-00","0","no battery","V"
"10/20/2017","11:33:33","5","default","957498349","OXY5","23.918","min","158.714","μmol/L","Humid","20.961","deg","94100","µV","35.858","°C","1018.000","hPa","37.0","pmil","0","55.500","deg","20.000","°C","100.000","%a.s.","22.500","deg","20.000","°C","1013.000","hPa","0.861","-0.02056","0.00035","-0.00011","0","14.7","Humid","26.25","0","52.00","347656.74","SABD0000000001","AAV1.0.0.11","2.0.0.28","PSt7-10","000000-000","10/20/2017 9:36:39 AM","0000-00","0","no battery","V"
"10/20/2017","11:33:34","5","default","957498349","OXY5","23.935","min","158.732","μmol/L","Humid","20.958","deg","94107","µV","35.862","°C","1018.000","hPa","37.0","pmil","0","55.500","deg","20.000","°C","100.000","%a.s.","22.500","deg","20.000","°C","1013.000","hPa","0.861","-0.02056","0.00035","-0.00011","0","14.7","Humid","26.25","0","52.00","347650.04","SABD0000000001","AAV1.0.0.11","2.0.0.28","PSt7-10","000000-000","10/20/2017 9:36:39 AM","0000-00","0","no battery","V"
"10/20/2017","11:33:35","5","default","957498349","OXY5","23.952","min","158.610","μmol/L","Humid","20.959","deg","94103","µV","35.881","°C","1019.000","hPa","37.0","pmil","0","55.500","deg","20.000","°C","100.000","%a.s.","22.500","deg","20.000","°C","1013.000","hPa","0.861","-0.02056","0.00035","-0.00011","0","14.7","Humid","26.25","0","52.00","347644.21","SABD0000000001","AAV1.0.0.11","2.0.0.28","PSt7-10","000000-000","10/20/2017 9:36:39 AM","0000-00","0","no battery","V"
"10/20/2017","11:33:36","5","default","957498349","OXY5","23.968","min","158.580","μmol/L","Humid","20.956","deg","94103","µV","35.892","°C","1018.000","hPa","37.0","pmil","0","55.500","deg","20.000","°C","100.000","%a.s.","22.500","deg","20.000","°C","1013.000","hPa","0.861","-0.02056","0.00035","-0.00011","0","14.7","Humid","26.25","0","52.00","347645.58","SABD0000000001","AAV1.0.0.11","2.0.0.28","PSt7-10","000000-000","10/20/2017 9:36:39 AM","0000-00","0","no battery","V"
"10/20/2017","11:33:37","5","default","957498349","OXY5","23.985","min","158.554","μmol/L","Humid","20.958","deg","94095","µV","35.893","°C","1019.000","hPa","37.0","pmil","0","55.500","deg","20.000","°C","100.000","%a.s.","22.500","deg","20.000","°C","1013.000","hPa","0.861","-0.02056","0.00035","-0.00011","0","14.7","Humid","26.25","0","52.00","347656.32","SABD0000000001","AAV1.0.0.11","2.0.0.28","PSt7-10","000000-000","10/20/2017 9:36:39 AM","0000-00","0","no battery","V"
"10/20/2017","11:33:38","5","default","957498349","OXY5","24.002","min","158.648","μmol/L","Humid","20.959","deg","94094","µV","35.874","°C","1018.000","hPa","37.0","pmil","0","55.500","deg","20.000","°C","100.000","%a.s.","22.500","deg","20.000","°C","1013.000","hPa","0.861","-0.02056","0.00035","-0.00011","0","14.7","Humid","26.25","0","52.00","347650.49","SABD0000000001","AAV1.0.0.11","2.0.0.28","PSt7-10","000000-000","10/20/2017 9:36:39 AM","0000-00","0","no battery","V"
"10/20/2017","11:33:39","5","default","957498349","OXY5","24.018","min","158.521","μmol/L","Humid","20.959","deg","94085","µV","35.895","°C","1018.000","hPa","37.0","pmil","0","55.500","deg","20.000","°C","100.000","%a.s.","22.500","deg","20.000","°C","1013.000","hPa","0.861","-0.02056","0.00035","-0.00011","0","14.7","Humid","26.25","0","52.00","347631.50","SABD0000000001","AAV1.0.0.11","2.0.0.28","PSt7-10","000000-000","10/20/2017 9:36:39 AM","0000-00","0","no battery","V"
"10/20/2017","11:33:40","5","default","957498349","OXY5","24.035","min","158.590","μmol/L","Humid","20.961","deg","94082","µV","35.878","°C","1018.000","hPa","37.0","pmil","0","55.500","deg","20.000","°C","100.000","%a.s.","22.500","deg","20.000","°C","1013.000","hPa","0.861","-0.02056","0.00035","-0.00011","0","14.7","Humid","26.25","0","52.00","347643.57","SABD0000000001","AAV1.0.0.11","2.0.0.28","PSt7-10","000000-000","10/20/2017 9:36:39 AM","0000-00","0","no battery","V"
"10/20/2017","11:33:41","5","default","957498349","OXY5","24.052","min","158.671","μmol/L","Humid","20.954","deg","94088","µV","35.882","°C","1018.000","hPa","37.0","pmil","0","55.500","deg","20.000","°C","100.000","%a.s.","22.500","deg","20.000","°C","1013.000","hPa","0.861","-0.02056","0.00035","-0.00011","0","14.7","Humid","26.25","0","52.00","347638.48","SABD0000000001","AAV1.0.0.11","2.0.0.28","PSt7-10","000000-000","10/20/2017 9:36:39 AM","0000-00","0","no battery","V"
"10/20/2017","11:33:42","5","default","957498349","OXY5","24.068","min","158.598","μmol/L","Humid","20.960","deg","94078","µV","35.879","°C","1018.000","hPa","37.0","pmil","0","55.500","deg","20.000","°C","100.000","%a.s.","22.500","deg","20.000","°C","1013.000","hPa","0.861","-0.02056","0.00035","-0.00011","0","14.7","Humid","26.25","0","52.00","347634.51","SABD0000000001","AAV1.0.0.11","2.0.0.28","PSt7-10","000000-000","10/20/2017 9:36:39 AM","0000-00","0","no battery","V"
"10/20/2017","11:33:43","5","default","957498349","OXY5","24.085","min","158.616","μmol/L","Humid","20.960","deg","94078","µV","35.876","°C","1018.000","hPa","37.0","pmil","0","55.500","deg","20.000","°C","100.000","%a.s.","22.500","deg","20.000","°C","1013.000","hPa","0.861","-0.02056","0.00035","-0.00011","0","14.7","Humid","26.25","0","52.00","347631.99","SABD0000000001","AAV1.0.0.11","2.0.0.28","PSt7-10","000000-000","10/20/2017 9:36:39 AM","0000-00","0","no battery","V"
"10/20/2017","11:33:44","5","default","957498349","OXY5","24.102","min","158.714","μmol/L","Humid","20.958","deg","94073","µV","35.865","°C","1018.000","hPa","37.0","pmil","0","55.500","deg","20.000","°C","100.000","%a.s.","22.500","deg","20.000","°C","1013.000","hPa","0.861","-0.02056","0.00035","-0.00011","0","14.7","Humid","26.25","0","52.00","347620.42","SABD0000000001","AAV1.0.0.11","2.0.0.28","PSt7-10","000000-000","10/20/2017 9:36:39 AM","0000-00","0","no battery","V"
"10/20/2017","11:33:45","5","default","957498349","OXY5","24.118","min","158.774","μmol/L","Humid","20.956","deg","94079","µV","35.860","°C","1018.000","hPa","37.0","pmil","0","55.500","deg","20.000","°C","100.000","%a.s.","22.500","deg","20.000","°C","1013.000","hPa","0.861","-0.02056","0.00035","-0.00011","0","14.7","Humid","26.25","0","52.00","347619.58","SABD0000000001","AAV1.0.0.11","2.0.0.28","PSt7-10","000000-000","10/20/2017 9:36:39 AM","0000-00","0","no battery","V"
"10/20/2017","11:33:46","5","default","957498349","OXY5","24.135","min","158.629","μmol/L","Humid","20.959","deg","94073","µV","35.877","°C","1018.000","hPa","37.0","pmil","0","55.500","deg","20.000","°C","100.000","%a.s.","22.500","deg","20.000","°C","1013.000","hPa","0.861","-0.02056","0.00035","-0.00011","0","14.7","Humid","26.25","0","52.00","347630.49","SABD0000000001","AAV1.0.0.11","2.0.0.28","PSt7-10","000000-000","10/20/2017 9:36:39 AM","0000-00","0","no battery","V"
"10/20/2017","11:33:47","5","default","957498349","OXY5","24.152","min","158.632","μmol/L","Humid","20.958","deg","94073","µV","35.878","°C","1018.000","hPa","37.0","pmil","0","55.500","deg","20.000","°C","100.000","%a.s.","22.500","deg","20.000","°C","1013.000","hPa","0.861","-0.02056","0.00035","-0.00011","0","14.7","Humid","26.25","0","52.00","347623.66","SABD0000000001","AAV1.0.0.11","2.0.0.28","PSt7-10","000000-000","10/20/2017 9:36:39 AM","0000-00","0","no battery","V"
"10/20/2017","11:33:48","5","default","957498349","OXY5","24.168","min","158.668","μmol/L","Humid","20.954","deg","94061","µV","35.882","°C","1018.000","hPa","37.0","pmil","0","55.500","deg","20.000","°C","100.000","%a.s.","22.500","deg","20.000","°C","1013.000","hPa","0.861","-0.02056","0.00035","-0.00011","0","14.7","Humid","26.25","0","52.00","347618.54","SABD0000000001","AAV1.0.0.11","2.0.0.28","PSt7-10","000000-000","10/20/2017 9:36:39 AM","0000-00","0","no battery","V"
"10/20/2017","11:33:49","5","default","957498349","OXY5","24.185","min","158.713","μmol/L","Humid","20.956","deg","94065","µV","35.870","°C","1018.000","hPa","37.0","pmil","0","55.500","deg","20.000","°C","100.000","%a.s.","22.500","deg","20.000","°C","1013.000","hPa","0.861","-0.02056","0.00035","-0.00011","0","14.7","Humid","26.25","0","52.00","347634.26","SABD0000000001","AAV1.0.0.11","2.0.0.28","PSt7-10","000000-000","10/20/2017 9:36:39 AM","0000-00","0","no battery","V"
"10/20/2017","11:33:50","5","default","957498349","OXY5","24.202","min","158.714","μmol/L","Humid","20.956","deg","94060","µV","35.870","°C","1018.000","hPa","37.0","pmil","0","55.500","deg","20.000","°C","100.000","%a.s.","22.500","deg","20.000","°C","1013.000","hPa","0.861","-0.02056","0.00035","-0.00011","0","14.7","Humid","26.25","0","52.00","347619.30","SABD0000000001","AAV1.0.0.11","2.0.0.28","PSt7-10","000000-000","10/20/2017 9:36:39 AM","0000-00","0","no battery","V"
"10/20/2017","11:33:51","5","default","957498349","OXY5","24.218","min","158.630","μmol/L","Humid","20.961","deg","94056","µV","35.872","°C","1018.000","hPa","37.0","pmil","0","55.500","deg","20.000","°C","100.000","%a.s.","22.500","deg","20.000","°C","1013.000","hPa","0.861","-0.02056","0.00035","-0.00011","0","14.7","Humid","26.25","0","52.00","347628.97","SABD0000000001","AAV1.0.0.11","2.0.0.28","PSt7-10","000000-000","10/20/2017 9:36:39 AM","0000-00","0","no battery","V"
"10/20/2017","11:33:52","5","default","957498349","OXY5","24.235","min","158.694","μmol/L","Humid","20.956","deg","94057","µV","35.873","°C","1018.000","hPa","37.0","pmil","0","55.500","deg","20.000","°C","100.000","%a.s.","22.500","deg","20.000","°C","1013.000","hPa","0.861","-0.02056","0.00035","-0.00011","0","14.7","Humid","26.25","0","52.00","347614.27","SABD0000000001","AAV1.0.0.11","2.0.0.28","PSt7-10","000000-000","10/20/2017 9:36:39 AM","0000-00","0","no battery","V"
"10/20/2017","11:33:53","5","default","957498349","OXY5","24.252","min","158.678","μmol/L","Humid","20.960","deg","94052","µV","35.866","°C","1018.000","hPa","37.0","pmil","0","55.500","deg","20.000","°C","100.000","%a.s.","22.500","deg","20.000","°C","1013.000","hPa","0.861","-0.02056","0.00035","-0.00011","0","14.7","Humid","26.25","0","52.00","347616.69","SABD0000000001","AAV1.0.0.11","2.0.0.28","PSt7-10","000000-000","10/20/2017 9:36:39 AM","0000-00","0","no battery","V"
"10/20/2017","11:33:54","5","default","957498349","OXY5","24.268","min","158.612","μmol/L","Humid","20.956","deg","94054","µV","35.887","°C","1018.000","hPa","37.0","pmil","0","55.500","deg","20.000","°C","100.000","%a.s.","22.500","deg","20.000","°C","1013.000","hPa","0.861","-0.02056","0.00035","-0.00011","0","14.7","Humid","26.25","0","52.00","347606.01","SABD0000000001","AAV1.0.0.11","2.0.0.28","PSt7-10","000000-000","10/20/2017 9:36:39 AM","0000-00","0","no battery","V"
"10/20/2017","11:33:55","5","default","957498349","OXY5","24.285","min","158.576","μmol/L","Humid","20.958","deg","94048","µV","35.888","°C","1018.000","hPa","37.0","pmil","0","55.500","deg","20.000","°C","100.000","%a.s.","22.500","deg","20.000","°C","1013.000","hPa","0.861","-0.02056","0.00035","-0.00011","0","14.7","Humid","26.25","0","52.00","347620.35","SABD0000000001","AAV1.0.0.11","2.0.0.28","PSt7-10","000000-000","10/20/2017 9:36:39 AM","0000-00","0","no battery","V"
"10/20/2017","11:33:56","5","default","957498349","OXY5","24.302","min","158.656","μmol/L","Humid","20.958","deg","94045","µV","35.875","°C","1018.000","hPa","37.0","pmil","0","55.500","deg","20.000","°C","100.000","%a.s.","22.500","deg","20.000","°C","1013.000","hPa","0.861","-0.02056","0.00035","-0.00011","0","14.7","Humid","26.25","0","52.00","347607.68","SABD0000000001","AAV1.0.0.11","2.0.0.28","PSt7-10","000000-000","10/20/2017 9:36:39 AM","0000-00","0","no battery","V"
"10/20/2017","11:33:57","5","default","957498349","OXY5","24.318","min","158.750","μmol/L","Humid","20.953","deg","94041","µV","35.871","°C","1018.000","hPa","37.0","pmil","0","55.500","deg","20.000","°C","100.000","%a.s.","22.500","deg","20.000","°C","1013.000","hPa","0.861","-0.02056","0.00035","-0.00011","0","14.7","Humid","26.25","0","52.00","347613.39","SABD0000000001","AAV1.0.0.11","2.0.0.28","PSt7-10","000000-000","10/20/2017 9:36:39 AM","0000-00","0","no battery","V"
"10/20/2017","11:33:58","5","default","957498349","OXY5","24.335","min","158.682","μmol/L","Humid","20.954","deg","94035","µV","35.880","°C","1018.000","hPa","37.0","pmil","0","55.500","deg","20.000","°C","100.000","%a.s.","22.500","deg","20.000","°C","1013.000","hPa","0.861","-0.02056","0.00035","-0.00011","0","14.7","Humid","26.25","0","52.00","347596.89","SABD0000000001","AAV1.0.0.11","2.0.0.28","PSt7-10","000000-000","10/20/2017 9:36:39 AM","0000-00","0","no battery","V"
"10/20/2017","11:33:59","5","default","957498349","OXY5","24.352","min","158.687","μmol/L","Humid","20.959","deg","94038","µV","35.867","°C","1018.000","hPa","37.0","pmil","0","55.500","deg","20.000","°C","100.000","%a.s.","22.500","deg","20.000","°C","1013.000","hPa","0.861","-0.02056","0.00035","-0.00011","0","14.7","Humid","26.25","0","52.00","347602.43","SABD0000000001","AAV1.0.0.11","2.0.0.28","PSt7-10","000000-000","10/20/2017 9:36:39 AM","0000-00","0","no battery","V"
"10/20/2017","11:34:00","5","default","957498349","OXY5","24.368","min","158.638","μmol/L","Humid","20.959","deg","94036","µV","35.875","°C","1018.000","hPa","37.0","pmil","0","55.500","deg","20.000","°C","100.000","%a.s.","22.500","deg","20.000","°C","1013.000","hPa","0.861","-0.02056","0.00035","-0.00011","0","14.7","Humid","26.25","0","52.00","347592.67","SABD0000000001","AAV1.0.0.11","2.0.0.28","PSt7-10","000000-000","10/20/2017 9:36:39 AM","0000-00","0","no battery","V"
"10/20/2017","11:34:01","5","default","957498349","OXY5","24.385","min","158.617","μmol/L","Humid","20.961","deg","94032","µV","35.874","°C","1018.000","hPa","37.0","pmil","0","55.500","deg","20.000","°C","100.000","%a.s.","22.500","deg","20.000","°C","1013.000","hPa","0.861","-0.02056","0.00035","-0.00011","0","14.7","Humid","26.25","0","52.00","347593.90","SABD0000000001","AAV1.0.0.11","2.0.0.28","PSt7-10","000000-000","10/20/2017 9:36:39 AM","0000-00","0","no battery","V"
"10/20/2017","11:34:02","5","default","957498349","OXY5","24.402","min","158.691","μmol/L","Humid","20.959","deg","94036","µV","35.868","°C","1019.000","hPa","37.0","pmil","0","55.500","deg","20.000","°C","100.000","%a.s.","22.500","deg","20.000","°C","1013.000","hPa","0.861","-0.02056","0.00035","-0.00011","0","14.7","Humid","26.25","0","52.00","347604.94","SABD0000000001","AAV1.0.0.11","2.0.0.28","PSt7-10","000000-000","10/20/2017 9:36:39 AM","0000-00","0","no battery","V"
"10/20/2017","11:34:03","5","default","957498349","OXY5","24.418","min","158.639","μmol/L","Humid","20.962","deg","94028","µV","35.868","°C","1018.000","hPa","37.0","pmil","0","55.500","deg","20.000","°C","100.000","%a.s.","22.500","deg","20.000","°C","1013.000","hPa","0.861","-0.02056","0.00035","-0.00011","0","14.7","Humid","26.25","0","52.00","347601.00","SABD0000000001","AAV1.0.0.11","2.0.0.28","PSt7-10","000000-000","10/20/2017 9:36:39 AM","0000-00","0","no battery","V"
"10/20/2017","11:34:04","5","default","957498349","OXY5","24.435","min","158.599","μmol/L","Humid","20.959","deg","94027","µV","35.882","°C","1018.000","hPa","37.0","pmil","0","55.500","deg","20.000","°C","100.000","%a.s.","22.500","deg","20.000","°C","1013.000","hPa","0.861","-0.02056","0.00035","-0.00011","0","14.7","Humid","26.25","0","52.00","347586.35","SABD0000000001","AAV1.0.0.11","2.0.0.28","PSt7-10","000000-000","10/20/2017 9:36:39 AM","0000-00","0","no battery","V"
"10/20/2017","11:34:05","5","default","957498349","OXY5","24.452","min","158.634","μmol/L","Humid","20.961","deg","94025","µV","35.871","°C","1018.000","hPa","37.0","pmil","0","55.500","deg","20.000","°C","100.000","%a.s.","22.500","deg","20.000","°C","1013.000","hPa","0.861","-0.02056","0.00035","-0.00011","0","14.7","Humid","26.25","0","52.00","347602.69","SABD0000000001","AAV1.0.0.11","2.0.0.28","PSt7-10","000000-000","10/20/2017 9:36:39 AM","0000-00","0","no battery","V"
"10/20/2017","11:34:06","5","default","957498349","OXY5","24.468","min","158.750","μmol/L","Humid","20.959","deg","94025","µV","35.857","°C","1018.000","hPa","37.0","pmil","0","55.500","deg","20.000","°C","100.000","%a.s.","22.500","deg","20.000","°C","1013.000","hPa","0.861","-0.02056","0.00035","-0.00011","0","14.7","Humid","26.25","0","52.00","347587.70","SABD0000000001","AAV1.0.0.11","2.0.0.28","PSt7-10","000000-000","10/20/2017 9:36:39 AM","0000-00","0","no battery","V"
"10/20/2017","11:34:07","5","default","957498349","OXY5","24.485","min","158.628","μmol/L","Humid","20.954","deg","94018","µV","35.889","°C","1018.000","hPa","37.0","pmil","0","55.500","deg","20.000","°C","100.000","%a.s.","22.500","deg","20.000","°C","1013.000","hPa","0.861","-0.02056","0.00035","-0.00011","0","14.7","Humid","26.25","0","52.00","347597.40","SABD0000000001","AAV1.0.0.11","2.0.0.28","PSt7-10","000000-000","10/20/2017 9:36:39 AM","0000-00","0","no battery","V"
"10/20/2017","11:34:08","5","default","957498349","OXY5","24.502","min","158.704","μmol/L","Humid","20.957","deg","94018","µV","35.869","°C","1018.000","hPa","37.0","pmil","0","55.500","deg","20.000","°C","100.000","%a.s.","22.500","deg","20.000","°C","1013.000","hPa","0.861","-0.02056","0.00035","-0.00011","0","14.7","Humid","26.25","0","52.00","347603.35","SABD0000000001","AAV1.0.0.11","2.0.0.28","PSt7-10","000000-000","10/20/2017 9:36:39 AM","0000-00","0","no battery","V"
"10/20/2017","11:34:09","5","default","957498349","OXY5","24.518","min","158.602","μmol/L","Humid","20.960","deg","94016","µV","35.879","°C","1018.000","hPa","37.0","pmil","0","55.500","deg","20.000","°C","100.000","%a.s.","22.500","deg","20.000","°C","1013.000","hPa","0.861","-0.02056","0.00035","-0.00011","0","14.7","Humid","26.25","0","52.00","347589.43","SABD0000000001","AAV1.0.0.11","2.0.0.28","PSt7-10","000000-000","10/20/2017 9:36:39 AM","0000-00","0","no battery","V"
"10/20/2017","11:34:10","5","default","957498349","OXY5","24.535","min","158.700","μmol/L","Humid","20.956","deg","94008","µV","35.872","°C","1018.000","hPa","37.0","pmil","0","55.500","deg","20.000","°C","100.000","%a.s.","22.500","deg","20.000","°C","1013.000","hPa","0.861","-0.02056","0.00035","-0.00011","0","14.7","Humid","26.25","0","52.00","347590.31","SABD0000000001","AAV1.0.0.11","2.0.0.28","PSt7-10","000000-000","10/20/2017 9:36:39 AM","0000-00","0","no battery","V"
"10/20/2017","11:34:11","5","default","957498349","OXY5","24.552","min","158.738","μmol/L","Humid","20.956","deg","94005","µV","35.866","°C","1018.000","hPa","37.0","pmil","0","55.500","deg","20.000","°C","100.000","%a.s.","22.500","deg","20.000","°C","1013.000","hPa","0.861","-0.02056","0.00035","-0.00011","0","14.7","Humid","26.25","0","52.00","347582.47","SABD0000000001","AAV1.0.0.11","2.0.0.28","PSt7-10","000000-000","10/20/2017 9:36:39 AM","0000-00","0","no battery","V"
"10/20/2017","11:34:12","5","default","957498349","OXY5","24.568","min","158.801","μmol/L","Humid","20.954","deg","93999","µV","35.860","°C","1018.000","hPa","37.0","pmil","0","55.500","deg","20.000","°C","100.000","%a.s.","22.500","deg","20.000","°C","1013.000","hPa","0.861","-0.02056","0.00035","-0.00011","0","14.7","Humid","26.25","0","52.00","347576.70","SABD0000000001","AAV1.0.0.11","2.0.0.28","PSt7-10","000000-000","10/20/2017 9:36:39 AM","0000-00","0","no battery","V"
"10/20/2017","11:34:13","5","default","957498349","OXY5","24.585","min","158.554","μmol/L","Humid","20.956","deg","94002","µV","35.896","°C","1018.000","hPa","37.0","pmil","0","55.500","deg","20.000","°C","100.000","%a.s.","22.500","deg","20.000","°C","1013.000","hPa","0.861","-0.02056","0.00035","-0.00011","0","14.7","Humid","26.25","0","52.00","347584.37","SABD0000000001","AAV1.0.0.11","2.0.0.28","PSt7-10","000000-000","10/20/2017 9:36:39 AM","0000-00","0","no battery","V"
"10/20/2017","11:34:14","5","default","957498349","OXY5","24.602","min","158.689","μmol/L","Humid","20.953","deg","94005","µV","35.881","°C","1018.000","hPa","37.0","pmil","0","55.500","deg","20.000","°C","100.000","%a.s.","22.500","deg","20.000","°C","1013.000","hPa","0.861","-0.02056","0.00035","-0.00011","0","14.7","Humid","26.25","0","52.00","347595.19","SABD0000000001","AAV1.0.0.11","2.0.0.28","PSt7-10","000000-000","10/20/2017 9:36:39 AM","0000-00","0","no battery","V"
"10/20/2017","11:34:15","5","default","957498349","OXY5","24.618","min","158.671","μmol/L","Humid","20.955","deg","93996","µV","35.879","°C","1018.000","hPa","37.0","pmil","0","55.500","deg","20.000","°C","100.000","%a.s.","22.500","deg","20.000","°C","1013.000","hPa","0.861","-0.02056","0.00035","-0.00011","0","14.7","Humid","26.25","0","52.00","347577.91","SABD0000000001","AAV1.0.0.11","2.0.0.28","PSt7-10","000000-000","10/20/2017 9:36:39 AM","0000-00","0","no battery","V"
"10/20/2017","11:34:16","5","default","957498349","OXY5","24.635","min","158.739","μmol/L","Humid","20.953","deg","93999","µV","35.873","°C","1018.000","hPa","37.0","pmil","0","55.500","deg","20.000","°C","100.000","%a.s.","22.500","deg","20.000","°C","1013.000","hPa","0.861","-0.02056","0.00035","-0.00011","0","14.7","Humid","26.25","0","52.00","347593.01","SABD0000000001","AAV1.0.0.11","2.0.0.28","PSt7-10","000000-000","10/20/2017 9:36:39 AM","0000-00","0","no battery","V"
"10/20/2017","11:34:17","5","default","957498349","OXY5","24.651","min","158.683","μmol/L","Humid","20.955","deg","93991","µV","35.877","°C","1018.000","hPa","37.0","pmil","0","55.500","deg","20.000","°C","100.000","%a.s.","22.500","deg","20.000","°C","1013.000","hPa","0.861","-0.02056","0.00035","-0.00011","0","14.7","Humid","26.25","0","52.00","347591.54","SABD0000000001","AAV1.0.0.11","2.0.0.28","PSt7-10","000000-000","10/20/2017 9:36:39 AM","0000-00","0","no battery","V"
"10/20/2017","11:34:18","5","default","957498349","OXY5","24.668","min","158.611","μmol/L","Humid","20.959","deg","93985","µV","35.880","°C","1018.000","hPa","37.0","pmil","0","55.500","deg","20.000","°C","100.000","%a.s.","22.500","deg","20.000","°C","1013.000","hPa","0.861","-0.02056","0.00035","-0.00011","0","14.7","Humid","26.25","0","52.00","347569.63","SABD0000000001","AAV1.0.0.11","2.0.0.28","PSt7-10","000000-000","10/20/2017 9:36:39 AM","0000-00","0","no battery","V"
"10/20/2017","11:34:19","5","default","957498349","OXY5","24.684","min","158.631","μmol/L","Humid","20.961","deg","93988","µV","35.872","°C","1018.000","hPa","37.0","pmil","0","55.500","deg","20.000","°C","100.000","%a.s.","22.500","deg","20.000","°C","1013.000","hPa","0.861","-0.02056","0.00035","-0.00011","0","14.7","Humid","26.25","0","52.00","347580.46","SABD0000000001","AAV1.0.0.11","2.0.0.28","PSt7-10","000000-000","10/20/2017 9:36:39 AM","0000-00","0","no battery","V"
"10/20/2017","11:34:20","5","default","957498349","OXY5","24.701","min","158.553","μmol/L","Humid","20.961","deg","93984","µV","35.884","°C","1018.000","hPa","37.0","pmil","0","55.500","deg","20.000","°C","100.000","%a.s.","22.500","deg","20.000","°C","1013.000","hPa","0.861","-0.02056","0.00035","-0.00011","0","14.7","Humid","26.25","0","52.00","347567.94","SABD0000000001","AAV1.0.0.11","2.0.0.28","PSt7-10","000000-000","10/20/2017 9:36:39 AM","0000-00","0","no battery","V"
"10/20/2017","11:34:21","5","default","957498349","OXY5","24.718","min","158.783","μmol/L","Humid","20.956","deg","93988","µV","35.858","°C","1018.000","hPa","37.0","pmil","0","55.500","deg","20.000","°C","100.000","%a.s.","22.500","deg","20.000","°C","1013.000","hPa","0.861","-0.02056","0.00035","-0.00011","0","14.7","Humid","26.25","0","52.00","347573.85","SABD0000000001","AAV1.0.0.11","2.0.0.28","PSt7-10","000000-000","10/20/2017 9:36:39 AM","0000-00","0","no battery","V"
"10/20/2017","11:34:22","5","default","957498349","OXY5","24.734","min","158.681","μmol/L","Humid","20.954","deg","93983","µV","35.880","°C","1018.000","hPa","37.0","pmil","0","55.500","deg","20.000","°C","100.000","%a.s.","22.500","deg","20.000","°C","1013.000","hPa","0.861","-0.02056","0.00035","-0.00011","0","14.7","Humid","26.25","0","52.00","347580.33","SABD0000000001","AAV1.0.0.11","2.0.0.28","PSt7-10","000000-000","10/20/2017 9:36:39 AM","0000-00","0","no battery","V"
"10/20/2017","11:34:23","5","default","957498349","OXY5","24.751","min","158.704","μmol/L","Humid","20.957","deg","93979","µV","35.869","°C","1018.000","hPa","37.0","pmil","0","55.500","deg","20.000","°C","100.000","%a.s.","22.500","deg","20.000","°C","1013.000","hPa","0.861","-0.02056","0.00035","-0.00011","0","14.7","Humid","26.25","0","52.00","347575.42","SABD0000000001","AAV1.0.0.11","2.0.0.28","PSt7-10","000000-000","10/20/2017 9:36:39 AM","0000-00","0","no battery","V"
"10/20/2017","11:34:24","5","default","957498349","OXY5","24.768","min","158.585","μmol/L","Humid","20.958","deg","93969","µV","35.886","°C","1018.000","hPa","37.0","pmil","0","55.500","deg","20.000","°C","100.000","%a.s.","22.500","deg","20.000","°C","1013.000","hPa","0.861","-0.02056","0.00035","-0.00011","0","14.7","Humid","26.25","0","52.00","347565.97","SABD0000000001","AAV1.0.0.11","2.0.0.28","PSt7-10","000000-000","10/20/2017 9:36:39 AM","0000-00","0","no battery","V"
"10/20/2017","11:34:25","5","default","957498349","OXY5","24.784","min","158.650","μmol/L","Humid","20.958","deg","93967","µV","35.877","°C","1019.000","hPa","37.0","pmil","0","55.500","deg","20.000","°C","100.000","%a.s.","22.500","deg","20.000","°C","1013.000","hPa","0.861","-0.02056","0.00035","-0.00011","0","14.7","Humid","26.25","0","52.00","347557.37","SABD0000000001","AAV1.0.0.11","2.0.0.28","PSt7-10","000000-000","10/20/2017 9:36:39 AM","0000-00","0","no battery","V"
"10/20/2017","11:34:26","5","default","957498349","OXY5","24.801","min","158.662","μmol/L","Humid","20.957","deg","93967","µV","35.876","°C","1018.000","hPa","37.0","pmil","0","55.500","deg","20.000","°C","100.000","%a.s.","22.500","deg","20.000","°C","1013.000","hPa","0.861","-0.02056","0.00035","-0.00011","0","14.7","Humid","26.25","0","52.00","347569.44","SABD0000000001","AAV1.0.0.11","2.0.0.28","PSt7-10","000000-000","10/20/2017 9:36:39 AM","0000-00","0","no battery","V"
"10/20/2017","11:34:27","5","default","957498349","OXY5","24.818","min","158.698","μmol/L","Humid","20.952","deg","93964","µV","35.882","°C","1018.000","hPa","37.0","pmil","0","55.500","deg","20.000","°C","100.000","%a.s.","22.500","deg","20.000","°C","1013.000","hPa","0.861","-0.02056","0.00035","-0.00011","0","14.7","Humid","26.25","0","52.00","347556.32","SABD0000000001","AAV1.0.0.11","2.0.0.28","PSt7-10","000000-000","10/20/2017 9:36:39 AM","0000-00","0","no battery","V"
"10/20/2017","11:34:28","5","default","957498349","OXY5","24.834","min","158.809","μmol/L","Humid","20.951","deg","93962","µV","35.866","°C","1018.000","hPa","37.0","pmil","0","55.500","deg","20.000","°C","100.000","%a.s.","22.500","deg","20.000","°C","1013.000","hPa","0.861","-0.02056","0.00035","-0.00011","0","14.7","Humid","26.25","0","52.00","347564.35","SABD0000000001","AAV1.0.0.11","2.0.0.28","PSt7-10","000000-000","10/20/2017 9:36:39 AM","0000-00","0","no battery","V"
"10/20/2017","11:34:29","5","default","957498349","OXY5","24.851","min","158.781","μmol/L","Humid","20.958","deg","93965","µV","35.854","°C","1018.000","hPa","37.0","pmil","0","55.500","deg","20.000","°C","100.000","%a.s.","22.500","deg","20.000","°C","1013.000","hPa","0.861","-0.02056","0.00035","-0.00011","0","14.7","Humid","26.25","0","52.00","347556.23","SABD0000000001","AAV1.0.0.11","2.0.0.28","PSt7-10","000000-000","10/20/2017 9:36:39 AM","0000-00","0","no battery","V"
"10/20/2017","11:34:30","5","default","957498349","OXY5","24.868","min","158.808","μmol/L","Humid","20.953","deg","93953","µV","35.861","°C","1018.000","hPa","37.0","pmil","0","55.500","deg","20.000","°C","100.000","%a.s.","22.500","deg","20.000","°C","1013.000","hPa","0.861","-0.02056","0.00035","-0.00011","0","14.7","Humid","26.25","0","52.00","347544.23","SABD0000000001","AAV1.0.0.11","2.0.0.28","PSt7-10","000000-000","10/20/2017 9:36:39 AM","0000-00","0","no battery","V"
"10/20/2017","11:34:31","5","default","957498349","OXY5","24.884","min","158.720","μmol/L","Humid","20.956","deg","93953","µV","35.869","°C","1018.000","hPa","37.0","pmil","0","55.500","deg","20.000","°C","100.000","%a.s.","22.500","deg","20.000","°C","1013.000","hPa","0.861","-0.02056","0.00035","-0.00011","0","14.7","Humid","26.25","0","52.00","347551.47","SABD0000000001","AAV1.0.0.11","2.0.0.28","PSt7-10","000000-000","10/20/2017 9:36:39 AM","0000-00","0","no battery","V"
"10/20/2017","11:34:32","5","default","957498349","OXY5","24.901","min","158.610","μmol/L","Humid","20.957","deg","93952","µV","35.885","°C","1018.000","hPa","37.0","pmil","0","55.500","deg","20.000","°C","100.000","%a.s.","22.500","deg","20.000","°C","1013.000","hPa","0.861","-0.02056","0.00035","-0.00011","0","14.7","Humid","26.25","0","52.00","347557.36","SABD0000000001","AAV1.0.0.11","2.0.0.28","PSt7-10","000000-000","10/20/2017 9:36:39 AM","0000-00","0","no battery","V"
"10/20/2017","11:34:33","5","default","957498349","OXY5","24.918","min","158.486","μmol/L","Humid","20.961","deg","93950","µV","35.896","°C","1018.000","hPa","37.0","pmil","0","55.500","deg","20.000","°C","100.000","%a.s.","22.500","deg","20.000","°C","1013.000","hPa","0.861","-0.02056","0.00035","-0.00011","0","14.7","Humid","26.25","0","52.00","347550.35","SABD0000000001","AAV1.0.0.11","2.0.0.28","PSt7-10","000000-000","10/20/2017 9:36:39 AM","0000-00","0","no battery","V"
"10/20/2017","11:34:34","5","default","957498349","OXY5","24.934","min","158.703","μmol/L","Humid","20.953","deg","93946","µV","35.879","°C","1018.000","hPa","37.0","pmil","0","55.500","deg","20.000","°C","100.000","%a.s.","22.500","deg","20.000","°C","1013.000","hPa","0.861","-0.02056","0.00035","-0.00011","0","14.7","Humid","26.25","0","52.00","347548.40","SABD0000000001","AAV1.0.0.11","2.0.0.28","PSt7-10","000000-000","10/20/2017 9:36:39 AM","0000-00","0","no battery","V"
"10/20/2017","11:34:35","5","default","957498349","OXY5","24.951","min","158.653","μmol/L","Humid","20.960","deg","93954","µV","35.870","°C","1018.000","hPa","37.0","pmil","0","55.500","deg","20.000","°C","100.000","%a.s.","22.500","deg","20.000","°C","1013.000","hPa","0.861","-0.02056","0.00035","-0.00011","0","14.7","Humid","26.25","0","52.00","347552.25","SABD0000000001","AAV1.0.0.11","2.0.0.28","PSt7-10","000000-000","10/20/2017 9:36:39 AM","0000-00","0","no battery","V"
"10/20/2017","11:34:36","5","default","957498349","OXY5","24.968","min","158.604","μmol/L","Humid","20.959","deg","93946","µV","35.881","°C","1018.000","hPa","37.0","pmil","0","55.500","deg","20.000","°C","100.000","%a.s.","22.500","deg","20.000","°C","1013.000","hPa","0.861","-0.02056","0.00035","-0.00011","0","14.7","Humid","26.25","0","52.00","347542.80","SABD0000000001","AAV1.0.0.11","2.0.0.28","PSt7-10","000000-000","10/20/2017 9:36:39 AM","0000-00","0","no battery","V"
"10/20/2017","11:34:37","5","default","957498349","OXY5","24.985","min","158.706","μmol/L","Humid","20.956","deg","93941","µV","35.871","°C","1018.000","hPa","37.0","pmil","0","55.500","deg","20.000","°C","100.000","%a.s.","22.500","deg","20.000","°C","1013.000","hPa","0.861","-0.02056","0.00035","-0.00011","0","14.7","Humid","26.25","0","52.00","347556.16","SABD0000000001","AAV1.0.0.11","2.0.0.28","PSt7-10","000000-000","10/20/2017 9:36:39 AM","0000-00","0","no battery","V"
"10/20/2017","11:34:38","5","default","957498349","OXY5","25.001","min","158.499","μmol/L","Humid","20.958","deg","93942","µV","35.901","°C","1018.000","hPa","37.0","pmil","0","55.500","deg","20.000","°C","100.000","%a.s.","22.500","deg","20.000","°C","1013.000","hPa","0.861","-0.02056","0.00035","-0.00011","0","14.7","Humid","26.25","0","52.00","347543.40","SABD0000000001","AAV1.0.0.11","2.0.0.28","PSt7-10","000000-000","10/20/2017 9:36:39 AM","0000-00","0","no battery","V"
"10/20/2017","11:34:39","5","default","957498349","OXY5","25.018","min","158.768","μmol/L","Humid","20.953","deg","93940","µV","35.868","°C","1018.000","hPa","37.0","pmil","0","55.500","deg","20.000","°C","100.000","%a.s.","22.500","deg","20.000","°C","1013.000","hPa","0.861","-0.02056","0.00035","-0.00011","0","14.7","Humid","26.25","0","52.00","347546.20","SABD0000000001","AAV1.0.0.11","2.0.0.28","PSt7-10","000000-000","10/20/2017 9:36:39 AM","0000-00","0","no battery","V"
"10/20/2017","11:34:40","5","default","957498349","OXY5","25.035","min","158.714","μmol/L","Humid","20.953","deg","93932","µV","35.877","°C","1018.000","hPa","37.0","pmil","0","55.500","deg","20.000","°C","100.000","%a.s.","22.500","deg","20.000","°C","1013.000","hPa","0.861","-0.02056","0.00035","-0.00011","0","14.7","Humid","26.25","0","52.00","347546.88","SABD0000000001","AAV1.0.0.11","2.0.0.28","PSt7-10","000000-000","10/20/2017 9:36:39 AM","0000-00","0","no battery","V"
"10/20/2017","11:34:41","5","default","957498349","OXY5","25.051","min","158.699","μmol/L","Humid","20.955","deg","93935","µV","35.874","°C","1018.000","hPa","37.0","pmil","0","55.500","deg","20.000","°C","100.000","%a.s.","22.500","deg","20.000","°C","1013.000","hPa","0.861","-0.02056","0.00035","-0.00011","0","14.7","Humid","26.25","0","52.00","347546.13","SABD0000000001","AAV1.0.0.11","2.0.0.28","PSt7-10","000000-000","10/20/2017 9:36:39 AM","0000-00","0","no battery","V"
"10/20/2017","11:34:42","5","default","957498349","OXY5","25.068","min","158.719","μmol/L","Humid","20.956","deg","93929","µV","35.869","°C","1018.000","hPa","37.0","pmil","0","55.500","deg","20.000","°C","100.000","%a.s.","22.500","deg","20.000","°C","1013.000","hPa","0.861","-0.02056","0.00035","-0.00011","0","14.7","Humid","26.25","0","52.00","347544.90","SABD0000000001","AAV1.0.0.11","2.0.0.28","PSt7-10","000000-000","10/20/2017 9:36:39 AM","0000-00","0","no battery","V"
"10/20/2017","11:34:43","5","default","957498349","OXY5","25.085","min","158.610","μmol/L","Humid","20.956","deg","93926","µV","35.887","°C","1018.000","hPa","37.0","pmil","0","55.500","deg","20.000","°C","100.000","%a.s.","22.500","deg","20.000","°C","1013.000","hPa","0.861","-0.02056","0.00035","-0.00011","0","14.7","Humid","26.25","0","52.00","347541.46","SABD0000000001","AAV1.0.0.11","2.0.0.28","PSt7-10","000000-000","10/20/2017 9:36:39 AM","0000-00","0","no battery","V"
"10/20/2017","11:34:44","5","default","957498349","OXY5","25.101","min","158.727","μmol/L","Humid","20.956","deg","93927","µV","35.868","°C","1018.000","hPa","37.0","pmil","0","55.500","deg","20.000","°C","100.000","%a.s.","22.500","deg","20.000","°C","1013.000","hPa","0.861","-0.02056","0.00035","-0.00011","0","14.7","Humid","26.25","0","52.00","347548.47","SABD0000000001","AAV1.0.0.11","2.0.0.28","PSt7-10","000000-000","10/20/2017 9:36:39 AM","0000-00","0","no battery","V"
"10/20/2017","11:34:45","5","default","957498349","OXY5","25.118","min","158.626","μmol/L","Humid","20.956","deg","93931","µV","35.884","°C","1018.000","hPa","37.0","pmil","0","55.500","deg","20.000","°C","100.000","%a.s.","22.500","deg","20.000","°C","1013.000","hPa","0.861","-0.02056","0.00035","-0.00011","0","14.7","Humid","26.25","0","52.00","347533.42","SABD0000000001","AAV1.0.0.11","2.0.0.28","PSt7-10","000000-000","10/20/2017 9:36:39 AM","0000-00","0","no battery","V"
"10/20/2017","11:34:46","5","default","957498349","OXY5","25.135","min","158.793","μmol/L","Humid","20.954","deg","93923","µV","35.861","°C","1018.000","hPa","37.0","pmil","0","55.500","deg","20.000","°C","100.000","%a.s.","22.500","deg","20.000","°C","1013.000","hPa","0.861","-0.02056","0.00035","-0.00011","0","14.7","Humid","26.25","0","52.00","347518.13","SABD0000000001","AAV1.0.0.11","2.0.0.28","PSt7-10","000000-000","10/20/2017 9:36:39 AM","0000-00","0","no battery","V"
"10/20/2017","11:34:47","5","default","957498349","OXY5","25.151","min","158.690","μmol/L","Humid","20.958","deg","93925","µV","35.869","°C","1018.000","hPa","37.0","pmil","0","55.500","deg","20.000","°C","100.000","%a.s.","22.500","deg","20.000","°C","1013.000","hPa","0.861","-0.02056","0.00035","-0.00011","0","14.7","Humid","26.25","0","52.00","347532.00","SABD0000000001","AAV1.0.0.11","2.0.0.28","PSt7-10","000000-000","10/20/2017 9:36:39 AM","0000-00","0","no battery","V"
"10/20/2017","11:34:48","5","default","957498349","OXY5","25.168","min","158.733","μmol/L","Humid","20.957","deg","93927","µV","35.864","°C","1018.000","hPa","37.0","pmil","0","55.500","deg","20.000","°C","100.000","%a.s.","22.500","deg","20.000","°C","1013.000","hPa","0.861","-0.02056","0.00035","-0.00011","0","14.7","Humid","26.25","0","52.00","347541.63","SABD0000000001","AAV1.0.0.11","2.0.0.28","PSt7-10","000000-000","10/20/2017 9:36:39 AM","0000-00","0","no battery","V"
"10/20/2017","11:34:49","5","default","957498349","OXY5","25.185","min","158.669","μmol/L","Humid","20.957","deg","93915","µV","35.875","°C","1018.000","hPa","37.0","pmil","0","55.500","deg","20.000","°C","100.000","%a.s.","22.500","deg","20.000","°C","1013.000","hPa","0.861","-0.02056","0.00035","-0.00011","0","14.7","Humid","26.25","0","52.00","347532.57","SABD0000000001","AAV1.0.0.11","2.0.0.28","PSt7-10","000000-000","10/20/2017 9:36:39 AM","0000-00","0","no battery","V"
"10/20/2017","11:34:50","5","default","957498349","OXY5","25.201","min","158.751","μmol/L","Humid","20.953","deg","93911","µV","35.871","°C","1018.000","hPa","37.0","pmil","0","55.500","deg","20.000","°C","100.000","%a.s.","22.500","deg","20.000","°C","1013.000","hPa","0.861","-0.02056","0.00035","-0.00011","0","14.7","Humid","26.25","0","52.00","347520.48","SABD0000000001","AAV1.0.0.11","2.0.0.28","PSt7-10","000000-000","10/20/2017 9:36:39 AM","0000-00","0","no battery","V"
"10/20/2017","11:34:51","5","default","957498349","OXY5","25.218","min","158.617","μmol/L","Humid","20.957","deg","93912","µV","35.883","°C","1018.000","hPa","37.0","pmil","0","55.500","deg","20.000","°C","100.000","%a.s.","22.500","deg","20.000","°C","1013.000","hPa","0.861","-0.02056","0.00035","-0.00011","0","14.7","Humid","26.25","0","52.00","347526.83","SABD0000000001","AAV1.0.0.11","2.0.0.28","PSt7-10","000000-000","10/20/2017 9:36:39 AM","0000-00","0","no battery","V"
"10/20/2017","11:34:52","5","default","957498349","OXY5","25.235","min","158.621","μmol/L","Humid","20.957","deg","93911","µV","35.883","°C","1018.000","hPa","37.0","pmil","0","55.500","deg","20.000","°C","100.000","%a.s.","22.500","deg","20.000","°C","1013.000","hPa","0.861","-0.02056","0.00035","-0.00011","0","14.7","Humid","26.25","0","52.00","347515.92","SABD0000000001","AAV1.0.0.11","2.0.0.28","PSt7-10","000000-000","10/20/2017 9:36:39 AM","0000-00","0","no battery","V"
"10/20/2017","11:34:53","5","default","957498349","OXY5","25.251","min","158.645","μmol/L","Humid","20.955","deg","93901","µV","35.884","°C","1018.000","hPa","37.0","pmil","0","55.500","deg","20.000","°C","100.000","%a.s.","22.500","deg","20.000","°C","1013.000","hPa","0.861","-0.02056","0.00035","-0.00011","0","14.7","Humid","26.25","0","52.00","347514.97","SABD0000000001","AAV1.0.0.11","2.0.0.28","PSt7-10","000000-000","10/20/2017 9:36:39 AM","0000-00","0","no battery","V"
"10/20/2017","11:34:54","5","default","957498349","OXY5","25.268","min","158.574","μmol/L","Humid","20.959","deg","93896","µV","35.886","°C","1018.000","hPa","37.0","pmil","0","55.500","deg","20.000","°C","100.000","%a.s.","22.500","deg","20.000","°C","1013.000","hPa","0.861","-0.02056","0.00035","-0.00011","0","14.7","Humid","26.25","0","52.00","347521.96","SABD0000000001","AAV1.0.0.11","2.0.0.28","PSt7-10","000000-000","10/20/2017 9:36:39 AM","0000-00","0","no battery","V"
"10/20/2017","11:34:55","5","default","957498349","OXY5","25.285","min","158.693","μmol/L","Humid","20.956","deg","93898","µV","35.875","°C","1019.000","hPa","37.0","pmil","0","55.500","deg","20.000","°C","100.000","%a.s.","22.500","deg","20.000","°C","1013.000","hPa","0.861","-0.02056","0.00035","-0.00011","0","14.7","Humid","26.25","0","52.00","347502.88","SABD0000000001","AAV1.0.0.11","2.0.0.28","PSt7-10","000000-000","10/20/2017 9:36:39 AM","0000-00","0","no battery","V"
"10/20/2017","11:34:56","5","default","957498349","OXY5","25.301","min","158.649","μmol/L","Humid","20.957","deg","93893","µV","35.878","°C","1018.000","hPa","37.0","pmil","0","55.500","deg","20.000","°C","100.000","%a.s.","22.500","deg","20.000","°C","1013.000","hPa","0.861","-0.02056","0.00035","-0.00011","0","14.7","Humid","26.25","0","52.00","347525.63","SABD0000000001","AAV1.0.0.11","2.0.0.28","PSt7-10","000000-000","10/20/2017 9:36:39 AM","0000-00","0","no battery","V"
"10/20/2017","11:34:57","5","default","957498349","OXY5","25.318","min","158.662","μmol/L","Humid","20.950","deg","93889","µV","35.893","°C","1018.000","hPa","37.0","pmil","0","55.500","deg","20.000","°C","100.000","%a.s.","22.500","deg","20.000","°C","1013.000","hPa","0.861","-0.02056","0.00035","-0.00011","0","14.7","Humid","26.25","0","52.00","347504.23","SABD0000000001","AAV1.0.0.11","2.0.0.28","PSt7-10","000000-000","10/20/2017 9:36:39 AM","0000-00","0","no battery","V"
"10/20/2017","11:34:58","5","default","957498349","OXY5","25.335","min","158.766","μmol/L","Humid","20.951","deg","93890","µV","35.873","°C","1018.000","hPa","37.0","pmil","0","55.500","deg","20.000","°C","100.000","%a.s.","22.500","deg","20.000","°C","1013.000","hPa","0.861","-0.02056","0.00035","-0.00011","0","14.7","Humid","26.25","0","52.00","347517.30","SABD0000000001","AAV1.0.0.11","2.0.0.28","PSt7-10","000000-000","10/20/2017 9:36:39 AM","0000-00","0","no battery","V"
"10/20/2017","11:34:59","5","default","957498349","OXY5","25.351","min","158.597","μmol/L","Humid","20.953","deg","93887","µV","35.896","°C","1018.000","hPa","37.0","pmil","0","55.500","deg","20.000","°C","100.000","%a.s.","22.500","deg","20.000","°C","1013.000","hPa","0.861","-0.02056","0.00035","-0.00011","0","14.7","Humid","26.25","0","52.00","347512.65","SABD0000000001","AAV1.0.0.11","2.0.0.28","PSt7-10","000000-000","10/20/2017 9:36:39 AM","0000-00","0","no battery","V"
"10/20/2017","11:35:00","5","default","957498349","OXY5","25.368","min","158.546","μmol/L","Humid","20.958","deg","93884","µV","35.893","°C","1018.000","hPa","37.0","pmil","0","55.500","deg","20.000","°C","100.000","%a.s.","22.500","deg","20.000","°C","1013.000","hPa","0.861","-0.02056","0.00035","-0.00011","0","14.7","Humid","26.25","0","52.00","347488.84","SABD0000000001","AAV1.0.0.11","2.0.0.28","PSt7-10","000000-000","10/20/2017 9:36:39 AM","0000-00","0","no battery","V"
"10/20/2017","11:35:01","5","default","957498349","OXY5","25.385","min","158.546","μmol/L","Humid","20.961","deg","93884","µV","35.886","°C","1018.000","hPa","37.0","pmil","0","55.500","deg","20.000","°C","100.000","%a.s.","22.500","deg","20.000","°C","1013.000","hPa","0.861","-0.02056","0.00035","-0.00011","0","14.7","Humid","26.25","0","52.00","347509.21","SABD0000000001","AAV1.0.0.11","2.0.0.28","PSt7-10","000000-000","10/20/2017 9:36:39 AM","0000-00","0","no battery","V"
"10/20/2017","11:35:02","5","default","957498349","OXY5","25.401","min","158.707","μmol/L","Humid","20.953","deg","93887","µV","35.880","°C","1019.000","hPa","37.0","pmil","0","55.500","deg","20.000","°C","100.000","%a.s.","22.500","deg","20.000","°C","1013.000","hPa","0.861","-0.02056","0.00035","-0.00011","0","14.7","Humid","26.25","0","52.00","347497.62","SABD0000000001","AAV1.0.0.11","2.0.0.28","PSt7-10","000000-000","10/20/2017 9:36:39 AM","0000-00","0","no battery","V"
"10/20/2017","11:35:03","5","default","957498349","OXY5","25.418","min","158.662","μmol/L","Humid","20.957","deg","93880","µV","35.876","°C","1018.000","hPa","37.0","pmil","0","55.500","deg","20.000","°C","100.000","%a.s.","22.500","deg","20.000","°C","1013.000","hPa","0.861","-0.02056","0.00035","-0.00011","0","14.7","Humid","26.25","0","52.00","347523.28","SABD0000000001","AAV1.0.0.11","2.0.0.28","PSt7-10","000000-000","10/20/2017 9:36:39 AM","0000-00","0","no battery","V"
"10/20/2017","11:35:04","5","default","957498349","OXY5","25.435","min","158.734","μmol/L","Humid","20.957","deg","93879","µV","35.864","°C","1018.000","hPa","37.0","pmil","0","55.500","deg","20.000","°C","100.000","%a.s.","22.500","deg","20.000","°C","1013.000","hPa","0.861","-0.02056","0.00035","-0.00011","0","14.7","Humid","26.25","0","52.00","347507.75","SABD0000000001","AAV1.0.0.11","2.0.0.28","PSt7-10","000000-000","10/20/2017 9:36:39 AM","0000-00","0","no battery","V"
"10/20/2017","11:35:05","5","default","957498349","OXY5","25.451","min","158.748","μmol/L","Humid","20.955","deg","93874","µV","35.866","°C","1018.000","hPa","37.0","pmil","0","55.500","deg","20.000","°C","100.000","%a.s.","22.500","deg","20.000","°C","1013.000","hPa","0.861","-0.02056","0.00035","-0.00011","0","14.7","Humid","26.25","0","52.00","347504.94","SABD0000000001","AAV1.0.0.11","2.0.0.28","PSt7-10","000000-000","10/20/2017 9:36:39 AM","0000-00","0","no battery","V"
"10/20/2017","11:35:06","5","default","957498349","OXY5","25.468","min","158.641","μmol/L","Humid","20.952","deg","93867","µV","35.891","°C","1018.000","hPa","37.0","pmil","0","55.500","deg","20.000","°C","100.000","%a.s.","22.500","deg","20.000","°C","1013.000","hPa","0.861","-0.02056","0.00035","-0.00011","0","14.7","Humid","26.25","0","52.00","347505.90","SABD0000000001","AAV1.0.0.11","2.0.0.28","PSt7-10","000000-000","10/20/2017 9:36:39 AM","0000-00","0","no battery","V"
"10/20/2017","11:35:07","5","default","957498349","OXY5","25.485","min","158.672","μmol/L","Humid","20.953","deg","93875","µV","35.884","°C","1018.000","hPa","37.0","pmil","0","55.500","deg","20.000","°C","100.000","%a.s.","22.500","deg","20.000","°C","1013.000","hPa","0.861","-0.02056","0.00035","-0.00011","0","14.7","Humid","26.25","0","52.00","347493.38","SABD0000000001","AAV1.0.0.11","2.0.0.28","PSt7-10","000000-000","10/20/2017 9:36:39 AM","0000-00","0","no battery","V"
"10/20/2017","11:35:08","5","default","957498349","OXY5","25.501","min","158.768","μmol/L","Humid","20.953","deg","93868","µV","35.869","°C","1019.000","hPa","37.0","pmil","0","55.500","deg","20.000","°C","100.000","%a.s.","22.500","deg","20.000","°C","1013.000","hPa","0.861","-0.02056","0.00035","-0.00011","0","14.7","Humid","26.25","0","52.00","347490.83","SABD0000000001","AAV1.0.0.11","2.0.0.28","PSt7-10","000000-000","10/20/2017 9:36:39 AM","0000-00","0","no battery","V"
"10/20/2017","11:35:09","5","default","957498349","OXY5","25.518","min","158.703","μmol/L","Humid","20.954","deg","93868","µV","35.878","°C","1019.000","hPa","37.0","pmil","0","55.500","deg","20.000","°C","100.000","%a.s.","22.500","deg","20.000","°C","1013.000","hPa","0.861","-0.02056","0.00035","-0.00011","0","14.7","Humid","26.25","0","52.00","347494.00","SABD0000000001","AAV1.0.0.11","2.0.0.28","PSt7-10","000000-000","10/20/2017 9:36:39 AM","0000-00","0","no battery","V"
"10/20/2017","11:35:10","5","default","957498349","OXY5","25.535","min","158.688","μmol/L","Humid","20.956","deg","93857","µV","35.876","°C","1019.000","hPa","37.0","pmil","0","55.500","deg","20.000","°C","100.000","%a.s.","22.500","deg","20.000","°C","1013.000","hPa","0.861","-0.02056","0.00035","-0.00011","0","14.7","Humid","26.25","0","52.00","347490.69","SABD0000000001","AAV1.0.0.11","2.0.0.28","PSt7-10","000000-000","10/20/2017 9:36:39 AM","0000-00","0","no battery","V"
"10/20/2017","11:35:11","5","default","957498349","OXY5","25.551","min","158.584","μmol/L","Humid","20.956","deg","93853","µV","35.891","°C","1018.000","hPa","37.0","pmil","0","55.500","deg","20.000","°C","100.000","%a.s.","22.500","deg","20.000","°C","1013.000","hPa","0.861","-0.02056","0.00035","-0.00011","0","14.7","Humid","26.25","0","52.00","347489.91","SABD0000000001","AAV1.0.0.11","2.0.0.28","PSt7-10","000000-000","10/20/2017 9:36:39 AM","0000-00","0","no battery","V"
"10/20/2017","11:35:12","5","default","957498349","OXY5","25.568","min","158.572","μmol/L","Humid","20.957","deg","93857","µV","35.891","°C","1018.000","hPa","37.0","pmil","0","55.500","deg","20.000","°C","100.000","%a.s.","22.500","deg","20.000","°C","1013.000","hPa","0.861","-0.02056","0.00035","-0.00011","0","14.7","Humid","26.25","0","52.00","347493.62","SABD0000000001","AAV1.0.0.11","2.0.0.28","PSt7-10","000000-000","10/20/2017 9:36:39 AM","0000-00","0","no battery","V"
"10/20/2017","11:35:13","5","default","957498349","OXY5","25.585","min","158.614","μmol/L","Humid","20.956","deg","93855","µV","35.886","°C","1018.000","hPa","37.0","pmil","0","55.500","deg","20.000","°C","100.000","%a.s.","22.500","deg","20.000","°C","1013.000","hPa","0.861","-0.02056","0.00035","-0.00011","0","14.7","Humid","26.25","0","52.00","347497.10","SABD0000000001","AAV1.0.0.11","2.0.0.28","PSt7-10","000000-000","10/20/2017 9:36:39 AM","0000-00","0","no battery","V"
"10/20/2017","11:35:14","5","default","957498349","OXY5","25.601","min","158.625","μmol/L","Humid","20.953","deg","93848","µV","35.892","°C","1018.000","hPa","37.0","pmil","0","55.500","deg","20.000","°C","100.000","%a.s.","22.500","deg","20.000","°C","1013.000","hPa","0.861","-0.02056","0.00035","-0.00011","0","14.7","Humid","26.25","0","52.00","347479.26","SABD0000000001","AAV1.0.0.11","2.0.0.28","PSt7-10","000000-000","10/20/2017 9:36:39 AM","0000-00","0","no battery","V"
"10/20/2017","11:35:15","5","default","957498349","OXY5","25.618","min","158.653","μmol/L","Humid","20.957","deg","93850","µV","35.877","°C","1018.000","hPa","37.0","pmil","0","55.500","deg","20.000","°C","100.000","%a.s.","22.500","deg","20.000","°C","1013.000","hPa","0.861","-0.02056","0.00035","-0.00011","0","14.7","Humid","26.25","0","52.00","347497.57","SABD0000000001","AAV1.0.0.11","2.0.0.28","PSt7-10","000000-000","10/20/2017 9:36:39 AM","0000-00","0","no battery","V"
"10/20/2017","11:35:16","5","default","957498349","OXY5","25.635","min","158.623","μmol/L","Humid","20.955","deg","93848","µV","35.887","°C","1018.000","hPa","37.0","pmil","0","55.500","deg","20.000","°C","100.000","%a.s.","22.500","deg","20.000","°C","1013.000","hPa","0.861","-0.02056","0.00035","-0.00011","0","14.7","Humid","26.25","0","52.00","347475.51","SABD0000000001","AAV1.0.0.11","2.0.0.28","PSt7-10","000000-000","10/20/2017 9:36:39 AM","0000-00","0","no battery","V"
"10/20/2017","11:35:17","5","default","957498349","OXY5","25.651","min","158.667","μmol/L","Humid","20.957","deg","93843","µV","35.877","°C","1019.000","hPa","37.0","pmil","0","55.500","deg","20.000","°C","100.000","%a.s.","22.500","deg","20.000","°C","1013.000","hPa","0.861","-0.02056","0.00035","-0.00011","0","14.7","Humid","26.25","0","52.00","347479.26","SABD0000000001","AAV1.0.0.11","2.0.0.28","PSt7-10","000000-000","10/20/2017 9:36:39 AM","0000-00","0","no battery","V"
"10/20/2017","11:35:18","5","default","957498349","OXY5","25.668","min","158.692","μmol/L","Humid","20.952","deg","93843","µV","35.883","°C","1018.000","hPa","37.0","pmil","0","55.500","deg","20.000","°C","100.000","%a.s.","22.500","deg","20.000","°C","1013.000","hPa","0.861","-0.02056","0.00035","-0.00011","0","14.7","Humid","26.25","0","52.00","347482.39","SABD0000000001","AAV1.0.0.11","2.0.0.28","PSt7-10","000000-000","10/20/2017 9:36:39 AM","0000-00","0","no battery","V"
"10/20/2017","11:35:19","5","default","957498349","OXY5","25.685","min","158.614","μmol/L","Humid","20.957","deg","93839","µV","35.884","°C","1018.000","hPa","37.0","pmil","0","55.500","deg","20.000","°C","100.000","%a.s.","22.500","deg","20.000","°C","1013.000","hPa","0.861","-0.02056","0.00035","-0.00011","0","14.7","Humid","26.25","0","52.00","347483.32","SABD0000000001","AAV1.0.0.11","2.0.0.28","PSt7-10","000000-000","10/20/2017 9:36:39 AM","0000-00","0","no battery","V"
"10/20/2017","11:35:20","5","default","957498349","OXY5","25.701","min","158.651","μmol/L","Humid","20.956","deg","93833","µV","35.880","°C","1018.000","hPa","37.0","pmil","0","55.500","deg","20.000","°C","100.000","%a.s.","22.500","deg","20.000","°C","1013.000","hPa","0.861","-0.02056","0.00035","-0.00011","0","14.7","Humid","26.25","0","52.00","347474.34","SABD0000000001","AAV1.0.0.11","2.0.0.28","PSt7-10","000000-000","10/20/2017 9:36:39 AM","0000-00","0","no battery","V"
"10/20/2017","11:35:21","5","default","957498349","OXY5","25.718","min","158.669","μmol/L","Humid","20.952","deg","93829","µV","35.887","°C","1018.000","hPa","37.0","pmil","0","55.500","deg","20.000","°C","100.000","%a.s.","22.500","deg","20.000","°C","1013.000","hPa","0.861","-0.02056","0.00035","-0.00011","0","14.7","Humid","26.25","0","52.00","347478.29","SABD0000000001","AAV1.0.0.11","2.0.0.28","PSt7-10","000000-000","10/20/2017 9:36:39 AM","0000-00","0","no battery","V"
"10/20/2017","11:35:22","5","default","957498349","OXY5","25.735","min","158.712","μmol/L","Humid","20.952","deg","93838","µV","35.879","°C","1018.000","hPa","37.0","pmil","0","55.500","deg","20.000","°C","100.000","%a.s.","22.500","deg","20.000","°C","1013.000","hPa","0.861","-0.02056","0.00035","-0.00011","0","14.7","Humid","26.25","0","52.00","347477.40","SABD0000000001","AAV1.0.0.11","2.0.0.28","PSt7-10","000000-000","10/20/2017 9:36:39 AM","0000-00","0","no battery","V"
"10/20/2017","11:35:23","5","default","957498349","OXY5","25.752","min","158.696","μmol/L","Humid","20.955","deg","93828","µV","35.877","°C","1019.000","hPa","37.0","pmil","0","55.500","deg","20.000","°C","100.000","%a.s.","22.500","deg","20.000","°C","1013.000","hPa","0.861","-0.02056","0.00035","-0.00011","0","14.7","Humid","26.25","0","52.00","347478.55","SABD0000000001","AAV1.0.0.11","2.0.0.28","PSt7-10","000000-000","10/20/2017 9:36:39 AM","0000-00","0","no battery","V"
"10/20/2017","11:35:24","5","default","957498349","OXY5","25.768","min","158.627","μmol/L","Humid","20.956","deg","93830","µV","35.886","°C","1019.000","hPa","37.0","pmil","0","55.500","deg","20.000","°C","100.000","%a.s.","22.500","deg","20.000","°C","1013.000","hPa","0.861","-0.02056","0.00035","-0.00011","0","14.7","Humid","26.25","0","52.00","347494.83","SABD0000000001","AAV1.0.0.11","2.0.0.28","PSt7-10","000000-000","10/20/2017 9:36:39 AM","0000-00","0","no battery","V"
"10/20/2017","11:35:25","5","default","957498349","OXY5","25.785","min","158.718","μmol/L","Humid","20.953","deg","93826","µV","35.876","°C","1018.000","hPa","37.0","pmil","0","55.500","deg","20.000","°C","100.000","%a.s.","22.500","deg","20.000","°C","1013.000","hPa","0.861","-0.02056","0.00035","-0.00011","0","14.7","Humid","26.25","0","52.00","347470.10","SABD0000000001","AAV1.0.0.11","2.0.0.28","PSt7-10","000000-000","10/20/2017 9:36:39 AM","0000-00","0","no battery","V"
"10/20/2017","11:35:26","5","default","957498349","OXY5","25.802","min","158.680","μmol/L","Humid","20.953","deg","93823","µV","35.882","°C","1018.000","hPa","37.0","pmil","0","55.500","deg","20.000","°C","100.000","%a.s.","22.500","deg","20.000","°C","1013.000","hPa","0.861","-0.02056","0.00035","-0.00011","0","14.7","Humid","26.25","0","52.00","347475.83","SABD0000000001","AAV1.0.0.11","2.0.0.28","PSt7-10","000000-000","10/20/2017 9:36:39 AM","0000-00","0","no battery","V"
"10/20/2017","11:35:27","5","default","957498349","OXY5","25.818","min","158.664","μmol/L","Humid","20.954","deg","93819","µV","35.883","°C","1018.000","hPa","37.0","pmil","0","55.500","deg","20.000","°C","100.000","%a.s.","22.500","deg","20.000","°C","1013.000","hPa","0.861","-0.02056","0.00035","-0.00011","0","14.7","Humid","26.25","0","52.00","347468.97","SABD0000000001","AAV1.0.0.11","2.0.0.28","PSt7-10","000000-000","10/20/2017 9:36:39 AM","0000-00","0","no battery","V"
"10/20/2017","11:35:28","5","default","957498349","OXY5","25.835","min","158.721","μmol/L","Humid","20.953","deg","93811","µV","35.876","°C","1018.000","hPa","37.0","pmil","0","55.500","deg","20.000","°C","100.000","%a.s.","22.500","deg","20.000","°C","1013.000","hPa","0.861","-0.02056","0.00035","-0.00011","0","14.7","Humid","26.25","0","52.00","347476.80","SABD0000000001","AAV1.0.0.11","2.0.0.28","PSt7-10","000000-000","10/20/2017 9:36:39 AM","0000-00","0","no battery","V"
"10/20/2017","11:35:29","5","default","957498349","OXY5","25.852","min","158.676","μmol/L","Humid","20.952","deg","93813","µV","35.887","°C","1019.000","hPa","37.0","pmil","0","55.500","deg","20.000","°C","100.000","%a.s.","22.500","deg","20.000","°C","1013.000","hPa","0.861","-0.02056","0.00035","-0.00011","0","14.7","Humid","26.25","0","52.00","347474.25","SABD0000000001","AAV1.0.0.11","2.0.0.28","PSt7-10","000000-000","10/20/2017 9:36:39 AM","0000-00","0","no battery","V"
"10/20/2017","11:35:30","5","default","957498349","OXY5","25.868","min","158.733","μmol/L","Humid","20.951","deg","93814","µV","35.880","°C","1019.000","hPa","37.0","pmil","0","55.500","deg","20.000","°C","100.000","%a.s.","22.500","deg","20.000","°C","1013.000","hPa","0.861","-0.02056","0.00035","-0.00011","0","14.7","Humid","26.25","0","52.00","347473.33","SABD0000000001","AAV1.0.0.11","2.0.0.28","PSt7-10","000000-000","10/20/2017 9:36:39 AM","0000-00","0","no battery","V"
"10/20/2017","11:35:31","5","default","957498349","OXY5","25.885","min","158.634","μmol/L","Humid","20.954","deg","93807","µV","35.888","°C","1018.000","hPa","37.0","pmil","0","55.500","deg","20.000","°C","100.000","%a.s.","22.500","deg","20.000","°C","1013.000","hPa","0.861","-0.02056","0.00035","-0.00011","0","14.7","Humid","26.25","0","52.00","347461.61","SABD0000000001","AAV1.0.0.11","2.0.0.28","PSt7-10","000000-000","10/20/2017 9:36:39 AM","0000-00","0","no battery","V"
"10/20/2017","11:35:32","5","default","957498349","OXY5","25.902","min","158.645","μmol/L","Humid","20.955","deg","93813","µV","35.884","°C","1018.000","hPa","37.0","pmil","0","55.500","deg","20.000","°C","100.000","%a.s.","22.500","deg","20.000","°C","1013.000","hPa","0.861","-0.02056","0.00035","-0.00011","0","14.7","Humid","26.25","0","52.00","347470.62","SABD0000000001","AAV1.0.0.11","2.0.0.28","PSt7-10","000000-000","10/20/2017 9:36:39 AM","0000-00","0","no battery","V"
"10/20/2017","11:35:33","5","default","957498349","OXY5","25.918","min","158.633","μmol/L","Humid","20.954","deg","93808","µV","35.888","°C","1018.000","hPa","37.0","pmil","0","55.500","deg","20.000","°C","100.000","%a.s.","22.500","deg","20.000","°C","1013.000","hPa","0.861","-0.02056","0.00035","-0.00011","0","14.7","Humid","26.25","0","52.00","347474.32","SABD0000000001","AAV1.0.0.11","2.0.0.28","PSt7-10","000000-000","10/20/2017 9:36:39 AM","0000-00","0","no battery","V"
"10/20/2017","11:35:34","5","default","957498349","OXY5","25.935","min","158.646","μmol/L","Humid","20.957","deg","93803","µV","35.880","°C","1019.000","hPa","37.0","pmil","0","55.500","deg","20.000","°C","100.000","%a.s.","22.500","deg","20.000","°C","1013.000","hPa","0.861","-0.02056","0.00035","-0.00011","0","14.7","Humid","26.25","0","52.00","347470.26","SABD0000000001","AAV1.0.0.11","2.0.0.28","PSt7-10","000000-000","10/20/2017 9:36:39 AM","0000-00","0","no battery","V"
"10/20/2017","11:35:35","5","default","957498349","OXY5","25.952","min","158.634","μmol/L","Humid","20.952","deg","93799","µV","35.892","°C","1018.000","hPa","37.0","pmil","0","55.500","deg","20.000","°C","100.000","%a.s.","22.500","deg","20.000","°C","1013.000","hPa","0.861","-0.02056","0.00035","-0.00011","0","14.7","Humid","26.25","0","52.00","347459.96","SABD0000000001","AAV1.0.0.11","2.0.0.28","PSt7-10","000000-000","10/20/2017 9:36:39 AM","0000-00","0","no battery","V"
"10/20/2017","11:35:36","5","default","957498349","OXY5","25.968","min","158.604","μmol/L","Humid","20.955","deg","93803","µV","35.890","°C","1018.000","hPa","37.0","pmil","0","55.500","deg","20.000","°C","100.000","%a.s.","22.500","deg","20.000","°C","1013.000","hPa","0.861","-0.02056","0.00035","-0.00011","0","14.7","Humid","26.25","0","52.00","347464.88","SABD0000000001","AAV1.0.0.11","2.0.0.28","PSt7-10","000000-000","10/20/2017 9:36:39 AM","0000-00","0","no battery","V"
"10/20/2017","11:35:37","5","default","957498349","OXY5","25.985","min","158.670","μmol/L","Humid","20.957","deg","93806","µV","35.876","°C","1019.000","hPa","37.0","pmil","0","55.500","deg","20.000","°C","100.000","%a.s.","22.500","deg","20.000","°C","1013.000","hPa","0.861","-0.02056","0.00035","-0.00011","0","14.7","Humid","26.25","0","52.00","347450.85","SABD0000000001","AAV1.0.0.11","2.0.0.28","PSt7-10","000000-000","10/20/2017 9:36:39 AM","0000-00","0","no battery","V"
"10/20/2017","11:35:38","5","default","957498349","OXY5","26.002","min","158.751","μmol/L","Humid","20.953","deg","93796","µV","35.872","°C","1019.000","hPa","37.0","pmil","0","55.500","deg","20.000","°C","100.000","%a.s.","22.500","deg","20.000","°C","1013.000","hPa","0.861","-0.02056","0.00035","-0.00011","0","14.7","Humid","26.25","0","52.00","347468.11","SABD0000000001","AAV1.0.0.11","2.0.0.28","PSt7-10","000000-000","10/20/2017 9:36:39 AM","0000-00","0","no battery","V"
"10/20/2017","11:35:39","5","default","957498349","OXY5","26.018","min","158.685","μmol/L","Humid","20.955","deg","93789","µV","35.877","°C","1018.000","hPa","37.0","pmil","0","55.500","deg","20.000","°C","100.000","%a.s.","22.500","deg","20.000","°C","1013.000","hPa","0.861","-0.02056","0.00035","-0.00011","0","14.7","Humid","26.25","0","52.00","347451.31","SABD0000000001","AAV1.0.0.11","2.0.0.28","PSt7-10","000000-000","10/20/2017 9:36:39 AM","0000-00","0","no battery","V"
"10/20/2017","11:35:40","5","default","957498349","OXY5","26.035","min","158.656","μmol/L","Humid","20.953","deg","93782","µV","35.886","°C","1018.000","hPa","37.0","pmil","0","55.500","deg","20.000","°C","100.000","%a.s.","22.500","deg","20.000","°C","1013.000","hPa","0.861","-0.02056","0.00035","-0.00011","0","14.7","Humid","26.25","0","52.00","347452.65","SABD0000000001","AAV1.0.0.11","2.0.0.28","PSt7-10","000000-000","10/20/2017 9:36:39 AM","0000-00","0","no battery","V"
"10/20/2017","11:35:41","5","default","957498349","OXY5","26.052","min","158.710","μmol/L","Humid","20.951","deg","93782","µV","35.882","°C","1018.000","hPa","37.0","pmil","0","55.500","deg","20.000","°C","100.000","%a.s.","22.500","deg","20.000","°C","1013.000","hPa","0.861","-0.02056","0.00035","-0.00011","0","14.7","Humid","26.25","0","52.00","347459.72","SABD0000000001","AAV1.0.0.11","2.0.0.28","PSt7-10","000000-000","10/20/2017 9:36:39 AM","0000-00","0","no battery","V"
"10/20/2017","11:35:42","5","default","957498349","OXY5","26.068","min","158.650","μmol/L","Humid","20.954","deg","93789","µV","35.885","°C","1018.000","hPa","37.0","pmil","0","55.500","deg","20.000","°C","100.000","%a.s.","22.500","deg","20.000","°C","1013.000","hPa","0.861","-0.02056","0.00035","-0.00011","0","14.7","Humid","26.25","0","52.00","347451.99","SABD0000000001","AAV1.0.0.11","2.0.0.28","PSt7-10","000000-000","10/20/2017 9:36:39 AM","0000-00","0","no battery","V"
"10/20/2017","11:35:43","5","default","957498349","OXY5","26.084","min","158.643","μmol/L","Humid","20.953","deg","93777","µV","35.889","°C","1018.000","hPa","37.0","pmil","0","55.500","deg","20.000","°C","100.000","%a.s.","22.500","deg","20.000","°C","1013.000","hPa","0.861","-0.02056","0.00035","-0.00011","0","14.7","Humid","26.25","0","52.00","347460.83","SABD0000000001","AAV1.0.0.11","2.0.0.28","PSt7-10","000000-000","10/20/2017 9:36:39 AM","0000-00","0","no battery","V"
"10/20/2017","11:35:44","5","default","957498349","OXY5","26.101","min","158.688","μmol/L","Humid","20.949","deg","93779","µV","35.892","°C","1019.000","hPa","37.0","pmil","0","55.500","deg","20.000","°C","100.000","%a.s.","22.500","deg","20.000","°C","1013.000","hPa","0.861","-0.02056","0.00035","-0.00011","0","14.7","Humid","26.25","0","52.00","347447.22","SABD0000000001","AAV1.0.0.11","2.0.0.28","PSt7-10","000000-000","10/20/2017 9:36:39 AM","0000-00","0","no battery","V"
"10/20/2017","11:35:45","5","default","957498349","OXY5","26.118","min","158.633","μmol/L","Humid","20.955","deg","93776","µV","35.885","°C","1018.000","hPa","37.0","pmil","0","55.500","deg","20.000","°C","100.000","%a.s.","22.500","deg","20.000","°C","1013.000","hPa","0.861","-0.02056","0.00035","-0.00011","0","14.7","Humid","26.25","0","52.00","347461.55","SABD0000000001","AAV1.0.0.11","2.0.0.28","PSt7-10","000000-000","10/20/2017 9:36:39 AM","0000-00","0","no battery","V"
"10/20/2017","11:35:46","5","default","957498349","OXY5","26.134","min","158.792","μmol/L","Humid","20.949","deg","93775","µV","35.873","°C","1018.000","hPa","37.0","pmil","0","55.500","deg","20.000","°C","100.000","%a.s.","22.500","deg","20.000","°C","1013.000","hPa","0.861","-0.02056","0.00035","-0.00011","0","14.7","Humid","26.25","0","52.00","347460.38","SABD0000000001","AAV1.0.0.11","2.0.0.28","PSt7-10","000000-000","10/20/2017 9:36:39 AM","0000-00","0","no battery","V"
"10/20/2017","11:35:47","5","default","957498349","OXY5","26.151","min","158.711","μmol/L","Humid","20.954","deg","93775","µV","35.876","°C","1019.000","hPa","37.0","pmil","0","55.500","deg","20.000","°C","100.000","%a.s.","22.500","deg","20.000","°C","1013.000","hPa","0.861","-0.02056","0.00035","-0.00011","0","14.7","Humid","26.25","0","52.00","347446.16","SABD0000000001","AAV1.0.0.11","2.0.0.28","PSt7-10","000000-000","10/20/2017 9:36:39 AM","0000-00","0","no battery","V"
"10/20/2017","11:35:48","5","default","957498349","OXY5","26.168","min","158.693","μmol/L","Humid","20.951","deg","93769","µV","35.885","°C","1018.000","hPa","37.0","pmil","0","55.500","deg","20.000","°C","100.000","%a.s.","22.500","deg","20.000","°C","1013.000","hPa","0.861","-0.02056","0.00035","-0.00011","0","14.7","Humid","26.25","0","52.00","347457.23","SABD0000000001","AAV1.0.0.11","2.0.0.28","PSt7-10","000000-000","10/20/2017 9:36:39 AM","0000-00","0","no battery","V"
"10/20/2017","11:35:49","5","default","957498349","OXY5","26.184","min","158.616","μmol/L","Humid","20.953","deg","93765","µV","35.893","°C","1018.000","hPa","37.0","pmil","0","55.500","deg","20.000","°C","100.000","%a.s.","22.500","deg","20.000","°C","1013.000","hPa","0.861","-0.02056","0.00035","-0.00011","0","14.7","Humid","26.25","0","52.00","347439.95","SABD0000000001","AAV1.0.0.11","2.0.0.28","PSt7-10","000000-000","10/20/2017 9:36:39 AM","0000-00","0","no battery","V"
"10/20/2017","11:35:50","5","default","957498349","OXY5","26.201","min","158.649","μmol/L","Humid","20.950","deg","93764","µV","35.896","°C","1019.000","hPa","37.0","pmil","0","55.500","deg","20.000","°C","100.000","%a.s.","22.500","deg","20.000","°C","1013.000","hPa","0.861","-0.02056","0.00035","-0.00011","0","14.7","Humid","26.25","0","52.00","347445.98","SABD0000000001","AAV1.0.0.11","2.0.0.28","PSt7-10","000000-000","10/20/2017 9:36:39 AM","0000-00","0","no battery","V"
"10/20/2017","11:35:51","5","default","957498349","OXY5","26.218","min","158.654","μmol/L","Humid","20.951","deg","93760","µV","35.891","°C","1018.000","hPa","37.0","pmil","0","55.500","deg","20.000","°C","100.000","%a.s.","22.500","deg","20.000","°C","1013.000","hPa","0.861","-0.02056","0.00035","-0.00011","0","14.7","Humid","26.25","0","52.00","347440.84","SABD0000000001","AAV1.0.0.11","2.0.0.28","PSt7-10","000000-000","10/20/2017 9:36:39 AM","0000-00","0","no battery","V"
"10/20/2017","11:35:52","5","default","957498349","OXY5","26.234","min","158.578","μmol/L","Humid","20.954","deg","93753","µV","35.897","°C","1018.000","hPa","37.0","pmil","0","55.500","deg","20.000","°C","100.000","%a.s.","22.500","deg","20.000","°C","1013.000","hPa","0.861","-0.02056","0.00035","-0.00011","0","14.7","Humid","26.25","0","52.00","347441.24","SABD0000000001","AAV1.0.0.11","2.0.0.28","PSt7-10","000000-000","10/20/2017 9:36:39 AM","0000-00","0","no battery","V"
"10/20/2017","11:35:53","5","default","957498349","OXY5","26.251","min","158.695","μmol/L","Humid","20.953","deg","93751","µV","35.880","°C","1018.000","hPa","37.0","pmil","0","55.500","deg","20.000","°C","100.000","%a.s.","22.500","deg","20.000","°C","1013.000","hPa","0.861","-0.02056","0.00035","-0.00011","0","14.7","Humid","26.25","0","52.00","347447.42","SABD0000000001","AAV1.0.0.11","2.0.0.28","PSt7-10","000000-000","10/20/2017 9:36:39 AM","0000-00","0","no battery","V"
"10/20/2017","11:35:54","5","default","957498349","OXY5","26.268","min","158.702","μmol/L","Humid","20.951","deg","93745","µV","35.883","°C","1018.000","hPa","37.0","pmil","0","55.500","deg","20.000","°C","100.000","%a.s.","22.500","deg","20.000","°C","1013.000","hPa","0.861","-0.02056","0.00035","-0.00011","0","14.7","Humid","26.25","0","52.00","347438.15","SABD0000000001","AAV1.0.0.11","2.0.0.28","PSt7-10","000000-000","10/20/2017 9:36:39 AM","0000-00","0","no battery","V"
"10/20/2017","11:35:55","5","default","957498349","OXY5","26.284","min","158.632","μmol/L","Humid","20.955","deg","93746","µV","35.886","°C","1018.000","hPa","37.0","pmil","0","55.500","deg","20.000","°C","100.000","%a.s.","22.500","deg","20.000","°C","1013.000","hPa","0.861","-0.02056","0.00035","-0.00011","0","14.7","Humid","26.25","0","52.00","347438.54","SABD0000000001","AAV1.0.0.11","2.0.0.28","PSt7-10","000000-000","10/20/2017 9:36:39 AM","0000-00","0","no battery","V"
"10/20/2017","11:35:56","5","default","957498349","OXY5","26.301","min","158.704","μmol/L","Humid","20.954","deg","93751","µV","35.876","°C","1018.000","hPa","37.0","pmil","0","55.500","deg","20.000","°C","100.000","%a.s.","22.500","deg","20.000","°C","1013.000","hPa","0.861","-0.02056","0.00035","-0.00011","0","14.7","Humid","26.25","0","52.00","347441.14","SABD0000000001","AAV1.0.0.11","2.0.0.28","PSt7-10","000000-000","10/20/2017 9:36:39 AM","0000-00","0","no battery","V"
"10/20/2017","11:35:57","5","default","957498349","OXY5","26.318","min","158.677","μmol/L","Humid","20.952","deg","93742","µV","35.885","°C","1018.000","hPa","37.0","pmil","0","55.500","deg","20.000","°C","100.000","%a.s.","22.500","deg","20.000","°C","1013.000","hPa","0.861","-0.02056","0.00035","-0.00011","0","14.7","Humid","26.25","0","52.00","347428.39","SABD0000000001","AAV1.0.0.11","2.0.0.28","PSt7-10","000000-000","10/20/2017 9:36:39 AM","0000-00","0","no battery","V"
"10/20/2017","11:35:58","5","default","957498349","OXY5","26.334","min","158.642","μmol/L","Humid","20.952","deg","93740","µV","35.891","°C","1018.000","hPa","37.0","pmil","0","55.500","deg","20.000","°C","100.000","%a.s.","22.500","deg","20.000","°C","1013.000","hPa","0.861","-0.02056","0.00035","-0.00011","0","14.7","Humid","26.25","0","52.00","347433.79","SABD0000000001","AAV1.0.0.11","2.0.0.28","PSt7-10","000000-000","10/20/2017 9:36:39 AM","0000-00","0","no battery","V"
"10/20/2017","11:35:59","5","default","957498349","OXY5","26.351","min","158.679","μmol/L","Humid","20.950","deg","93742","µV","35.890","°C","1018.000","hPa","37.0","pmil","0","55.500","deg","20.000","°C","100.000","%a.s.","22.500","deg","20.000","°C","1013.000","hPa","0.861","-0.02056","0.00035","-0.00011","0","14.7","Humid","26.25","0","52.00","347431.54","SABD0000000001","AAV1.0.0.11","2.0.0.28","PSt7-10","000000-000","10/20/2017 9:36:39 AM","0000-00","0","no battery","V"
"10/20/2017","11:36:00","5","default","957498349","OXY5","26.368","min","158.715","μmol/L","Humid","20.954","deg","93740","µV","35.874","°C","1018.000","hPa","37.0","pmil","0","55.500","deg","20.000","°C","100.000","%a.s.","22.500","deg","20.000","°C","1013.000","hPa","0.861","-0.02056","0.00035","-0.00011","0","14.7","Humid","26.25","0","52.00","347427.85","SABD0000000001","AAV1.0.0.11","2.0.0.28","PSt7-10","000000-000","10/20/2017 9:36:39 AM","0000-00","0","no battery","V"
"10/20/2017","11:36:01","5","default","957498349","OXY5","26.384","min","158.656","μmol/L","Humid","20.957","deg","93738","µV","35.877","°C","1018.000","hPa","37.0","pmil","0","55.500","deg","20.000","°C","100.000","%a.s.","22.500","deg","20.000","°C","1013.000","hPa","0.861","-0.02056","0.00035","-0.00011","0","14.7","Humid","26.25","0","52.00","347427.19","SABD0000000001","AAV1.0.0.11","2.0.0.28","PSt7-10","000000-000","10/20/2017 9:36:39 AM","0000-00","0","no battery","V"
"10/20/2017","11:36:02","5","default","957498349","OXY5","26.401","min","158.659","μmol/L","Humid","20.954","deg","93737","µV","35.884","°C","1018.000","hPa","37.0","pmil","0","55.500","deg","20.000","°C","100.000","%a.s.","22.500","deg","20.000","°C","1013.000","hPa","0.861","-0.02056","0.00035","-0.00011","0","14.7","Humid","26.25","0","52.00","347430.20","SABD0000000001","AAV1.0.0.11","2.0.0.28","PSt7-10","000000-000","10/20/2017 9:36:39 AM","0000-00","0","no battery","V"
"10/20/2017","11:36:03","5","default","957498349","OXY5","26.418","min","158.655","μmol/L","Humid","20.951","deg","93726","µV","35.891","°C","1018.000","hPa","37.0","pmil","0","55.500","deg","20.000","°C","100.000","%a.s.","22.500","deg","20.000","°C","1013.000","hPa","0.861","-0.02056","0.00035","-0.00011","0","14.7","Humid","26.25","0","52.00","347420.06","SABD0000000001","AAV1.0.0.11","2.0.0.28","PSt7-10","000000-000","10/20/2017 9:36:39 AM","0000-00","0","no battery","V"
"10/20/2017","11:36:04","5","default","957498349","OXY5","26.434","min","158.741","μmol/L","Humid","20.953","deg","93730","µV","35.872","°C","1018.000","hPa","37.0","pmil","0","55.500","deg","20.000","°C","100.000","%a.s.","22.500","deg","20.000","°C","1013.000","hPa","0.861","-0.02056","0.00035","-0.00011","0","14.7","Humid","26.25","0","52.00","347424.12","SABD0000000001","AAV1.0.0.11","2.0.0.28","PSt7-10","000000-000","10/20/2017 9:36:39 AM","0000-00","0","no battery","V"
"10/20/2017","11:36:05","5","default","957498349","OXY5","26.451","min","158.701","μmol/L","Humid","20.956","deg","93728","µV","35.872","°C","1018.000","hPa","37.0","pmil","0","55.500","deg","20.000","°C","100.000","%a.s.","22.500","deg","20.000","°C","1013.000","hPa","0.861","-0.02056","0.00035","-0.00011","0","14.7","Humid","26.25","0","52.00","347421.15","SABD0000000001","AAV1.0.0.11","2.0.0.28","PSt7-10","000000-000","10/20/2017 9:36:39 AM","0000-00","0","no battery","V"
"10/20/2017","11:36:06","5","default","957498349","OXY5","26.468","min","158.689","μmol/L","Humid","20.952","deg","93720","µV","35.885","°C","1019.000","hPa","37.0","pmil","0","55.500","deg","20.000","°C","100.000","%a.s.","22.500","deg","20.000","°C","1013.000","hPa","0.861","-0.02056","0.00035","-0.00011","0","14.7","Humid","26.25","0","52.00","347417.93","SABD0000000001","AAV1.0.0.11","2.0.0.28","PSt7-10","000000-000","10/20/2017 9:36:39 AM","0000-00","0","no battery","V"
"10/20/2017","11:36:07","5","default","957498349","OXY5","26.484","min","158.511","μmol/L","Humid","20.955","deg","93719","µV","35.907","°C","1019.000","hPa","37.0","pmil","0","55.500","deg","20.000","°C","100.000","%a.s.","22.500","deg","20.000","°C","1013.000","hPa","0.861","-0.02056","0.00035","-0.00011","0","14.7","Humid","26.25","0","52.00","347429.10","SABD0000000001","AAV1.0.0.11","2.0.0.28","PSt7-10","000000-000","10/20/2017 9:36:39 AM","0000-00","0","no battery","V"
"10/20/2017","11:36:08","5","default","957498349","OXY5","26.501","min","158.656","μmol/L","Humid","20.954","deg","93720","µV","35.884","°C","1018.000","hPa","37.0","pmil","0","55.500","deg","20.000","°C","100.000","%a.s.","22.500","deg","20.000","°C","1013.000","hPa","0.861","-0.02056","0.00035","-0.00011","0","14.7","Humid","26.25","0","52.00","347415.67","SABD0000000001","AAV1.0.0.11","2.0.0.28","PSt7-10","000000-000","10/20/2017 9:36:39 AM","0000-00","0","no battery","V"
"10/20/2017","11:36:09","5","default","957498349","OXY5","26.518","min","158.609","μmol/L","Humid","20.952","deg","93719","µV","35.897","°C","1018.000","hPa","37.0","pmil","0","55.500","deg","20.000","°C","100.000","%a.s.","22.500","deg","20.000","°C","1013.000","hPa","0.861","-0.02056","0.00035","-0.00011","0","14.7","Humid","26.25","0","52.00","347425.15","SABD0000000001","AAV1.0.0.11","2.0.0.28","PSt7-10","000000-000","10/20/2017 9:36:39 AM","0000-00","0","no battery","V"
"10/20/2017","11:36:10","5","default","957498349","OXY5","26.534","min","158.741","μmol/L","Humid","20.953","deg","93711","µV","35.874","°C","1019.000","hPa","37.0","pmil","0","55.500","deg","20.000","°C","100.000","%a.s.","22.500","deg","20.000","°C","1013.000","hPa","0.861","-0.02056","0.00035","-0.00011","0","14.7","Humid","26.25","0","52.00","347423.05","SABD0000000001","AAV1.0.0.11","2.0.0.28","PSt7-10","000000-000","10/20/2017 9:36:39 AM","0000-00","0","no battery","V"
"10/20/2017","11:36:11","5","default","957498349","OXY5","26.551","min","158.720","μmol/L","Humid","20.954","deg","93714","µV","35.873","°C","1018.000","hPa","37.0","pmil","0","55.500","deg","20.000","°C","100.000","%a.s.","22.500","deg","20.000","°C","1013.000","hPa","0.861","-0.02056","0.00035","-0.00011","0","14.7","Humid","26.25","0","52.00","347412.95","SABD0000000001","AAV1.0.0.11","2.0.0.28","PSt7-10","000000-000","10/20/2017 9:36:39 AM","0000-00","0","no battery","V"
"10/20/2017","11:36:12","5","default","957498349","OXY5","26.568","min","158.628","μmol/L","Humid","20.953","deg","93708","µV","35.893","°C","1019.000","hPa","37.0","pmil","0","55.500","deg","20.000","°C","100.000","%a.s.","22.500","deg","20.000","°C","1013.000","hPa","0.861","-0.02056","0.00035","-0.00011","0","14.7","Humid","26.25","0","52.00","347435.97","SABD0000000001","AAV1.0.0.11","2.0.0.28","PSt7-10","000000-000","10/20/2017 9:36:39 AM","0000-00","0","no battery","V"
"10/20/2017","11:36:13","5","default","957498349","OXY5","26.584","min","158.737","μmol/L","Humid","20.952","deg","93701","µV","35.877","°C","1019.000","hPa","37.0","pmil","0","55.500","deg","20.000","°C","100.000","%a.s.","22.500","deg","20.000","°C","1013.000","hPa","0.861","-0.02056","0.00035","-0.00011","0","14.7","Humid","26.25","0","52.00","347409.94","SABD0000000001","AAV1.0.0.11","2.0.0.28","PSt7-10","000000-000","10/20/2017 9:36:39 AM","0000-00","0","no battery","V"
"10/20/2017","11:36:14","5","default","957498349","OXY5","26.601","min","158.733","μmol/L","Humid","20.952","deg","93707","µV","35.876","°C","1018.000","hPa","37.0","pmil","0","55.500","deg","20.000","°C","100.000","%a.s.","22.500","deg","20.000","°C","1013.000","hPa","0.861","-0.02056","0.00035","-0.00011","0","14.7","Humid","26.25","0","52.00","347418.33","SABD0000000001","AAV1.0.0.11","2.0.0.28","PSt7-10","000000-000","10/20/2017 9:36:39 AM","0000-00","0","no battery","V"
"10/20/2017","11:36:15","5","default","957498349","OXY5","26.618","min","158.620","μmol/L","Humid","20.952","deg","93695","µV","35.895","°C","1018.000","hPa","37.0","pmil","0","55.500","deg","20.000","°C","100.000","%a.s.","22.500","deg","20.000","°C","1013.000","hPa","0.861","-0.02056","0.00035","-0.00011","0","14.7","Humid","26.25","0","52.00","347419.47","SABD0000000001","AAV1.0.0.11","2.0.0.28","PSt7-10","000000-000","10/20/2017 9:36:39 AM","0000-00","0","no battery","V"
"10/20/2017","11:36:16","5","default","957498349","OXY5","26.634","min","158.815","μmol/L","Humid","20.950","deg","93706","µV","35.867","°C","1018.000","hPa","37.0","pmil","0","55.500","deg","20.000","°C","100.000","%a.s.","22.500","deg","20.000","°C","1013.000","hPa","0.861","-0.02056","0.00035","-0.00011","0","14.7","Humid","26.25","0","52.00","347412.01","SABD0000000001","AAV1.0.0.11","2.0.0.28","PSt7-10","000000-000","10/20/2017 9:36:39 AM","0000-00","0","no battery","V"
"10/20/2017","11:36:17","5","default","957498349","OXY5","26.651","min","158.698","μmol/L","Humid","20.953","deg","93697","µV","35.879","°C","1018.000","hPa","37.0","pmil","0","55.500","deg","20.000","°C","100.000","%a.s.","22.500","deg","20.000","°C","1013.000","hPa","0.861","-0.02056","0.00035","-0.00011","0","14.7","Humid","26.25","0","52.00","347412.53","SABD0000000001","AAV1.0.0.11","2.0.0.28","PSt7-10","000000-000","10/20/2017 9:36:39 AM","0000-00","0","no battery","V"
"10/20/2017","11:36:18","5","default","957498349","OXY5","26.668","min","158.630","μmol/L","Humid","20.954","deg","93693","µV","35.888","°C","1018.000","hPa","37.0","pmil","0","55.500","deg","20.000","°C","100.000","%a.s.","22.500","deg","20.000","°C","1013.000","hPa","0.861","-0.02056","0.00035","-0.00011","0","14.7","Humid","26.25","0","52.00","347416.67","SABD0000000001","AAV1.0.0.11","2.0.0.28","PSt7-10","000000-000","10/20/2017 9:36:39 AM","0000-00","0","no battery","V"
"10/20/2017","11:36:19","5","default","957498349","OXY5","26.684","min","158.778","μmol/L","Humid","20.953","deg","93694","µV","35.866","°C","1018.000","hPa","37.0","pmil","0","55.500","deg","20.000","°C","100.000","%a.s.","22.500","deg","20.000","°C","1013.000","hPa","0.861","-0.02056","0.00035","-0.00011","0","14.7","Humid","26.25","0","52.00","347419.54","SABD0000000001","AAV1.0.0.11","2.0.0.28","PSt7-10","000000-000","10/20/2017 9:36:39 AM","0000-00","0","no battery","V"
"10/20/2017","11:36:20","5","default","957498349","OXY5","26.701","min","158.647","μmol/L","Humid","20.950","deg","93687","µV","35.895","°C","1018.000","hPa","37.0","pmil","0","55.500","deg","20.000","°C","100.000","%a.s.","22.500","deg","20.000","°C","1013.000","hPa","0.861","-0.02056","0.00035","-0.00011","0","14.7","Humid","26.25","0","52.00","347403.50","SABD0000000001","AAV1.0.0.11","2.0.0.28","PSt7-10","000000-000","10/20/2017 9:36:39 AM","0000-00","0","no battery","V"
"10/20/2017","11:36:21","5","default","957498349","OXY5","26.718","min","158.739","μmol/L","Humid","20.950","deg","93685","µV","35.880","°C","1018.000","hPa","37.0","pmil","0","55.500","deg","20.000","°C","100.000","%a.s.","22.500","deg","20.000","°C","1013.000","hPa","0.861","-0.02056","0.00035","-0.00011","0","14.7","Humid","26.25","0","52.00","347390.75","SABD0000000001","AAV1.0.0.11","2.0.0.28","PSt7-10","000000-000","10/20/2017 9:36:39 AM","0000-00","0","no battery","V"
"10/20/2017","11:36:22","5","default","957498349","OXY5","26.734","min","158.742","μmol/L","Humid","20.951","deg","93686","µV","35.877","°C","1018.000","hPa","37.0","pmil","0","55.500","deg","20.000","°C","100.000","%a.s.","22.500","deg","20.000","°C","1013.000","hPa","0.861","-0.02056","0.00035","-0.00011","0","14.7","Humid","26.25","0","52.00","347405.06","SABD0000000001","AAV1.0.0.11","2.0.0.28","PSt7-10","000000-000","10/20/2017 9:36:39 AM","0000-00","0","no battery","V"
"10/20/2017","11:36:23","5","default","957498349","OXY5","26.751","min","158.650","μmol/L","Humid","20.954","deg","93685","µV","35.885","°C","1018.000","hPa","37.0","pmil","0","55.500","deg","20.000","°C","100.000","%a.s.","22.500","deg","20.000","°C","1013.000","hPa","0.861","-0.02056","0.00035","-0.00011","0","14.7","Humid","26.25","0","52.00","347401.27","SABD0000000001","AAV1.0.0.11","2.0.0.28","PSt7-10","000000-000","10/20/2017 9:36:39 AM","0000-00","0","no battery","V"
"10/20/2017","11:36:24","5","default","957498349","OXY5","26.768","min","158.689","μmol/L","Humid","20.954","deg","93677","µV","35.878","°C","1018.000","hPa","37.0","pmil","0","55.500","deg","20.000","°C","100.000","%a.s.","22.500","deg","20.000","°C","1013.000","hPa","0.861","-0.02056","0.00035","-0.00011","0","14.7","Humid","26.25","0","52.00","347394.27","SABD0000000001","AAV1.0.0.11","2.0.0.28","PSt7-10","000000-000","10/20/2017 9:36:39 AM","0000-00","0","no battery","V"
"10/20/2017","11:36:25","5","default","957498349","OXY5","26.784","min","158.750","μmol/L","Humid","20.952","deg","93683","µV","35.873","°C","1018.000","hPa","37.0","pmil","0","55.500","deg","20.000","°C","100.000","%a.s.","22.500","deg","20.000","°C","1013.000","hPa","0.861","-0.02056","0.00035","-0.00011","0","14.7","Humid","26.25","0","52.00","347383.42","SABD0000000001","AAV1.0.0.11","2.0.0.28","PSt7-10","000000-000","10/20/2017 9:36:39 AM","0000-00","0","no battery","V"
"10/20/2017","11:36:26","5","default","957498349","OXY5","26.801","min","158.556","μmol/L","Humid","20.952","deg","93676","µV","35.905","°C","1018.000","hPa","37.0","pmil","0","55.500","deg","20.000","°C","100.000","%a.s.","22.500","deg","20.000","°C","1013.000","hPa","0.861","-0.02056","0.00035","-0.00011","0","14.7","Humid","26.25","0","52.00","347392.55","SABD0000000001","AAV1.0.0.11","2.0.0.28","PSt7-10","000000-000","10/20/2017 9:36:39 AM","0000-00","0","no battery","V"
"10/20/2017","11:36:27","5","default","957498349","OXY5","26.818","min","158.545","μmol/L","Humid","20.954","deg","93669","µV","35.903","°C","1018.000","hPa","37.0","pmil","0","55.500","deg","20.000","°C","100.000","%a.s.","22.500","deg","20.000","°C","1013.000","hPa","0.861","-0.02056","0.00035","-0.00011","0","14.7","Humid","26.25","0","52.00","347388.90","SABD0000000001","AAV1.0.0.11","2.0.0.28","PSt7-10","000000-000","10/20/2017 9:36:39 AM","0000-00","0","no battery","V"
"10/20/2017","11:36:28","5","default","957498349","OXY5","26.834","min","158.585","μmol/L","Humid","20.952","deg","93672","µV","35.902","°C","1019.000","hPa","37.0","pmil","0","55.500","deg","20.000","°C","100.000","%a.s.","22.500","deg","20.000","°C","1013.000","hPa","0.861","-0.02056","0.00035","-0.00011","0","14.7","Humid","26.25","0","52.00","347396.10","SABD0000000001","AAV1.0.0.11","2.0.0.28","PSt7-10","000000-000","10/20/2017 9:36:39 AM","0000-00","0","no battery","V"
"10/20/2017","11:36:29","5","default","957498349","OXY5","26.851","min","158.590","μmol/L","Humid","20.957","deg","93666","µV","35.888","°C","1018.000","hPa","37.0","pmil","0","55.500","deg","20.000","°C","100.000","%a.s.","22.500","deg","20.000","°C","1013.000","hPa","0.861","-0.02056","0.00035","-0.00011","0","14.7","Humid","26.25","0","52.00","347388.20","SABD0000000001","AAV1.0.0.11","2.0.0.28","PSt7-10","000000-000","10/20/2017 9:36:39 AM","0000-00","0","no battery","V"
"10/20/2017","11:36:30","5","default","957498349","OXY5","26.868","min","158.651","μmol/L","Humid","20.949","deg","93668","µV","35.897","°C","1018.000","hPa","37.0","pmil","0","55.500","deg","20.000","°C","100.000","%a.s.","22.500","deg","20.000","°C","1013.000","hPa","0.861","-0.02056","0.00035","-0.00011","0","14.7","Humid","26.25","0","52.00","347398.59","SABD0000000001","AAV1.0.0.11","2.0.0.28","PSt7-10","000000-000","10/20/2017 9:36:39 AM","0000-00","0","no battery","V"
"10/20/2017","11:36:31","5","default","957498349","OXY5","26.885","min","158.749","μmol/L","Humid","20.948","deg","93664","µV","35.883","°C","1018.000","hPa","37.0","pmil","0","55.500","deg","20.000","°C","100.000","%a.s.","22.500","deg","20.000","°C","1013.000","hPa","0.861","-0.02056","0.00035","-0.00011","0","14.7","Humid","26.25","0","52.00","347391.08","SABD0000000001","AAV1.0.0.11","2.0.0.28","PSt7-10","000000-000","10/20/2017 9:36:39 AM","0000-00","0","no battery","V"
"10/20/2017","11:36:32","5","default","957498349","OXY5","26.901","min","158.577","μmol/L","Humid","20.954","deg","93658","µV","35.897","°C","1018.000","hPa","37.0","pmil","0","55.500","deg","20.000","°C","100.000","%a.s.","22.500","deg","20.000","°C","1013.000","hPa","0.861","-0.02056","0.00035","-0.00011","0","14.7","Humid","26.25","0","52.00","347393.49","SABD0000000001","AAV1.0.0.11","2.0.0.28","PSt7-10","000000-000","10/20/2017 9:36:39 AM","0000-00","0","no battery","V"
"10/20/2017","11:36:33","5","default","957498349","OXY5","26.918","min","158.698","μmol/L","Humid","20.952","deg","93654","µV","35.882","°C","1018.000","hPa","37.0","pmil","0","55.500","deg","20.000","°C","100.000","%a.s.","22.500","deg","20.000","°C","1013.000","hPa","0.861","-0.02056","0.00035","-0.00011","0","14.7","Humid","26.25","0","52.00","347381.92","SABD0000000001","AAV1.0.0.11","2.0.0.28","PSt7-10","000000-000","10/20/2017 9:36:39 AM","0000-00","0","no battery","V"
"10/20/2017","11:36:34","5","default","957498349","OXY5","26.935","min","158.653","μmol/L","Humid","20.952","deg","93655","µV","35.889","°C","1018.000","hPa","37.0","pmil","0","55.500","deg","20.000","°C","100.000","%a.s.","22.500","deg","20.000","°C","1013.000","hPa","0.861","-0.02056","0.00035","-0.00011","0","14.7","Humid","26.25","0","52.00","347395.27","SABD0000000001","AAV1.0.0.11","2.0.0.28","PSt7-10","000000-000","10/20/2017 9:36:39 AM","0000-00","0","no battery","V"
"10/20/2017","11:36:35","5","default","957498349","OXY5","26.951","min","158.722","μmol/L","Humid","20.949","deg","93653","µV","35.886","°C","1019.000","hPa","37.0","pmil","0","55.500","deg","20.000","°C","100.000","%a.s.","22.500","deg","20.000","°C","1013.000","hPa","0.861","-0.02056","0.00035","-0.00011","0","14.7","Humid","26.25","0","52.00","347372.92","SABD0000000001","AAV1.0.0.11","2.0.0.28","PSt7-10","000000-000","10/20/2017 9:36:39 AM","0000-00","0","no battery","V"
"10/20/2017","11:36:36","5","default","957498349","OXY5","26.968","min","158.648","μmol/L","Humid","20.951","deg","93650","µV","35.894","°C","1019.000","hPa","37.0","pmil","0","55.500","deg","20.000","°C","100.000","%a.s.","22.500","deg","20.000","°C","1013.000","hPa","0.861","-0.02056","0.00035","-0.00011","0","14.7","Humid","26.25","0","52.00","347389.30","SABD0000000001","AAV1.0.0.11","2.0.0.28","PSt7-10","000000-000","10/20/2017 9:36:39 AM","0000-00","0","no battery","V"
"10/20/2017","11:36:37","5","default","957498349","OXY5","26.984","min","158.622","μmol/L","Humid","20.950","deg","93653","µV","35.899","°C","1018.000","hPa","37.0","pmil","0","55.500","deg","20.000","°C","100.000","%a.s.","22.500","deg","20.000","°C","1013.000","hPa","0.861","-0.02056","0.00035","-0.00011","0","14.7","Humid","26.25","0","52.00","347383.59","SABD0000000001","AAV1.0.0.11","2.0.0.28","PSt7-10","000000-000","10/20/2017 9:36:39 AM","0000-00","0","no battery","V"
"10/20/2017","11:36:38","5","default","957498349","OXY5","27.001","min","158.736","μmol/L","Humid","20.950","deg","93640","µV","35.882","°C","1019.000","hPa","37.0","pmil","0","55.500","deg","20.000","°C","100.000","%a.s.","22.500","deg","20.000","°C","1013.000","hPa","0.861","-0.02056","0.00035","-0.00011","0","14.7","Humid","26.25","0","52.00","347385.72","SABD0000000001","AAV1.0.0.11","2.0.0.28","PSt7-10","000000-000","10/20/2017 9:36:39 AM","0000-00","0","no battery","V"
"10/20/2017","11:36:39","5","default","957498349","OXY5","27.018","min","158.660","μmol/L","Humid","20.953","deg","93646","µV","35.886","°C","1018.000","hPa","37.0","pmil","0","55.500","deg","20.000","°C","100.000","%a.s.","22.500","deg","20.000","°C","1013.000","hPa","0.861","-0.02056","0.00035","-0.00011","0","14.7","Humid","26.25","0","52.00","347384.90","SABD0000000001","AAV1.0.0.11","2.0.0.28","PSt7-10","000000-000","10/20/2017 9:36:39 AM","0000-00","0","no battery","V"
"10/20/2017","11:36:40","5","default","957498349","OXY5","27.036","min","158.736","μmol/L","Humid","20.947","deg","93648","µV","35.887","°C","1018.000","hPa","37.0","pmil","0","55.500","deg","20.000","°C","100.000","%a.s.","22.500","deg","20.000","°C","1013.000","hPa","0.861","-0.02056","0.00035","-0.00011","0","14.7","Humid","26.25","0","52.00","347391.98","SABD0000000001","AAV1.0.0.11","2.0.0.28","PSt7-10","000000-000","10/20/2017 9:36:39 AM","0000-00","0","no battery","V"
"10/20/2017","11:36:41","5","default","957498349","OXY5","27.051","min","158.702","μmol/L","Humid","20.954","deg","93637","µV","35.878","°C","1019.000","hPa","37.0","pmil","0","55.500","deg","20.000","°C","100.000","%a.s.","22.500","deg","20.000","°C","1013.000","hPa","0.861","-0.02056","0.00035","-0.00011","0","14.7","Humid","26.25","0","52.00","347369.05","SABD0000000001","AAV1.0.0.11","2.0.0.28","PSt7-10","000000-000","10/20/2017 9:36:39 AM","0000-00","0","no battery","V"
"10/20/2017","11:36:42","5","default","957498349","OXY5","27.068","min","158.707","μmol/L","Humid","20.952","deg","93636","µV","35.880","°C","1018.000","hPa","37.0","pmil","0","55.500","deg","20.000","°C","100.000","%a.s.","22.500","deg","20.000","°C","1013.000","hPa","0.861","-0.02056","0.00035","-0.00011","0","14.7","Humid","26.25","0","52.00","347386.01","SABD0000000001","AAV1.0.0.11","2.0.0.28","PSt7-10","000000-000","10/20/2017 9:36:39 AM","0000-00","0","no battery","V"
"10/20/2017","11:36:43","5","default","957498349","OXY5","27.089","min","158.601","μmol/L","Humid","20.953","deg","93643","µV","35.896","°C","1018.000","hPa","37.0","pmil","0","55.500","deg","20.000","°C","100.000","%a.s.","22.500","deg","20.000","°C","1013.000","hPa","0.861","-0.02056","0.00035","-0.00011","0","14.7","Humid","26.25","0","52.00","347392.03","SABD0000000001","AAV1.0.0.11","2.0.0.28","PSt7-10","000000-000","10/20/2017 9:36:39 AM","0000-00","0","no battery","V"
"10/20/2017","11:36:44","5","default","957498349","OXY5","27.101","min","158.746","μmol/L","Humid","20.947","deg","93627","µV","35.886","°C","1018.000","hPa","37.0","pmil","0","55.500","deg","20.000","°C","100.000","%a.s.","22.500","deg","20.000","°C","1013.000","hPa","0.861","-0.02056","0.00035","-0.00011","0","14.7","Humid","26.25","0","52.00","347362.29","SABD0000000001","AAV1.0.0.11","2.0.0.28","PSt7-10","000000-000","10/20/2017 9:36:39 AM","0000-00","0","no battery","V"
"10/20/2017","11:36:45","5","default","957498349","OXY5","27.118","min","158.656","μmol/L","Humid","20.952","deg","93621","µV","35.890","°C","1019.000","hPa","37.0","pmil","0","55.500","deg","20.000","°C","100.000","%a.s.","22.500","deg","20.000","°C","1013.000","hPa","0.861","-0.02056","0.00035","-0.00011","0","14.7","Humid","26.25","0","52.00","347361.09","SABD0000000001","AAV1.0.0.11","2.0.0.28","PSt7-10","000000-000","10/20/2017 9:36:39 AM","0000-00","0","no battery","V"
"10/20/2017","11:36:46","5","default","957498349","OXY5","27.135","min","158.669","μmol/L","Humid","20.953","deg","93625","µV","35.884","°C","1018.000","hPa","37.0","pmil","0","55.500","deg","20.000","°C","100.000","%a.s.","22.500","deg","20.000","°C","1013.000","hPa","0.861","-0.02056","0.00035","-0.00011","0","14.7","Humid","26.25","0","52.00","347354.48","SABD0000000001","AAV1.0.0.11","2.0.0.28","PSt7-10","000000-000","10/20/2017 9:36:39 AM","0000-00","0","no battery","V"
"10/20/2017","11:36:47","5","default","957498349","OXY5","27.152","min","158.623","μmol/L","Humid","20.952","deg","93622","µV","35.894","°C","1018.000","hPa","37.0","pmil","0","55.500","deg","20.000","°C","100.000","%a.s.","22.500","deg","20.000","°C","1013.000","hPa","0.861","-0.02056","0.00035","-0.00011","0","14.7","Humid","26.25","0","52.00","347374.62","SABD0000000001","AAV1.0.0.11","2.0.0.28","PSt7-10","000000-000","10/20/2017 9:36:39 AM","0000-00","0","no battery","V"
"10/20/2017","11:36:48","5","default","957498349","OXY5","27.168","min","158.687","μmol/L","Humid","20.951","deg","93618","µV","35.888","°C","1019.000","hPa","37.0","pmil","0","55.500","deg","20.000","°C","100.000","%a.s.","22.500","deg","20.000","°C","1013.000","hPa","0.861","-0.02056","0.00035","-0.00011","0","14.7","Humid","26.25","0","52.00","347367.37","SABD0000000001","AAV1.0.0.11","2.0.0.28","PSt7-10","000000-000","10/20/2017 9:36:39 AM","0000-00","0","no battery","V"
"10/20/2017","11:36:49","5","default","957498349","OXY5","27.184","min","158.702","μmol/L","Humid","20.948","deg","93617","µV","35.892","°C","1019.000","hPa","37.0","pmil","0","55.500","deg","20.000","°C","100.000","%a.s.","22.500","deg","20.000","°C","1013.000","hPa","0.861","-0.02056","0.00035","-0.00011","0","14.7","Humid","26.25","0","52.00","347364.97","SABD0000000001","AAV1.0.0.11","2.0.0.28","PSt7-10","000000-000","10/20/2017 9:36:39 AM","0000-00","0","no battery","V"
"10/20/2017","11:36:50","5","default","957498349","OXY5","27.201","min","158.665","μmol/L","Humid","20.947","deg","93610","µV","35.899","°C","1018.000","hPa","37.0","pmil","0","55.500","deg","20.000","°C","100.000","%a.s.","22.500","deg","20.000","°C","1013.000","hPa","0.861","-0.02056","0.00035","-0.00011","0","14.7","Humid","26.25","0","52.00","347372.42","SABD0000000001","AAV1.0.0.11","2.0.0.28","PSt7-10","000000-000","10/20/2017 9:36:39 AM","0000-00","0","no battery","V"
"10/20/2017","11:36:51","5","default","957498349","OXY5","27.218","min","158.663","μmol/L","Humid","20.951","deg","93615","µV","35.892","°C","1019.000","hPa","37.0","pmil","0","55.500","deg","20.000","°C","100.000","%a.s.","22.500","deg","20.000","°C","1013.000","hPa","0.861","-0.02056","0.00035","-0.00011","0","14.7","Humid","26.25","0","52.00","347356.92","SABD0000000001","AAV1.0.0.11","2.0.0.28","PSt7-10","000000-000","10/20/2017 9:36:39 AM","0000-00","0","no battery","V"
"10/20/2017","11:36:52","5","default","957498349","OXY5","27.234","min","158.609","μmol/L","Humid","20.952","deg","93610","µV","35.897","°C","1018.000","hPa","37.0","pmil","0","55.500","deg","20.000","°C","100.000","%a.s.","22.500","deg","20.000","°C","1013.000","hPa","0.861","-0.02056","0.00035","-0.00011","0","14.7","Humid","26.25","0","52.00","347347.10","SABD0000000001","AAV1.0.0.11","2.0.0.28","PSt7-10","000000-000","10/20/2017 9:36:39 AM","0000-00","0","no battery","V"
"10/20/2017","11:36:53","5","default","957498349","OXY5","27.251","min","158.709","μmol/L","Humid","20.949","deg","93606","µV","35.887","°C","1018.000","hPa","37.0","pmil","0","55.500","deg","20.000","°C","100.000","%a.s.","22.500","deg","20.000","°C","1013.000","hPa","0.861","-0.02056","0.00035","-0.00011","0","14.7","Humid","26.25","0","52.00","347358.74","SABD0000000001","AAV1.0.0.11","2.0.0.28","PSt7-10","000000-000","10/20/2017 9:36:39 AM","0000-00","0","no battery","V"
"10/20/2017","11:36:54","5","default","957498349","OXY5","27.268","min","158.556","μmol/L","Humid","20.954","deg","93609","µV","35.901","°C","1018.000","hPa","37.0","pmil","0","55.500","deg","20.000","°C","100.000","%a.s.","22.500","deg","20.000","°C","1013.000","hPa","0.861","-0.02056","0.00035","-0.00011","0","14.7","Humid","26.25","0","52.00","347371.54","SABD0000000001","AAV1.0.0.11","2.0.0.28","PSt7-10","000000-000","10/20/2017 9:36:39 AM","0000-00","0","no battery","V"
"10/20/2017","11:36:55","5","default","957498349","OXY5","27.284","min","158.697","μmol/L","Humid","20.949","deg","93600","µV","35.891","°C","1019.000","hPa","37.0","pmil","0","55.500","deg","20.000","°C","100.000","%a.s.","22.500","deg","20.000","°C","1013.000","hPa","0.861","-0.02056","0.00035","-0.00011","0","14.7","Humid","26.25","0","52.00","347353.96","SABD0000000001","AAV1.0.0.11","2.0.0.28","PSt7-10","000000-000","10/20/2017 9:36:39 AM","0000-00","0","no battery","V"
"10/20/2017","11:36:56","5","default","957498349","OXY5","27.301","min","158.709","μmol/L","Humid","20.947","deg","93604","µV","35.892","°C","1018.000","hPa","37.0","pmil","0","55.500","deg","20.000","°C","100.000","%a.s.","22.500","deg","20.000","°C","1013.000","hPa","0.861","-0.02056","0.00035","-0.00011","0","14.7","Humid","26.25","0","52.00","347371.50","SABD0000000001","AAV1.0.0.11","2.0.0.28","PSt7-10","000000-000","10/20/2017 9:36:39 AM","0000-00","0","no battery","V"
"10/20/2017","11:36:57","5","default","957498349","OXY5","27.318","min","158.798","μmol/L","Humid","20.949","deg","93604","µV","35.872","°C","1018.000","hPa","37.0","pmil","0","55.500","deg","20.000","°C","100.000","%a.s.","22.500","deg","20.000","°C","1013.000","hPa","0.861","-0.02056","0.00035","-0.00011","0","14.7","Humid","26.25","0","52.00","347357.29","SABD0000000001","AAV1.0.0.11","2.0.0.28","PSt7-10","000000-000","10/20/2017 9:36:39 AM","0000-00","0","no battery","V"
"10/20/2017","11:36:58","5","default","957498349","OXY5","27.334","min","158.667","μmol/L","Humid","20.952","deg","93595","µV","35.887","°C","1018.000","hPa","37.0","pmil","0","55.500","deg","20.000","°C","100.000","%a.s.","22.500","deg","20.000","°C","1013.000","hPa","0.861","-0.02056","0.00035","-0.00011","0","14.7","Humid","26.25","0","52.00","347360.06","SABD0000000001","AAV1.0.0.11","2.0.0.28","PSt7-10","000000-000","10/20/2017 9:36:39 AM","0000-00","0","no battery","V"
"10/20/2017","11:36:59","5","default","957498349","OXY5","27.351","min","158.658","μmol/L","Humid","20.950","deg","93600","µV","35.893","°C","1018.000","hPa","37.0","pmil","0","55.500","deg","20.000","°C","100.000","%a.s.","22.500","deg","20.000","°C","1013.000","hPa","0.861","-0.02056","0.00035","-0.00011","0","14.7","Humid","26.25","0","52.00","347348.21","SABD0000000001","AAV1.0.0.11","2.0.0.28","PSt7-10","000000-000","10/20/2017 9:36:39 AM","0000-00","0","no battery","V"
"10/20/2017","11:37:00","5","default","957498349","OXY5","27.368","min","158.629","μmol/L","Humid","20.950","deg","93594","µV","35.898","°C","1018.000","hPa","37.0","pmil","0","55.500","deg","20.000","°C","100.000","%a.s.","22.500","deg","20.000","°C","1013.000","hPa","0.861","-0.02056","0.00035","-0.00011","0","14.7","Humid","26.25","0","52.00","347340.71","SABD0000000001","AAV1.0.0.11","2.0.0.28","PSt7-10","000000-000","10/20/2017 9:36:39 AM","0000-00","0","no battery","V"
"10/20/2017","11:37:01","5","default","957498349","OXY5","27.385","min","158.794","μmol/L","Humid","20.949","deg","93586","µV","35.873","°C","1018.000","hPa","37.0","pmil","0","55.500","deg","20.000","°C","100.000","%a.s.","22.500","deg","20.000","°C","1013.000","hPa","0.861","-0.02056","0.00035","-0.00011","0","14.7","Humid","26.25","0","52.00","347345.31","SABD0000000001","AAV1.0.0.11","2.0.0.28","PSt7-10","000000-000","10/20/2017 9:36:39 AM","0000-00","0","no battery","V"
"10/20/2017","11:37:02","5","default","957498349","OXY5","27.401","min","158.740","μmol/L","Humid","20.947","deg","93592","µV","35.888","°C","1019.000","hPa","37.0","pmil","0","55.500","deg","20.000","°C","100.000","%a.s.","22.500","deg","20.000","°C","1013.000","hPa","0.861","-0.02056","0.00035","-0.00011","0","14.7","Humid","26.25","0","52.00","347363.60","SABD0000000001","AAV1.0.0.11","2.0.0.28","PSt7-10","000000-000","10/20/2017 9:36:39 AM","0000-00","0","no battery","V"
"10/20/2017","11:37:03","5","default","957498349","OXY5","27.418","min","158.742","μmol/L","Humid","20.949","deg","93579","µV","35.883","°C","1019.000","hPa","37.0","pmil","0","55.500","deg","20.000","°C","100.000","%a.s.","22.500","deg","20.000","°C","1013.000","hPa","0.861","-0.02056","0.00035","-0.00011","0","14.7","Humid","26.25","0","52.00","347354.46","SABD0000000001","AAV1.0.0.11","2.0.0.28","PSt7-10","000000-000","10/20/2017 9:36:39 AM","0000-00","0","no battery","V"
"10/20/2017","11:37:04","5","default","957498349","OXY5","27.435","min","158.533","μmol/L","Humid","20.953","deg","93587","µV","35.907","°C","1018.000","hPa","37.0","pmil","0","55.500","deg","20.000","°C","100.000","%a.s.","22.500","deg","20.000","°C","1013.000","hPa","0.861","-0.02056","0.00035","-0.00011","0","14.7","Humid","26.25","0","52.00","347342.13","SABD0000000001","AAV1.0.0.11","2.0.0.28","PSt7-10","000000-000","10/20/2017 9:36:39 AM","0000-00","0","no battery","V"
"10/20/2017","11:37:05","5","default","957498349","OXY5","27.451","min","158.604","μmol/L","Humid","20.950","deg","93585","µV","35.902","°C","1018.000","hPa","37.0","pmil","0","55.500","deg","20.000","°C","100.000","%a.s.","22.500","deg","20.000","°C","1013.000","hPa","0.861","-0.02056","0.00035","-0.00011","0","14.7","Humid","26.25","0","52.00","347339.51","SABD0000000001","AAV1.0.0.11","2.0.0.28","PSt7-10","000000-000","10/20/2017 9:36:39 AM","0000-00","0","no battery","V"
"10/20/2017","11:37:06","5","default","957498349","OXY5","27.468","min","158.666","μmol/L","Humid","20.946","deg","93577","µV","35.901","°C","1018.000","hPa","37.0","pmil","0","55.500","deg","20.000","°C","100.000","%a.s.","22.500","deg","20.000","°C","1013.000","hPa","0.861","-0.02056","0.00035","-0.00011","0","14.7","Humid","26.25","0","52.00","347340.84","SABD0000000001","AAV1.0.0.11","2.0.0.28","PSt7-10","000000-000","10/20/2017 9:36:39 AM","0000-00","0","no battery","V"
"10/20/2017","11:37:07","5","default","957498349","OXY5","27.485","min","158.588","μmol/L","Humid","20.952","deg","93582","µV","35.900","°C","1018.000","hPa","37.0","pmil","0","55.500","deg","20.000","°C","100.000","%a.s.","22.500","deg","20.000","°C","1013.000","hPa","0.861","-0.02056","0.00035","-0.00011","0","14.7","Humid","26.25","0","52.00","347342.11","SABD0000000001","AAV1.0.0.11","2.0.0.28","PSt7-10","000000-000","10/20/2017 9:36:39 AM","0000-00","0","no battery","V"
"10/20/2017","11:37:08","5","default","957498349","OXY5","27.501","min","158.583","μmol/L","Humid","20.953","deg","93573","µV","35.898","°C","1018.000","hPa","37.0","pmil","0","55.500","deg","20.000","°C","100.000","%a.s.","22.500","deg","20.000","°C","1013.000","hPa","0.861","-0.02056","0.00035","-0.00011","0","14.7","Humid","26.25","0","52.00","347331.76","SABD0000000001","AAV1.0.0.11","2.0.0.28","PSt7-10","000000-000","10/20/2017 9:36:39 AM","0000-00","0","no battery","V"
"10/20/2017","11:37:09","5","default","957498349","OXY5","27.518","min","158.674","μmol/L","Humid","20.951","deg","93574","µV","35.888","°C","1018.000","hPa","37.0","pmil","0","55.500","deg","20.000","°C","100.000","%a.s.","22.500","deg","20.000","°C","1013.000","hPa","0.861","-0.02056","0.00035","-0.00011","0","14.7","Humid","26.25","0","52.00","347330.84","SABD0000000001","AAV1.0.0.11","2.0.0.28","PSt7-10","000000-000","10/20/2017 9:36:39 AM","0000-00","0","no battery","V"
"10/20/2017","11:37:10","5","default","957498349","OXY5","27.535","min","158.617","μmol/L","Humid","20.950","deg","93569","µV","35.900","°C","1018.000","hPa","37.0","pmil","0","55.500","deg","20.000","°C","100.000","%a.s.","22.500","deg","20.000","°C","1013.000","hPa","0.861","-0.02056","0.00035","-0.00011","0","14.7","Humid","26.25","0","52.00","347345.28","SABD0000000001","AAV1.0.0.11","2.0.0.28","PSt7-10","000000-000","10/20/2017 9:36:39 AM","0000-00","0","no battery","V"
"10/20/2017","11:37:11","5","default","957498349","OXY5","27.551","min","158.664","μmol/L","Humid","20.951","deg","93562","µV","35.890","°C","1018.000","hPa","37.0","pmil","0","55.500","deg","20.000","°C","100.000","%a.s.","22.500","deg","20.000","°C","1013.000","hPa","0.861","-0.02056","0.00035","-0.00011","0","14.7","Humid","26.25","0","52.00","347333.17","SABD0000000001","AAV1.0.0.11","2.0.0.28","PSt7-10","000000-000","10/20/2017 9:36:39 AM","0000-00","0","no battery","V"
"10/20/2017","11:37:12","5","default","957498349","OXY5","27.568","min","158.627","μmol/L","Humid","20.949","deg","93566","µV","35.901","°C","1018.000","hPa","37.0","pmil","0","55.500","deg","20.000","°C","100.000","%a.s.","22.500","deg","20.000","°C","1013.000","hPa","0.861","-0.02056","0.00035","-0.00011","0","14.7","Humid","26.25","0","52.00","347330.50","SABD0000000001","AAV1.0.0.11","2.0.0.28","PSt7-10","000000-000","10/20/2017 9:36:39 AM","0000-00","0","no battery","V"
"10/20/2017","11:37:13","5","default","957498349","OXY5","27.585","min","158.610","μmol/L","Humid","20.952","deg","93570","µV","35.896","°C","1018.000","hPa","37.0","pmil","0","55.500","deg","20.000","°C","100.000","%a.s.","22.500","deg","20.000","°C","1013.000","hPa","0.861","-0.02056","0.00035","-0.00011","0","14.7","Humid","26.25","0","52.00","347331.33","SABD0000000001","AAV1.0.0.11","2.0.0.28","PSt7-10","000000-000","10/20/2017 9:36:39 AM","0000-00","0","no battery","V"
"10/20/2017","11:37:14","5","default","957498349","OXY5","27.601","min","158.631","μmol/L","Humid","20.951","deg","93564","µV","35.895","°C","1018.000","hPa","37.0","pmil","0","55.500","deg","20.000","°C","100.000","%a.s.","22.500","deg","20.000","°C","1013.000","hPa","0.861","-0.02056","0.00035","-0.00011","0","14.7","Humid","26.25","0","52.00","347333.03","SABD0000000001","AAV1.0.0.11","2.0.0.28","PSt7-10","000000-000","10/20/2017 9:36:39 AM","0000-00","0","no battery","V"
"10/20/2017","11:37:15","5","default","957498349","OXY5","27.618","min","158.717","μmol/L","Humid","20.948","deg","93567","µV","35.888","°C","1018.000","hPa","37.0","pmil","0","55.500","deg","20.000","°C","100.000","%a.s.","22.500","deg","20.000","°C","1013.000","hPa","0.861","-0.02056","0.00035","-0.00011","0","14.7","Humid","26.25","0","52.00","347334.00","SABD0000000001","AAV1.0.0.11","2.0.0.28","PSt7-10","000000-000","10/20/2017 9:36:39 AM","0000-00","0","no battery","V"
"10/20/2017","11:37:16","5","default","957498349","OXY5","27.635","min","158.668","μmol/L","Humid","20.949","deg","93553","µV","35.894","°C","1018.000","hPa","37.0","pmil","0","55.500","deg","20.000","°C","100.000","%a.s.","22.500","deg","20.000","°C","1013.000","hPa","0.861","-0.02056","0.00035","-0.00011","0","14.7","Humid","26.25","0","52.00","347330.81","SABD0000000001","AAV1.0.0.11","2.0.0.28","PSt7-10","000000-000","10/20/2017 9:36:39 AM","0000-00","0","no battery","V"
"10/20/2017","11:37:17","5","default","957498349","OXY5","27.651","min","158.681","μmol/L","Humid","20.950","deg","93565","µV","35.889","°C","1018.000","hPa","37.0","pmil","0","55.500","deg","20.000","°C","100.000","%a.s.","22.500","deg","20.000","°C","1013.000","hPa","0.861","-0.02056","0.00035","-0.00011","0","14.7","Humid","26.25","0","52.00","347333.65","SABD0000000001","AAV1.0.0.11","2.0.0.28","PSt7-10","000000-000","10/20/2017 9:36:39 AM","0000-00","0","no battery","V"
"10/20/2017","11:37:18","5","default","957498349","OXY5","27.668","min","158.707","μmol/L","Humid","20.949","deg","93553","µV","35.887","°C","1018.000","hPa","37.0","pmil","0","55.500","deg","20.000","°C","100.000","%a.s.","22.500","deg","20.000","°C","1013.000","hPa","0.861","-0.02056","0.00035","-0.00011","0","14.7","Humid","26.25","0","52.00","347318.48","SABD0000000001","AAV1.0.0.11","2.0.0.28","PSt7-10","000000-000","10/20/2017 9:36:39 AM","0000-00","0","no battery","V"
"10/20/2017","11:37:19","5","default","957498349","OXY5","27.685","min","158.687","μmol/L","Humid","20.948","deg","93554","µV","35.895","°C","1019.000","hPa","37.0","pmil","0","55.500","deg","20.000","°C","100.000","%a.s.","22.500","deg","20.000","°C","1013.000","hPa","0.861","-0.02056","0.00035","-0.00011","0","14.7","Humid","26.25","0","52.00","347327.47","SABD0000000001","AAV1.0.0.11","2.0.0.28","PSt7-10","000000-000","10/20/2017 9:36:39 AM","0000-00","0","no battery","V"
"10/20/2017","11:37:20","5","default","957498349","OXY5","27.701","min","158.755","μmol/L","Humid","20.952","deg","93539","µV","35.872","°C","1018.000","hPa","37.0","pmil","0","55.500","deg","20.000","°C","100.000","%a.s.","22.500","deg","20.000","°C","1013.000","hPa","0.861","-0.02056","0.00035","-0.00011","0","14.7","Humid","26.25","0","52.00","347325.39","SABD0000000001","AAV1.0.0.11","2.0.0.28","PSt7-10","000000-000","10/20/2017 9:36:39 AM","0000-00","0","no battery","V"
"10/20/2017","11:37:21","5","default","957498349","OXY5","27.718","min","158.747","μmol/L","Humid","20.948","deg","93545","µV","35.883","°C","1018.000","hPa","37.0","pmil","0","55.500","deg","20.000","°C","100.000","%a.s.","22.500","deg","20.000","°C","1013.000","hPa","0.861","-0.02056","0.00035","-0.00011","0","14.7","Humid","26.25","0","52.00","347326.71","SABD0000000001","AAV1.0.0.11","2.0.0.28","PSt7-10","000000-000","10/20/2017 9:36:39 AM","0000-00","0","no battery","V"
"10/20/2017","11:37:22","5","default","957498349","OXY5","27.735","min","158.724","μmol/L","Humid","20.954","deg","93543","µV","35.873","°C","1018.000","hPa","37.0","pmil","0","55.500","deg","20.000","°C","100.000","%a.s.","22.500","deg","20.000","°C","1013.000","hPa","0.861","-0.02056","0.00035","-0.00011","0","14.7","Humid","26.25","0","52.00","347316.19","SABD0000000001","AAV1.0.0.11","2.0.0.28","PSt7-10","000000-000","10/20/2017 9:36:39 AM","0000-00","0","no battery","V"
"10/20/2017","11:37:23","5","default","957498349","OXY5","27.751","min","158.722","μmol/L","Humid","20.949","deg","93537","µV","35.885","°C","1018.000","hPa","37.0","pmil","0","55.500","deg","20.000","°C","100.000","%a.s.","22.500","deg","20.000","°C","1013.000","hPa","0.861","-0.02056","0.00035","-0.00011","0","14.7","Humid","26.25","0","52.00","347308.09","SABD0000000001","AAV1.0.0.11","2.0.0.28","PSt7-10","000000-000","10/20/2017 9:36:39 AM","0000-00","0","no battery","V"
"10/20/2017","11:37:24","5","default","957498349","OXY5","27.768","min","158.646","μmol/L","Humid","20.948","deg","93542","µV","35.900","°C","1018.000","hPa","37.0","pmil","0","55.500","deg","20.000","°C","100.000","%a.s.","22.500","deg","20.000","°C","1013.000","hPa","0.861","-0.02056","0.00035","-0.00011","0","14.7","Humid","26.25","0","52.00","347309.19","SABD0000000001","AAV1.0.0.11","2.0.0.28","PSt7-10","000000-000","10/20/2017 9:36:39 AM","0000-00","0","no battery","V"
"10/20/2017","11:37:25","5","default","957498349","OXY5","27.785","min","158.590","μmol/L","Humid","20.952","deg","93546","µV","35.901","°C","1019.000","hPa","37.0","pmil","0","55.500","deg","20.000","°C","100.000","%a.s.","22.500","deg","20.000","°C","1013.000","hPa","0.861","-0.02056","0.00035","-0.00011","0","14.7","Humid","26.25","0","52.00","347317.78","SABD0000000001","AAV1.0.0.11","2.0.0.28","PSt7-10","000000-000","10/20/2017 9:36:39 AM","0000-00","0","no battery","V"
"10/20/2017","11:37:26","5","default","957498349","OXY5","27.801","min","158.695","μmol/L","Humid","20.946","deg","93538","µV","35.897","°C","1018.000","hPa","37.0","pmil","0","55.500","deg","20.000","°C","100.000","%a.s.","22.500","deg","20.000","°C","1013.000","hPa","0.861","-0.02056","0.00035","-0.00011","0","14.7","Humid","26.25","0","52.00","347325.64","SABD0000000001","AAV1.0.0.11","2.0.0.28","PSt7-10","000000-000","10/20/2017 9:36:39 AM","0000-00","0","no battery","V"
"10/20/2017","11:37:27","5","default","957498349","OXY5","27.818","min","158.668","μmol/L","Humid","20.949","deg","93540","µV","35.894","°C","1018.000","hPa","37.0","pmil","0","55.500","deg","20.000","°C","100.000","%a.s.","22.500","deg","20.000","°C","1013.000","hPa","0.861","-0.02056","0.00035","-0.00011","0","14.7","Humid","26.25","0","52.00","347313.54","SABD0000000001","AAV1.0.0.11","2.0.0.28","PSt7-10","000000-000","10/20/2017 9:36:39 AM","0000-00","0","no battery","V"
"10/20/2017","11:37:28","5","default","957498349","OXY5","27.835","min","158.499","μmol/L","Humid","20.952","deg","93532","µV","35.915","°C","1018.000","hPa","37.0","pmil","0","55.500","deg","20.000","°C","100.000","%a.s.","22.500","deg","20.000","°C","1013.000","hPa","0.861","-0.02056","0.00035","-0.00011","0","14.7","Humid","26.25","0","52.00","347312.12","SABD0000000001","AAV1.0.0.11","2.0.0.28","PSt7-10","000000-000","10/20/2017 9:36:39 AM","0000-00","0","no battery","V"
"10/20/2017","11:37:29","5","default","957498349","OXY5","27.851","min","158.594","μmol/L","Humid","20.952","deg","93527","µV","35.899","°C","1018.000","hPa","37.0","pmil","0","55.500","deg","20.000","°C","100.000","%a.s.","22.500","deg","20.000","°C","1013.000","hPa","0.861","-0.02056","0.00035","-0.00011","0","14.7","Humid","26.25","0","52.00","347311.99","SABD0000000001","AAV1.0.0.11","2.0.0.28","PSt7-10","000000-000","10/20/2017 9:36:39 AM","0000-00","0","no battery","V"
"10/20/2017","11:37:30","5","default","957498349","OXY5","27.868","min","158.760","μmol/L","Humid","20.949","deg","93528","µV","35.880","°C","1019.000","hPa","37.0","pmil","0","55.500","deg","20.000","°C","100.000","%a.s.","22.500","deg","20.000","°C","1013.000","hPa","0.861","-0.02056","0.00035","-0.00011","0","14.7","Humid","26.25","0","52.00","347300.38","SABD0000000001","AAV1.0.0.11","2.0.0.28","PSt7-10","000000-000","10/20/2017 9:36:39 AM","0000-00","0","no battery","V"
"10/20/2017","11:37:31","5","default","957498349","OXY5","27.885","min","158.542","μmol/L","Humid","20.952","deg","93527","µV","35.908","°C","1018.000","hPa","37.0","pmil","0","55.500","deg","20.000","°C","100.000","%a.s.","22.500","deg","20.000","°C","1013.000","hPa","0.861","-0.02056","0.00035","-0.00011","0","14.7","Humid","26.25","0","52.00","347307.79","SABD0000000001","AAV1.0.0.11","2.0.0.28","PSt7-10","000000-000","10/20/2017 9:36:39 AM","0000-00","0","no battery","V"
"10/20/2017","11:37:32","5","default","957498349","OXY5","27.901","min","158.723","μmol/L","Humid","20.949","deg","93519","µV","35.886","°C","1019.000","hPa","37.0","pmil","0","55.500","deg","20.000","°C","100.000","%a.s.","22.500","deg","20.000","°C","1013.000","hPa","0.861","-0.02056","0.00035","-0.00011","0","14.7","Humid","26.25","0","52.00","347304.09","SABD0000000001","AAV1.0.0.11","2.0.0.28","PSt7-10","000000-000","10/20/2017 9:36:39 AM","0000-00","0","no battery","V"
"10/20/2017","11:37:33","5","default","957498349","OXY5","27.918","min","158.725","μmol/L","Humid","20.950","deg","93518","µV","35.882","°C","1018.000","hPa","37.0","pmil","0","55.500","deg","20.000","°C","100.000","%a.s.","22.500","deg","20.000","°C","1013.000","hPa","0.861","-0.02056","0.00035","-0.00011","0","14.7","Humid","26.25","0","52.00","347305.02","SABD0000000001","AAV1.0.0.11","2.0.0.28","PSt7-10","000000-000","10/20/2017 9:36:39 AM","0000-00","0","no battery","V"
"10/20/2017","11:37:34","5","default","957498349","OXY5","27.935","min","158.719","μmol/L","Humid","20.946","deg","93513","µV","35.893","°C","1018.000","hPa","37.0","pmil","0","55.500","deg","20.000","°C","100.000","%a.s.","22.500","deg","20.000","°C","1013.000","hPa","0.861","-0.02056","0.00035","-0.00011","0","14.7","Humid","26.25","0","52.00","347284.04","SABD0000000001","AAV1.0.0.11","2.0.0.28","PSt7-10","000000-000","10/20/2017 9:36:39 AM","0000-00","0","no battery","V"
"10/20/2017","11:37:35","5","default","957498349","OXY5","27.951","min","158.700","μmol/L","Humid","20.950","deg","93515","µV","35.886","°C","1018.000","hPa","37.0","pmil","0","55.500","deg","20.000","°C","100.000","%a.s.","22.500","deg","20.000","°C","1013.000","hPa","0.861","-0.02056","0.00035","-0.00011","0","14.7","Humid","26.25","0","52.00","347297.65","SABD0000000001","AAV1.0.0.11","2.0.0.28","PSt7-10","000000-000","10/20/2017 9:36:39 AM","0000-00","0","no battery","V"
"10/20/2017","11:37:36","5","default","957498349","OXY5","27.968","min","158.600","μmol/L","Humid","20.950","deg","93516","µV","35.903","°C","1018.000","hPa","37.0","pmil","0","55.500","deg","20.000","°C","100.000","%a.s.","22.500","deg","20.000","°C","1013.000","hPa","0.861","-0.02056","0.00035","-0.00011","0","14.7","Humid","26.25","0","52.00","347311.49","SABD0000000001","AAV1.0.0.11","2.0.0.28","PSt7-10","000000-000","10/20/2017 9:36:39 AM","0000-00","0","no battery","V"
"10/20/2017","11:37:37","5","default","957498349","OXY5","27.985","min","158.750","μmol/L","Humid","20.950","deg","93506","µV","35.878","°C","1018.000","hPa","37.0","pmil","0","55.500","deg","20.000","°C","100.000","%a.s.","22.500","deg","20.000","°C","1013.000","hPa","0.861","-0.02056","0.00035","-0.00011","0","14.7","Humid","26.25","0","52.00","347294.33","SABD0000000001","AAV1.0.0.11","2.0.0.28","PSt7-10","000000-000","10/20/2017 9:36:39 AM","0000-00","0","no battery","V"
"10/20/2017","11:37:38","5","default","957498349","OXY5","28.002","min","158.739","μmol/L","Humid","20.947","deg","93501","µV","35.887","°C","1018.000","hPa","37.0","pmil","0","55.500","deg","20.000","°C","100.000","%a.s.","22.500","deg","20.000","°C","1013.000","hPa","0.861","-0.02056","0.00035","-0.00011","0","14.7","Humid","26.25","0","52.00","347292.64","SABD0000000001","AAV1.0.0.11","2.0.0.28","PSt7-10","000000-000","10/20/2017 9:36:39 AM","0000-00","0","no battery","V"
"10/20/2017","11:37:39","5","default","957498349","OXY5","28.018","min","158.653","μmol/L","Humid","20.951","deg","93508","µV","35.892","°C","1018.000","hPa","37.0","pmil","0","55.500","deg","20.000","°C","100.000","%a.s.","22.500","deg","20.000","°C","1013.000","hPa","0.861","-0.02056","0.00035","-0.00011","0","14.7","Humid","26.25","0","52.00","347284.64","SABD0000000001","AAV1.0.0.11","2.0.0.28","PSt7-10","000000-000","10/20/2017 9:36:39 AM","0000-00","0","no battery","V"
"10/20/2017","11:37:40","5","default","957498349","OXY5","28.035","min","158.729","μmol/L","Humid","20.948","deg","93506","µV","35.886","°C","1018.000","hPa","37.0","pmil","0","55.500","deg","20.000","°C","100.000","%a.s.","22.500","deg","20.000","°C","1013.000","hPa","0.861","-0.02056","0.00035","-0.00011","0","14.7","Humid","26.25","0","52.00","347299.52","SABD0000000001","AAV1.0.0.11","2.0.0.28","PSt7-10","000000-000","10/20/2017 9:36:39 AM","0000-00","0","no battery","V"
"10/20/2017","11:37:41","5","default","957498349","OXY5","28.052","min","158.671","μmol/L","Humid","20.950","deg","93500","µV","35.891","°C","1018.000","hPa","37.0","pmil","0","55.500","deg","20.000","°C","100.000","%a.s.","22.500","deg","20.000","°C","1013.000","hPa","0.861","-0.02056","0.00035","-0.00011","0","14.7","Humid","26.25","0","52.00","347298.10","SABD0000000001","AAV1.0.0.11","2.0.0.28","PSt7-10","000000-000","10/20/2017 9:36:39 AM","0000-00","0","no battery","V"
"10/20/2017","11:37:42","5","default","957498349","OXY5","28.068","min","158.675","μmol/L","Humid","20.947","deg","93496","µV","35.897","°C","1018.000","hPa","37.0","pmil","0","55.500","deg","20.000","°C","100.000","%a.s.","22.500","deg","20.000","°C","1013.000","hPa","0.861","-0.02056","0.00035","-0.00011","0","14.7","Humid","26.25","0","52.00","347298.01","SABD0000000001","AAV1.0.0.11","2.0.0.28","PSt7-10","000000-000","10/20/2017 9:36:39 AM","0000-00","0","no battery","V"
"10/20/2017","11:37:43","5","default","957498349","OXY5","28.085","min","158.653","μmol/L","Humid","20.951","deg","93501","µV","35.892","°C","1018.000","hPa","37.0","pmil","0","55.500","deg","20.000","°C","100.000","%a.s.","22.500","deg","20.000","°C","1013.000","hPa","0.861","-0.02056","0.00035","-0.00011","0","14.7","Humid","26.25","0","52.00","347297.33","SABD0000000001","AAV1.0.0.11","2.0.0.28","PSt7-10","000000-000","10/20/2017 9:36:39 AM","0000-00","0","no battery","V"
"10/20/2017","11:37:44","5","default","957498349","OXY5","28.102","min","158.692","μmol/L","Humid","20.951","deg","93503","µV","35.885","°C","1018.000","hPa","37.0","pmil","0","55.500","deg","20.000","°C","100.000","%a.s.","22.500","deg","20.000","°C","1013.000","hPa","0.861","-0.02056","0.00035","-0.00011","0","14.7","Humid","26.25","0","52.00","347284.84","SABD0000000001","AAV1.0.0.11","2.0.0.28","PSt7-10","000000-000","10/20/2017 9:36:39 AM","0000-00","0","no battery","V"
"10/20/2017","11:37:45","5","default","957498349","OXY5","28.118","min","158.644","μmol/L","Humid","20.950","deg","93489","µV","35.896","°C","1018.000","hPa","37.0","pmil","0","55.500","deg","20.000","°C","100.000","%a.s.","22.500","deg","20.000","°C","1013.000","hPa","0.861","-0.02056","0.00035","-0.00011","0","14.7","Humid","26.25","0","52.00","347282.04","SABD0000000001","AAV1.0.0.11","2.0.0.28","PSt7-10","000000-000","10/20/2017 9:36:39 AM","0000-00","0","no battery","V"
"10/20/2017","11:37:46","5","default","957498349","OXY5","28.135","min","158.669","μmol/L","Humid","20.947","deg","93498","µV","35.899","°C","1018.000","hPa","37.0","pmil","0","55.500","deg","20.000","°C","100.000","%a.s.","22.500","deg","20.000","°C","1013.000","hPa","0.861","-0.02056","0.00035","-0.00011","0","14.7","Humid","26.25","0","52.00","347285.55","SABD0000000001","AAV1.0.0.11","2.0.0.28","PSt7-10","000000-000","10/20/2017 9:36:39 AM","0000-00","0","no battery","V"
"10/20/2017","11:37:47","5","default","957498349","OXY5","28.152","min","158.627","μmol/L","Humid","20.951","deg","93479","µV","35.896","°C","1018.000","hPa","37.0","pmil","0","55.500","deg","20.000","°C","100.000","%a.s.","22.500","deg","20.000","°C","1013.000","hPa","0.861","-0.02056","0.00035","-0.00011","0","14.7","Humid","26.25","0","52.00","347268.62","SABD0000000001","AAV1.0.0.11","2.0.0.28","PSt7-10","000000-000","10/20/2017 9:36:39 AM","0000-00","0","no battery","V"
"10/20/2017","11:37:48","5","default","957498349","OXY5","28.168","min","158.684","μmol/L","Humid","20.948","deg","93485","µV","35.895","°C","1019.000","hPa","37.0","pmil","0","55.500","deg","20.000","°C","100.000","%a.s.","22.500","deg","20.000","°C","1013.000","hPa","0.861","-0.02056","0.00035","-0.00011","0","14.7","Humid","26.25","0","52.00","347283.39","SABD0000000001","AAV1.0.0.11","2.0.0.28","PSt7-10","000000-000","10/20/2017 9:36:39 AM","0000-00","0","no battery","V"
"10/20/2017","11:37:49","5","default","957498349","OXY5","28.185","min","158.787","μmol/L","Humid","20.945","deg","93476","µV","35.884","°C","1018.000","hPa","37.0","pmil","0","55.500","deg","20.000","°C","100.000","%a.s.","22.500","deg","20.000","°C","1013.000","hPa","0.861","-0.02056","0.00035","-0.00011","0","14.7","Humid","26.25","0","52.00","347284.81","SABD0000000001","AAV1.0.0.11","2.0.0.28","PSt7-10","000000-000","10/20/2017 9:36:39 AM","0000-00","0","no battery","V"
"10/20/2017","11:37:50","5","default","957498349","OXY5","28.202","min","158.655","μmol/L","Humid","20.949","deg","93482","µV","35.896","°C","1018.000","hPa","37.0","pmil","0","55.500","deg","20.000","°C","100.000","%a.s.","22.500","deg","20.000","°C","1013.000","hPa","0.861","-0.02056","0.00035","-0.00011","0","14.7","Humid","26.25","0","52.00","347286.44","SABD0000000001","AAV1.0.0.11","2.0.0.28","PSt7-10","000000-000","10/20/2017 9:36:39 AM","0000-00","0","no battery","V"
"10/20/2017","11:37:51","5","default","957498349","OXY5","28.218","min","158.606","μmol/L","Humid","20.952","deg","93474","µV","35.899","°C","1019.000","hPa","37.0","pmil","0","55.500","deg","20.000","°C","100.000","%a.s.","22.500","deg","20.000","°C","1013.000","hPa","0.861","-0.02056","0.00035","-0.00011","0","14.7","Humid","26.25","0","52.00","347288.96","SABD0000000001","AAV1.0.0.11","2.0.0.28","PSt7-10","000000-000","10/20/2017 9:36:39 AM","0000-00","0","no battery","V"
"10/20/2017","11:37:52","5","default","957498349","OXY5","28.235","min","158.722","μmol/L","Humid","20.945","deg","93480","µV","35.894","°C","1018.000","hPa","37.0","pmil","0","55.500","deg","20.000","°C","100.000","%a.s.","22.500","deg","20.000","°C","1013.000","hPa","0.861","-0.02056","0.00035","-0.00011","0","14.7","Humid","26.25","0","52.00","347277.85","SABD0000000001","AAV1.0.0.11","2.0.0.28","PSt7-10","000000-000","10/20/2017 9:36:39 AM","0000-00","0","no battery","V"
"10/20/2017","11:37:53","5","default","957498349","OXY5","28.251","min","158.663","μmol/L","Humid","20.951","deg","93473","µV","35.890","°C","1018.000","hPa","37.0","pmil","0","55.500","deg","20.000","°C","100.000","%a.s.","22.500","deg","20.000","°C","1013.000","hPa","0.861","-0.02056","0.00035","-0.00011","0","14.7","Humid","26.25","0","52.00","347271.02","SABD0000000001","AAV1.0.0.11","2.0.0.28","PSt7-10","000000-000","10/20/2017 9:36:39 AM","0000-00","0","no battery","V"
"10/20/2017","11:37:54","5","default","957498349","OXY5","28.268","min","158.671","μmol/L","Humid","20.951","deg","93467","µV","35.889","°C","1018.000","hPa","37.0","pmil","0","55.500","deg","20.000","°C","100.000","%a.s.","22.500","deg","20.000","°C","1013.000","hPa","0.861","-0.02056","0.00035","-0.00011","0","14.7","Humid","26.25","0","52.00","347277.18","SABD0000000001","AAV1.0.0.11","2.0.0.28","PSt7-10","000000-000","10/20/2017 9:36:39 AM","0000-00","0","no battery","V"
"10/20/2017","11:37:55","5","default","957498349","OXY5","28.284","min","158.789","μmol/L","Humid","20.947","deg","93468","µV","35.879","°C","1018.000","hPa","37.0","pmil","0","55.500","deg","20.000","°C","100.000","%a.s.","22.500","deg","20.000","°C","1013.000","hPa","0.861","-0.02056","0.00035","-0.00011","0","14.7","Humid","26.25","0","52.00","347267.08","SABD0000000001","AAV1.0.0.11","2.0.0.28","PSt7-10","000000-000","10/20/2017 9:36:39 AM","0000-00","0","no battery","V"
"10/20/2017","11:37:56","5","default","957498349","OXY5","28.301","min","158.826","μmol/L","Humid","20.948","deg","93462","µV","35.870","°C","1018.000","hPa","37.0","pmil","0","55.500","deg","20.000","°C","100.000","%a.s.","22.500","deg","20.000","°C","1013.000","hPa","0.861","-0.02056","0.00035","-0.00011","0","14.7","Humid","26.25","0","52.00","347276.85","SABD0000000001","AAV1.0.0.11","2.0.0.28","PSt7-10","000000-000","10/20/2017 9:36:39 AM","0000-00","0","no battery","V"
"10/20/2017","11:37:57","5","default","957498349","OXY5","28.318","min","158.944","μmol/L","Humid","20.948","deg","93458","µV","35.851","°C","1018.000","hPa","37.0","pmil","0","55.500","deg","20.000","°C","100.000","%a.s.","22.500","deg","20.000","°C","1013.000","hPa","0.861","-0.02056","0.00035","-0.00011","0","14.7","Humid","26.25","0","52.00","347264.50","SABD0000000001","AAV1.0.0.11","2.0.0.28","PSt7-10","000000-000","10/20/2017 9:36:39 AM","0000-00","0","no battery","V"
"10/20/2017","11:37:58","5","default","957498349","OXY5","28.334","min","158.587","μmol/L","Humid","20.950","deg","93454","µV","35.907","°C","1019.000","hPa","37.0","pmil","0","55.500","deg","20.000","°C","100.000","%a.s.","22.500","deg","20.000","°C","1013.000","hPa","0.861","-0.02056","0.00035","-0.00011","0","14.7","Humid","26.25","0","52.00","347260.52","SABD0000000001","AAV1.0.0.11","2.0.0.28","PSt7-10","000000-000","10/20/2017 9:36:39 AM","0000-00","0","no battery","V"
"10/20/2017","11:37:59","5","default","957498349","OXY5","28.351","min","158.715","μmol/L","Humid","20.948","deg","93462","µV","35.888","°C","1018.000","hPa","37.0","pmil","0","55.500","deg","20.000","°C","100.000","%a.s.","22.500","deg","20.000","°C","1013.000","hPa","0.861","-0.02056","0.00035","-0.00011","0","14.7","Humid","26.25","0","52.00","347270.00","SABD0000000001","AAV1.0.0.11","2.0.0.28","PSt7-10","000000-000","10/20/2017 9:36:39 AM","0000-00","0","no battery","V"
"10/20/2017","11:38:00","5","default","957498349","OXY5","28.368","min","158.715","μmol/L","Humid","20.950","deg","93455","µV","35.884","°C","1018.000","hPa","37.0","pmil","0","55.500","deg","20.000","°C","100.000","%a.s.","22.500","deg","20.000","°C","1013.000","hPa","0.861","-0.02056","0.00035","-0.00011","0","14.7","Humid","26.25","0","52.00","347262.37","SABD0000000001","AAV1.0.0.11","2.0.0.28","PSt7-10","000000-000","10/20/2017 9:36:39 AM","0000-00","0","no battery","V"
"10/20/2017","11:38:01","5","default","957498349","OXY5","28.384","min","158.571","μmol/L","Humid","20.950","deg","93453","µV","35.908","°C","1018.000","hPa","37.0","pmil","0","55.500","deg","20.000","°C","100.000","%a.s.","22.500","deg","20.000","°C","1013.000","hPa","0.861","-0.02056","0.00035","-0.00011","0","14.7","Humid","26.25","0","52.00","347267.57","SABD0000000001","AAV1.0.0.11","2.0.0.28","PSt7-10","000000-000","10/20/2017 9:36:39 AM","0000-00","0","no battery","V"
"10/20/2017","11:38:02","5","default","957498349","OXY5","28.401","min","158.558","μmol/L","Humid","20.951","deg","93454","µV","35.907","°C","1018.000","hPa","37.0","pmil","0","55.500","deg","20.000","°C","100.000","%a.s.","22.500","deg","20.000","°C","1013.000","hPa","0.861","-0.02056","0.00035","-0.00011","0","14.7","Humid","26.25","0","52.00","347256.17","SABD0000000001","AAV1.0.0.11","2.0.0.28","PSt7-10","000000-000","10/20/2017 9:36:39 AM","0000-00","0","no battery","V"
"10/20/2017","11:38:03","5","default","957498349","OXY5","28.418","min","158.635","μmol/L","Humid","20.952","deg","93449","µV","35.892","°C","1018.000","hPa","37.0","pmil","0","55.500","deg","20.000","°C","100.000","%a.s.","22.500","deg","20.000","°C","1013.000","hPa","0.861","-0.02056","0.00035","-0.00011","0","14.7","Humid","26.25","0","52.00","347256.27","SABD0000000001","AAV1.0.0.11","2.0.0.28","PSt7-10","000000-000","10/20/2017 9:36:39 AM","0000-00","0","no battery","V"
"10/20/2017","11:38:04","5","default","957498349","OXY5","28.434","min","158.822","μmol/L","Humid","20.946","deg","93457","µV","35.875","°C","1018.000","hPa","37.0","pmil","0","55.500","deg","20.000","°C","100.000","%a.s.","22.500","deg","20.000","°C","1013.000","hPa","0.861","-0.02056","0.00035","-0.00011","0","14.7","Humid","26.25","0","52.00","347265.70","SABD0000000001","AAV1.0.0.11","2.0.0.28","PSt7-10","000000-000","10/20/2017 9:36:39 AM","0000-00","0","no battery","V"
"10/20/2017","11:38:05","5","default","957498349","OXY5","28.451","min","158.657","μmol/L","Humid","20.948","deg","93448","µV","35.898","°C","1018.000","hPa","37.0","pmil","0","55.500","deg","20.000","°C","100.000","%a.s.","22.500","deg","20.000","°C","1013.000","hPa","0.861","-0.02056","0.00035","-0.00011","0","14.7","Humid","26.25","0","52.00","347254.55","SABD0000000001","AAV1.0.0.11","2.0.0.28","PSt7-10","000000-000","10/20/2017 9:36:39 AM","0000-00","0","no battery","V"
"10/20/2017","11:38:06","5","default","957498349","OXY5","28.468","min","158.707","μmol/L","Humid","20.951","deg","93453","µV","35.883","°C","1018.000","hPa","37.0","pmil","0","55.500","deg","20.000","°C","100.000","%a.s.","22.500","deg","20.000","°C","1013.000","hPa","0.861","-0.02056","0.00035","-0.00011","0","14.7","Humid","26.25","0","52.00","347252.68","SABD0000000001","AAV1.0.0.11","2.0.0.28","PSt7-10","000000-000","10/20/2017 9:36:39 AM","0000-00","0","no battery","V"
"10/20/2017","11:38:07","5","default","957498349","OXY5","28.484","min","158.720","μmol/L","Humid","20.950","deg","93442","µV","35.883","°C","1018.000","hPa","37.0","pmil","0","55.500","deg","20.000","°C","100.000","%a.s.","22.500","deg","20.000","°C","1013.000","hPa","0.861","-0.02056","0.00035","-0.00011","0","14.7","Humid","26.25","0","52.00","347258.04","SABD0000000001","AAV1.0.0.11","2.0.0.28","PSt7-10","000000-000","10/20/2017 9:36:39 AM","0000-00","0","no battery","V"
"10/20/2017","11:38:08","5","default","957498349","OXY5","28.501","min","158.607","μmol/L","Humid","20.951","deg","93440","µV","35.899","°C","1018.000","hPa","37.0","pmil","0","55.500","deg","20.000","°C","100.000","%a.s.","22.500","deg","20.000","°C","1013.000","hPa","0.861","-0.02056","0.00035","-0.00011","0","14.7","Humid","26.25","0","52.00","347257.47","SABD0000000001","AAV1.0.0.11","2.0.0.28","PSt7-10","000000-000","10/20/2017 9:36:39 AM","0000-00","0","no battery","V"
"10/20/2017","11:38:09","5","default","957498349","OXY5","28.518","min","158.651","μmol/L","Humid","20.948","deg","93438","µV","35.901","°C","1019.000","hPa","37.0","pmil","0","55.500","deg","20.000","°C","100.000","%a.s.","22.500","deg","20.000","°C","1013.000","hPa","0.861","-0.02056","0.00035","-0.00011","0","14.7","Humid","26.25","0","52.00","347262.14","SABD0000000001","AAV1.0.0.11","2.0.0.28","PSt7-10","000000-000","10/20/2017 9:36:39 AM","0000-00","0","no battery","V"
"10/20/2017","11:38:10","5","default","957498349","OXY5","28.534","min","158.783","μmol/L","Humid","20.947","deg","93445","µV","35.880","°C","1018.000","hPa","37.0","pmil","0","55.500","deg","20.000","°C","100.000","%a.s.","22.500","deg","20.000","°C","1013.000","hPa","0.861","-0.02056","0.00035","-0.00011","0","14.7","Humid","26.25","0","52.00","347248.90","SABD0000000001","AAV1.0.0.11","2.0.0.28","PSt7-10","000000-000","10/20/2017 9:36:39 AM","0000-00","0","no battery","V"
"10/20/2017","11:38:11","5","default","957498349","OXY5","28.551","min","158.556","μmol/L","Humid","20.946","deg","93446","µV","35.920","°C","1018.000","hPa","37.0","pmil","0","55.500","deg","20.000","°C","100.000","%a.s.","22.500","deg","20.000","°C","1013.000","hPa","0.861","-0.02056","0.00035","-0.00011","0","14.7","Humid","26.25","0","52.00","347255.81","SABD0000000001","AAV1.0.0.11","2.0.0.28","PSt7-10","000000-000","10/20/2017 9:36:39 AM","0000-00","0","no battery","V"
"10/20/2017","11:38:12","5","default","957498349","OXY5","28.568","min","158.668","μmol/L","Humid","20.950","deg","93438","µV","35.892","°C","1018.000","hPa","37.0","pmil","0","55.500","deg","20.000","°C","100.000","%a.s.","22.500","deg","20.000","°C","1013.000","hPa","0.861","-0.02056","0.00035","-0.00011","0","14.7","Humid","26.25","0","52.00","347244.50","SABD0000000001","AAV1.0.0.11","2.0.0.28","PSt7-10","000000-000","10/20/2017 9:36:39 AM","0000-00","0","no battery","V"
"10/20/2017","11:38:13","5","default","957498349","OXY5","28.588","min","158.631","μmol/L","Humid","20.948","deg","93446","µV","35.902","°C","1018.000","hPa","37.0","pmil","0","55.500","deg","20.000","°C","100.000","%a.s.","22.500","deg","20.000","°C","1013.000","hPa","0.861","-0.02056","0.00035","-0.00011","0","14.7","Humid","26.25","0","52.00","347272.14","SABD0000000001","AAV1.0.0.11","2.0.0.28","PSt7-10","000000-000","10/20/2017 9:36:39 AM","0000-00","0","no battery","V"
"10/20/2017","11:38:14","5","default","957498349","OXY5","28.602","min","158.630","μmol/L","Humid","20.951","deg","93442","µV","35.895","°C","1018.000","hPa","37.0","pmil","0","55.500","deg","20.000","°C","100.000","%a.s.","22.500","deg","20.000","°C","1013.000","hPa","0.861","-0.02056","0.00035","-0.00011","0","14.7","Humid","26.25","0","52.00","347239.47","SABD0000000001","AAV1.0.0.11","2.0.0.28","PSt7-10","000000-000","10/20/2017 9:36:39 AM","0000-00","0","no battery","V"
"10/20/2017","11:38:15","5","default","957498349","OXY5","28.618","min","158.676","μmol/L","Humid","20.947","deg","93439","µV","35.897","°C","1018.000","hPa","37.0","pmil","0","55.500","deg","20.000","°C","100.000","%a.s.","22.500","deg","20.000","°C","1013.000","hPa","0.861","-0.02056","0.00035","-0.00011","0","14.7","Humid","26.25","0","52.00","347246.69","SABD0000000001","AAV1.0.0.11","2.0.0.28","PSt7-10","000000-000","10/20/2017 9:36:39 AM","0000-00","0","no battery","V"
"10/20/2017","11:38:16","5","default","957498349","OXY5","28.635","min","158.741","μmol/L","Humid","20.945","deg","93442","µV","35.891","°C","1018.000","hPa","37.0","pmil","0","55.500","deg","20.000","°C","100.000","%a.s.","22.500","deg","20.000","°C","1013.000","hPa","0.861","-0.02056","0.00035","-0.00011","0","14.7","Humid","26.25","0","52.00","347260.55","SABD0000000001","AAV1.0.0.11","2.0.0.28","PSt7-10","000000-000","10/20/2017 9:36:39 AM","0000-00","0","no battery","V"
"10/20/2017","11:38:17","5","default","957498349","OXY5","28.652","min","158.692","μmol/L","Humid","20.949","deg","93447","µV","35.892","°C","1019.000","hPa","37.0","pmil","0","55.500","deg","20.000","°C","100.000","%a.s.","22.500","deg","20.000","°C","1013.000","hPa","0.861","-0.02056","0.00035","-0.00011","0","14.7","Humid","26.25","0","52.00","347234.24","SABD0000000001","AAV1.0.0.11","2.0.0.28","PSt7-10","000000-000","10/20/2017 9:36:39 AM","0000-00","0","no battery","V"
"10/20/2017","11:38:18","5","default","957498349","OXY5","28.668","min","158.892","μmol/L","Humid","20.946","deg","93439","µV","35.864","°C","1018.000","hPa","37.0","pmil","0","55.500","deg","20.000","°C","100.000","%a.s.","22.500","deg","20.000","°C","1013.000","hPa","0.861","-0.02056","0.00035","-0.00011","0","14.7","Humid","26.25","0","52.00","347235.21","SABD0000000001","AAV1.0.0.11","2.0.0.28","PSt7-10","000000-000","10/20/2017 9:36:39 AM","0000-00","0","no battery","V"
"10/20/2017","11:38:19","5","default","957498349","OXY5","28.684","min","158.577","μmol/L","Humid","20.950","deg","93439","µV","35.907","°C","1018.000","hPa","37.0","pmil","0","55.500","deg","20.000","°C","100.000","%a.s.","22.500","deg","20.000","°C","1013.000","hPa","0.861","-0.02056","0.00035","-0.00011","0","14.7","Humid","26.25","0","52.00","347243.98","SABD0000000001","AAV1.0.0.11","2.0.0.28","PSt7-10","000000-000","10/20/2017 9:36:39 AM","0000-00","0","no battery","V"
"10/20/2017","11:38:20","5","default","957498349","OXY5","28.701","min","158.521","μmol/L","Humid","20.950","deg","93433","µV","35.916","°C","1018.000","hPa","37.0","pmil","0","55.500","deg","20.000","°C","100.000","%a.s.","22.500","deg","20.000","°C","1013.000","hPa","0.861","-0.02056","0.00035","-0.00011","0","14.7","Humid","26.25","0","52.00","347232.60","SABD0000000001","AAV1.0.0.11","2.0.0.28","PSt7-10","000000-000","10/20/2017 9:36:39 AM","0000-00","0","no battery","V"
"10/20/2017","11:38:21","5","default","957498349","OXY5","28.718","min","158.711","μmol/L","Humid","20.948","deg","93435","µV","35.889","°C","1018.000","hPa","37.0","pmil","0","55.500","deg","20.000","°C","100.000","%a.s.","22.500","deg","20.000","°C","1013.000","hPa","0.861","-0.02056","0.00035","-0.00011","0","14.7","Humid","26.25","0","52.00","347241.63","SABD0000000001","AAV1.0.0.11","2.0.0.28","PSt7-10","000000-000","10/20/2017 9:36:39 AM","0000-00","0","no battery","V"
"10/20/2017","11:38:22","5","default","957498349","OXY5","28.734","min","158.732","μmol/L","Humid","20.949","deg","93436","µV","35.883","°C","1018.000","hPa","37.0","pmil","0","55.500","deg","20.000","°C","100.000","%a.s.","22.500","deg","20.000","°C","1013.000","hPa","0.861","-0.02056","0.00035","-0.00011","0","14.7","Humid","26.25","0","52.00","347248.29","SABD0000000001","AAV1.0.0.11","2.0.0.28","PSt7-10","000000-000","10/20/2017 9:36:39 AM","0000-00","0","no battery","V"
"10/20/2017","11:38:23","5","default","957498349","OXY5","28.751","min","158.721","μmol/L","Humid","20.945","deg","93425","µV","35.895","°C","1018.000","hPa","37.0","pmil","0","55.500","deg","20.000","°C","100.000","%a.s.","22.500","deg","20.000","°C","1013.000","hPa","0.861","-0.02056","0.00035","-0.00011","0","14.7","Humid","26.25","0","52.00","347236.21","SABD0000000001","AAV1.0.0.11","2.0.0.28","PSt7-10","000000-000","10/20/2017 9:36:39 AM","0000-00","0","no battery","V"
"10/20/2017","11:38:24","5","default","957498349","OXY5","28.768","min","158.654","μmol/L","Humid","20.951","deg","93427","µV","35.891","°C","1018.000","hPa","37.0","pmil","0","55.500","deg","20.000","°C","100.000","%a.s.","22.500","deg","20.000","°C","1013.000","hPa","0.861","-0.02056","0.00035","-0.00011","0","14.7","Humid","26.25","0","52.00","347235.98","SABD0000000001","AAV1.0.0.11","2.0.0.28","PSt7-10","000000-000","10/20/2017 9:36:39 AM","0000-00","0","no battery","V"
"10/20/2017","11:38:25","5","default","957498349","OXY5","28.784","min","158.644","μmol/L","Humid","20.948","deg","93428","µV","35.900","°C","1018.000","hPa","37.0","pmil","0","55.500","deg","20.000","°C","100.000","%a.s.","22.500","deg","20.000","°C","1013.000","hPa","0.861","-0.02056","0.00035","-0.00011","0","14.7","Humid","26.25","0","52.00","347226.46","SABD0000000001","AAV1.0.0.11","2.0.0.28","PSt7-10","000000-000","10/20/2017 9:36:39 AM","0000-00","0","no battery","V"
"10/20/2017","11:38:26","5","default","957498349","OXY5","28.801","min","158.686","μmol/L","Humid","20.947","deg","93418","µV","35.896","°C","1018.000","hPa","37.0","pmil","0","55.500","deg","20.000","°C","100.000","%a.s.","22.500","deg","20.000","°C","1013.000","hPa","0.861","-0.02056","0.00035","-0.00011","0","14.7","Humid","26.25","0","52.00","347219.00","SABD0000000001","AAV1.0.0.11","2.0.0.28","PSt7-10","000000-000","10/20/2017 9:36:39 AM","0000-00","0","no battery","V"
"10/20/2017","11:38:27","5","default","957498349","OXY5","28.818","min","158.715","μmol/L","Humid","20.947","deg","93426","µV","35.891","°C","1018.000","hPa","37.0","pmil","0","55.500","deg","20.000","°C","100.000","%a.s.","22.500","deg","20.000","°C","1013.000","hPa","0.861","-0.02056","0.00035","-0.00011","0","14.7","Humid","26.25","0","52.00","347221.34","SABD0000000001","AAV1.0.0.11","2.0.0.28","PSt7-10","000000-000","10/20/2017 9:36:39 AM","0000-00","0","no battery","V"
"10/20/2017","11:38:28","5","default","957498349","OXY5","28.835","min","158.770","μmol/L","Humid","20.948","deg","93424","µV","35.879","°C","1018.000","hPa","37.0","pmil","0","55.500","deg","20.000","°C","100.000","%a.s.","22.500","deg","20.000","°C","1013.000","hPa","0.861","-0.02056","0.00035","-0.00011","0","14.7","Humid","26.25","0","52.00","347223.91","SABD0000000001","AAV1.0.0.11","2.0.0.28","PSt7-10","000000-000","10/20/2017 9:36:39 AM","0000-00","0","no battery","V"
"10/20/2017","11:38:29","5","default","957498349","OXY5","28.851","min","158.576","μmol/L","Humid","20.946","deg","93419","µV","35.916","°C","1018.000","hPa","37.0","pmil","0","55.500","deg","20.000","°C","100.000","%a.s.","22.500","deg","20.000","°C","1013.000","hPa","0.861","-0.02056","0.00035","-0.00011","0","14.7","Humid","26.25","0","52.00","347228.23","SABD0000000001","AAV1.0.0.11","2.0.0.28","PSt7-10","000000-000","10/20/2017 9:36:39 AM","0000-00","0","no battery","V"
"10/20/2017","11:38:30","5","default","957498349","OXY5","28.868","min","158.577","μmol/L","Humid","20.946","deg","93421","µV","35.916","°C","1018.000","hPa","37.0","pmil","0","55.500","deg","20.000","°C","100.000","%a.s.","22.500","deg","20.000","°C","1013.000","hPa","0.861","-0.02056","0.00035","-0.00011","0","14.7","Humid","26.25","0","52.00","347231.81","SABD0000000001","AAV1.0.0.11","2.0.0.28","PSt7-10","000000-000","10/20/2017 9:36:39 AM","0000-00","0","no battery","V"
"10/20/2017","11:38:31","5","default","957498349","OXY5","28.884","min","158.511","μmol/L","Humid","20.949","deg","93415","µV","35.920","°C","1018.000","hPa","37.0","pmil","0","55.500","deg","20.000","°C","100.000","%a.s.","22.500","deg","20.000","°C","1013.000","hPa","0.861","-0.02056","0.00035","-0.00011","0","14.7","Humid","26.25","0","52.00","347216.06","SABD0000000001","AAV1.0.0.11","2.0.0.28","PSt7-10","000000-000","10/20/2017 9:36:39 AM","0000-00","0","no battery","V"
"10/20/2017","11:38:32","5","default","957498349","OXY5","28.901","min","158.611","μmol/L","Humid","20.950","deg","93422","µV","35.901","°C","1018.000","hPa","37.0","pmil","0","55.500","deg","20.000","°C","100.000","%a.s.","22.500","deg","20.000","°C","1013.000","hPa","0.861","-0.02056","0.00035","-0.00011","0","14.7","Humid","26.25","0","52.00","347231.46","SABD0000000001","AAV1.0.0.11","2.0.0.28","PSt7-10","000000-000","10/20/2017 9:36:39 AM","0000-00","0","no battery","V"
"10/20/2017","11:38:33","5","default","957498349","OXY5","28.918","min","158.758","μmol/L","Humid","20.947","deg","93412","µV","35.884","°C","1018.000","hPa","37.0","pmil","0","55.500","deg","20.000","°C","100.000","%a.s.","22.500","deg","20.000","°C","1013.000","hPa","0.861","-0.02056","0.00035","-0.00011","0","14.7","Humid","26.25","0","52.00","347222.27","SABD0000000001","AAV1.0.0.11","2.0.0.28","PSt7-10","000000-000","10/20/2017 9:36:39 AM","0000-00","0","no battery","V"
"10/20/2017","11:38:34","5","default","957498349","OXY5","28.934","min","158.704","μmol/L","Humid","20.949","deg","93408","µV","35.888","°C","1018.000","hPa","37.0","pmil","0","55.500","deg","20.000","°C","100.000","%a.s.","22.500","deg","20.000","°C","1013.000","hPa","0.861","-0.02056","0.00035","-0.00011","0","14.7","Humid","26.25","0","52.00","347217.92","SABD0000000001","AAV1.0.0.11","2.0.0.28","PSt7-10","000000-000","10/20/2017 9:36:39 AM","0000-00","0","no battery","V"
"10/20/2017","11:38:35","5","default","957498349","OXY5","28.951","min","158.796","μmol/L","Humid","20.949","deg","93410","µV","35.873","°C","1018.000","hPa","37.0","pmil","0","55.500","deg","20.000","°C","100.000","%a.s.","22.500","deg","20.000","°C","1013.000","hPa","0.861","-0.02056","0.00035","-0.00011","0","14.7","Humid","26.25","0","52.00","347219.01","SABD0000000001","AAV1.0.0.11","2.0.0.28","PSt7-10","000000-000","10/20/2017 9:36:39 AM","0000-00","0","no battery","V"
"10/20/2017","11:38:36","5","default","957498349","OXY5","28.968","min","158.773","μmol/L","Humid","20.947","deg","93409","µV","35.881","°C","1018.000","hPa","37.0","pmil","0","55.500","deg","20.000","°C","100.000","%a.s.","22.500","deg","20.000","°C","1013.000","hPa","0.861","-0.02056","0.00035","-0.00011","0","14.7","Humid","26.25","0","52.00","347227.70","SABD0000000001","AAV1.0.0.11","2.0.0.28","PSt7-10","000000-000","10/20/2017 9:36:39 AM","0000-00","0","no battery","V"
"10/20/2017","11:38:37","5","default","957498349","OXY5","28.984","min","158.760","μmol/L","Humid","20.944","deg","93399","µV","35.890","°C","1018.000","hPa","37.0","pmil","0","55.500","deg","20.000","°C","100.000","%a.s.","22.500","deg","20.000","°C","1013.000","hPa","0.861","-0.02056","0.00035","-0.00011","0","14.7","Humid","26.25","0","52.00","347212.25","SABD0000000001","AAV1.0.0.11","2.0.0.28","PSt7-10","000000-000","10/20/2017 9:36:39 AM","0000-00","0","no battery","V"
"10/20/2017","11:38:38","5","default","957498349","OXY5","29.001","min","158.744","μmol/L","Humid","20.949","deg","93393","µV","35.881","°C","1018.000","hPa","37.0","pmil","0","55.500","deg","20.000","°C","100.000","%a.s.","22.500","deg","20.000","°C","1013.000","hPa","0.861","-0.02056","0.00035","-0.00011","0","14.7","Humid","26.25","0","52.00","347203.73","SABD0000000001","AAV1.0.0.11","2.0.0.28","PSt7-10","000000-000","10/20/2017 9:36:39 AM","0000-00","0","no battery","V"
"10/20/2017","11:38:39","5","default","957498349","OXY5","29.018","min","158.588","μmol/L","Humid","20.950","deg","93396","µV","35.905","°C","1018.000","hPa","37.0","pmil","0","55.500","deg","20.000","°C","100.000","%a.s.","22.500","deg","20.000","°C","1013.000","hPa","0.861","-0.02056","0.00035","-0.00011","0","14.7","Humid","26.25","0","52.00","347202.01","SABD0000000001","AAV1.0.0.11","2.0.0.28","PSt7-10","000000-000","10/20/2017 9:36:39 AM","0000-00","0","no battery","V"
"10/20/2017","11:38:40","5","default","957498349","OXY5","29.034","min","158.657","μmol/L","Humid","20.947","deg","93396","µV","35.900","°C","1018.000","hPa","37.0","pmil","0","55.500","deg","20.000","°C","100.000","%a.s.","22.500","deg","20.000","°C","1013.000","hPa","0.861","-0.02056","0.00035","-0.00011","0","14.7","Humid","26.25","0","52.00","347224.49","SABD0000000001","AAV1.0.0.11","2.0.0.28","PSt7-10","000000-000","10/20/2017 9:36:39 AM","0000-00","0","no battery","V"
"10/20/2017","11:38:41","5","default","957498349","OXY5","29.051","min","158.639","μmol/L","Humid","20.950","deg","93396","µV","35.896","°C","1018.000","hPa","37.0","pmil","0","55.500","deg","20.000","°C","100.000","%a.s.","22.500","deg","20.000","°C","1013.000","hPa","0.861","-0.02056","0.00035","-0.00011","0","14.7","Humid","26.25","0","52.00","347226.35","SABD0000000001","AAV1.0.0.11","2.0.0.28","PSt7-10","000000-000","10/20/2017 9:36:39 AM","0000-00","0","no battery","V"
"10/20/2017","11:38:42","5","default","957498349","OXY5","29.068","min","158.736","μmol/L","Humid","20.943","deg","93401","µV","35.897","°C","1018.000","hPa","37.0","pmil","0","55.500","deg","20.000","°C","100.000","%a.s.","22.500","deg","20.000","°C","1013.000","hPa","0.861","-0.02056","0.00035","-0.00011","0","14.7","Humid","26.25","0","52.00","347218.39","SABD0000000001","AAV1.0.0.11","2.0.0.28","PSt7-10","000000-000","10/20/2017 9:36:39 AM","0000-00","0","no battery","V"
"10/20/2017","11:38:43","5","default","957498349","OXY5","29.084","min","158.536","μmol/L","Humid","20.952","deg","93390","µV","35.909","°C","1018.000","hPa","37.0","pmil","0","55.500","deg","20.000","°C","100.000","%a.s.","22.500","deg","20.000","°C","1013.000","hPa","0.861","-0.02056","0.00035","-0.00011","0","14.7","Humid","26.25","0","52.00","347216.57","SABD0000000001","AAV1.0.0.11","2.0.0.28","PSt7-10","000000-000","10/20/2017 9:36:39 AM","0000-00","0","no battery","V"
"10/20/2017","11:38:44","5","default","957498349","OXY5","29.101","min","158.709","μmol/L","Humid","20.946","deg","93385","µV","35.894","°C","1018.000","hPa","37.0","pmil","0","55.500","deg","20.000","°C","100.000","%a.s.","22.500","deg","20.000","°C","1013.000","hPa","0.861","-0.02056","0.00035","-0.00011","0","14.7","Humid","26.25","0","52.00","347220.45","SABD0000000001","AAV1.0.0.11","2.0.0.28","PSt7-10","000000-000","10/20/2017 9:36:39 AM","0000-00","0","no battery","V"
"10/20/2017","11:38:45","5","default","957498349","OXY5","29.118","min","158.578","μmol/L","Humid","20.950","deg","93389","µV","35.907","°C","1018.000","hPa","37.0","pmil","0","55.500","deg","20.000","°C","100.000","%a.s.","22.500","deg","20.000","°C","1013.000","hPa","0.861","-0.02056","0.00035","-0.00011","0","14.7","Humid","26.25","0","52.00","347224.25","SABD0000000001","AAV1.0.0.11","2.0.0.28","PSt7-10","000000-000","10/20/2017 9:36:39 AM","0000-00","0","no battery","V"
"10/20/2017","11:38:46","5","default","957498349","OXY5","29.134","min","158.639","μmol/L","Humid","20.948","deg","93382","µV","35.901","°C","1018.000","hPa","37.0","pmil","0","55.500","deg","20.000","°C","100.000","%a.s.","22.500","deg","20.000","°C","1013.000","hPa","0.861","-0.02056","0.00035","-0.00011","0","14.7","Humid","26.25","0","52.00","347225.41","SABD0000000001","AAV1.0.0.11","2.0.0.28","PSt7-10","000000-000","10/20/2017 9:36:39 AM","0000-00","0","no battery","V"
"10/20/2017","11:38:47","5","default","957498349","OXY5","29.151","min","158.703","μmol/L","Humid","20.946","deg","93384","µV","35.895","°C","1018.000","hPa","37.0","pmil","0","55.500","deg","20.000","°C","100.000","%a.s.","22.500","deg","20.000","°C","1013.000","hPa","0.861","-0.02056","0.00035","-0.00011","0","14.7","Humid","26.25","0","52.00","347229.30","SABD0000000001","AAV1.0.0.11","2.0.0.28","PSt7-10","000000-000","10/20/2017 9:36:39 AM","0000-00","0","no battery","V"
"10/20/2017","11:38:48","5","default","957498349","OXY5","29.168","min","158.758","μmol/L","Humid","20.949","deg","93378","µV","35.879","°C","1018.000","hPa","37.0","pmil","0","55.500","deg","20.000","°C","100.000","%a.s.","22.500","deg","20.000","°C","1013.000","hPa","0.861","-0.02056","0.00035","-0.00011","0","14.7","Humid","26.25","0","52.00","347226.25","SABD0000000001","AAV1.0.0.11","2.0.0.28","PSt7-10","000000-000","10/20/2017 9:36:39 AM","0000-00","0","no battery","V"
"10/20/2017","11:38:49","5","default","957498349","OXY5","29.184","min","158.681","μmol/L","Humid","20.946","deg","93373","µV","35.899","°C","1018.000","hPa","37.0","pmil","0","55.500","deg","20.000","°C","100.000","%a.s.","22.500","deg","20.000","°C","1013.000","hPa","0.861","-0.02056","0.00035","-0.00011","0","14.7","Humid","26.25","0","52.00","347203.44","SABD0000000001","AAV1.0.0.11","2.0.0.28","PSt7-10","000000-000","10/20/2017 9:36:39 AM","0000-00","0","no battery","V"
"10/20/2017","11:38:50","5","default","957498349","OXY5","29.201","min","158.706","μmol/L","Humid","20.950","deg","93371","µV","35.885","°C","1018.000","hPa","37.0","pmil","0","55.500","deg","20.000","°C","100.000","%a.s.","22.500","deg","20.000","°C","1013.000","hPa","0.861","-0.02056","0.00035","-0.00011","0","14.7","Humid","26.25","0","52.00","347218.19","SABD0000000001","AAV1.0.0.11","2.0.0.28","PSt7-10","000000-000","10/20/2017 9:36:39 AM","0000-00","0","no battery","V"
"10/20/2017","11:38:51","5","default","957498349","OXY5","29.218","min","158.596","μmol/L","Humid","20.948","deg","93366","µV","35.908","°C","1018.000","hPa","37.0","pmil","0","55.500","deg","20.000","°C","100.000","%a.s.","22.500","deg","20.000","°C","1013.000","hPa","0.861","-0.02056","0.00035","-0.00011","0","14.7","Humid","26.25","0","52.00","347213.97","SABD0000000001","AAV1.0.0.11","2.0.0.28","PSt7-10","000000-000","10/20/2017 9:36:39 AM","0000-00","0","no battery","V"
"10/20/2017","11:38:52","5","default","957498349","OXY5","29.234","min","158.664","μmol/L","Humid","20.948","deg","93369","µV","35.897","°C","1018.000","hPa","37.0","pmil","0","55.500","deg","20.000","°C","100.000","%a.s.","22.500","deg","20.000","°C","1013.000","hPa","0.861","-0.02056","0.00035","-0.00011","0","14.7","Humid","26.25","0","52.00","347219.78","SABD0000000001","AAV1.0.0.11","2.0.0.28","PSt7-10","000000-000","10/20/2017 9:36:39 AM","0000-00","0","no battery","V"
"10/20/2017","11:38:53","5","default","957498349","OXY5","29.251","min","158.461","μmol/L","Humid","20.952","deg","93366","µV","35.921","°C","1018.000","hPa","37.0","pmil","0","55.500","deg","20.000","°C","100.000","%a.s.","22.500","deg","20.000","°C","1013.000","hPa","0.861","-0.02056","0.00035","-0.00011","0","14.7","Humid","26.25","0","52.00","347203.91","SABD0000000001","AAV1.0.0.11","2.0.0.28","PSt7-10","000000-000","10/20/2017 9:36:39 AM","0000-00","0","no battery","V"
"10/20/2017","11:38:54","5","default","957498349","OXY5","29.268","min","158.686","μmol/L","Humid","20.947","deg","93366","µV","35.896","°C","1018.000","hPa","37.0","pmil","0","55.500","deg","20.000","°C","100.000","%a.s.","22.500","deg","20.000","°C","1013.000","hPa","0.861","-0.02056","0.00035","-0.00011","0","14.7","Humid","26.25","0","52.00","347210.01","SABD0000000001","AAV1.0.0.11","2.0.0.28","PSt7-10","000000-000","10/20/2017 9:36:39 AM","0000-00","0","no battery","V"
"10/20/2017","11:38:55","5","default","957498349","OXY5","29.284","min","158.596","μmol/L","Humid","20.952","deg","93365","µV","35.899","°C","1018.000","hPa","37.0","pmil","0","55.500","deg","20.000","°C","100.000","%a.s.","22.500","deg","20.000","°C","1013.000","hPa","0.861","-0.02056","0.00035","-0.00011","0","14.7","Humid","26.25","0","52.00","347213.51","SABD0000000001","AAV1.0.0.11","2.0.0.28","PSt7-10","000000-000","10/20/2017 9:36:39 AM","0000-00","0","no battery","V"
"10/20/2017","11:38:56","5","default","957498349","OXY5","29.301","min","158.661","μmol/L","Humid","20.946","deg","93366","µV","35.902","°C","1018.000","hPa","37.0","pmil","0","55.500","deg","20.000","°C","100.000","%a.s.","22.500","deg","20.000","°C","1013.000","hPa","0.861","-0.02056","0.00035","-0.00011","0","14.7","Humid","26.25","0","52.00","347213.64","SABD0000000001","AAV1.0.0.11","2.0.0.28","PSt7-10","000000-000","10/20/2017 9:36:39 AM","0000-00","0","no battery","V"
"10/20/2017","11:38:57","5","default","957498349","OXY5","29.318","min","158.752","μmol/L","Humid","20.945","deg","93359","µV","35.890","°C","1018.000","hPa","37.0","pmil","0","55.500","deg","20.000","°C","100.000","%a.s.","22.500","deg","20.000","°C","1013.000","hPa","0.861","-0.02056","0.00035","-0.00011","0","14.7","Humid","26.25","0","52.00","347209.88","SABD0000000001","AAV1.0.0.11","2.0.0.28","PSt7-10","000000-000","10/20/2017 9:36:39 AM","0000-00","0","no battery","V"
"10/20/2017","11:38:58","5","default","957498349","OXY5","29.334","min","158.605","μmol/L","Humid","20.945","deg","93353","µV","35.914","°C","1018.000","hPa","37.0","pmil","0","55.500","deg","20.000","°C","100.000","%a.s.","22.500","deg","20.000","°C","1013.000","hPa","0.861","-0.02056","0.00035","-0.00011","0","14.7","Humid","26.25","0","52.00","347209.04","SABD0000000001","AAV1.0.0.11","2.0.0.28","PSt7-10","000000-000","10/20/2017 9:36:39 AM","0000-00","0","no battery","V"
"10/20/2017","11:38:59","5","default","957498349","OXY5","29.351","min","158.698","μmol/L","Humid","20.945","deg","93359","µV","35.898","°C","1018.000","hPa","37.0","pmil","0","55.500","deg","20.000","°C","100.000","%a.s.","22.500","deg","20.000","°C","1013.000","hPa","0.861","-0.02056","0.00035","-0.00011","0","14.7","Humid","26.25","0","52.00","347202.11","SABD0000000001","AAV1.0.0.11","2.0.0.28","PSt7-10","000000-000","10/20/2017 9:36:39 AM","0000-00","0","no battery","V"
"10/20/2017","11:39:00","5","default","957498349","OXY5","29.368","min","158.553","μmol/L","Humid","20.951","deg","93352","µV","35.908","°C","1018.000","hPa","37.0","pmil","0","55.500","deg","20.000","°C","100.000","%a.s.","22.500","deg","20.000","°C","1013.000","hPa","0.861","-0.02056","0.00035","-0.00011","0","14.7","Humid","26.25","0","52.00","347202.15","SABD0000000001","AAV1.0.0.11","2.0.0.28","PSt7-10","000000-000","10/20/2017 9:36:39 AM","0000-00","0","no battery","V"
"10/20/2017","11:39:01","5","default","957498349","OXY5","29.384","min","158.710","μmol/L","Humid","20.947","deg","93348","µV","35.892","°C","1018.000","hPa","37.0","pmil","0","55.500","deg","20.000","°C","100.000","%a.s.","22.500","deg","20.000","°C","1013.000","hPa","0.861","-0.02056","0.00035","-0.00011","0","14.7","Humid","26.25","0","52.00","347198.08","SABD0000000001","AAV1.0.0.11","2.0.0.28","PSt7-10","000000-000","10/20/2017 9:36:39 AM","0000-00","0","no battery","V"
"10/20/2017","11:39:02","5","default","957498349","OXY5","29.401","min","158.663","μmol/L","Humid","20.947","deg","93346","µV","35.900","°C","1018.000","hPa","37.0","pmil","0","55.500","deg","20.000","°C","100.000","%a.s.","22.500","deg","20.000","°C","1013.000","hPa","0.861","-0.02056","0.00035","-0.00011","0","14.7","Humid","26.25","0","52.00","347189.82","SABD0000000001","AAV1.0.0.11","2.0.0.28","PSt7-10","000000-000","10/20/2017 9:36:39 AM","0000-00","0","no battery","V"
"10/20/2017","11:39:03","5","default","957498349","OXY5","29.418","min","158.754","μmol/L","Humid","20.947","deg","93347","µV","35.884","°C","1018.000","hPa","37.0","pmil","0","55.500","deg","20.000","°C","100.000","%a.s.","22.500","deg","20.000","°C","1013.000","hPa","0.861","-0.02056","0.00035","-0.00011","0","14.7","Humid","26.25","0","52.00","347191.85","SABD0000000001","AAV1.0.0.11","2.0.0.28","PSt7-10","000000-000","10/20/2017 9:36:39 AM","0000-00","0","no battery","V"
"10/20/2017","11:39:04","5","default","957498349","OXY5","29.434","min","158.744","μmol/L","Humid","20.947","deg","93341","µV","35.886","°C","1018.000","hPa","37.0","pmil","0","55.500","deg","20.000","°C","100.000","%a.s.","22.500","deg","20.000","°C","1013.000","hPa","0.861","-0.02056","0.00035","-0.00011","0","14.7","Humid","26.25","0","52.00","347197.67","SABD0000000001","AAV1.0.0.11","2.0.0.28","PSt7-10","000000-000","10/20/2017 9:36:39 AM","0000-00","0","no battery","V"
"10/20/2017","11:39:05","5","default","957498349","OXY5","29.451","min","158.632","μmol/L","Humid","20.949","deg","93336","µV","35.900","°C","1018.000","hPa","37.0","pmil","0","55.500","deg","20.000","°C","100.000","%a.s.","22.500","deg","20.000","°C","1013.000","hPa","0.861","-0.02056","0.00035","-0.00011","0","14.7","Humid","26.25","0","52.00","347193.48","SABD0000000001","AAV1.0.0.11","2.0.0.28","PSt7-10","000000-000","10/20/2017 9:36:39 AM","0000-00","0","no battery","V"
"10/20/2017","11:39:06","5","default","957498349","OXY5","29.468","min","158.750","μmol/L","Humid","20.949","deg","93339","µV","35.880","°C","1018.000","hPa","37.0","pmil","0","55.500","deg","20.000","°C","100.000","%a.s.","22.500","deg","20.000","°C","1013.000","hPa","0.861","-0.02056","0.00035","-0.00011","0","14.7","Humid","26.25","0","52.00","347200.06","SABD0000000001","AAV1.0.0.11","2.0.0.28","PSt7-10","000000-000","10/20/2017 9:36:39 AM","0000-00","0","no battery","V"
"10/20/2017","11:39:07","5","default","957498349","OXY5","29.484","min","158.678","μmol/L","Humid","20.946","deg","93334","µV","35.899","°C","1018.000","hPa","37.0","pmil","0","55.500","deg","20.000","°C","100.000","%a.s.","22.500","deg","20.000","°C","1013.000","hPa","0.861","-0.02056","0.00035","-0.00011","0","14.7","Humid","26.25","0","52.00","347181.79","SABD0000000001","AAV1.0.0.11","2.0.0.28","PSt7-10","000000-000","10/20/2017 9:36:39 AM","0000-00","0","no battery","V"
"10/20/2017","11:39:08","5","default","957498349","OXY5","29.501","min","158.661","μmol/L","Humid","20.944","deg","93330","µV","35.907","°C","1018.000","hPa","37.0","pmil","0","55.500","deg","20.000","°C","100.000","%a.s.","22.500","deg","20.000","°C","1013.000","hPa","0.861","-0.02056","0.00035","-0.00011","0","14.7","Humid","26.25","0","52.00","347189.25","SABD0000000001","AAV1.0.0.11","2.0.0.28","PSt7-10","000000-000","10/20/2017 9:36:39 AM","0000-00","0","no battery","V"
"10/20/2017","11:39:09","5","default","957498349","OXY5","29.518","min","158.746","μmol/L","Humid","20.945","deg","93318","µV","35.890","°C","1018.000","hPa","37.0","pmil","0","55.500","deg","20.000","°C","100.000","%a.s.","22.500","deg","20.000","°C","1013.000","hPa","0.861","-0.02056","0.00035","-0.00011","0","14.7","Humid","26.25","0","52.00","347178.35","SABD0000000001","AAV1.0.0.11","2.0.0.28","PSt7-10","000000-000","10/20/2017 9:36:39 AM","0000-00","0","no battery","V"
"10/20/2017","11:39:10","5","default","957498349","OXY5","29.534","min","158.742","μmol/L","Humid","20.946","deg","93319","µV","35.889","°C","1018.000","hPa","37.0","pmil","0","55.500","deg","20.000","°C","100.000","%a.s.","22.500","deg","20.000","°C","1013.000","hPa","0.861","-0.02056","0.00035","-0.00011","0","14.7","Humid","26.25","0","52.00","347187.65","SABD0000000001","AAV1.0.0.11","2.0.0.28","PSt7-10","000000-000","10/20/2017 9:36:39 AM","0000-00","0","no battery","V"
"10/20/2017","11:39:11","5","default","957498349","OXY5","29.551","min","158.706","μmol/L","Humid","20.943","deg","93318","µV","35.902","°C","1018.000","hPa","37.0","pmil","0","55.500","deg","20.000","°C","100.000","%a.s.","22.500","deg","20.000","°C","1013.000","hPa","0.861","-0.02056","0.00035","-0.00011","0","14.7","Humid","26.25","0","52.00","347181.39","SABD0000000001","AAV1.0.0.11","2.0.0.28","PSt7-10","000000-000","10/20/2017 9:36:39 AM","0000-00","0","no battery","V"
"10/20/2017","11:39:12","5","default","957498349","OXY5","29.568","min","158.679","μmol/L","Humid","20.950","deg","93316","µV","35.890","°C","1018.000","hPa","37.0","pmil","0","55.500","deg","20.000","°C","100.000","%a.s.","22.500","deg","20.000","°C","1013.000","hPa","0.861","-0.02056","0.00035","-0.00011","0","14.7","Humid","26.25","0","52.00","347179.72","SABD0000000001","AAV1.0.0.11","2.0.0.28","PSt7-10","000000-000","10/20/2017 9:36:39 AM","0000-00","0","no battery","V"
"10/20/2017","11:39:13","5","default","957498349","OXY5","29.584","min","158.667","μmol/L","Humid","20.948","deg","93315","µV","35.897","°C","1018.000","hPa","37.0","pmil","0","55.500","deg","20.000","°C","100.000","%a.s.","22.500","deg","20.000","°C","1013.000","hPa","0.861","-0.02056","0.00035","-0.00011","0","14.7","Humid","26.25","0","52.00","347188.80","SABD0000000001","AAV1.0.0.11","2.0.0.28","PSt7-10","000000-000","10/20/2017 9:36:39 AM","0000-00","0","no battery","V"
"10/20/2017","11:39:14","5","default","957498349","OXY5","29.601","min","158.803","μmol/L","Humid","20.945","deg","93308","µV","35.881","°C","1018.000","hPa","37.0","pmil","0","55.500","deg","20.000","°C","100.000","%a.s.","22.500","deg","20.000","°C","1013.000","hPa","0.861","-0.02056","0.00035","-0.00011","0","14.7","Humid","26.25","0","52.00","347186.19","SABD0000000001","AAV1.0.0.11","2.0.0.28","PSt7-10","000000-000","10/20/2017 9:36:39 AM","0000-00","0","no battery","V"
"10/20/2017","11:39:15","5","default","957498349","OXY5","29.618","min","158.826","μmol/L","Humid","20.946","deg","93312","µV","35.875","°C","1018.000","hPa","37.0","pmil","0","55.500","deg","20.000","°C","100.000","%a.s.","22.500","deg","20.000","°C","1013.000","hPa","0.861","-0.02056","0.00035","-0.00011","0","14.7","Humid","26.25","0","52.00","347183.92","SABD0000000001","AAV1.0.0.11","2.0.0.28","PSt7-10","000000-000","10/20/2017 9:36:39 AM","0000-00","0","no battery","V"
"10/20/2017","11:39:16","5","default","957498349","OXY5","29.634","min","158.756","μmol/L","Humid","20.949","deg","93297","µV","35.879","°C","1018.000","hPa","37.0","pmil","0","55.500","deg","20.000","°C","100.000","%a.s.","22.500","deg","20.000","°C","1013.000","hPa","0.861","-0.02056","0.00035","-0.00011","0","14.7","Humid","26.25","0","52.00","347178.18","SABD0000000001","AAV1.0.0.11","2.0.0.28","PSt7-10","000000-000","10/20/2017 9:36:39 AM","0000-00","0","no battery","V"
"10/20/2017","11:39:17","5","default","957498349","OXY5","29.651","min","158.524","μmol/L","Humid","20.951","deg","93295","µV","35.913","°C","1018.000","hPa","37.0","pmil","0","55.500","deg","20.000","°C","100.000","%a.s.","22.500","deg","20.000","°C","1013.000","hPa","0.861","-0.02056","0.00035","-0.00011","0","14.7","Humid","26.25","0","52.00","347171.94","SABD0000000001","AAV1.0.0.11","2.0.0.28","PSt7-10","000000-000","10/20/2017 9:36:39 AM","0000-00","0","no battery","V"
"10/20/2017","11:39:18","5","default","957498349","OXY5","29.668","min","158.548","μmol/L","Humid","20.950","deg","93304","µV","35.912","°C","1018.000","hPa","37.0","pmil","0","55.500","deg","20.000","°C","100.000","%a.s.","22.500","deg","20.000","°C","1013.000","hPa","0.861","-0.02056","0.00035","-0.00011","0","14.7","Humid","26.25","0","52.00","347174.59","SABD0000000001","AAV1.0.0.11","2.0.0.28","PSt7-10","000000-000","10/20/2017 9:36:39 AM","0000-00","0","no battery","V"
"10/20/2017","11:39:19","5","default","957498349","OXY5","29.684","min","158.685","μmol/L","Humid","20.945","deg","93294","µV","35.901","°C","1018.000","hPa","37.0","pmil","0","55.500","deg","20.000","°C","100.000","%a.s.","22.500","deg","20.000","°C","1013.000","hPa","0.861","-0.02056","0.00035","-0.00011","0","14.7","Humid","26.25","0","52.00","347174.29","SABD0000000001","AAV1.0.0.11","2.0.0.28","PSt7-10","000000-000","10/20/2017 9:36:39 AM","0000-00","0","no battery","V"
"10/20/2017","11:39:20","5","default","957498349","OXY5","29.701","min","158.574","μmol/L","Humid","20.949","deg","93290","µV","35.910","°C","1018.000","hPa","37.0","pmil","0","55.500","deg","20.000","°C","100.000","%a.s.","22.500","deg","20.000","°C","1013.000","hPa","0.861","-0.02056","0.00035","-0.00011","0","14.7","Humid","26.25","0","52.00","347185.54","SABD0000000001","AAV1.0.0.11","2.0.0.28","PSt7-10","000000-000","10/20/2017 9:36:39 AM","0000-00","0","no battery","V"
"10/20/2017","11:39:21","5","default","957498349","OXY5","29.718","min","158.661","μmol/L","Humid","20.947","deg","93284","µV","35.900","°C","1018.000","hPa","37.0","pmil","0","55.500","deg","20.000","°C","100.000","%a.s.","22.500","deg","20.000","°C","1013.000","hPa","0.861","-0.02056","0.00035","-0.00011","0","14.7","Humid","26.25","0","52.00","347165.54","SABD0000000001","AAV1.0.0.11","2.0.0.28","PSt7-10","000000-000","10/20/2017 9:36:39 AM","0000-00","0","no battery","V"
"10/20/2017","11:39:22","5","default","957498349","OXY5","29.734","min","158.583","μmol/L","Humid","20.949","deg","93280","µV","35.908","°C","1018.000","hPa","37.0","pmil","0","55.500","deg","20.000","°C","100.000","%a.s.","22.500","deg","20.000","°C","1013.000","hPa","0.861","-0.02056","0.00035","-0.00011","0","14.7","Humid","26.25","0","52.00","347188.17","SABD0000000001","AAV1.0.0.11","2.0.0.28","PSt7-10","000000-000","10/20/2017 9:36:39 AM","0000-00","0","no battery","V"
"10/20/2017","11:39:23","5","default","957498349","OXY5","29.751","min","158.591","μmol/L","Humid","20.946","deg","93276","µV","35.914","°C","1018.000","hPa","37.0","pmil","0","55.500","deg","20.000","°C","100.000","%a.s.","22.500","deg","20.000","°C","1013.000","hPa","0.861","-0.02056","0.00035","-0.00011","0","14.7","Humid","26.25","0","52.00","347157.96","SABD0000000001","AAV1.0.0.11","2.0.0.28","PSt7-10","000000-000","10/20/2017 9:36:39 AM","0000-00","0","no battery","V"
"10/20/2017","11:39:24","5","default","957498349","OXY5","29.768","min","158.785","μmol/L","Humid","20.947","deg","93273","µV","35.879","°C","1018.000","hPa","37.0","pmil","0","55.500","deg","20.000","°C","100.000","%a.s.","22.500","deg","20.000","°C","1013.000","hPa","0.861","-0.02056","0.00035","-0.00011","0","14.7","Humid","26.25","0","52.00","347169.37","SABD0000000001","AAV1.0.0.11","2.0.0.28","PSt7-10","000000-000","10/20/2017 9:36:39 AM","0000-00","0","no battery","V"
"10/20/2017","11:39:25","5","default","957498349","OXY5","29.784","min","158.785","μmol/L","Humid","20.945","deg","93274","µV","35.884","°C","1018.000","hPa","37.0","pmil","0","55.500","deg","20.000","°C","100.000","%a.s.","22.500","deg","20.000","°C","1013.000","hPa","0.861","-0.02056","0.00035","-0.00011","0","14.7","Humid","26.25","0","52.00","347161.55","SABD0000000001","AAV1.0.0.11","2.0.0.28","PSt7-10","000000-000","10/20/2017 9:36:39 AM","0000-00","0","no battery","V"
"10/20/2017","11:39:26","5","default","957498349","OXY5","29.801","min","158.810","μmol/L","Humid","20.941","deg","93270","µV","35.889","°C","1018.000","hPa","37.0","pmil","0","55.500","deg","20.000","°C","100.000","%a.s.","22.500","deg","20.000","°C","1013.000","hPa","0.861","-0.02056","0.00035","-0.00011","0","14.7","Humid","26.25","0","52.00","347173.95","SABD0000000001","AAV1.0.0.11","2.0.0.28","PSt7-10","000000-000","10/20/2017 9:36:39 AM","0000-00","0","no battery","V"
"10/20/2017","11:39:27","5","default","957498349","OXY5","29.818","min","158.561","μmol/L","Humid","20.948","deg","93263","µV","35.914","°C","1018.000","hPa","37.0","pmil","0","55.500","deg","20.000","°C","100.000","%a.s.","22.500","deg","20.000","°C","1013.000","hPa","0.861","-0.02056","0.00035","-0.00011","0","14.7","Humid","26.25","0","52.00","347163.71","SABD0000000001","AAV1.0.0.11","2.0.0.28","PSt7-10","000000-000","10/20/2017 9:36:39 AM","0000-00","0","no battery","V"
"10/20/2017","11:39:28","5","default","957498349","OXY5","29.834","min","158.653","μmol/L","Humid","20.948","deg","93265","µV","35.899","°C","1018.000","hPa","37.0","pmil","0","55.500","deg","20.000","°C","100.000","%a.s.","22.500","deg","20.000","°C","1013.000","hPa","0.861","-0.02056","0.00035","-0.00011","0","14.7","Humid","26.25","0","52.00","347143.36","SABD0000000001","AAV1.0.0.11","2.0.0.28","PSt7-10","000000-000","10/20/2017 9:36:39 AM","0000-00","0","no battery","V"
"10/20/2017","11:39:29","5","default","957498349","OXY5","29.851","min","158.650","μmol/L","Humid","20.946","deg","93268","µV","35.904","°C","1018.000","hPa","37.0","pmil","0","55.500","deg","20.000","°C","100.000","%a.s.","22.500","deg","20.000","°C","1013.000","hPa","0.861","-0.02056","0.00035","-0.00011","0","14.7","Humid","26.25","0","52.00","347161.29","SABD0000000001","AAV1.0.0.11","2.0.0.28","PSt7-10","000000-000","10/20/2017 9:36:39 AM","0000-00","0","no battery","V"
"10/20/2017","11:39:30","5","default","957498349","OXY5","29.868","min","158.636","μmol/L","Humid","20.948","deg","93256","µV","35.902","°C","1018.000","hPa","37.0","pmil","0","55.500","deg","20.000","°C","100.000","%a.s.","22.500","deg","20.000","°C","1013.000","hPa","0.861","-0.02056","0.00035","-0.00011","0","14.7","Humid","26.25","0","52.00","347165.72","SABD0000000001","AAV1.0.0.11","2.0.0.28","PSt7-10","000000-000","10/20/2017 9:36:39 AM","0000-00","0","no battery","V"
"10/20/2017","11:39:31","5","default","957498349","OXY5","29.884","min","158.616","μmol/L","Humid","20.945","deg","93260","µV","35.912","°C","1018.000","hPa","37.0","pmil","0","55.500","deg","20.000","°C","100.000","%a.s.","22.500","deg","20.000","°C","1013.000","hPa","0.861","-0.02056","0.00035","-0.00011","0","14.7","Humid","26.25","0","52.00","347154.85","SABD0000000001","AAV1.0.0.11","2.0.0.28","PSt7-10","000000-000","10/20/2017 9:36:39 AM","0000-00","0","no battery","V"
"10/20/2017","11:39:32","5","default","957498349","OXY5","29.901","min","158.575","μmol/L","Humid","20.946","deg","93250","µV","35.916","°C","1018.000","hPa","37.0","pmil","0","55.500","deg","20.000","°C","100.000","%a.s.","22.500","deg","20.000","°C","1013.000","hPa","0.861","-0.02056","0.00035","-0.00011","0","14.7","Humid","26.25","0","52.00","347156.19","SABD0000000001","AAV1.0.0.11","2.0.0.28","PSt7-10","000000-000","10/20/2017 9:36:39 AM","0000-00","0","no battery","V"
"10/20/2017","11:39:33","5","default","957498349","OXY5","29.918","min","158.608","μmol/L","Humid","20.948","deg","93250","µV","35.906","°C","1018.000","hPa","37.0","pmil","0","55.500","deg","20.000","°C","100.000","%a.s.","22.500","deg","20.000","°C","1013.000","hPa","0.861","-0.02056","0.00035","-0.00011","0","14.7","Humid","26.25","0","52.00","347143.36","SABD0000000001","AAV1.0.0.11","2.0.0.28","PSt7-10","000000-000","10/20/2017 9:36:39 AM","0000-00","0","no battery","V"
"10/20/2017","11:39:34","5","default","957498349","OXY5","29.934","min","158.684","μmol/L","Humid","20.950","deg","93250","µV","35.889","°C","1018.000","hPa","37.0","pmil","0","55.500","deg","20.000","°C","100.000","%a.s.","22.500","deg","20.000","°C","1013.000","hPa","0.861","-0.02056","0.00035","-0.00011","0","14.7","Humid","26.25","0","52.00","347142.90","SABD0000000001","AAV1.0.0.11","2.0.0.28","PSt7-10","000000-000","10/20/2017 9:36:39 AM","0000-00","0","no battery","V"
"10/20/2017","11:39:35","5","default","957498349","OXY5","29.951","min","158.752","μmol/L","Humid","20.947","deg","93238","µV","35.885","°C","1018.000","hPa","37.0","pmil","0","55.500","deg","20.000","°C","100.000","%a.s.","22.500","deg","20.000","°C","1013.000","hPa","0.861","-0.02056","0.00035","-0.00011","0","14.7","Humid","26.25","0","52.00","347157.23","SABD0000000001","AAV1.0.0.11","2.0.0.28","PSt7-10","000000-000","10/20/2017 9:36:39 AM","0000-00","0","no battery","V"
"10/20/2017","11:39:36","5","default","957498349","OXY5","29.968","min","158.600","μmol/L","Humid","20.946","deg","93240","µV","35.912","°C","1018.000","hPa","37.0","pmil","0","55.500","deg","20.000","°C","100.000","%a.s.","22.500","deg","20.000","°C","1013.000","hPa","0.861","-0.02056","0.00035","-0.00011","0","14.7","Humid","26.25","0","52.00","347153.67","SABD0000000001","AAV1.0.0.11","2.0.0.28","PSt7-10","000000-000","10/20/2017 9:36:39 AM","0000-00","0","no battery","V"
"10/20/2017","11:39:37","5","default","957498349","OXY5","29.984","min","158.645","μmol/L","Humid","20.945","deg","93238","µV","35.907","°C","1018.000","hPa","37.0","pmil","0","55.500","deg","20.000","°C","100.000","%a.s.","22.500","deg","20.000","°C","1013.000","hPa","0.861","-0.02056","0.00035","-0.00011","0","14.7","Humid","26.25","0","52.00","347144.65","SABD0000000001","AAV1.0.0.11","2.0.0.28","PSt7-10","000000-000","10/20/2017 9:36:39 AM","0000-00","0","no battery","V"
"10/20/2017","11:39:38","5","default","957498349","OXY5","30.001","min","158.646","μmol/L","Humid","20.943","deg","93234","µV","35.912","°C","1018.000","hPa","37.0","pmil","0","55.500","deg","20.000","°C","100.000","%a.s.","22.500","deg","20.000","°C","1013.000","hPa","0.861","-0.02056","0.00035","-0.00011","0","14.7","Humid","26.25","0","52.00","347139.33","SABD0000000001","AAV1.0.0.11","2.0.0.28","PSt7-10","000000-000","10/20/2017 9:36:39 AM","0000-00","0","no battery","V"
"10/20/2017","11:39:39","5","default","957498349","OXY5","30.018","min","158.749","μmol/L","Humid","20.944","deg","93235","µV","35.892","°C","1018.000","hPa","37.0","pmil","0","55.500","deg","20.000","°C","100.000","%a.s.","22.500","deg","20.000","°C","1013.000","hPa","0.861","-0.02056","0.00035","-0.00011","0","14.7","Humid","26.25","0","52.00","347145.31","SABD0000000001","AAV1.0.0.11","2.0.0.28","PSt7-10","000000-000","10/20/2017 9:36:39 AM","0000-00","0","no battery","V"
"10/20/2017","11:39:40","5","default","957498349","OXY5","30.034","min","158.629","μmol/L","Humid","20.946","deg","93232","µV","35.908","°C","1018.000","hPa","37.0","pmil","0","55.500","deg","20.000","°C","100.000","%a.s.","22.500","deg","20.000","°C","1013.000","hPa","0.861","-0.02056","0.00035","-0.00011","0","14.7","Humid","26.25","0","52.00","347140.50","SABD0000000001","AAV1.0.0.11","2.0.0.28","PSt7-10","000000-000","10/20/2017 9:36:39 AM","0000-00","0","no battery","V"
"10/20/2017","11:39:41","5","default","957498349","OXY5","30.051","min","158.622","μmol/L","Humid","20.947","deg","93220","µV","35.906","°C","1018.000","hPa","37.0","pmil","0","55.500","deg","20.000","°C","100.000","%a.s.","22.500","deg","20.000","°C","1013.000","hPa","0.861","-0.02056","0.00035","-0.00011","0","14.7","Humid","26.25","0","52.00","347141.37","SABD0000000001","AAV1.0.0.11","2.0.0.28","PSt7-10","000000-000","10/20/2017 9:36:39 AM","0000-00","0","no battery","V"
"10/20/2017","11:39:42","5","default","957498349","OXY5","30.068","min","158.753","μmol/L","Humid","20.944","deg","93226","µV","35.892","°C","1018.000","hPa","37.0","pmil","0","55.500","deg","20.000","°C","100.000","%a.s.","22.500","deg","20.000","°C","1013.000","hPa","0.861","-0.02056","0.00035","-0.00011","0","14.7","Humid","26.25","0","52.00","347132.90","SABD0000000001","AAV1.0.0.11","2.0.0.28","PSt7-10","000000-000","10/20/2017 9:36:39 AM","0000-00","0","no battery","V"
"10/20/2017","11:39:43","5","default","957498349","OXY5","30.084","min","158.711","μmol/L","Humid","20.947","deg","93229","µV","35.892","°C","1018.000","hPa","37.0","pmil","0","55.500","deg","20.000","°C","100.000","%a.s.","22.500","deg","20.000","°C","1013.000","hPa","0.861","-0.02056","0.00035","-0.00011","0","14.7","Humid","26.25","0","52.00","347135.29","SABD0000000001","AAV1.0.0.11","2.0.0.28","PSt7-10","000000-000","10/20/2017 9:36:39 AM","0000-00","0","no battery","V"
"10/20/2017","11:39:44","5","default","957498349","OXY5","30.101","min","158.616","μmol/L","Humid","20.948","deg","93221","µV","35.905","°C","1018.000","hPa","37.0","pmil","0","55.500","deg","20.000","°C","100.000","%a.s.","22.500","deg","20.000","°C","1013.000","hPa","0.861","-0.02056","0.00035","-0.00011","0","14.7","Humid","26.25","0","52.00","347136.10","SABD0000000001","AAV1.0.0.11","2.0.0.28","PSt7-10","000000-000","10/20/2017 9:36:39 AM","0000-00","0","no battery","V"
"10/20/2017","11:39:45","5","default","957498349","OXY5","30.118","min","158.684","μmol/L","Humid","20.946","deg","93221","µV","35.898","°C","1018.000","hPa","37.0","pmil","0","55.500","deg","20.000","°C","100.000","%a.s.","22.500","deg","20.000","°C","1013.000","hPa","0.861","-0.02056","0.00035","-0.00011","0","14.7","Humid","26.25","0","52.00","347133.74","SABD0000000001","AAV1.0.0.11","2.0.0.28","PSt7-10","000000-000","10/20/2017 9:36:39 AM","0000-00","0","no battery","V"
"10/20/2017","11:39:46","5","default","957498349","OXY5","30.134","min","158.595","μmol/L","Humid","20.946","deg","93218","µV","35.913","°C","1018.000","hPa","37.0","pmil","0","55.500","deg","20.000","°C","100.000","%a.s.","22.500","deg","20.000","°C","1013.000","hPa","0.861","-0.02056","0.00035","-0.00011","0","14.7","Humid","26.25","0","52.00","347125.32","SABD0000000001","AAV1.0.0.11","2.0.0.28","PSt7-10","000000-000","10/20/2017 9:36:39 AM","0000-00","0","no battery","V"
"10/20/2017","11:39:47","5","default","957498349","OXY5","30.151","min","158.604","μmol/L","Humid","20.946","deg","93207","µV","35.912","°C","1018.000","hPa","37.0","pmil","0","55.500","deg","20.000","°C","100.000","%a.s.","22.500","deg","20.000","°C","1013.000","hPa","0.861","-0.02056","0.00035","-0.00011","0","14.7","Humid","26.25","0","52.00","347113.84","SABD0000000001","AAV1.0.0.11","2.0.0.28","PSt7-10","000000-000","10/20/2017 9:36:39 AM","0000-00","0","no battery","V"
"10/20/2017","11:39:48","5","default","957498349","OXY5","30.168","min","158.740","μmol/L","Humid","20.948","deg","93211","µV","35.884","°C","1018.000","hPa","37.0","pmil","0","55.500","deg","20.000","°C","100.000","%a.s.","22.500","deg","20.000","°C","1013.000","hPa","0.861","-0.02056","0.00035","-0.00011","0","14.7","Humid","26.25","0","52.00","347122.28","SABD0000000001","AAV1.0.0.11","2.0.0.28","PSt7-10","000000-000","10/20/2017 9:36:39 AM","0000-00","0","no battery","V"
"10/20/2017","11:39:49","5","default","957498349","OXY5","30.184","min","158.631","μmol/L","Humid","20.947","deg","93200","µV","35.905","°C","1018.000","hPa","37.0","pmil","0","55.500","deg","20.000","°C","100.000","%a.s.","22.500","deg","20.000","°C","1013.000","hPa","0.861","-0.02056","0.00035","-0.00011","0","14.7","Humid","26.25","0","52.00","347128.30","SABD0000000001","AAV1.0.0.11","2.0.0.28","PSt7-10","000000-000","10/20/2017 9:36:39 AM","0000-00","0","no battery","V"
"10/20/2017","11:39:50","5","default","957498349","OXY5","30.201","min","158.583","μmol/L","Humid","20.948","deg","93203","µV","35.910","°C","1018.000","hPa","37.0","pmil","0","55.500","deg","20.000","°C","100.000","%a.s.","22.500","deg","20.000","°C","1013.000","hPa","0.861","-0.02056","0.00035","-0.00011","0","14.7","Humid","26.25","0","52.00","347136.23","SABD0000000001","AAV1.0.0.11","2.0.0.28","PSt7-10","000000-000","10/20/2017 9:36:39 AM","0000-00","0","no battery","V"
"10/20/2017","11:39:51","5","default","957498349","OXY5","30.218","min","158.759","μmol/L","Humid","20.946","deg","93199","µV","35.886","°C","1018.000","hPa","37.0","pmil","0","55.500","deg","20.000","°C","100.000","%a.s.","22.500","deg","20.000","°C","1013.000","hPa","0.861","-0.02056","0.00035","-0.00011","0","14.7","Humid","26.25","0","52.00","347122.49","SABD0000000001","AAV1.0.0.11","2.0.0.28","PSt7-10","000000-000","10/20/2017 9:36:39 AM","0000-00","0","no battery","V"
"10/20/2017","11:39:52","5","default","957498349","OXY5","30.234","min","158.700","μmol/L","Humid","20.945","deg","93201","µV","35.898","°C","1018.000","hPa","37.0","pmil","0","55.500","deg","20.000","°C","100.000","%a.s.","22.500","deg","20.000","°C","1013.000","hPa","0.861","-0.02056","0.00035","-0.00011","0","14.7","Humid","26.25","0","52.00","347130.51","SABD0000000001","AAV1.0.0.11","2.0.0.28","PSt7-10","000000-000","10/20/2017 9:36:39 AM","0000-00","0","no battery","V"
"10/20/2017","11:39:53","5","default","957498349","OXY5","30.251","min","158.830","μmol/L","Humid","20.943","deg","93189","µV","35.881","°C","1018.000","hPa","37.0","pmil","0","55.500","deg","20.000","°C","100.000","%a.s.","22.500","deg","20.000","°C","1013.000","hPa","0.861","-0.02056","0.00035","-0.00011","0","14.7","Humid","26.25","0","52.00","347132.12","SABD0000000001","AAV1.0.0.11","2.0.0.28","PSt7-10","000000-000","10/20/2017 9:36:39 AM","0000-00","0","no battery","V"
"10/20/2017","11:39:54","5","default","957498349","OXY5","30.268","min","158.701","μmol/L","Humid","20.949","deg","93191","µV","35.888","°C","1018.000","hPa","37.0","pmil","0","55.500","deg","20.000","°C","100.000","%a.s.","22.500","deg","20.000","°C","1013.000","hPa","0.861","-0.02056","0.00035","-0.00011","0","14.7","Humid","26.25","0","52.00","347112.50","SABD0000000001","AAV1.0.0.11","2.0.0.28","PSt7-10","000000-000","10/20/2017 9:36:39 AM","0000-00","0","no battery","V"
"10/20/2017","11:39:55","5","default","957498349","OXY5","30.284","min","158.601","μmol/L","Humid","20.946","deg","93190","µV","35.912","°C","1018.000","hPa","37.0","pmil","0","55.500","deg","20.000","°C","100.000","%a.s.","22.500","deg","20.000","°C","1013.000","hPa","0.861","-0.02056","0.00035","-0.00011","0","14.7","Humid","26.25","0","52.00","347116.08","SABD0000000001","AAV1.0.0.11","2.0.0.28","PSt7-10","000000-000","10/20/2017 9:36:39 AM","0000-00","0","no battery","V"
"10/20/2017","11:39:56","5","default","957498349","OXY5","30.301","min","158.653","μmol/L","Humid","20.945","deg","93178","µV","35.906","°C","1018.000","hPa","37.0","pmil","0","55.500","deg","20.000","°C","100.000","%a.s.","22.500","deg","20.000","°C","1013.000","hPa","0.861","-0.02056","0.00035","-0.00011","0","14.7","Humid","26.25","0","52.00","347116.32","SABD0000000001","AAV1.0.0.11","2.0.0.28","PSt7-10","000000-000","10/20/2017 9:36:39 AM","0000-00","0","no battery","V"
"10/20/2017","11:39:57","5","default","957498349","OXY5","30.318","min","158.622","μmol/L","Humid","20.944","deg","93180","µV","35.914","°C","1018.000","hPa","37.0","pmil","0","55.500","deg","20.000","°C","100.000","%a.s.","22.500","deg","20.000","°C","1013.000","hPa","0.861","-0.02056","0.00035","-0.00011","0","14.7","Humid","26.25","0","52.00","347133.83","SABD0000000001","AAV1.0.0.11","2.0.0.28","PSt7-10","000000-000","10/20/2017 9:36:39 AM","0000-00","0","no battery","V"
"10/20/2017","11:39:58","5","default","957498349","OXY5","30.334","min","158.646","μmol/L","Humid","20.942","deg","93180","µV","35.914","°C","1018.000","hPa","37.0","pmil","0","55.500","deg","20.000","°C","100.000","%a.s.","22.500","deg","20.000","°C","1013.000","hPa","0.861","-0.02056","0.00035","-0.00011","0","14.7","Humid","26.25","0","52.00","347119.09","SABD0000000001","AAV1.0.0.11","2.0.0.28","PSt7-10","000000-000","10/20/2017 9:36:39 AM","0000-00","0","no battery","V"
"10/20/2017","11:39:59","5","default","957498349","OXY5","30.351","min","158.637","μmol/L","Humid","20.948","deg","93177","µV","35.901","°C","1018.000","hPa","37.0","pmil","0","55.500","deg","20.000","°C","100.000","%a.s.","22.500","deg","20.000","°C","1013.000","hPa","0.861","-0.02056","0.00035","-0.00011","0","14.7","Humid","26.25","0","52.00","347121.08","SABD0000000001","AAV1.0.0.11","2.0.0.28","PSt7-10","000000-000","10/20/2017 9:36:39 AM","0000-00","0","no battery","V"
"10/20/2017","11:40:00","5","default","957498349","OXY5","30.368","min","158.752","μmol/L","Humid","20.945","deg","93162","µV","35.889","°C","1018.000","hPa","37.0","pmil","0","55.500","deg","20.000","°C","100.000","%a.s.","22.500","deg","20.000","°C","1013.000","hPa","0.861","-0.02056","0.00035","-0.00011","0","14.7","Humid","26.25","0","52.00","347098.29","SABD0000000001","AAV1.0.0.11","2.0.0.28","PSt7-10","000000-000","10/20/2017 9:36:39 AM","0000-00","0","no battery","V"
"10/20/2017","11:40:01","5","default","957498349","OXY5","30.384","min","158.762","μmol/L","Humid","20.945","deg","93165","µV","35.888","°C","1018.000","hPa","37.0","pmil","0","55.500","deg","20.000","°C","100.000","%a.s.","22.500","deg","20.000","°C","1013.000","hPa","0.861","-0.02056","0.00035","-0.00011","0","14.7","Humid","26.25","0","52.00","347101.92","SABD0000000001","AAV1.0.0.11","2.0.0.28","PSt7-10","000000-000","10/20/2017 9:36:39 AM","0000-00","0","no battery","V"
"10/20/2017","11:40:02","5","default","957498349","OXY5","30.401","min","158.741","μmol/L","Humid","20.944","deg","93170","µV","35.894","°C","1018.000","hPa","37.0","pmil","0","55.500","deg","20.000","°C","100.000","%a.s.","22.500","deg","20.000","°C","1013.000","hPa","0.861","-0.02056","0.00035","-0.00011","0","14.7","Humid","26.25","0","52.00","347099.57","SABD0000000001","AAV1.0.0.11","2.0.0.28","PSt7-10","000000-000","10/20/2017 9:36:39 AM","0000-00","0","no battery","V"
"10/20/2017","11:40:03","5","default","957498349","OXY5","30.418","min","158.634","μmol/L","Humid","20.943","deg","93167","µV","35.914","°C","1018.000","hPa","37.0","pmil","0","55.500","deg","20.000","°C","100.000","%a.s.","22.500","deg","20.000","°C","1013.000","hPa","0.861","-0.02056","0.00035","-0.00011","0","14.7","Humid","26.25","0","52.00","347109.32","SABD0000000001","AAV1.0.0.11","2.0.0.28","PSt7-10","000000-000","10/20/2017 9:36:39 AM","0000-00","0","no battery","V"
"10/20/2017","11:40:04","5","default","957498349","OXY5","30.434","min","158.630","μmol/L","Humid","20.945","deg","93160","µV","35.910","°C","1018.000","hPa","37.0","pmil","0","55.500","deg","20.000","°C","100.000","%a.s.","22.500","deg","20.000","°C","1013.000","hPa","0.861","-0.02056","0.00035","-0.00011","0","14.7","Humid","26.25","0","52.00","347094.61","SABD0000000001","AAV1.0.0.11","2.0.0.28","PSt7-10","000000-000","10/20/2017 9:36:39 AM","0000-00","0","no battery","V"
"10/20/2017","11:40:05","5","default","957498349","OXY5","30.451","min","158.625","μmol/L","Humid","20.946","deg","93168","µV","35.908","°C","1018.000","hPa","37.0","pmil","0","55.500","deg","20.000","°C","100.000","%a.s.","22.500","deg","20.000","°C","1013.000","hPa","0.861","-0.02056","0.00035","-0.00011","0","14.7","Humid","26.25","0","52.00","347099.59","SABD0000000001","AAV1.0.0.11","2.0.0.28","PSt7-10","000000-000","10/20/2017 9:36:39 AM","0000-00","0","no battery","V"
"10/20/2017","11:40:06","5","default","957498349","OXY5","30.468","min","158.546","μmol/L","Humid","20.948","deg","93153","µV","35.917","°C","1018.000","hPa","37.0","pmil","0","55.500","deg","20.000","°C","100.000","%a.s.","22.500","deg","20.000","°C","1013.000","hPa","0.861","-0.02056","0.00035","-0.00011","0","14.7","Humid","26.25","0","52.00","347107.29","SABD0000000001","AAV1.0.0.11","2.0.0.28","PSt7-10","000000-000","10/20/2017 9:36:39 AM","0000-00","0","no battery","V"
"10/20/2017","11:40:07","5","default","957498349","OXY5","30.484","min","158.670","μmol/L","Humid","20.946","deg","93151","µV","35.901","°C","1018.000","hPa","37.0","pmil","0","55.500","deg","20.000","°C","100.000","%a.s.","22.500","deg","20.000","°C","1013.000","hPa","0.861","-0.02056","0.00035","-0.00011","0","14.7","Humid","26.25","0","52.00","347094.50","SABD0000000001","AAV1.0.0.11","2.0.0.28","PSt7-10","000000-000","10/20/2017 9:36:39 AM","0000-00","0","no battery","V"
"10/20/2017","11:40:08","5","default","957498349","OXY5","30.501","min","158.673","μmol/L","Humid","20.945","deg","93152","µV","35.903","°C","1018.000","hPa","37.0","pmil","0","55.500","deg","20.000","°C","100.000","%a.s.","22.500","deg","20.000","°C","1013.000","hPa","0.861","-0.02056","0.00035","-0.00011","0","14.7","Humid","26.25","0","52.00","347106.56","SABD0000000001","AAV1.0.0.11","2.0.0.28","PSt7-10","000000-000","10/20/2017 9:36:39 AM","0000-00","0","no battery","V"
"10/20/2017","11:40:09","5","default","957498349","OXY5","30.518","min","158.657","μmol/L","Humid","20.948","deg","93148","µV","35.898","°C","1018.000","hPa","37.0","pmil","0","55.500","deg","20.000","°C","100.000","%a.s.","22.500","deg","20.000","°C","1013.000","hPa","0.861","-0.02056","0.00035","-0.00011","0","14.7","Humid","26.25","0","52.00","347102.62","SABD0000000001","AAV1.0.0.11","2.0.0.28","PSt7-10","000000-000","10/20/2017 9:36:39 AM","0000-00","0","no battery","V"
"10/20/2017","11:40:10","5","default","957498349","OXY5","30.534","min","158.739","μmol/L","Humid","20.942","deg","93143","µV","35.899","°C","1018.000","hPa","37.0","pmil","0","55.500","deg","20.000","°C","100.000","%a.s.","22.500","deg","20.000","°C","1013.000","hPa","0.861","-0.02056","0.00035","-0.00011","0","14.7","Humid","26.25","0","52.00","347107.59","SABD0000000001","AAV1.0.0.11","2.0.0.28","PSt7-10","000000-000","10/20/2017 9:36:39 AM","0000-00","0","no battery","V"
"10/20/2017","11:40:11","5","default","957498349","OXY5","30.551","min","158.664","μmol/L","Humid","20.947","deg","93151","µV","35.899","°C","1018.000","hPa","37.0","pmil","0","55.500","deg","20.000","°C","100.000","%a.s.","22.500","deg","20.000","°C","1013.000","hPa","0.861","-0.02056","0.00035","-0.00011","0","14.7","Humid","26.25","0","52.00","347090.55","SABD0000000001","AAV1.0.0.11","2.0.0.28","PSt7-10","000000-000","10/20/2017 9:36:39 AM","0000-00","0","no battery","V"
"10/20/2017","11:40:12","5","default","957498349","OXY5","30.568","min","158.661","μmol/L","Humid","20.945","deg","93146","µV","35.905","°C","1018.000","hPa","37.0","pmil","0","55.500","deg","20.000","°C","100.000","%a.s.","22.500","deg","20.000","°C","1013.000","hPa","0.861","-0.02056","0.00035","-0.00011","0","14.7","Humid","26.25","0","52.00","347086.20","SABD0000000001","AAV1.0.0.11","2.0.0.28","PSt7-10","000000-000","10/20/2017 9:36:39 AM","0000-00","0","no battery","V"
"10/20/2017","11:40:13","5","default","957498349","OXY5","30.584","min","158.695","μmol/L","Humid","20.945","deg","93134","µV","35.899","°C","1018.000","hPa","37.0","pmil","0","55.500","deg","20.000","°C","100.000","%a.s.","22.500","deg","20.000","°C","1013.000","hPa","0.861","-0.02056","0.00035","-0.00011","0","14.7","Humid","26.25","0","52.00","347092.39","SABD0000000001","AAV1.0.0.11","2.0.0.28","PSt7-10","000000-000","10/20/2017 9:36:39 AM","0000-00","0","no battery","V"
"10/20/2017","11:40:14","5","default","957498349","OXY5","30.601","min","158.668","μmol/L","Humid","20.945","deg","93132","µV","35.904","°C","1018.000","hPa","37.0","pmil","0","55.500","deg","20.000","°C","100.000","%a.s.","22.500","deg","20.000","°C","1013.000","hPa","0.861","-0.02056","0.00035","-0.00011","0","14.7","Humid","26.25","0","52.00","347079.64","SABD0000000001","AAV1.0.0.11","2.0.0.28","PSt7-10","000000-000","10/20/2017 9:36:39 AM","0000-00","0","no battery","V"
"10/20/2017","11:40:15","5","default","957498349","OXY5","30.618","min","158.619","μmol/L","Humid","20.945","deg","93128","µV","35.911","°C","1018.000","hPa","37.0","pmil","0","55.500","deg","20.000","°C","100.000","%a.s.","22.500","deg","20.000","°C","1013.000","hPa","0.861","-0.02056","0.00035","-0.00011","0","14.7","Humid","26.25","0","52.00","347090.44","SABD0000000001","AAV1.0.0.11","2.0.0.28","PSt7-10","000000-000","10/20/2017 9:36:39 AM","0000-00","0","no battery","V"
"10/20/2017","11:40:16","5","default","957498349","OXY5","30.635","min","158.553","μmol/L","Humid","20.944","deg","93127","µV","35.925","°C","1018.000","hPa","37.0","pmil","0","55.500","deg","20.000","°C","100.000","%a.s.","22.500","deg","20.000","°C","1013.000","hPa","0.861","-0.02056","0.00035","-0.00011","0","14.7","Humid","26.25","0","52.00","347088.34","SABD0000000001","AAV1.0.0.11","2.0.0.28","PSt7-10","000000-000","10/20/2017 9:36:39 AM","0000-00","0","no battery","V"
"10/20/2017","11:40:17","5","default","957498349","OXY5","30.651","min","158.574","μmol/L","Humid","20.947","deg","93129","µV","35.914","°C","1018.000","hPa","37.0","pmil","0","55.500","deg","20.000","°C","100.000","%a.s.","22.500","deg","20.000","°C","1013.000","hPa","0.861","-0.02056","0.00035","-0.00011","0","14.7","Humid","26.25","0","52.00","347090.63","SABD0000000001","AAV1.0.0.11","2.0.0.28","PSt7-10","000000-000","10/20/2017 9:36:39 AM","0000-00","0","no battery","V"
"10/20/2017","11:40:18","5","default","957498349","OXY5","30.668","min","158.692","μmol/L","Humid","20.945","deg","93127","µV","35.899","°C","1018.000","hPa","37.0","pmil","0","55.500","deg","20.000","°C","100.000","%a.s.","22.500","deg","20.000","°C","1013.000","hPa","0.861","-0.02056","0.00035","-0.00011","0","14.7","Humid","26.25","0","52.00","347093.07","SABD0000000001","AAV1.0.0.11","2.0.0.28","PSt7-10","000000-000","10/20/2017 9:36:39 AM","0000-00","0","no battery","V"
"10/20/2017","11:40:19","5","default","957498349","OXY5","30.685","min","158.596","μmol/L","Humid","20.945","deg","93119","µV","35.915","°C","1018.000","hPa","37.0","pmil","0","55.500","deg","20.000","°C","100.000","%a.s.","22.500","deg","20.000","°C","1013.000","hPa","0.861","-0.02056","0.00035","-0.00011","0","14.7","Humid","26.25","0","52.00","347083.61","SABD0000000001","AAV1.0.0.11","2.0.0.28","PSt7-10","000000-000","10/20/2017 9:36:39 AM","0000-00","0","no battery","V"
"10/20/2017","11:40:20","5","default","957498349","OXY5","30.701","min","158.601","μmol/L","Humid","20.948","deg","93127","µV","35.908","°C","1018.000","hPa","37.0","pmil","0","55.500","deg","20.000","°C","100.000","%a.s.","22.500","deg","20.000","°C","1013.000","hPa","0.861","-0.02056","0.00035","-0.00011","0","14.7","Humid","26.25","0","52.00","347080.84","SABD0000000001","AAV1.0.0.11","2.0.0.28","PSt7-10","000000-000","10/20/2017 9:36:39 AM","0000-00","0","no battery","V"
"10/20/2017","11:40:21","5","default","957498349","OXY5","30.718","min","158.673","μmol/L","Humid","20.946","deg","93117","µV","35.900","°C","1018.000","hPa","37.0","pmil","0","55.500","deg","20.000","°C","100.000","%a.s.","22.500","deg","20.000","°C","1013.000","hPa","0.861","-0.02056","0.00035","-0.00011","0","14.7","Humid","26.25","0","52.00","347088.87","SABD0000000001","AAV1.0.0.11","2.0.0.28","PSt7-10","000000-000","10/20/2017 9:36:39 AM","0000-00","0","no battery","V"
"10/20/2017","11:40:22","5","default","957498349","OXY5","30.735","min","158.617","μmol/L","Humid","20.948","deg","93117","µV","35.905","°C","1018.000","hPa","37.0","pmil","0","55.500","deg","20.000","°C","100.000","%a.s.","22.500","deg","20.000","°C","1013.000","hPa","0.861","-0.02056","0.00035","-0.00011","0","14.7","Humid","26.25","0","52.00","347099.46","SABD0000000001","AAV1.0.0.11","2.0.0.28","PSt7-10","000000-000","10/20/2017 9:36:39 AM","0000-00","0","no battery","V"
"10/20/2017","11:40:23","5","default","957498349","OXY5","30.751","min","158.679","μmol/L","Humid","20.947","deg","93113","µV","35.897","°C","1018.000","hPa","37.0","pmil","0","55.500","deg","20.000","°C","100.000","%a.s.","22.500","deg","20.000","°C","1013.000","hPa","0.861","-0.02056","0.00035","-0.00011","0","14.7","Humid","26.25","0","52.00","347074.19","SABD0000000001","AAV1.0.0.11","2.0.0.28","PSt7-10","000000-000","10/20/2017 9:36:39 AM","0000-00","0","no battery","V"
"10/20/2017","11:40:24","5","default","957498349","OXY5","30.768","min","158.656","μmol/L","Humid","20.943","deg","93110","µV","35.910","°C","1018.000","hPa","37.0","pmil","0","55.500","deg","20.000","°C","100.000","%a.s.","22.500","deg","20.000","°C","1013.000","hPa","0.861","-0.02056","0.00035","-0.00011","0","14.7","Humid","26.25","0","52.00","347086.00","SABD0000000001","AAV1.0.0.11","2.0.0.28","PSt7-10","000000-000","10/20/2017 9:36:39 AM","0000-00","0","no battery","V"
"10/20/2017","11:40:25","5","default","957498349","OXY5","30.785","min","158.592","μmol/L","Humid","20.950","deg","93111","µV","35.904","°C","1018.000","hPa","37.0","pmil","0","55.500","deg","20.000","°C","100.000","%a.s.","22.500","deg","20.000","°C","1013.000","hPa","0.861","-0.02056","0.00035","-0.00011","0","14.7","Humid","26.25","0","52.00","347074.05","SABD0000000001","AAV1.0.0.11","2.0.0.28","PSt7-10","000000-000","10/20/2017 9:36:39 AM","0000-00","0","no battery","V"
"10/20/2017","11:40:26","5","default","957498349","OXY5","30.801","min","158.714","μmol/L","Humid","20.942","deg","93100","µV","35.903","°C","1018.000","hPa","37.0","pmil","0","55.500","deg","20.000","°C","100.000","%a.s.","22.500","deg","20.000","°C","1013.000","hPa","0.861","-0.02056","0.00035","-0.00011","0","14.7","Humid","26.25","0","52.00","347079.36","SABD0000000001","AAV1.0.0.11","2.0.0.28","PSt7-10","000000-000","10/20/2017 9:36:39 AM","0000-00","0","no battery","V"
"10/20/2017","11:40:27","5","default","957498349","OXY5","30.818","min","158.635","μmol/L","Humid","20.945","deg","93101","µV","35.909","°C","1018.000","hPa","37.0","pmil","0","55.500","deg","20.000","°C","100.000","%a.s.","22.500","deg","20.000","°C","1013.000","hPa","0.861","-0.02056","0.00035","-0.00011","0","14.7","Humid","26.25","0","52.00","347080.20","SABD0000000001","AAV1.0.0.11","2.0.0.28","PSt7-10","000000-000","10/20/2017 9:36:39 AM","0000-00","0","no battery","V"
"10/20/2017","11:40:28","5","default","957498349","OXY5","30.835","min","158.560","μmol/L","Humid","20.947","deg","93096","µV","35.917","°C","1018.000","hPa","37.0","pmil","0","55.500","deg","20.000","°C","100.000","%a.s.","22.500","deg","20.000","°C","1013.000","hPa","0.861","-0.02056","0.00035","-0.00011","0","14.7","Humid","26.25","0","52.00","347067.19","SABD0000000001","AAV1.0.0.11","2.0.0.28","PSt7-10","000000-000","10/20/2017 9:36:39 AM","0000-00","0","no battery","V"
"10/20/2017","11:40:29","5","default","957498349","OXY5","30.851","min","158.647","μmol/L","Humid","20.942","deg","93101","µV","35.914","°C","1018.000","hPa","37.0","pmil","0","55.500","deg","20.000","°C","100.000","%a.s.","22.500","deg","20.000","°C","1013.000","hPa","0.861","-0.02056","0.00035","-0.00011","0","14.7","Humid","26.25","0","52.00","347071.12","SABD0000000001","AAV1.0.0.11","2.0.0.28","PSt7-10","000000-000","10/20/2017 9:36:39 AM","0000-00","0","no battery","V"
"10/20/2017","11:40:30","5","default","957498349","OXY5","30.868","min","158.713","μmol/L","Humid","20.945","deg","93097","µV","35.896","°C","1018.000","hPa","37.0","pmil","0","55.500","deg","20.000","°C","100.000","%a.s.","22.500","deg","20.000","°C","1013.000","hPa","0.861","-0.02056","0.00035","-0.00011","0","14.7","Humid","26.25","0","52.00","347082.81","SABD0000000001","AAV1.0.0.11","2.0.0.28","PSt7-10","000000-000","10/20/2017 9:36:39 AM","0000-00","0","no battery","V"
"10/20/2017","11:40:31","5","default","957498349","OXY5","30.885","min","158.787","μmol/L","Humid","20.947","deg","93093","µV","35.879","°C","1018.000","hPa","37.0","pmil","0","55.500","deg","20.000","°C","100.000","%a.s.","22.500","deg","20.000","°C","1013.000","hPa","0.861","-0.02056","0.00035","-0.00011","0","14.7","Humid","26.25","0","52.00","347051.77","SABD0000000001","AAV1.0.0.11","2.0.0.28","PSt7-10","000000-000","10/20/2017 9:36:39 AM","0000-00","0","no battery","V"
"10/20/2017","11:40:32","5","default","957498349","OXY5","30.901","min","158.617","μmol/L","Humid","20.943","deg","93090","µV","35.917","°C","1018.000","hPa","37.0","pmil","0","55.500","deg","20.000","°C","100.000","%a.s.","22.500","deg","20.000","°C","1013.000","hPa","0.861","-0.02056","0.00035","-0.00011","0","14.7","Humid","26.25","0","52.00","347066.31","SABD0000000001","AAV1.0.0.11","2.0.0.28","PSt7-10","000000-000","10/20/2017 9:36:39 AM","0000-00","0","no battery","V"
"10/20/2017","11:40:33","5","default","957498349","OXY5","30.918","min","158.625","μmol/L","Humid","20.943","deg","93080","µV","35.915","°C","1018.000","hPa","37.0","pmil","0","55.500","deg","20.000","°C","100.000","%a.s.","22.500","deg","20.000","°C","1013.000","hPa","0.861","-0.02056","0.00035","-0.00011","0","14.7","Humid","26.25","0","52.00","347054.39","SABD0000000001","AAV1.0.0.11","2.0.0.28","PSt7-10","000000-000","10/20/2017 9:36:39 AM","0000-00","0","no battery","V"
"10/20/2017","11:40:34","5","default","957498349","OXY5","30.935","min","158.673","μmol/L","Humid","20.945","deg","93082","µV","35.903","°C","1018.000","hPa","37.0","pmil","0","55.500","deg","20.000","°C","100.000","%a.s.","22.500","deg","20.000","°C","1013.000","hPa","0.861","-0.02056","0.00035","-0.00011","0","14.7","Humid","26.25","0","52.00","347062.51","SABD0000000001","AAV1.0.0.11","2.0.0.28","PSt7-10","000000-000","10/20/2017 9:36:39 AM","0000-00","0","no battery","V"
"10/20/2017","11:40:35","5","default","957498349","OXY5","30.951","min","158.596","μmol/L","Humid","20.945","deg","93079","µV","35.915","°C","1018.000","hPa","37.0","pmil","0","55.500","deg","20.000","°C","100.000","%a.s.","22.500","deg","20.000","°C","1013.000","hPa","0.861","-0.02056","0.00035","-0.00011","0","14.7","Humid","26.25","0","52.00","347046.37","SABD0000000001","AAV1.0.0.11","2.0.0.28","PSt7-10","000000-000","10/20/2017 9:36:39 AM","0000-00","0","no battery","V"
"10/20/2017","11:40:36","5","default","957498349","OXY5","30.968","min","158.756","μmol/L","Humid","20.944","deg","93073","µV","35.891","°C","1018.000","hPa","37.0","pmil","0","55.500","deg","20.000","°C","100.000","%a.s.","22.500","deg","20.000","°C","1013.000","hPa","0.861","-0.02056","0.00035","-0.00011","0","14.7","Humid","26.25","0","52.00","347046.58","SABD0000000001","AAV1.0.0.11","2.0.0.28","PSt7-10","000000-000","10/20/2017 9:36:39 AM","0000-00","0","no battery","V"
"10/20/2017","11:40:37","5","default","957498349","OXY5","30.985","min","158.672","μmol/L","Humid","20.945","deg","93077","µV","35.903","°C","1018.000","hPa","37.0","pmil","0","55.500","deg","20.000","°C","100.000","%a.s.","22.500","deg","20.000","°C","1013.000","hPa","0.861","-0.02056","0.00035","-0.00011","0","14.7","Humid","26.25","0","52.00","347050.92","SABD0000000001","AAV1.0.0.11","2.0.0.28","PSt7-10","000000-000","10/20/2017 9:36:39 AM","0000-00","0","no battery","V"
"10/20/2017","11:40:38","5","default","957498349","OXY5","31.001","min","158.697","μmol/L","Humid","20.943","deg","93074","µV","35.903","°C","1018.000","hPa","37.0","pmil","0","55.500","deg","20.000","°C","100.000","%a.s.","22.500","deg","20.000","°C","1013.000","hPa","0.861","-0.02056","0.00035","-0.00011","0","14.7","Humid","26.25","0","52.00","347055.46","SABD0000000001","AAV1.0.0.11","2.0.0.28","PSt7-10","000000-000","10/20/2017 9:36:39 AM","0000-00","0","no battery","V"
"10/20/2017","11:40:39","5","default","957498349","OXY5","31.018","min","158.623","μmol/L","Humid","20.947","deg","93073","µV","35.906","°C","1018.000","hPa","37.0","pmil","0","55.500","deg","20.000","°C","100.000","%a.s.","22.500","deg","20.000","°C","1013.000","hPa","0.861","-0.02056","0.00035","-0.00011","0","14.7","Humid","26.25","0","52.00","347038.50","SABD0000000001","AAV1.0.0.11","2.0.0.28","PSt7-10","000000-000","10/20/2017 9:36:39 AM","0000-00","0","no battery","V"
"10/20/2017","11:40:40","5","default","957498349","OXY5","31.035","min","158.780","μmol/L","Humid","20.944","deg","93066","µV","35.887","°C","1018.000","hPa","37.0","pmil","0","55.500","deg","20.000","°C","100.000","%a.s.","22.500","deg","20.000","°C","1013.000","hPa","0.861","-0.02056","0.00035","-0.00011","0","14.7","Humid","26.25","0","52.00","347030.21","SABD0000000001","AAV1.0.0.11","2.0.0.28","PSt7-10","000000-000","10/20/2017 9:36:39 AM","0000-00","0","no battery","V"
"10/20/2017","11:40:41","5","default","957498349","OXY5","31.051","min","158.667","μmol/L","Humid","20.946","deg","93063","µV","35.901","°C","1018.000","hPa","37.0","pmil","0","55.500","deg","20.000","°C","100.000","%a.s.","22.500","deg","20.000","°C","1013.000","hPa","0.861","-0.02056","0.00035","-0.00011","0","14.7","Humid","26.25","0","52.00","347030.52","SABD0000000001","AAV1.0.0.11","2.0.0.28","PSt7-10","000000-000","10/20/2017 9:36:39 AM","0000-00","0","no battery","V"
"10/20/2017","11:40:42","5","default","957498349","OXY5","31.068","min","158.665","μmol/L","Humid","20.944","deg","93060","µV","35.906","°C","1018.000","hPa","37.0","pmil","0","55.500","deg","20.000","°C","100.000","%a.s.","22.500","deg","20.000","°C","1013.000","hPa","0.861","-0.02056","0.00035","-0.00011","0","14.7","Humid","26.25","0","52.00","347032.20","SABD0000000001","AAV1.0.0.11","2.0.0.28","PSt7-10","000000-000","10/20/2017 9:36:39 AM","0000-00","0","no battery","V"
"10/20/2017","11:40:43","5","default","957498349","OXY5","31.085","min","158.746","μmol/L","Humid","20.942","deg","93059","µV","35.898","°C","1018.000","hPa","37.0","pmil","0","55.500","deg","20.000","°C","100.000","%a.s.","22.500","deg","20.000","°C","1013.000","hPa","0.861","-0.02056","0.00035","-0.00011","0","14.7","Humid","26.25","0","52.00","347036.40","SABD0000000001","AAV1.0.0.11","2.0.0.28","PSt7-10","000000-000","10/20/2017 9:36:39 AM","0000-00","0","no battery","V"
"10/20/2017","11:40:44","5","default","957498349","OXY5","31.101","min","158.724","μmol/L","Humid","20.945","deg","93059","µV","35.894","°C","1018.000","hPa","37.0","pmil","0","55.500","deg","20.000","°C","100.000","%a.s.","22.500","deg","20.000","°C","1013.000","hPa","0.861","-0.02056","0.00035","-0.00011","0","14.7","Humid","26.25","0","52.00","347042.63","SABD0000000001","AAV1.0.0.11","2.0.0.28","PSt7-10","000000-000","10/20/2017 9:36:39 AM","0000-00","0","no battery","V"
"10/20/2017","11:40:45","5","default","957498349","OXY5","31.118","min","158.614","μmol/L","Humid","20.947","deg","93052","µV","35.908","°C","1018.000","hPa","37.0","pmil","0","55.500","deg","20.000","°C","100.000","%a.s.","22.500","deg","20.000","°C","1013.000","hPa","0.861","-0.02056","0.00035","-0.00011","0","14.7","Humid","26.25","0","52.00","347051.25","SABD0000000001","AAV1.0.0.11","2.0.0.28","PSt7-10","000000-000","10/20/2017 9:36:39 AM","0000-00","0","no battery","V"
"10/20/2017","11:40:46","5","default","957498349","OXY5","31.135","min","158.641","μmol/L","Humid","20.945","deg","93048","µV","35.908","°C","1018.000","hPa","37.0","pmil","0","55.500","deg","20.000","°C","100.000","%a.s.","22.500","deg","20.000","°C","1013.000","hPa","0.861","-0.02056","0.00035","-0.00011","0","14.7","Humid","26.25","0","52.00","347043.04","SABD0000000001","AAV1.0.0.11","2.0.0.28","PSt7-10","000000-000","10/20/2017 9:36:39 AM","0000-00","0","no battery","V"
"10/20/2017","11:40:47","5","default","957498349","OXY5","31.151","min","158.646","μmol/L","Humid","20.945","deg","93049","µV","35.907","°C","1018.000","hPa","37.0","pmil","0","55.500","deg","20.000","°C","100.000","%a.s.","22.500","deg","20.000","°C","1013.000","hPa","0.861","-0.02056","0.00035","-0.00011","0","14.7","Humid","26.25","0","52.00","347036.80","SABD0000000001","AAV1.0.0.11","2.0.0.28","PSt7-10","000000-000","10/20/2017 9:36:39 AM","0000-00","0","no battery","V"
"10/20/2017","11:40:48","5","default","957498349","OXY5","31.168","min","158.611","μmol/L","Humid","20.949","deg","93043","µV","35.903","°C","1018.000","hPa","37.0","pmil","0","55.500","deg","20.000","°C","100.000","%a.s.","22.500","deg","20.000","°C","1013.000","hPa","0.861","-0.02056","0.00035","-0.00011","0","14.7","Humid","26.25","0","52.00","347037.86","SABD0000000001","AAV1.0.0.11","2.0.0.28","PSt7-10","000000-000","10/20/2017 9:36:39 AM","0000-00","0","no battery","V"
"10/20/2017","11:40:49","5","default","957498349","OXY5","31.185","min","158.776","μmol/L","Humid","20.945","deg","93041","µV","35.885","°C","1018.000","hPa","37.0","pmil","0","55.500","deg","20.000","°C","100.000","%a.s.","22.500","deg","20.000","°C","1013.000","hPa","0.861","-0.02056","0.00035","-0.00011","0","14.7","Humid","26.25","0","52.00","347035.93","SABD0000000001","AAV1.0.0.11","2.0.0.28","PSt7-10","000000-000","10/20/2017 9:36:39 AM","0000-00","0","no battery","V"
"10/20/2017","11:40:50","5","default","957498349","OXY5","31.201","min","158.839","μmol/L","Humid","20.941","deg","93043","µV","35.885","°C","1018.000","hPa","37.0","pmil","0","55.500","deg","20.000","°C","100.000","%a.s.","22.500","deg","20.000","°C","1013.000","hPa","0.861","-0.02056","0.00035","-0.00011","0","14.7","Humid","26.25","0","52.00","347029.92","SABD0000000001","AAV1.0.0.11","2.0.0.28","PSt7-10","000000-000","10/20/2017 9:36:39 AM","0000-00","0","no battery","V"
"10/20/2017","11:40:51","5","default","957498349","OXY5","31.218","min","158.757","μmol/L","Humid","20.939","deg","93033","µV","35.903","°C","1018.000","hPa","37.0","pmil","0","55.500","deg","20.000","°C","100.000","%a.s.","22.500","deg","20.000","°C","1013.000","hPa","0.861","-0.02056","0.00035","-0.00011","0","14.7","Humid","26.25","0","52.00","347039.00","SABD0000000001","AAV1.0.0.11","2.0.0.28","PSt7-10","000000-000","10/20/2017 9:36:39 AM","0000-00","0","no battery","V"
"10/20/2017","11:40:52","5","default","957498349","OXY5","31.235","min","158.580","μmol/L","Humid","20.946","deg","93031","µV","35.916","°C","1018.000","hPa","37.0","pmil","0","55.500","deg","20.000","°C","100.000","%a.s.","22.500","deg","20.000","°C","1013.000","hPa","0.861","-0.02056","0.00035","-0.00011","0","14.7","Humid","26.25","0","52.00","347022.41","SABD0000000001","AAV1.0.0.11","2.0.0.28","PSt7-10","000000-000","10/20/2017 9:36:39 AM","0000-00","0","no battery","V"
"10/20/2017","11:40:53","5","default","957498349","OXY5","31.251","min","158.593","μmol/L","Humid","20.944","deg","93031","µV","35.918","°C","1018.000","hPa","37.0","pmil","0","55.500","deg","20.000","°C","100.000","%a.s.","22.500","deg","20.000","°C","1013.000","hPa","0.861","-0.02056","0.00035","-0.00011","0","14.7","Humid","26.25","0","52.00","347030.38","SABD0000000001","AAV1.0.0.11","2.0.0.28","PSt7-10","000000-000","10/20/2017 9:36:39 AM","0000-00","0","no battery","V"
"10/20/2017","11:40:54","5","default","957498349","OXY5","31.268","min","158.633","μmol/L","Humid","20.945","deg","93038","µV","35.909","°C","1018.000","hPa","37.0","pmil","0","55.500","deg","20.000","°C","100.000","%a.s.","22.500","deg","20.000","°C","1013.000","hPa","0.861","-0.02056","0.00035","-0.00011","0","14.7","Humid","26.25","0","52.00","347036.45","SABD0000000001","AAV1.0.0.11","2.0.0.28","PSt7-10","000000-000","10/20/2017 9:36:39 AM","0000-00","0","no battery","V"
"10/20/2017","11:40:55","5","default","957498349","OXY5","31.285","min","158.685","μmol/L","Humid","20.942","deg","93031","µV","35.908","°C","1018.000","hPa","37.0","pmil","0","55.500","deg","20.000","°C","100.000","%a.s.","22.500","deg","20.000","°C","1013.000","hPa","0.861","-0.02056","0.00035","-0.00011","0","14.7","Humid","26.25","0","52.00","347038.88","SABD0000000001","AAV1.0.0.11","2.0.0.28","PSt7-10","000000-000","10/20/2017 9:36:39 AM","0000-00","0","no battery","V"
"10/20/2017","11:40:56","5","default","957498349","OXY5","31.301","min","158.739","μmol/L","Humid","20.947","deg","93025","µV","35.887","°C","1018.000","hPa","37.0","pmil","0","55.500","deg","20.000","°C","100.000","%a.s.","22.500","deg","20.000","°C","1013.000","hPa","0.861","-0.02056","0.00035","-0.00011","0","14.7","Humid","26.25","0","52.00","347021.03","SABD0000000001","AAV1.0.0.11","2.0.0.28","PSt7-10","000000-000","10/20/2017 9:36:39 AM","0000-00","0","no battery","V"
"10/20/2017","11:40:57","5","default","957498349","OXY5","31.318","min","158.600","μmol/L","Humid","20.949","deg","93018","µV","35.905","°C","1018.000","hPa","37.0","pmil","0","55.500","deg","20.000","°C","100.000","%a.s.","22.500","deg","20.000","°C","1013.000","hPa","0.861","-0.02056","0.00035","-0.00011","0","14.7","Humid","26.25","0","52.00","347022.91","SABD0000000001","AAV1.0.0.11","2.0.0.28","PSt7-10","000000-000","10/20/2017 9:36:39 AM","0000-00","0","no battery","V"
"10/20/2017","11:40:58","5","default","957498349","OXY5","31.335","min","158.610","μmol/L","Humid","20.943","deg","93014","µV","35.918","°C","1018.000","hPa","37.0","pmil","0","55.500","deg","20.000","°C","100.000","%a.s.","22.500","deg","20.000","°C","1013.000","hPa","0.861","-0.02056","0.00035","-0.00011","0","14.7","Humid","26.25","0","52.00","347027.02","SABD0000000001","AAV1.0.0.11","2.0.0.28","PSt7-10","000000-000","10/20/2017 9:36:39 AM","0000-00","0","no battery","V"
"10/20/2017","11:40:59","5","default","957498349","OXY5","31.352","min","158.657","μmol/L","Humid","20.947","deg","93013","µV","35.901","°C","1018.000","hPa","37.0","pmil","0","55.500","deg","20.000","°C","100.000","%a.s.","22.500","deg","20.000","°C","1013.000","hPa","0.861","-0.02056","0.00035","-0.00011","0","14.7","Humid","26.25","0","52.00","347025.34","SABD0000000001","AAV1.0.0.11","2.0.0.28","PSt7-10","000000-000","10/20/2017 9:36:39 AM","0000-00","0","no battery","V"
"10/20/2017","11:41:00","5","default","957498349","OXY5","31.368","min","158.626","μmol/L","Humid","20.947","deg","93019","µV","35.906","°C","1018.000","hPa","37.0","pmil","0","55.500","deg","20.000","°C","100.000","%a.s.","22.500","deg","20.000","°C","1013.000","hPa","0.861","-0.02056","0.00035","-0.00011","0","14.7","Humid","26.25","0","52.00","347031.87","SABD0000000001","AAV1.0.0.11","2.0.0.28","PSt7-10","000000-000","10/20/2017 9:36:39 AM","0000-00","0","no battery","V"
"10/20/2017","11:41:01","5","default","957498349","OXY5","31.385","min","158.761","μmol/L","Humid","20.945","deg","93009","µV","35.888","°C","1018.000","hPa","37.0","pmil","0","55.500","deg","20.000","°C","100.000","%a.s.","22.500","deg","20.000","°C","1013.000","hPa","0.861","-0.02056","0.00035","-0.00011","0","14.7","Humid","26.25","0","52.00","347007.23","SABD0000000001","AAV1.0.0.11","2.0.0.28","PSt7-10","000000-000","10/20/2017 9:36:39 AM","0000-00","0","no battery","V"
"10/20/2017","11:41:02","5","default","957498349","OXY5","31.401","min","158.568","μmol/L","Humid","20.951","deg","93008","µV","35.906","°C","1018.000","hPa","37.0","pmil","0","55.500","deg","20.000","°C","100.000","%a.s.","22.500","deg","20.000","°C","1013.000","hPa","0.861","-0.02056","0.00035","-0.00011","0","14.7","Humid","26.25","0","52.00","347023.82","SABD0000000001","AAV1.0.0.11","2.0.0.28","PSt7-10","000000-000","10/20/2017 9:36:39 AM","0000-00","0","no battery","V"
"10/20/2017","11:41:03","5","default","957498349","OXY5","31.418","min","158.673","μmol/L","Humid","20.943","deg","93008","µV","35.907","°C","1018.000","hPa","37.0","pmil","0","55.500","deg","20.000","°C","100.000","%a.s.","22.500","deg","20.000","°C","1013.000","hPa","0.861","-0.02056","0.00035","-0.00011","0","14.7","Humid","26.25","0","52.00","347026.18","SABD0000000001","AAV1.0.0.11","2.0.0.28","PSt7-10","000000-000","10/20/2017 9:36:39 AM","0000-00","0","no battery","V"
"10/20/2017","11:41:04","5","default","957498349","OXY5","31.435","min","158.570","μmol/L","Humid","20.945","deg","93011","µV","35.920","°C","1018.000","hPa","37.0","pmil","0","55.500","deg","20.000","°C","100.000","%a.s.","22.500","deg","20.000","°C","1013.000","hPa","0.861","-0.02056","0.00035","-0.00011","0","14.7","Humid","26.25","0","52.00","347022.34","SABD0000000001","AAV1.0.0.11","2.0.0.28","PSt7-10","000000-000","10/20/2017 9:36:39 AM","0000-00","0","no battery","V"
"10/20/2017","11:41:05","5","default","957498349","OXY5","31.452","min","158.567","μmol/L","Humid","20.945","deg","93012","µV","35.920","°C","1018.000","hPa","37.0","pmil","0","55.500","deg","20.000","°C","100.000","%a.s.","22.500","deg","20.000","°C","1013.000","hPa","0.861","-0.02056","0.00035","-0.00011","0","14.7","Humid","26.25","0","52.00","347042.46","SABD0000000001","AAV1.0.0.11","2.0.0.28","PSt7-10","000000-000","10/20/2017 9:36:39 AM","0000-00","0","no battery","V"
"10/20/2017","11:41:06","5","default","957498349","OXY5","31.468","min","158.696","μmol/L","Humid","20.943","deg","93011","µV","35.904","°C","1018.000","hPa","37.0","pmil","0","55.500","deg","20.000","°C","100.000","%a.s.","22.500","deg","20.000","°C","1013.000","hPa","0.861","-0.02056","0.00035","-0.00011","0","14.7","Humid","26.25","0","52.00","347021.77","SABD0000000001","AAV1.0.0.11","2.0.0.28","PSt7-10","000000-000","10/20/2017 9:36:39 AM","0000-00","0","no battery","V"
"10/20/2017","11:41:07","5","default","957498349","OXY5","31.485","min","158.648","μmol/L","Humid","20.947","deg","93010","µV","35.902","°C","1018.000","hPa","37.0","pmil","0","55.500","deg","20.000","°C","100.000","%a.s.","22.500","deg","20.000","°C","1013.000","hPa","0.861","-0.02056","0.00035","-0.00011","0","14.7","Humid","26.25","0","52.00","347023.78","SABD0000000001","AAV1.0.0.11","2.0.0.28","PSt7-10","000000-000","10/20/2017 9:36:39 AM","0000-00","0","no battery","V"
"10/20/2017","11:41:08","5","default","957498349","OXY5","31.502","min","158.743","μmol/L","Humid","20.940","deg","93012","µV","35.903","°C","1018.000","hPa","37.0","pmil","0","55.500","deg","20.000","°C","100.000","%a.s.","22.500","deg","20.000","°C","1013.000","hPa","0.861","-0.02056","0.00035","-0.00011","0","14.7","Humid","26.25","0","52.00","347018.19","SABD0000000001","AAV1.0.0.11","2.0.0.28","PSt7-10","000000-000","10/20/2017 9:36:39 AM","0000-00","0","no battery","V"
"10/20/2017","11:41:09","5","default","957498349","OXY5","31.518","min","158.774","μmol/L","Humid","20.943","deg","93009","µV","35.891","°C","1018.000","hPa","37.0","pmil","0","55.500","deg","20.000","°C","100.000","%a.s.","22.500","deg","20.000","°C","1013.000","hPa","0.861","-0.02056","0.00035","-0.00011","0","14.7","Humid","26.25","0","52.00","347015.98","SABD0000000001","AAV1.0.0.11","2.0.0.28","PSt7-10","000000-000","10/20/2017 9:36:39 AM","0000-00","0","no battery","V"
"10/20/2017","11:41:10","5","default","957498349","OXY5","31.535","min","158.659","μmol/L","Humid","20.944","deg","93003","µV","35.907","°C","1018.000","hPa","37.0","pmil","0","55.500","deg","20.000","°C","100.000","%a.s.","22.500","deg","20.000","°C","1013.000","hPa","0.861","-0.02056","0.00035","-0.00011","0","14.7","Humid","26.25","0","52.00","347010.77","SABD0000000001","AAV1.0.0.11","2.0.0.28","PSt7-10","000000-000","10/20/2017 9:36:39 AM","0000-00","0","no battery","V"
"10/20/2017","11:41:11","5","default","957498349","OXY5","31.552","min","158.598","μmol/L","Humid","20.944","deg","92999","µV","35.918","°C","1018.000","hPa","37.0","pmil","0","55.500","deg","20.000","°C","100.000","%a.s.","22.500","deg","20.000","°C","1013.000","hPa","0.861","-0.02056","0.00035","-0.00011","0","14.7","Humid","26.25","0","52.00","347013.38","SABD0000000001","AAV1.0.0.11","2.0.0.28","PSt7-10","000000-000","10/20/2017 9:36:39 AM","0000-00","0","no battery","V"
"10/20/2017","11:41:12","5","default","957498349","OXY5","31.568","min","158.550","μmol/L","Humid","20.943","deg","92998","µV","35.928","°C","1018.000","hPa","37.0","pmil","0","55.500","deg","20.000","°C","100.000","%a.s.","22.500","deg","20.000","°C","1013.000","hPa","0.861","-0.02056","0.00035","-0.00011","0","14.7","Humid","26.25","0","52.00","347014.66","SABD0000000001","AAV1.0.0.11","2.0.0.28","PSt7-10","000000-000","10/20/2017 9:36:39 AM","0000-00","0","no battery","V"
"10/20/2017","11:41:13","5","default","957498349","OXY5","31.585","min","158.678","μmol/L","Humid","20.944","deg","92996","µV","35.904","°C","1018.000","hPa","37.0","pmil","0","55.500","deg","20.000","°C","100.000","%a.s.","22.500","deg","20.000","°C","1013.000","hPa","0.861","-0.02056","0.00035","-0.00011","0","14.7","Humid","26.25","0","52.00","347028.49","SABD0000000001","AAV1.0.0.11","2.0.0.28","PSt7-10","000000-000","10/20/2017 9:36:39 AM","0000-00","0","no battery","V"
"10/20/2017","11:41:14","5","default","957498349","OXY5","31.602","min","158.689","μmol/L","Humid","20.942","deg","92988","µV","35.907","°C","1018.000","hPa","37.0","pmil","0","55.500","deg","20.000","°C","100.000","%a.s.","22.500","deg","20.000","°C","1013.000","hPa","0.861","-0.02056","0.00035","-0.00011","0","14.7","Humid","26.25","0","52.00","347020.40","SABD0000000001","AAV1.0.0.11","2.0.0.28","PSt7-10","000000-000","10/20/2017 9:36:39 AM","0000-00","0","no battery","V"
"10/20/2017","11:41:15","5","default","957498349","OXY5","31.618","min","158.703","μmol/L","Humid","20.943","deg","92991","µV","35.902","°C","1018.000","hPa","37.0","pmil","0","55.500","deg","20.000","°C","100.000","%a.s.","22.500","deg","20.000","°C","1013.000","hPa","0.861","-0.02056","0.00035","-0.00011","0","14.7","Humid","26.25","0","52.00","347023.25","SABD0000000001","AAV1.0.0.11","2.0.0.28","PSt7-10","000000-000","10/20/2017 9:36:39 AM","0000-00","0","no battery","V"
"10/20/2017","11:41:16","5","default","957498349","OXY5","31.635","min","158.568","μmol/L","Humid","20.944","deg","92985","µV","35.922","°C","1018.000","hPa","37.0","pmil","0","55.500","deg","20.000","°C","100.000","%a.s.","22.500","deg","20.000","°C","1013.000","hPa","0.861","-0.02056","0.00035","-0.00011","0","14.7","Humid","26.25","0","52.00","347013.39","SABD0000000001","AAV1.0.0.11","2.0.0.28","PSt7-10","000000-000","10/20/2017 9:36:39 AM","0000-00","0","no battery","V"
"10/20/2017","11:41:17","5","default","957498349","OXY5","31.652","min","158.693","μmol/L","Humid","20.944","deg","92982","µV","35.902","°C","1018.000","hPa","37.0","pmil","0","55.500","deg","20.000","°C","100.000","%a.s.","22.500","deg","20.000","°C","1013.000","hPa","0.861","-0.02056","0.00035","-0.00011","0","14.7","Humid","26.25","0","52.00","347023.78","SABD0000000001","AAV1.0.0.11","2.0.0.28","PSt7-10","000000-000","10/20/2017 9:36:39 AM","0000-00","0","no battery","V"
"10/20/2017","11:41:18","5","default","957498349","OXY5","31.668","min","158.717","μmol/L","Humid","20.943","deg","92987","µV","35.900","°C","1018.000","hPa","37.0","pmil","0","55.500","deg","20.000","°C","100.000","%a.s.","22.500","deg","20.000","°C","1013.000","hPa","0.861","-0.02056","0.00035","-0.00011","0","14.7","Humid","26.25","0","52.00","347010.33","SABD0000000001","AAV1.0.0.11","2.0.0.28","PSt7-10","000000-000","10/20/2017 9:36:39 AM","0000-00","0","no battery","V"
"10/20/2017","11:41:19","5","default","957498349","OXY5","31.685","min","158.773","μmol/L","Humid","20.941","deg","92987","µV","35.895","°C","1018.000","hPa","37.0","pmil","0","55.500","deg","20.000","°C","100.000","%a.s.","22.500","deg","20.000","°C","1013.000","hPa","0.861","-0.02056","0.00035","-0.00011","0","14.7","Humid","26.25","0","52.00","347014.60","SABD0000000001","AAV1.0.0.11","2.0.0.28","PSt7-10","000000-000","10/20/2017 9:36:39 AM","0000-00","0","no battery","V"
"10/20/2017","11:41:20","5","default","957498349","OXY5","31.702","min","158.767","μmol/L","Humid","20.944","deg","92981","µV","35.889","°C","1018.000","hPa","37.0","pmil","0","55.500","deg","20.000","°C","100.000","%a.s.","22.500","deg","20.000","°C","1013.000","hPa","0.861","-0.02056","0.00035","-0.00011","0","14.7","Humid","26.25","0","52.00","347010.97","SABD0000000001","AAV1.0.0.11","2.0.0.28","PSt7-10","000000-000","10/20/2017 9:36:39 AM","0000-00","0","no battery","V"
"10/20/2017","11:41:21","5","default","957498349","OXY5","31.718","min","158.639","μmol/L","Humid","20.942","deg","92979","µV","35.915","°C","1018.000","hPa","37.0","pmil","0","55.500","deg","20.000","°C","100.000","%a.s.","22.500","deg","20.000","°C","1013.000","hPa","0.861","-0.02056","0.00035","-0.00011","0","14.7","Humid","26.25","0","52.00","347003.03","SABD0000000001","AAV1.0.0.11","2.0.0.28","PSt7-10","000000-000","10/20/2017 9:36:39 AM","0000-00","0","no battery","V"
"10/20/2017","11:41:22","5","default","957498349","OXY5","31.734","min","158.638","μmol/L","Humid","20.945","deg","92978","µV","35.908","°C","1018.000","hPa","37.0","pmil","0","55.500","deg","20.000","°C","100.000","%a.s.","22.500","deg","20.000","°C","1013.000","hPa","0.861","-0.02056","0.00035","-0.00011","0","14.7","Humid","26.25","0","52.00","347018.23","SABD0000000001","AAV1.0.0.11","2.0.0.28","PSt7-10","000000-000","10/20/2017 9:36:39 AM","0000-00","0","no battery","V"
"10/20/2017","11:41:23","5","default","957498349","OXY5","31.751","min","158.807","μmol/L","Humid","20.939","deg","92983","µV","35.895","°C","1018.000","hPa","37.0","pmil","0","55.500","deg","20.000","°C","100.000","%a.s.","22.500","deg","20.000","°C","1013.000","hPa","0.861","-0.02056","0.00035","-0.00011","0","14.7","Humid","26.25","0","52.00","347012.02","SABD0000000001","AAV1.0.0.11","2.0.0.28","PSt7-10","000000-000","10/20/2017 9:36:39 AM","0000-00","0","no battery","V"
"10/20/2017","11:41:24","5","default","957498349","OXY5","31.768","min","158.731","μmol/L","Humid","20.941","deg","92977","µV","35.902","°C","1018.000","hPa","37.0","pmil","0","55.500","deg","20.000","°C","100.000","%a.s.","22.500","deg","20.000","°C","1013.000","hPa","0.861","-0.02056","0.00035","-0.00011","0","14.7","Humid","26.25","0","52.00","347009.81","SABD0000000001","AAV1.0.0.11","2.0.0.28","PSt7-10","000000-000","10/20/2017 9:36:39 AM","0000-00","0","no battery","V"
"10/20/2017","11:41:25","5","default","957498349","OXY5","31.784","min","158.720","μmol/L","Humid","20.944","deg","92981","µV","35.897","°C","1018.000","hPa","37.0","pmil","0","55.500","deg","20.000","°C","100.000","%a.s.","22.500","deg","20.000","°C","1013.000","hPa","0.861","-0.02056","0.00035","-0.00011","0","14.7","Humid","26.25","0","52.00","347006.24","SABD0000000001","AAV1.0.0.11","2.0.0.28","PSt7-10","000000-000","10/20/2017 9:36:39 AM","0000-00","0","no battery","V"
"10/20/2017","11:41:26","5","default","957498349","OXY5","31.801","min","158.688","μmol/L","Humid","20.940","deg","92974","µV","35.912","°C","1018.000","hPa","37.0","pmil","0","55.500","deg","20.000","°C","100.000","%a.s.","22.500","deg","20.000","°C","1013.000","hPa","0.861","-0.02056","0.00035","-0.00011","0","14.7","Humid","26.25","0","52.00","347015.89","SABD0000000001","AAV1.0.0.11","2.0.0.28","PSt7-10","000000-000","10/20/2017 9:36:39 AM","0000-00","0","no battery","V"
"10/20/2017","11:41:27","5","default","957498349","OXY5","31.818","min","158.685","μmol/L","Humid","20.942","deg","92975","µV","35.908","°C","1018.000","hPa","37.0","pmil","0","55.500","deg","20.000","°C","100.000","%a.s.","22.500","deg","20.000","°C","1013.000","hPa","0.861","-0.02056","0.00035","-0.00011","0","14.7","Humid","26.25","0","52.00","347013.61","SABD0000000001","AAV1.0.0.11","2.0.0.28","PSt7-10","000000-000","10/20/2017 9:36:39 AM","0000-00","0","no battery","V"
"10/20/2017","11:41:28","5","default","957498349","OXY5","31.834","min","158.627","μmol/L","Humid","20.946","deg","92975","µV","35.908","°C","1018.000","hPa","37.0","pmil","0","55.500","deg","20.000","°C","100.000","%a.s.","22.500","deg","20.000","°C","1013.000","hPa","0.861","-0.02056","0.00035","-0.00011","0","14.7","Humid","26.25","0","52.00","347006.97","SABD0000000001","AAV1.0.0.11","2.0.0.28","PSt7-10","000000-000","10/20/2017 9:36:39 AM","0000-00","0","no battery","V"
"10/20/2017","11:41:29","5","default","957498349","OXY5","31.851","min","158.729","μmol/L","Humid","20.944","deg","92967","µV","35.896","°C","1018.000","hPa","37.0","pmil","0","55.500","deg","20.000","°C","100.000","%a.s.","22.500","deg","20.000","°C","1013.000","hPa","0.861","-0.02056","0.00035","-0.00011","0","14.7","Humid","26.25","0","52.00","347006.00","SABD0000000001","AAV1.0.0.11","2.0.0.28","PSt7-10","000000-000","10/20/2017 9:36:39 AM","0000-00","0","no battery","V"
"10/20/2017","11:41:30","5","default","957498349","OXY5","31.868","min","158.678","μmol/L","Humid","20.942","deg","92959","µV","35.909","°C","1018.000","hPa","37.0","pmil","0","55.500","deg","20.000","°C","100.000","%a.s.","22.500","deg","20.000","°C","1013.000","hPa","0.861","-0.02056","0.00035","-0.00011","0","14.7","Humid","26.25","0","52.00","347016.63","SABD0000000001","AAV1.0.0.11","2.0.0.28","PSt7-10","000000-000","10/20/2017 9:36:39 AM","0000-00","0","no battery","V"
"10/20/2017","11:41:31","5","default","957498349","OXY5","31.884","min","158.579","μmol/L","Humid","20.947","deg","92964","µV","35.913","°C","1018.000","hPa","37.0","pmil","0","55.500","deg","20.000","°C","100.000","%a.s.","22.500","deg","20.000","°C","1013.000","hPa","0.861","-0.02056","0.00035","-0.00011","0","14.7","Humid","26.25","0","52.00","347011.92","SABD0000000001","AAV1.0.0.11","2.0.0.28","PSt7-10","000000-000","10/20/2017 9:36:39 AM","0000-00","0","no battery","V"
"10/20/2017","11:41:32","5","default","957498349","OXY5","31.901","min","158.565","μmol/L","Humid","20.945","deg","92965","µV","35.920","°C","1018.000","hPa","37.0","pmil","0","55.500","deg","20.000","°C","100.000","%a.s.","22.500","deg","20.000","°C","1013.000","hPa","0.861","-0.02056","0.00035","-0.00011","0","14.7","Humid","26.25","0","52.00","347016.21","SABD0000000001","AAV1.0.0.11","2.0.0.28","PSt7-10","000000-000","10/20/2017 9:36:39 AM","0000-00","0","no battery","V"
"10/20/2017","11:41:33","5","default","957498349","OXY5","31.918","min","158.705","μmol/L","Humid","20.944","deg","92965","µV","35.900","°C","1018.000","hPa","37.0","pmil","0","55.500","deg","20.000","°C","100.000","%a.s.","22.500","deg","20.000","°C","1013.000","hPa","0.861","-0.02056","0.00035","-0.00011","0","14.7","Humid","26.25","0","52.00","347011.69","SABD0000000001","AAV1.0.0.11","2.0.0.28","PSt7-10","000000-000","10/20/2017 9:36:39 AM","0000-00","0","no battery","V"
"10/20/2017","11:41:34","5","default","957498349","OXY5","31.934","min","158.610","μmol/L","Humid","20.947","deg","92962","µV","35.908","°C","1018.000","hPa","37.0","pmil","0","55.500","deg","20.000","°C","100.000","%a.s.","22.500","deg","20.000","°C","1013.000","hPa","0.861","-0.02056","0.00035","-0.00011","0","14.7","Humid","26.25","0","52.00","347002.86","SABD0000000001","AAV1.0.0.11","2.0.0.28","PSt7-10","000000-000","10/20/2017 9:36:39 AM","0000-00","0","no battery","V"
"10/20/2017","11:41:35","5","default","957498349","OXY5","31.951","min","158.659","μmol/L","Humid","20.943","deg","92947","µV","35.910","°C","1018.000","hPa","37.0","pmil","0","55.500","deg","20.000","°C","100.000","%a.s.","22.500","deg","20.000","°C","1013.000","hPa","0.861","-0.02056","0.00035","-0.00011","0","14.7","Humid","26.25","0","52.00","347012.37","SABD0000000001","AAV1.0.0.11","2.0.0.28","PSt7-10","000000-000","10/20/2017 9:36:39 AM","0000-00","0","no battery","V"
"10/20/2017","11:41:36","5","default","957498349","OXY5","31.968","min","158.703","μmol/L","Humid","20.940","deg","92952","µV","35.910","°C","1018.000","hPa","37.0","pmil","0","55.500","deg","20.000","°C","100.000","%a.s.","22.500","deg","20.000","°C","1013.000","hPa","0.861","-0.02056","0.00035","-0.00011","0","14.7","Humid","26.25","0","52.00","346995.28","SABD0000000001","AAV1.0.0.11","2.0.0.28","PSt7-10","000000-000","10/20/2017 9:36:39 AM","0000-00","0","no battery","V"
"10/20/2017","11:41:37","5","default","957498349","OXY5","31.984","min","158.762","μmol/L","Humid","20.942","deg","92947","µV","35.895","°C","1018.000","hPa","37.0","pmil","0","55.500","deg","20.000","°C","100.000","%a.s.","22.500","deg","20.000","°C","1013.000","hPa","0.861","-0.02056","0.00035","-0.00011","0","14.7","Humid","26.25","0","52.00","346999.25","SABD0000000001","AAV1.0.0.11","2.0.0.28","PSt7-10","000000-000","10/20/2017 9:36:39 AM","0000-00","0","no battery","V"
"10/20/2017","11:41:38","5","default","957498349","OXY5","32.001","min","158.790","μmol/L","Humid","20.943","deg","92950","µV","35.888","°C","1018.000","hPa","37.0","pmil","0","55.500","deg","20.000","°C","100.000","%a.s.","22.500","deg","20.000","°C","1013.000","hPa","0.861","-0.02056","0.00035","-0.00011","0","14.7","Humid","26.25","0","52.00","347006.39","SABD0000000001","AAV1.0.0.11","2.0.0.28","PSt7-10","000000-000","10/20/2017 9:36:39 AM","0000-00","0","no battery","V"
"10/20/2017","11:41:39","5","default","957498349","OXY5","32.018","min","158.511","μmol/L","Humid","20.942","deg","92950","µV","35.937","°C","1018.000","hPa","37.0","pmil","0","55.500","deg","20.000","°C","100.000","%a.s.","22.500","deg","20.000","°C","1013.000","hPa","0.861","-0.02056","0.00035","-0.00011","0","14.7","Humid","26.25","0","52.00","347002.55","SABD0000000001","AAV1.0.0.11","2.0.0.28","PSt7-10","000000-000","10/20/2017 9:36:39 AM","0000-00","0","no battery","V"
"10/20/2017","11:41:40","5","default","957498349","OXY5","32.034","min","158.568","μmol/L","Humid","20.942","deg","92936","µV","35.927","°C","1018.000","hPa","37.0","pmil","0","55.500","deg","20.000","°C","100.000","%a.s.","22.500","deg","20.000","°C","1013.000","hPa","0.861","-0.02056","0.00035","-0.00011","0","14.7","Humid","26.25","0","52.00","346997.70","SABD0000000001","AAV1.0.0.11","2.0.0.28","PSt7-10","000000-000","10/20/2017 9:36:39 AM","0000-00","0","no battery","V"
"10/20/2017","11:41:41","5","default","957498349","OXY5","32.051","min","158.678","μmol/L","Humid","20.940","deg","92939","µV","35.914","°C","1018.000","hPa","37.0","pmil","0","55.500","deg","20.000","°C","100.000","%a.s.","22.500","deg","20.000","°C","1013.000","hPa","0.861","-0.02056","0.00035","-0.00011","0","14.7","Humid","26.25","0","52.00","347011.38","SABD0000000001","AAV1.0.0.11","2.0.0.28","PSt7-10","000000-000","10/20/2017 9:36:39 AM","0000-00","0","no battery","V"
"10/20/2017","11:41:42","5","default","957498349","OXY5","32.068","min","158.755","μmol/L","Humid","20.940","deg","92938","µV","35.901","°C","1018.000","hPa","37.0","pmil","0","55.500","deg","20.000","°C","100.000","%a.s.","22.500","deg","20.000","°C","1013.000","hPa","0.861","-0.02056","0.00035","-0.00011","0","14.7","Humid","26.25","0","52.00","347011.42","SABD0000000001","AAV1.0.0.11","2.0.0.28","PSt7-10","000000-000","10/20/2017 9:36:39 AM","0000-00","0","no battery","V"
"10/20/2017","11:41:43","5","default","957498349","OXY5","32.084","min","158.611","μmol/L","Humid","20.942","deg","92941","µV","35.920","°C","1018.000","hPa","37.0","pmil","0","55.500","deg","20.000","°C","100.000","%a.s.","22.500","deg","20.000","°C","1013.000","hPa","0.861","-0.02056","0.00035","-0.00011","0","14.7","Humid","26.25","0","52.00","347005.36","SABD0000000001","AAV1.0.0.11","2.0.0.28","PSt7-10","000000-000","10/20/2017 9:36:39 AM","0000-00","0","no battery","V"
"10/20/2017","11:41:44","5","default","957498349","OXY5","32.101","min","158.644","μmol/L","Humid","20.939","deg","92934","µV","35.922","°C","1018.000","hPa","37.0","pmil","0","55.500","deg","20.000","°C","100.000","%a.s.","22.500","deg","20.000","°C","1013.000","hPa","0.861","-0.02056","0.00035","-0.00011","0","14.7","Humid","26.25","0","52.00","346995.88","SABD0000000001","AAV1.0.0.11","2.0.0.28","PSt7-10","000000-000","10/20/2017 9:36:39 AM","0000-00","0","no battery","V"
"10/20/2017","11:41:45","5","default","957498349","OXY5","32.118","min","158.738","μmol/L","Humid","20.941","deg","92934","µV","35.901","°C","1018.000","hPa","37.0","pmil","0","55.500","deg","20.000","°C","100.000","%a.s.","22.500","deg","20.000","°C","1013.000","hPa","0.861","-0.02056","0.00035","-0.00011","0","14.7","Humid","26.25","0","52.00","347012.55","SABD0000000001","AAV1.0.0.11","2.0.0.28","PSt7-10","000000-000","10/20/2017 9:36:39 AM","0000-00","0","no battery","V"
"10/20/2017","11:41:46","5","default","957498349","OXY5","32.134","min","158.714","μmol/L","Humid","20.940","deg","92939","µV","35.908","°C","1018.000","hPa","37.0","pmil","0","55.500","deg","20.000","°C","100.000","%a.s.","22.500","deg","20.000","°C","1013.000","hPa","0.861","-0.02056","0.00035","-0.00011","0","14.7","Humid","26.25","0","52.00","346994.58","SABD0000000001","AAV1.0.0.11","2.0.0.28","PSt7-10","000000-000","10/20/2017 9:36:39 AM","0000-00","0","no battery","V"
"10/20/2017","11:41:47","5","default","957498349","OXY5","32.151","min","158.681","μmol/L","Humid","20.944","deg","92932","µV","35.904","°C","1018.000","hPa","37.0","pmil","0","55.500","deg","20.000","°C","100.000","%a.s.","22.500","deg","20.000","°C","1013.000","hPa","0.861","-0.02056","0.00035","-0.00011","0","14.7","Humid","26.25","0","52.00","347003.56","SABD0000000001","AAV1.0.0.11","2.0.0.28","PSt7-10","000000-000","10/20/2017 9:36:39 AM","0000-00","0","no battery","V"
"10/20/2017","11:41:48","5","default","957498349","OXY5","32.168","min","158.734","μmol/L","Humid","20.941","deg","92927","µV","35.902","°C","1018.000","hPa","37.0","pmil","0","55.500","deg","20.000","°C","100.000","%a.s.","22.500","deg","20.000","°C","1013.000","hPa","0.861","-0.02056","0.00035","-0.00011","0","14.7","Humid","26.25","0","52.00","346994.05","SABD0000000001","AAV1.0.0.11","2.0.0.28","PSt7-10","000000-000","10/20/2017 9:36:39 AM","0000-00","0","no battery","V"
"10/20/2017","11:41:49","5","default","957498349","OXY5","32.184","min","158.538","μmol/L","Humid","20.943","deg","92922","µV","35.930","°C","1018.000","hPa","37.0","pmil","0","55.500","deg","20.000","°C","100.000","%a.s.","22.500","deg","20.000","°C","1013.000","hPa","0.861","-0.02056","0.00035","-0.00011","0","14.7","Humid","26.25","0","52.00","347003.53","SABD0000000001","AAV1.0.0.11","2.0.0.28","PSt7-10","000000-000","10/20/2017 9:36:39 AM","0000-00","0","no battery","V"
"10/20/2017","11:41:50","5","default","957498349","OXY5","32.201","min","158.583","μmol/L","Humid","20.940","deg","92925","µV","35.929","°C","1018.000","hPa","37.0","pmil","0","55.500","deg","20.000","°C","100.000","%a.s.","22.500","deg","20.000","°C","1013.000","hPa","0.861","-0.02056","0.00035","-0.00011","0","14.7","Humid","26.25","0","52.00","346989.42","SABD0000000001","AAV1.0.0.11","2.0.0.28","PSt7-10","000000-000","10/20/2017 9:36:39 AM","0000-00","0","no battery","V"
"10/20/2017","11:41:51","5","default","957498349","OXY5","32.218","min","158.621","μmol/L","Humid","20.944","deg","92923","µV","35.914","°C","1018.000","hPa","37.0","pmil","0","55.500","deg","20.000","°C","100.000","%a.s.","22.500","deg","20.000","°C","1013.000","hPa","0.861","-0.02056","0.00035","-0.00011","0","14.7","Humid","26.25","0","52.00","346985.61","SABD0000000001","AAV1.0.0.11","2.0.0.28","PSt7-10","000000-000","10/20/2017 9:36:39 AM","0000-00","0","no battery","V"
"10/20/2017","11:41:52","5","default","957498349","OXY5","32.235","min","158.595","μmol/L","Humid","20.943","deg","92912","µV","35.920","°C","1018.000","hPa","37.0","pmil","0","55.500","deg","20.000","°C","100.000","%a.s.","22.500","deg","20.000","°C","1013.000","hPa","0.861","-0.02056","0.00035","-0.00011","0","14.7","Humid","26.25","0","52.00","346981.46","SABD0000000001","AAV1.0.0.11","2.0.0.28","PSt7-10","000000-000","10/20/2017 9:36:39 AM","0000-00","0","no battery","V"
"10/20/2017","11:41:53","5","default","957498349","OXY5","32.251","min","158.570","μmol/L","Humid","20.945","deg","92915","µV","35.920","°C","1018.000","hPa","37.0","pmil","0","55.500","deg","20.000","°C","100.000","%a.s.","22.500","deg","20.000","°C","1013.000","hPa","0.861","-0.02056","0.00035","-0.00011","0","14.7","Humid","26.25","0","52.00","346983.45","SABD0000000001","AAV1.0.0.11","2.0.0.28","PSt7-10","000000-000","10/20/2017 9:36:39 AM","0000-00","0","no battery","V"
"10/20/2017","11:41:54","5","default","957498349","OXY5","32.268","min","158.559","μmol/L","Humid","20.945","deg","92903","µV","35.922","°C","1018.000","hPa","37.0","pmil","0","55.500","deg","20.000","°C","100.000","%a.s.","22.500","deg","20.000","°C","1013.000","hPa","0.861","-0.02056","0.00035","-0.00011","0","14.7","Humid","26.25","0","52.00","346985.50","SABD0000000001","AAV1.0.0.11","2.0.0.28","PSt7-10","000000-000","10/20/2017 9:36:39 AM","0000-00","0","no battery","V"
"10/20/2017","11:41:55","5","default","957498349","OXY5","32.285","min","158.656","μmol/L","Humid","20.941","deg","92909","µV","35.915","°C","1018.000","hPa","37.0","pmil","0","55.500","deg","20.000","°C","100.000","%a.s.","22.500","deg","20.000","°C","1013.000","hPa","0.861","-0.02056","0.00035","-0.00011","0","14.7","Humid","26.25","0","52.00","346986.20","SABD0000000001","AAV1.0.0.11","2.0.0.28","PSt7-10","000000-000","10/20/2017 9:36:39 AM","0000-00","0","no battery","V"
"10/20/2017","11:41:56","5","default","957498349","OXY5","32.301","min","158.677","μmol/L","Humid","20.941","deg","92906","µV","35.911","°C","1018.000","hPa","37.0","pmil","0","55.500","deg","20.000","°C","100.000","%a.s.","22.500","deg","20.000","°C","1013.000","hPa","0.861","-0.02056","0.00035","-0.00011","0","14.7","Humid","26.25","0","52.00","346990.84","SABD0000000001","AAV1.0.0.11","2.0.0.28","PSt7-10","000000-000","10/20/2017 9:36:39 AM","0000-00","0","no battery","V"
"10/20/2017","11:41:57","5","default","957498349","OXY5","32.318","min","158.618","μmol/L","Humid","20.944","deg","92901","µV","35.914","°C","1018.000","hPa","37.0","pmil","0","55.500","deg","20.000","°C","100.000","%a.s.","22.500","deg","20.000","°C","1013.000","hPa","0.861","-0.02056","0.00035","-0.00011","0","14.7","Humid","26.25","0","52.00","346978.29","SABD0000000001","AAV1.0.0.11","2.0.0.28","PSt7-10","000000-000","10/20/2017 9:36:39 AM","0000-00","0","no battery","V"
"10/20/2017","11:41:58","5","default","957498349","OXY5","32.335","min","158.560","μmol/L","Humid","20.943","deg","92895","µV","35.926","°C","1018.000","hPa","37.0","pmil","0","55.500","deg","20.000","°C","100.000","%a.s.","22.500","deg","20.000","°C","1013.000","hPa","0.861","-0.02056","0.00035","-0.00011","0","14.7","Humid","26.25","0","52.00","346979.89","SABD0000000001","AAV1.0.0.11","2.0.0.28","PSt7-10","000000-000","10/20/2017 9:36:39 AM","0000-00","0","no battery","V"
"10/20/2017","11:41:59","5","default","957498349","OXY5","32.351","min","158.790","μmol/L","Humid","20.938","deg","92889","µV","35.900","°C","1018.000","hPa","37.0","pmil","0","55.500","deg","20.000","°C","100.000","%a.s.","22.500","deg","20.000","°C","1013.000","hPa","0.861","-0.02056","0.00035","-0.00011","0","14.7","Humid","26.25","0","52.00","346981.39","SABD0000000001","AAV1.0.0.11","2.0.0.28","PSt7-10","000000-000","10/20/2017 9:36:39 AM","0000-00","0","no battery","V"
"10/20/2017","11:42:00","5","default","957498349","OXY5","32.368","min","158.629","μmol/L","Humid","20.944","deg","92895","µV","35.912","°C","1018.000","hPa","37.0","pmil","0","55.500","deg","20.000","°C","100.000","%a.s.","22.500","deg","20.000","°C","1013.000","hPa","0.861","-0.02056","0.00035","-0.00011","0","14.7","Humid","26.25","0","52.00","346979.47","SABD0000000001","AAV1.0.0.11","2.0.0.28","PSt7-10","000000-000","10/20/2017 9:36:39 AM","0000-00","0","no battery","V"
"10/20/2017","11:42:01","5","default","957498349","OXY5","32.385","min","158.718","μmol/L","Humid","20.943","deg","92885","µV","35.900","°C","1018.000","hPa","37.0","pmil","0","55.500","deg","20.000","°C","100.000","%a.s.","22.500","deg","20.000","°C","1013.000","hPa","0.861","-0.02056","0.00035","-0.00011","0","14.7","Humid","26.25","0","52.00","346971.31","SABD0000000001","AAV1.0.0.11","2.0.0.28","PSt7-10","000000-000","10/20/2017 9:36:39 AM","0000-00","0","no battery","V"
"10/20/2017","11:42:02","5","default","957498349","OXY5","32.401","min","158.716","μmol/L","Humid","20.942","deg","92888","µV","35.903","°C","1018.000","hPa","37.0","pmil","0","55.500","deg","20.000","°C","100.000","%a.s.","22.500","deg","20.000","°C","1013.000","hPa","0.861","-0.02056","0.00035","-0.00011","0","14.7","Humid","26.25","0","52.00","346983.96","SABD0000000001","AAV1.0.0.11","2.0.0.28","PSt7-10","000000-000","10/20/2017 9:36:39 AM","0000-00","0","no battery","V"
"10/20/2017","11:42:03","5","default","957498349","OXY5","32.418","min","158.688","μmol/L","Humid","20.940","deg","92890","µV","35.912","°C","1018.000","hPa","37.0","pmil","0","55.500","deg","20.000","°C","100.000","%a.s.","22.500","deg","20.000","°C","1013.000","hPa","0.861","-0.02056","0.00035","-0.00011","0","14.7","Humid","26.25","0","52.00","346976.17","SABD0000000001","AAV1.0.0.11","2.0.0.28","PSt7-10","000000-000","10/20/2017 9:36:39 AM","0000-00","0","no battery","V"
"10/20/2017","11:42:04","5","default","957498349","OXY5","32.435","min","158.730","μmol/L","Humid","20.940","deg","92888","µV","35.905","°C","1018.000","hPa","37.0","pmil","0","55.500","deg","20.000","°C","100.000","%a.s.","22.500","deg","20.000","°C","1013.000","hPa","0.861","-0.02056","0.00035","-0.00011","0","14.7","Humid","26.25","0","52.00","346974.41","SABD0000000001","AAV1.0.0.11","2.0.0.28","PSt7-10","000000-000","10/20/2017 9:36:39 AM","0000-00","0","no battery","V"
"10/20/2017","11:42:05","5","default","957498349","OXY5","32.451","min","158.713","μmol/L","Humid","20.942","deg","92885","µV","35.903","°C","1018.000","hPa","37.0","pmil","0","55.500","deg","20.000","°C","100.000","%a.s.","22.500","deg","20.000","°C","1013.000","hPa","0.861","-0.02056","0.00035","-0.00011","0","14.7","Humid","26.25","0","52.00","346974.40","SABD0000000001","AAV1.0.0.11","2.0.0.28","PSt7-10","000000-000","10/20/2017 9:36:39 AM","0000-00","0","no battery","V"
"10/20/2017","11:42:06","5","default","957498349","OXY5","32.468","min","158.769","μmol/L","Humid","20.940","deg","92879","µV","35.899","°C","1018.000","hPa","37.0","pmil","0","55.500","deg","20.000","°C","100.000","%a.s.","22.500","deg","20.000","°C","1013.000","hPa","0.861","-0.02056","0.00035","-0.00011","0","14.7","Humid","26.25","0","52.00","346973.14","SABD0000000001","AAV1.0.0.11","2.0.0.28","PSt7-10","000000-000","10/20/2017 9:36:39 AM","0000-00","0","no battery","V"
"10/20/2017","11:42:07","5","default","957498349","OXY5","32.485","min","158.623","μmol/L","Humid","20.943","deg","92884","µV","35.916","°C","1018.000","hPa","37.0","pmil","0","55.500","deg","20.000","°C","100.000","%a.s.","22.500","deg","20.000","°C","1013.000","hPa","0.861","-0.02056","0.00035","-0.00011","0","14.7","Humid","26.25","0","52.00","346975.46","SABD0000000001","AAV1.0.0.11","2.0.0.28","PSt7-10","000000-000","10/20/2017 9:36:39 AM","0000-00","0","no battery","V"
"10/20/2017","11:42:08","5","default","957498349","OXY5","32.501","min","158.605","μmol/L","Humid","20.944","deg","92871","µV","35.916","°C","1018.000","hPa","37.0","pmil","0","55.500","deg","20.000","°C","100.000","%a.s.","22.500","deg","20.000","°C","1013.000","hPa","0.861","-0.02056","0.00035","-0.00011","0","14.7","Humid","26.25","0","52.00","346984.72","SABD0000000001","AAV1.0.0.11","2.0.0.28","PSt7-10","000000-000","10/20/2017 9:36:39 AM","0000-00","0","no battery","V"
"10/20/2017","11:42:09","5","default","957498349","OXY5","32.518","min","158.508","μmol/L","Humid","20.944","deg","92876","µV","35.932","°C","1018.000","hPa","37.0","pmil","0","55.500","deg","20.000","°C","100.000","%a.s.","22.500","deg","20.000","°C","1013.000","hPa","0.861","-0.02056","0.00035","-0.00011","0","14.7","Humid","26.25","0","52.00","346978.30","SABD0000000001","AAV1.0.0.11","2.0.0.28","PSt7-10","000000-000","10/20/2017 9:36:39 AM","0000-00","0","no battery","V"
"10/20/2017","11:42:10","5","default","957498349","OXY5","32.535","min","158.646","μmol/L","Humid","20.943","deg","92874","µV","35.912","°C","1018.000","hPa","37.0","pmil","0","55.500","deg","20.000","°C","100.000","%a.s.","22.500","deg","20.000","°C","1013.000","hPa","0.861","-0.02056","0.00035","-0.00011","0","14.7","Humid","26.25","0","52.00","346985.02","SABD0000000001","AAV1.0.0.11","2.0.0.28","PSt7-10","000000-000","10/20/2017 9:36:39 AM","0000-00","0","no battery","V"
"10/20/2017","11:42:11","5","default","957498349","OXY5","32.551","min","158.669","μmol/L","Humid","20.942","deg","92872","µV","35.910","°C","1018.000","hPa","37.0","pmil","0","55.500","deg","20.000","°C","100.000","%a.s.","22.500","deg","20.000","°C","1013.000","hPa","0.861","-0.02056","0.00035","-0.00011","0","14.7","Humid","26.25","0","52.00","346982.80","SABD0000000001","AAV1.0.0.11","2.0.0.28","PSt7-10","000000-000","10/20/2017 9:36:39 AM","0000-00","0","no battery","V"
"10/20/2017","11:42:12","5","default","957498349","OXY5","32.568","min","158.634","μmol/L","Humid","20.943","deg","92868","µV","35.914","°C","1018.000","hPa","37.0","pmil","0","55.500","deg","20.000","°C","100.000","%a.s.","22.500","deg","20.000","°C","1013.000","hPa","0.861","-0.02056","0.00035","-0.00011","0","14.7","Humid","26.25","0","52.00","346976.75","SABD0000000001","AAV1.0.0.11","2.0.0.28","PSt7-10","000000-000","10/20/2017 9:36:39 AM","0000-00","0","no battery","V"
"10/20/2017","11:42:13","5","default","957498349","OXY5","32.585","min","158.697","μmol/L","Humid","20.939","deg","92864","µV","35.913","°C","1018.000","hPa","37.0","pmil","0","55.500","deg","20.000","°C","100.000","%a.s.","22.500","deg","20.000","°C","1013.000","hPa","0.861","-0.02056","0.00035","-0.00011","0","14.7","Humid","26.25","0","52.00","346957.61","SABD0000000001","AAV1.0.0.11","2.0.0.28","PSt7-10","000000-000","10/20/2017 9:36:39 AM","0000-00","0","no battery","V"
"10/20/2017","11:42:14","5","default","957498349","OXY5","32.601","min","158.647","μmol/L","Humid","20.940","deg","92857","µV","35.919","°C","1018.000","hPa","37.0","pmil","0","55.500","deg","20.000","°C","100.000","%a.s.","22.500","deg","20.000","°C","1013.000","hPa","0.861","-0.02056","0.00035","-0.00011","0","14.7","Humid","26.25","0","52.00","346969.06","SABD0000000001","AAV1.0.0.11","2.0.0.28","PSt7-10","000000-000","10/20/2017 9:36:39 AM","0000-00","0","no battery","V"
"10/20/2017","11:42:15","5","default","957498349","OXY5","32.618","min","158.755","μmol/L","Humid","20.942","deg","92858","µV","35.896","°C","1018.000","hPa","37.0","pmil","0","55.500","deg","20.000","°C","100.000","%a.s.","22.500","deg","20.000","°C","1013.000","hPa","0.861","-0.02056","0.00035","-0.00011","0","14.7","Humid","26.25","0","52.00","346962.10","SABD0000000001","AAV1.0.0.11","2.0.0.28","PSt7-10","000000-000","10/20/2017 9:36:39 AM","0000-00","0","no battery","V"
"10/20/2017","11:42:16","5","default","957498349","OXY5","32.635","min","158.696","μmol/L","Humid","20.941","deg","92849","µV","35.908","°C","1018.000","hPa","37.0","pmil","0","55.500","deg","20.000","°C","100.000","%a.s.","22.500","deg","20.000","°C","1013.000","hPa","0.861","-0.02056","0.00035","-0.00011","0","14.7","Humid","26.25","0","52.00","346973.64","SABD0000000001","AAV1.0.0.11","2.0.0.28","PSt7-10","000000-000","10/20/2017 9:36:39 AM","0000-00","0","no battery","V"
"10/20/2017","11:42:17","5","default","957498349","OXY5","32.651","min","158.543","μmol/L","Humid","20.944","deg","92844","µV","35.927","°C","1018.000","hPa","37.0","pmil","0","55.500","deg","20.000","°C","100.000","%a.s.","22.500","deg","20.000","°C","1013.000","hPa","0.861","-0.02056","0.00035","-0.00011","0","14.7","Humid","26.25","0","52.00","346962.85","SABD0000000001","AAV1.0.0.11","2.0.0.28","PSt7-10","000000-000","10/20/2017 9:36:39 AM","0000-00","0","no battery","V"
"10/20/2017","11:42:18","5","default","957498349","OXY5","32.668","min","158.686","μmol/L","Humid","20.942","deg","92848","µV","35.908","°C","1018.000","hPa","37.0","pmil","0","55.500","deg","20.000","°C","100.000","%a.s.","22.500","deg","20.000","°C","1013.000","hPa","0.861","-0.02056","0.00035","-0.00011","0","14.7","Humid","26.25","0","52.00","346964.57","SABD0000000001","AAV1.0.0.11","2.0.0.28","PSt7-10","000000-000","10/20/2017 9:36:39 AM","0000-00","0","no battery","V"
"10/20/2017","11:42:19","5","default","957498349","OXY5","32.685","min","158.544","μmol/L","Humid","20.944","deg","92842","µV","35.926","°C","1018.000","hPa","37.0","pmil","0","55.500","deg","20.000","°C","100.000","%a.s.","22.500","deg","20.000","°C","1013.000","hPa","0.861","-0.02056","0.00035","-0.00011","0","14.7","Humid","26.25","0","52.00","346964.68","SABD0000000001","AAV1.0.0.11","2.0.0.28","PSt7-10","000000-000","10/20/2017 9:36:39 AM","0000-00","0","no battery","V"
"10/20/2017","11:42:20","5","default","957498349","OXY5","32.701","min","158.650","μmol/L","Humid","20.941","deg","92838","µV","35.916","°C","1018.000","hPa","37.0","pmil","0","55.500","deg","20.000","°C","100.000","%a.s.","22.500","deg","20.000","°C","1013.000","hPa","0.861","-0.02056","0.00035","-0.00011","0","14.7","Humid","26.25","0","52.00","346962.16","SABD0000000001","AAV1.0.0.11","2.0.0.28","PSt7-10","000000-000","10/20/2017 9:36:39 AM","0000-00","0","no battery","V"
"10/20/2017","11:42:21","5","default","957498349","OXY5","32.718","min","158.762","μmol/L","Humid","20.939","deg","92842","µV","35.902","°C","1018.000","hPa","37.0","pmil","0","55.500","deg","20.000","°C","100.000","%a.s.","22.500","deg","20.000","°C","1013.000","hPa","0.861","-0.02056","0.00035","-0.00011","0","14.7","Humid","26.25","0","52.00","346964.41","SABD0000000001","AAV1.0.0.11","2.0.0.28","PSt7-10","000000-000","10/20/2017 9:36:39 AM","0000-00","0","no battery","V"
"10/20/2017","11:42:22","5","default","957498349","OXY5","32.735","min","158.731","μmol/L","Humid","20.940","deg","92825","µV","35.905","°C","1018.000","hPa","37.0","pmil","0","55.500","deg","20.000","°C","100.000","%a.s.","22.500","deg","20.000","°C","1013.000","hPa","0.861","-0.02056","0.00035","-0.00011","0","14.7","Humid","26.25","0","52.00","346965.77","SABD0000000001","AAV1.0.0.11","2.0.0.28","PSt7-10","000000-000","10/20/2017 9:36:39 AM","0000-00","0","no battery","V"
"10/20/2017","11:42:23","5","default","957498349","OXY5","32.751","min","158.710","μmol/L","Humid","20.942","deg","92823","µV","35.904","°C","1018.000","hPa","37.0","pmil","0","55.500","deg","20.000","°C","100.000","%a.s.","22.500","deg","20.000","°C","1013.000","hPa","0.861","-0.02056","0.00035","-0.00011","0","14.7","Humid","26.25","0","52.00","346950.59","SABD0000000001","AAV1.0.0.11","2.0.0.28","PSt7-10","000000-000","10/20/2017 9:36:39 AM","0000-00","0","no battery","V"
"10/20/2017","11:42:24","5","default","957498349","OXY5","32.768","min","158.650","μmol/L","Humid","20.944","deg","92832","µV","35.909","°C","1018.000","hPa","37.0","pmil","0","55.500","deg","20.000","°C","100.000","%a.s.","22.500","deg","20.000","°C","1013.000","hPa","0.861","-0.02056","0.00035","-0.00011","0","14.7","Humid","26.25","0","52.00","346969.28","SABD0000000001","AAV1.0.0.11","2.0.0.28","PSt7-10","000000-000","10/20/2017 9:36:39 AM","0000-00","0","no battery","V"
"10/20/2017","11:42:25","5","default","957498349","OXY5","32.785","min","158.661","μmol/L","Humid","20.940","deg","92821","µV","35.917","°C","1018.000","hPa","37.0","pmil","0","55.500","deg","20.000","°C","100.000","%a.s.","22.500","deg","20.000","°C","1013.000","hPa","0.861","-0.02056","0.00035","-0.00011","0","14.7","Humid","26.25","0","52.00","346951.03","SABD0000000001","AAV1.0.0.11","2.0.0.28","PSt7-10","000000-000","10/20/2017 9:36:39 AM","0000-00","0","no battery","V"
"10/20/2017","11:42:26","5","default","957498349","OXY5","32.801","min","158.650","μmol/L","Humid","20.943","deg","92815","µV","35.911","°C","1018.000","hPa","37.0","pmil","0","55.500","deg","20.000","°C","100.000","%a.s.","22.500","deg","20.000","°C","1013.000","hPa","0.861","-0.02056","0.00035","-0.00011","0","14.7","Humid","26.25","0","52.00","346961.04","SABD0000000001","AAV1.0.0.11","2.0.0.28","PSt7-10","000000-000","10/20/2017 9:36:39 AM","0000-00","0","no battery","V"
"10/20/2017","11:42:27","5","default","957498349","OXY5","32.818","min","158.640","μmol/L","Humid","20.939","deg","92821","µV","35.922","°C","1018.000","hPa","37.0","pmil","0","55.500","deg","20.000","°C","100.000","%a.s.","22.500","deg","20.000","°C","1013.000","hPa","0.861","-0.02056","0.00035","-0.00011","0","14.7","Humid","26.25","0","52.00","346956.19","SABD0000000001","AAV1.0.0.11","2.0.0.28","PSt7-10","000000-000","10/20/2017 9:36:39 AM","0000-00","0","no battery","V"
"10/20/2017","11:42:28","5","default","957498349","OXY5","32.835","min","158.563","μmol/L","Humid","20.940","deg","92809","µV","35.933","°C","1018.000","hPa","37.0","pmil","0","55.500","deg","20.000","°C","100.000","%a.s.","22.500","deg","20.000","°C","1013.000","hPa","0.861","-0.02056","0.00035","-0.00011","0","14.7","Humid","26.25","0","52.00","346945.65","SABD0000000001","AAV1.0.0.11","2.0.0.28","PSt7-10","000000-000","10/20/2017 9:36:39 AM","0000-00","0","no battery","V"
"10/20/2017","11:42:29","5","default","957498349","OXY5","32.851","min","158.672","μmol/L","Humid","20.941","deg","92815","µV","35.912","°C","1018.000","hPa","37.0","pmil","0","55.500","deg","20.000","°C","100.000","%a.s.","22.500","deg","20.000","°C","1013.000","hPa","0.861","-0.02056","0.00035","-0.00011","0","14.7","Humid","26.25","0","52.00","346941.39","SABD0000000001","AAV1.0.0.11","2.0.0.28","PSt7-10","000000-000","10/20/2017 9:36:39 AM","0000-00","0","no battery","V"
"10/20/2017","11:42:30","5","default","957498349","OXY5","32.868","min","158.693","μmol/L","Humid","20.943","deg","92805","µV","35.904","°C","1018.000","hPa","37.0","pmil","0","55.500","deg","20.000","°C","100.000","%a.s.","22.500","deg","20.000","°C","1013.000","hPa","0.861","-0.02056","0.00035","-0.00011","0","14.7","Humid","26.25","0","52.00","346949.91","SABD0000000001","AAV1.0.0.11","2.0.0.28","PSt7-10","000000-000","10/20/2017 9:36:39 AM","0000-00","0","no battery","V"
"10/20/2017","11:42:31","5","default","957498349","OXY5","32.885","min","158.659","μmol/L","Humid","20.941","deg","92811","µV","35.914","°C","1018.000","hPa","37.0","pmil","0","55.500","deg","20.000","°C","100.000","%a.s.","22.500","deg","20.000","°C","1013.000","hPa","0.861","-0.02056","0.00035","-0.00011","0","14.7","Humid","26.25","0","52.00","346943.34","SABD0000000001","AAV1.0.0.11","2.0.0.28","PSt7-10","000000-000","10/20/2017 9:36:39 AM","0000-00","0","no battery","V"
"10/20/2017","11:42:32","5","default","957498349","OXY5","32.901","min","158.723","μmol/L","Humid","20.939","deg","92799","µV","35.909","°C","1018.000","hPa","37.0","pmil","0","55.500","deg","20.000","°C","100.000","%a.s.","22.500","deg","20.000","°C","1013.000","hPa","0.861","-0.02056","0.00035","-0.00011","0","14.7","Humid","26.25","0","52.00","346941.15","SABD0000000001","AAV1.0.0.11","2.0.0.28","PSt7-10","000000-000","10/20/2017 9:36:39 AM","0000-00","0","no battery","V"
"10/20/2017","11:42:33","5","default","957498349","OXY5","32.918","min","158.536","μmol/L","Humid","20.945","deg","92792","µV","35.925","°C","1018.000","hPa","37.0","pmil","0","55.500","deg","20.000","°C","100.000","%a.s.","22.500","deg","20.000","°C","1013.000","hPa","0.861","-0.02056","0.00035","-0.00011","0","14.7","Humid","26.25","0","52.00","346950.31","SABD0000000001","AAV1.0.0.11","2.0.0.28","PSt7-10","000000-000","10/20/2017 9:36:39 AM","0000-00","0","no battery","V"
"10/20/2017","11:42:34","5","default","957498349","OXY5","32.935","min","158.641","μmol/L","Humid","20.941","deg","92792","µV","35.917","°C","1018.000","hPa","37.0","pmil","0","55.500","deg","20.000","°C","100.000","%a.s.","22.500","deg","20.000","°C","1013.000","hPa","0.861","-0.02056","0.00035","-0.00011","0","14.7","Humid","26.25","0","52.00","346955.90","SABD0000000001","AAV1.0.0.11","2.0.0.28","PSt7-10","000000-000","10/20/2017 9:36:39 AM","0000-00","0","no battery","V"
"10/20/2017","11:42:35","5","default","957498349","OXY5","32.951","min","158.781","μmol/L","Humid","20.940","deg","92788","µV","35.897","°C","1018.000","hPa","37.0","pmil","0","55.500","deg","20.000","°C","100.000","%a.s.","22.500","deg","20.000","°C","1013.000","hPa","0.861","-0.02056","0.00035","-0.00011","0","14.7","Humid","26.25","0","52.00","346940.25","SABD0000000001","AAV1.0.0.11","2.0.0.28","PSt7-10","000000-000","10/20/2017 9:36:39 AM","0000-00","0","no battery","V"
"10/20/2017","11:42:36","5","default","957498349","OXY5","32.968","min","158.788","μmol/L","Humid","20.942","deg","92787","µV","35.891","°C","1018.000","hPa","37.0","pmil","0","55.500","deg","20.000","°C","100.000","%a.s.","22.500","deg","20.000","°C","1013.000","hPa","0.861","-0.02056","0.00035","-0.00011","0","14.7","Humid","26.25","0","52.00","346941.38","SABD0000000001","AAV1.0.0.11","2.0.0.28","PSt7-10","000000-000","10/20/2017 9:36:39 AM","0000-00","0","no battery","V"
"10/20/2017","11:42:37","5","default","957498349","OXY5","32.985","min","158.616","μmol/L","Humid","20.938","deg","92783","µV","35.929","°C","1018.000","hPa","37.0","pmil","0","55.500","deg","20.000","°C","100.000","%a.s.","22.500","deg","20.000","°C","1013.000","hPa","0.861","-0.02056","0.00035","-0.00011","0","14.7","Humid","26.25","0","52.00","346938.79","SABD0000000001","AAV1.0.0.11","2.0.0.28","PSt7-10","000000-000","10/20/2017 9:36:39 AM","0000-00","0","no battery","V"
"10/20/2017","11:42:38","5","default","957498349","OXY5","33.001","min","158.556","μmol/L","Humid","20.946","deg","92779","µV","35.920","°C","1018.000","hPa","37.0","pmil","0","55.500","deg","20.000","°C","100.000","%a.s.","22.500","deg","20.000","°C","1013.000","hPa","0.861","-0.02056","0.00035","-0.00011","0","14.7","Humid","26.25","0","52.00","346939.14","SABD0000000001","AAV1.0.0.11","2.0.0.28","PSt7-10","000000-000","10/20/2017 9:36:39 AM","0000-00","0","no battery","V"
"10/20/2017","11:42:39","5","default","957498349","OXY5","33.018","min","158.645","μmol/L","Humid","20.942","deg","92774","µV","35.914","°C","1018.000","hPa","37.0","pmil","0","55.500","deg","20.000","°C","100.000","%a.s.","22.500","deg","20.000","°C","1013.000","hPa","0.861","-0.02056","0.00035","-0.00011","0","14.7","Humid","26.25","0","52.00","346936.16","SABD0000000001","AAV1.0.0.11","2.0.0.28","PSt7-10","000000-000","10/20/2017 9:36:39 AM","0000-00","0","no battery","V"
"10/20/2017","11:42:40","5","default","957498349","OXY5","33.035","min","158.701","μmol/L","Humid","20.942","deg","92779","µV","35.905","°C","1018.000","hPa","37.0","pmil","0","55.500","deg","20.000","°C","100.000","%a.s.","22.500","deg","20.000","°C","1013.000","hPa","0.861","-0.02056","0.00035","-0.00011","0","14.7","Humid","26.25","0","52.00","346932.52","SABD0000000001","AAV1.0.0.11","2.0.0.28","PSt7-10","000000-000","10/20/2017 9:36:39 AM","0000-00","0","no battery","V"
"10/20/2017","11:42:41","5","default","957498349","OXY5","33.051","min","158.619","μmol/L","Humid","20.943","deg","92771","µV","35.916","°C","1018.000","hPa","37.0","pmil","0","55.500","deg","20.000","°C","100.000","%a.s.","22.500","deg","20.000","°C","1013.000","hPa","0.861","-0.02056","0.00035","-0.00011","0","14.7","Humid","26.25","0","52.00","346946.32","SABD0000000001","AAV1.0.0.11","2.0.0.28","PSt7-10","000000-000","10/20/2017 9:36:39 AM","0000-00","0","no battery","V"
"10/20/2017","11:42:42","5","default","957498349","OXY5","33.068","min","158.613","μmol/L","Humid","20.943","deg","92766","µV","35.917","°C","1018.000","hPa","37.0","pmil","0","55.500","deg","20.000","°C","100.000","%a.s.","22.500","deg","20.000","°C","1013.000","hPa","0.861","-0.02056","0.00035","-0.00011","0","14.7","Humid","26.25","0","52.00","346925.58","SABD0000000001","AAV1.0.0.11","2.0.0.28","PSt7-10","000000-000","10/20/2017 9:36:39 AM","0000-00","0","no battery","V"
"10/20/2017","11:42:43","5","default","957498349","OXY5","33.085","min","158.763","μmol/L","Humid","20.939","deg","92770","µV","35.902","°C","1018.000","hPa","37.0","pmil","0","55.500","deg","20.000","°C","100.000","%a.s.","22.500","deg","20.000","°C","1013.000","hPa","0.861","-0.02056","0.00035","-0.00011","0","14.7","Humid","26.25","0","52.00","346929.31","SABD0000000001","AAV1.0.0.11","2.0.0.28","PSt7-10","000000-000","10/20/2017 9:36:39 AM","0000-00","0","no battery","V"
"10/20/2017","11:42:44","5","default","957498349","OXY5","33.101","min","158.820","μmol/L","Humid","20.941","deg","92768","µV","35.888","°C","1018.000","hPa","37.0","pmil","0","55.500","deg","20.000","°C","100.000","%a.s.","22.500","deg","20.000","°C","1013.000","hPa","0.861","-0.02056","0.00035","-0.00011","0","14.7","Humid","26.25","0","52.00","346939.32","SABD0000000001","AAV1.0.0.11","2.0.0.28","PSt7-10","000000-000","10/20/2017 9:36:39 AM","0000-00","0","no battery","V"
"10/20/2017","11:42:45","5","default","957498349","OXY5","33.118","min","158.635","μmol/L","Humid","20.941","deg","92757","µV","35.918","°C","1018.000","hPa","37.0","pmil","0","55.500","deg","20.000","°C","100.000","%a.s.","22.500","deg","20.000","°C","1013.000","hPa","0.861","-0.02056","0.00035","-0.00011","0","14.7","Humid","26.25","0","52.00","346933.12","SABD0000000001","AAV1.0.0.11","2.0.0.28","PSt7-10","000000-000","10/20/2017 9:36:39 AM","0000-00","0","no battery","V"
"10/20/2017","11:42:46","5","default","957498349","OXY5","33.135","min","158.507","μmol/L","Humid","20.945","deg","92759","µV","35.930","°C","1018.000","hPa","37.0","pmil","0","55.500","deg","20.000","°C","100.000","%a.s.","22.500","deg","20.000","°C","1013.000","hPa","0.861","-0.02056","0.00035","-0.00011","0","14.7","Humid","26.25","0","52.00","346926.92","SABD0000000001","AAV1.0.0.11","2.0.0.28","PSt7-10","000000-000","10/20/2017 9:36:39 AM","0000-00","0","no battery","V"
"10/20/2017","11:42:47","5","default","957498349","OXY5","33.152","min","158.544","μmol/L","Humid","20.944","deg","92753","µV","35.926","°C","1018.000","hPa","37.0","pmil","0","55.500","deg","20.000","°C","100.000","%a.s.","22.500","deg","20.000","°C","1013.000","hPa","0.861","-0.02056","0.00035","-0.00011","0","14.7","Humid","26.25","0","52.00","346926.24","SABD0000000001","AAV1.0.0.11","2.0.0.28","PSt7-10","000000-000","10/20/2017 9:36:39 AM","0000-00","0","no battery","V"
"10/20/2017","11:42:48","5","default","957498349","OXY5","33.168","min","158.670","μmol/L","Humid","20.938","deg","92756","µV","35.920","°C","1018.000","hPa","37.0","pmil","0","55.500","deg","20.000","°C","100.000","%a.s.","22.500","deg","20.000","°C","1013.000","hPa","0.861","-0.02056","0.00035","-0.00011","0","14.7","Humid","26.25","0","52.00","346936.70","SABD0000000001","AAV1.0.0.11","2.0.0.28","PSt7-10","000000-000","10/20/2017 9:36:39 AM","0000-00","0","no battery","V"
"10/20/2017","11:42:49","5","default","957498349","OXY5","33.185","min","158.712","μmol/L","Humid","20.941","deg","92748","µV","35.906","°C","1018.000","hPa","37.0","pmil","0","55.500","deg","20.000","°C","100.000","%a.s.","22.500","deg","20.000","°C","1013.000","hPa","0.861","-0.02056","0.00035","-0.00011","0","14.7","Humid","26.25","0","52.00","346926.11","SABD0000000001","AAV1.0.0.11","2.0.0.28","PSt7-10","000000-000","10/20/2017 9:36:39 AM","0000-00","0","no battery","V"
"10/20/2017","11:42:50","5","default","957498349","OXY5","33.202","min","158.620","μmol/L","Humid","20.943","deg","92752","µV","35.916","°C","1018.000","hPa","37.0","pmil","0","55.500","deg","20.000","°C","100.000","%a.s.","22.500","deg","20.000","°C","1013.000","hPa","0.861","-0.02056","0.00035","-0.00011","0","14.7","Humid","26.25","0","52.00","346928.37","SABD0000000001","AAV1.0.0.11","2.0.0.28","PSt7-10","000000-000","10/20/2017 9:36:39 AM","0000-00","0","no battery","V"
"10/20/2017","11:42:51","5","default","957498349","OXY5","33.218","min","158.646","μmol/L","Humid","20.937","deg","92741","µV","35.926","°C","1018.000","hPa","37.0","pmil","0","55.500","deg","20.000","°C","100.000","%a.s.","22.500","deg","20.000","°C","1013.000","hPa","0.861","-0.02056","0.00035","-0.00011","0","14.7","Humid","26.25","0","52.00","346912.14","SABD0000000001","AAV1.0.0.11","2.0.0.28","PSt7-10","000000-000","10/20/2017 9:36:39 AM","0000-00","0","no battery","V"
"10/20/2017","11:42:52","5","default","957498349","OXY5","33.235","min","158.545","μmol/L","Humid","20.941","deg","92736","µV","35.933","°C","1018.000","hPa","37.0","pmil","0","55.500","deg","20.000","°C","100.000","%a.s.","22.500","deg","20.000","°C","1013.000","hPa","0.861","-0.02056","0.00035","-0.00011","0","14.7","Humid","26.25","0","52.00","346920.11","SABD0000000001","AAV1.0.0.11","2.0.0.28","PSt7-10","000000-000","10/20/2017 9:36:39 AM","0000-00","0","no battery","V"
"10/20/2017","11:42:53","5","default","957498349","OXY5","33.252","min","158.629","μmol/L","Humid","20.942","deg","92736","µV","35.917","°C","1018.000","hPa","37.0","pmil","0","55.500","deg","20.000","°C","100.000","%a.s.","22.500","deg","20.000","°C","1013.000","hPa","0.861","-0.02056","0.00035","-0.00011","0","14.7","Humid","26.25","0","52.00","346921.22","SABD0000000001","AAV1.0.0.11","2.0.0.28","PSt7-10","000000-000","10/20/2017 9:36:39 AM","0000-00","0","no battery","V"
"10/20/2017","11:42:54","5","default","957498349","OXY5","33.268","min","158.632","μmol/L","Humid","20.939","deg","92736","µV","35.924","°C","1018.000","hPa","37.0","pmil","0","55.500","deg","20.000","°C","100.000","%a.s.","22.500","deg","20.000","°C","1013.000","hPa","0.861","-0.02056","0.00035","-0.00011","0","14.7","Humid","26.25","0","52.00","346912.91","SABD0000000001","AAV1.0.0.11","2.0.0.28","PSt7-10","000000-000","10/20/2017 9:36:39 AM","0000-00","0","no battery","V"
"10/20/2017","11:42:55","5","default","957498349","OXY5","33.285","min","158.599","μmol/L","Humid","20.943","deg","92730","µV","35.920","°C","1018.000","hPa","37.0","pmil","0","55.500","deg","20.000","°C","100.000","%a.s.","22.500","deg","20.000","°C","1013.000","hPa","0.861","-0.02056","0.00035","-0.00011","0","14.7","Humid","26.25","0","52.00","346907.14","SABD0000000001","AAV1.0.0.11","2.0.0.28","PSt7-10","000000-000","10/20/2017 9:36:39 AM","0000-00","0","no battery","V"
"10/20/2017","11:42:56","5","default","957498349","OXY5","33.302","min","158.647","μmol/L","Humid","20.942","deg","92716","µV","35.914","°C","1018.000","hPa","37.0","pmil","0","55.500","deg","20.000","°C","100.000","%a.s.","22.500","deg","20.000","°C","1013.000","hPa","0.861","-0.02056","0.00035","-0.00011","0","14.7","Humid","26.25","0","52.00","346901.23","SABD0000000001","AAV1.0.0.11","2.0.0.28","PSt7-10","000000-000","10/20/2017 9:36:39 AM","0000-00","0","no battery","V"
"10/20/2017","11:42:57","5","default","957498349","OXY5","33.318","min","158.716","μmol/L","Humid","20.944","deg","92719","µV","35.898","°C","1018.000","hPa","37.0","pmil","0","55.500","deg","20.000","°C","100.000","%a.s.","22.500","deg","20.000","°C","1013.000","hPa","0.861","-0.02056","0.00035","-0.00011","0","14.7","Humid","26.25","0","52.00","346907.07","SABD0000000001","AAV1.0.0.11","2.0.0.28","PSt7-10","000000-000","10/20/2017 9:36:39 AM","0000-00","0","no battery","V"
"10/20/2017","11:42:58","5","default","957498349","OXY5","33.335","min","158.796","μmol/L","Humid","20.941","deg","92725","µV","35.892","°C","1018.000","hPa","37.0","pmil","0","55.500","deg","20.000","°C","100.000","%a.s.","22.500","deg","20.000","°C","1013.000","hPa","0.861","-0.02056","0.00035","-0.00011","0","14.7","Humid","26.25","0","52.00","346914.13","SABD0000000001","AAV1.0.0.11","2.0.0.28","PSt7-10","000000-000","10/20/2017 9:36:39 AM","0000-00","0","no battery","V"
"10/20/2017","11:42:59","5","default","957498349","OXY5","33.352","min","158.653","μmol/L","Humid","20.942","deg","92735","µV","35.913","°C","1018.000","hPa","37.0","pmil","0","55.500","deg","20.000","°C","100.000","%a.s.","22.500","deg","20.000","°C","1013.000","hPa","0.861","-0.02056","0.00035","-0.00011","0","14.7","Humid","26.25","0","52.00","346911.18","SABD0000000001","AAV1.0.0.11","2.0.0.28","PSt7-10","000000-000","10/20/2017 9:36:39 AM","0000-00","0","no battery","V"
"10/20/2017","11:43:00","5","default","957498349","OXY5","33.368","min","158.662","μmol/L","Humid","20.940","deg","92751","µV","35.916","°C","1018.000","hPa","37.0","pmil","0","55.500","deg","20.000","°C","100.000","%a.s.","22.500","deg","20.000","°C","1013.000","hPa","0.861","-0.02056","0.00035","-0.00011","0","14.7","Humid","26.25","0","52.00","346908.42","SABD0000000001","AAV1.0.0.11","2.0.0.28","PSt7-10","000000-000","10/20/2017 9:36:39 AM","0000-00","0","no battery","V"
"10/20/2017","11:43:01","5","default","957498349","OXY5","33.385","min","158.718","μmol/L","Humid","20.937","deg","92733","µV","35.914","°C","1018.000","hPa","37.0","pmil","0","55.500","deg","20.000","°C","100.000","%a.s.","22.500","deg","20.000","°C","1013.000","hPa","0.861","-0.02056","0.00035","-0.00011","0","14.7","Humid","26.25","0","52.00","346890.84","SABD0000000001","AAV1.0.0.11","2.0.0.28","PSt7-10","000000-000","10/20/2017 9:36:39 AM","0000-00","0","no battery","V"
"10/20/2017","11:43:02","5","default","957498349","OXY5","33.402","min","158.625","μmol/L","Humid","20.943","deg","92749","µV","35.915","°C","1018.000","hPa","37.0","pmil","0","55.500","deg","20.000","°C","100.000","%a.s.","22.500","deg","20.000","°C","1013.000","hPa","0.861","-0.02056","0.00035","-0.00011","0","14.7","Humid","26.25","0","52.00","346898.84","SABD0000000001","AAV1.0.0.11","2.0.0.28","PSt7-10","000000-000","10/20/2017 9:36:39 AM","0000-00","0","no battery","V"
"10/20/2017","11:43:03","5","default","957498349","OXY5","33.418","min","158.764","μmol/L","Humid","20.941","deg","92793","µV","35.897","°C","1018.000","hPa","37.0","pmil","0","55.500","deg","20.000","°C","100.000","%a.s.","22.500","deg","20.000","°C","1013.000","hPa","0.861","-0.02056","0.00035","-0.00011","0","14.7","Humid","26.25","0","52.00","346900.03","SABD0000000001","AAV1.0.0.11","2.0.0.28","PSt7-10","000000-000","10/20/2017 9:36:39 AM","0000-00","0","no battery","V"
"10/20/2017","11:43:04","5","default","957498349","OXY5","33.435","min","158.762","μmol/L","Humid","20.942","deg","92782","µV","35.895","°C","1018.000","hPa","37.0","pmil","0","55.500","deg","20.000","°C","100.000","%a.s.","22.500","deg","20.000","°C","1013.000","hPa","0.861","-0.02056","0.00035","-0.00011","0","14.7","Humid","26.25","0","52.00","346912.53","SABD0000000001","AAV1.0.0.11","2.0.0.28","PSt7-10","000000-000","10/20/2017 9:36:39 AM","0000-00","0","no battery","V"
"10/20/2017","11:43:05","5","default","957498349","OXY5","33.452","min","158.562","μmol/L","Humid","20.938","deg","92748","µV","35.938","°C","1018.000","hPa","37.0","pmil","0","55.500","deg","20.000","°C","100.000","%a.s.","22.500","deg","20.000","°C","1013.000","hPa","0.861","-0.02056","0.00035","-0.00011","0","14.7","Humid","26.25","0","52.00","346902.82","SABD0000000001","AAV1.0.0.11","2.0.0.28","PSt7-10","000000-000","10/20/2017 9:36:39 AM","0000-00","0","no battery","V"
"10/20/2017","11:43:06","5","default","957498349","OXY5","33.468","min","158.509","μmol/L","Humid","20.943","deg","92738","µV","35.935","°C","1018.000","hPa","37.0","pmil","0","55.500","deg","20.000","°C","100.000","%a.s.","22.500","deg","20.000","°C","1013.000","hPa","0.861","-0.02056","0.00035","-0.00011","0","14.7","Humid","26.25","0","52.00","346908.99","SABD0000000001","AAV1.0.0.11","2.0.0.28","PSt7-10","000000-000","10/20/2017 9:36:39 AM","0000-00","0","no battery","V"
"10/20/2017","11:43:07","5","default","957498349","OXY5","33.485","min","158.693","μmol/L","Humid","20.938","deg","92734","µV","35.916","°C","1018.000","hPa","37.0","pmil","0","55.500","deg","20.000","°C","100.000","%a.s.","22.500","deg","20.000","°C","1013.000","hPa","0.861","-0.02056","0.00035","-0.00011","0","14.7","Humid","26.25","0","52.00","346903.72","SABD0000000001","AAV1.0.0.11","2.0.0.28","PSt7-10","000000-000","10/20/2017 9:36:39 AM","0000-00","0","no battery","V"
"10/20/2017","11:43:08","5","default","957498349","OXY5","33.502","min","158.638","μmol/L","Humid","20.940","deg","92733","µV","35.920","°C","1018.000","hPa","37.0","pmil","0","55.500","deg","20.000","°C","100.000","%a.s.","22.500","deg","20.000","°C","1013.000","hPa","0.861","-0.02056","0.00035","-0.00011","0","14.7","Humid","26.25","0","52.00","346903.52","SABD0000000001","AAV1.0.0.11","2.0.0.28","PSt7-10","000000-000","10/20/2017 9:36:39 AM","0000-00","0","no battery","V"
"10/20/2017","11:43:09","5","default","957498349","OXY5","33.518","min","158.633","μmol/L","Humid","20.938","deg","92751","µV","35.926","°C","1018.000","hPa","37.0","pmil","0","55.500","deg","20.000","°C","100.000","%a.s.","22.500","deg","20.000","°C","1013.000","hPa","0.861","-0.02056","0.00035","-0.00011","0","14.7","Humid","26.25","0","52.00","346883.20","SABD0000000001","AAV1.0.0.11","2.0.0.28","PSt7-10","000000-000","10/20/2017 9:36:39 AM","0000-00","0","no battery","V"
"10/20/2017","11:43:10","5","default","957498349","OXY5","33.535","min","158.617","μmol/L","Humid","20.938","deg","92760","µV","35.928","°C","1018.000","hPa","37.0","pmil","0","55.500","deg","20.000","°C","100.000","%a.s.","22.500","deg","20.000","°C","1013.000","hPa","0.861","-0.02056","0.00035","-0.00011","0","14.7","Humid","26.25","0","52.00","346905.11","SABD0000000001","AAV1.0.0.11","2.0.0.28","PSt7-10","000000-000","10/20/2017 9:36:39 AM","0000-00","0","no battery","V"
"10/20/2017","11:43:11","5","default","957498349","OXY5","33.552","min","158.644","μmol/L","Humid","20.941","deg","92831","µV","35.917","°C","1018.000","hPa","37.0","pmil","0","55.500","deg","20.000","°C","100.000","%a.s.","22.500","deg","20.000","°C","1013.000","hPa","0.861","-0.02056","0.00035","-0.00011","0","14.7","Humid","26.25","0","52.00","346894.47","SABD0000000001","AAV1.0.0.11","2.0.0.28","PSt7-10","000000-000","10/20/2017 9:36:39 AM","0000-00","0","no battery","V"
"10/20/2017","11:43:12","5","default","957498349","OXY5","33.568","min","158.667","μmol/L","Humid","20.942","deg","92857","µV","35.911","°C","1018.000","hPa","37.0","pmil","0","55.500","deg","20.000","°C","100.000","%a.s.","22.500","deg","20.000","°C","1013.000","hPa","0.861","-0.02056","0.00035","-0.00011","0","14.7","Humid","26.25","0","52.00","346891.10","SABD0000000001","AAV1.0.0.11","2.0.0.28","PSt7-10","000000-000","10/20/2017 9:36:39 AM","0000-00","0","no battery","V"
"10/20/2017","11:43:13","5","default","957498349","OXY5","33.585","min","158.685","μmol/L","Humid","20.945","deg","92830","µV","35.901","°C","1018.000","hPa","37.0","pmil","0","55.500","deg","20.000","°C","100.000","%a.s.","22.500","deg","20.000","°C","1013.000","hPa","0.861","-0.02056","0.00035","-0.00011","0","14.7","Humid","26.25","0","52.00","346900.37","SABD0000000001","AAV1.0.0.11","2.0.0.28","PSt7-10","000000-000","10/20/2017 9:36:39 AM","0000-00","0","no battery","V"
"10/20/2017","11:43:14","5","default","957498349","OXY5","33.602","min","158.614","μmol/L","Humid","20.944","deg","92824","µV","35.915","°C","1018.000","hPa","37.0","pmil","0","55.500","deg","20.000","°C","100.000","%a.s.","22.500","deg","20.000","°C","1013.000","hPa","0.861","-0.02056","0.00035","-0.00011","0","14.7","Humid","26.25","0","52.00","346899.05","SABD0000000001","AAV1.0.0.11","2.0.0.28","PSt7-10","000000-000","10/20/2017 9:36:39 AM","0000-00","0","no battery","V"
"10/20/2017","11:43:15","5","default","957498349","OXY5","33.618","min","158.738","μmol/L","Humid","20.943","deg","92905","µV","35.897","°C","1018.000","hPa","37.0","pmil","0","55.500","deg","20.000","°C","100.000","%a.s.","22.500","deg","20.000","°C","1013.000","hPa","0.861","-0.02056","0.00035","-0.00011","0","14.7","Humid","26.25","0","52.00","346893.86","SABD0000000001","AAV1.0.0.11","2.0.0.28","PSt7-10","000000-000","10/20/2017 9:36:39 AM","0000-00","0","no battery","V"
"10/20/2017","11:43:16","5","default","957498349","OXY5","33.635","min","158.615","μmol/L","Humid","20.939","deg","92863","µV","35.926","°C","1018.000","hPa","37.0","pmil","0","55.500","deg","20.000","°C","100.000","%a.s.","22.500","deg","20.000","°C","1013.000","hPa","0.861","-0.02056","0.00035","-0.00011","0","14.7","Humid","26.25","0","52.00","346884.64","SABD0000000001","AAV1.0.0.11","2.0.0.28","PSt7-10","000000-000","10/20/2017 9:36:39 AM","0000-00","0","no battery","V"
"10/20/2017","11:43:17","5","default","957498349","OXY5","33.652","min","158.842","μmol/L","Humid","20.933","deg","92791","µV","35.903","°C","1018.000","hPa","37.0","pmil","0","55.500","deg","20.000","°C","100.000","%a.s.","22.500","deg","20.000","°C","1013.000","hPa","0.861","-0.02056","0.00035","-0.00011","0","14.7","Humid","26.25","0","52.00","346886.47","SABD0000000001","AAV1.0.0.11","2.0.0.28","PSt7-10","000000-000","10/20/2017 9:36:39 AM","0000-00","0","no battery","V"
"10/20/2017","11:43:18","5","default","957498349","OXY5","33.668","min","158.627","μmol/L","Humid","20.941","deg","92669","µV","35.920","°C","1018.000","hPa","37.0","pmil","0","55.500","deg","20.000","°C","100.000","%a.s.","22.500","deg","20.000","°C","1013.000","hPa","0.861","-0.02056","0.00035","-0.00011","0","14.7","Humid","26.25","0","52.00","346890.98","SABD0000000001","AAV1.0.0.11","2.0.0.28","PSt7-10","000000-000","10/20/2017 9:36:39 AM","0000-00","0","no battery","V"
"10/20/2017","11:43:19","5","default","957498349","OXY5","33.684","min","158.684","μmol/L","Humid","20.940","deg","92649","µV","35.913","°C","1018.000","hPa","37.0","pmil","0","55.500","deg","20.000","°C","100.000","%a.s.","22.500","deg","20.000","°C","1013.000","hPa","0.861","-0.02056","0.00035","-0.00011","0","14.7","Humid","26.25","0","52.00","346880.96","SABD0000000001","AAV1.0.0.11","2.0.0.28","PSt7-10","000000-000","10/20/2017 9:36:39 AM","0000-00","0","no battery","V"
"10/20/2017","11:43:20","5","default","957498349","OXY5","33.701","min","158.720","μmol/L","Humid","20.938","deg","92649","µV","35.911","°C","1018.000","hPa","37.0","pmil","0","55.500","deg","20.000","°C","100.000","%a.s.","22.500","deg","20.000","°C","1013.000","hPa","0.861","-0.02056","0.00035","-0.00011","0","14.7","Humid","26.25","0","52.00","346893.88","SABD0000000001","AAV1.0.0.11","2.0.0.28","PSt7-10","000000-000","10/20/2017 9:36:39 AM","0000-00","0","no battery","V"
"10/20/2017","11:43:21","5","default","957498349","OXY5","33.718","min","158.656","μmol/L","Humid","20.945","deg","92648","µV","35.905","°C","1018.000","hPa","37.0","pmil","0","55.500","deg","20.000","°C","100.000","%a.s.","22.500","deg","20.000","°C","1013.000","hPa","0.861","-0.02056","0.00035","-0.00011","0","14.7","Humid","26.25","0","52.00","346898.62","SABD0000000001","AAV1.0.0.11","2.0.0.28","PSt7-10","000000-000","10/20/2017 9:36:39 AM","0000-00","0","no battery","V"
"10/20/2017","11:43:22","5","default","957498349","OXY5","33.734","min","158.652","μmol/L","Humid","20.941","deg","92641","µV","35.916","°C","1018.000","hPa","37.0","pmil","0","55.500","deg","20.000","°C","100.000","%a.s.","22.500","deg","20.000","°C","1013.000","hPa","0.861","-0.02056","0.00035","-0.00011","0","14.7","Humid","26.25","0","52.00","346878.42","SABD0000000001","AAV1.0.0.11","2.0.0.28","PSt7-10","000000-000","10/20/2017 9:36:39 AM","0000-00","0","no battery","V"
"10/20/2017","11:43:23","5","default","957498349","OXY5","33.751","min","158.714","μmol/L","Humid","20.938","deg","92644","µV","35.912","°C","1018.000","hPa","37.0","pmil","0","55.500","deg","20.000","°C","100.000","%a.s.","22.500","deg","20.000","°C","1013.000","hPa","0.861","-0.02056","0.00035","-0.00011","0","14.7","Humid","26.25","0","52.00","346875.75","SABD0000000001","AAV1.0.0.11","2.0.0.28","PSt7-10","000000-000","10/20/2017 9:36:39 AM","0000-00","0","no battery","V"
"10/20/2017","11:43:24","5","default","957498349","OXY5","33.768","min","158.468","μmol/L","Humid","20.945","deg","92636","µV","35.937","°C","1018.000","hPa","37.0","pmil","0","55.500","deg","20.000","°C","100.000","%a.s.","22.500","deg","20.000","°C","1013.000","hPa","0.861","-0.02056","0.00035","-0.00011","0","14.7","Humid","26.25","0","52.00","346878.36","SABD0000000001","AAV1.0.0.11","2.0.0.28","PSt7-10","000000-000","10/20/2017 9:36:39 AM","0000-00","0","no battery","V"
"10/20/2017","11:43:25","5","default","957498349","OXY5","33.784","min","158.753","μmol/L","Humid","20.936","deg","92639","µV","35.911","°C","1018.000","hPa","37.0","pmil","0","55.500","deg","20.000","°C","100.000","%a.s.","22.500","deg","20.000","°C","1013.000","hPa","0.861","-0.02056","0.00035","-0.00011","0","14.7","Humid","26.25","0","52.00","346873.77","SABD0000000001","AAV1.0.0.11","2.0.0.28","PSt7-10","000000-000","10/20/2017 9:36:39 AM","0000-00","0","no battery","V"
"10/20/2017","11:43:26","5","default","957498349","OXY5","33.801","min","158.683","μmol/L","Humid","20.942","deg","92643","µV","35.908","°C","1018.000","hPa","37.0","pmil","0","55.500","deg","20.000","°C","100.000","%a.s.","22.500","deg","20.000","°C","1013.000","hPa","0.861","-0.02056","0.00035","-0.00011","0","14.7","Humid","26.25","0","52.00","346880.04","SABD0000000001","AAV1.0.0.11","2.0.0.28","PSt7-10","000000-000","10/20/2017 9:36:39 AM","0000-00","0","no battery","V"
"10/20/2017","11:43:27","5","default","957498349","OXY5","33.818","min","158.725","μmol/L","Humid","20.937","deg","92632","µV","35.913","°C","1018.000","hPa","37.0","pmil","0","55.500","deg","20.000","°C","100.000","%a.s.","22.500","deg","20.000","°C","1013.000","hPa","0.861","-0.02056","0.00035","-0.00011","0","14.7","Humid","26.25","0","52.00","346880.64","SABD0000000001","AAV1.0.0.11","2.0.0.28","PSt7-10","000000-000","10/20/2017 9:36:39 AM","0000-00","0","no battery","V"
"10/20/2017","11:43:28","5","default","957498349","OXY5","33.835","min","158.653","μmol/L","Humid","20.940","deg","92628","µV","35.918","°C","1018.000","hPa","37.0","pmil","0","55.500","deg","20.000","°C","100.000","%a.s.","22.500","deg","20.000","°C","1013.000","hPa","0.861","-0.02056","0.00035","-0.00011","0","14.7","Humid","26.25","0","52.00","346873.57","SABD0000000001","AAV1.0.0.11","2.0.0.28","PSt7-10","000000-000","10/20/2017 9:36:39 AM","0000-00","0","no battery","V"
"10/20/2017","11:43:29","5","default","957498349","OXY5","33.851","min","158.664","μmol/L","Humid","20.941","deg","92637","µV","35.914","°C","1018.000","hPa","37.0","pmil","0","55.500","deg","20.000","°C","100.000","%a.s.","22.500","deg","20.000","°C","1013.000","hPa","0.861","-0.02056","0.00035","-0.00011","0","14.7","Humid","26.25","0","52.00","346872.36","SABD0000000001","AAV1.0.0.11","2.0.0.28","PSt7-10","000000-000","10/20/2017 9:36:39 AM","0000-00","0","no battery","V"
"10/20/2017","11:43:30","5","default","957498349","OXY5","33.868","min","158.607","μmol/L","Humid","20.942","deg","92626","µV","35.921","°C","1018.000","hPa","37.0","pmil","0","55.500","deg","20.000","°C","100.000","%a.s.","22.500","deg","20.000","°C","1013.000","hPa","0.861","-0.02056","0.00035","-0.00011","0","14.7","Humid","26.25","0","52.00","346874.01","SABD0000000001","AAV1.0.0.11","2.0.0.28","PSt7-10","000000-000","10/20/2017 9:36:39 AM","0000-00","0","no battery","V"
"10/20/2017","11:43:31","5","default","957498349","OXY5","33.885","min","158.695","μmol/L","Humid","20.938","deg","92629","µV","35.916","°C","1018.000","hPa","37.0","pmil","0","55.500","deg","20.000","°C","100.000","%a.s.","22.500","deg","20.000","°C","1013.000","hPa","0.861","-0.02056","0.00035","-0.00011","0","14.7","Humid","26.25","0","52.00","346863.01","SABD0000000001","AAV1.0.0.11","2.0.0.28","PSt7-10","000000-000","10/20/2017 9:36:39 AM","0000-00","0","no battery","V"
"10/20/2017","11:43:32","5","default","957498349","OXY5","33.901","min","158.731","μmol/L","Humid","20.939","deg","92619","µV","35.907","°C","1018.000","hPa","37.0","pmil","0","55.500","deg","20.000","°C","100.000","%a.s.","22.500","deg","20.000","°C","1013.000","hPa","0.861","-0.02056","0.00035","-0.00011","0","14.7","Humid","26.25","0","52.00","346870.50","SABD0000000001","AAV1.0.0.11","2.0.0.28","PSt7-10","000000-000","10/20/2017 9:36:39 AM","0000-00","0","no battery","V"
"10/20/2017","11:43:33","5","default","957498349","OXY5","33.918","min","158.608","μmol/L","Humid","20.939","deg","92620","µV","35.928","°C","1018.000","hPa","37.0","pmil","0","55.500","deg","20.000","°C","100.000","%a.s.","22.500","deg","20.000","°C","1013.000","hPa","0.861","-0.02056","0.00035","-0.00011","0","14.7","Humid","26.25","0","52.00","346857.01","SABD0000000001","AAV1.0.0.11","2.0.0.28","PSt7-10","000000-000","10/20/2017 9:36:39 AM","0000-00","0","no battery","V"
"10/20/2017","11:43:34","5","default","957498349","OXY5","33.935","min","158.659","μmol/L","Humid","20.940","deg","92617","µV","35.917","°C","1018.000","hPa","37.0","pmil","0","55.500","deg","20.000","°C","100.000","%a.s.","22.500","deg","20.000","°C","1013.000","hPa","0.861","-0.02056","0.00035","-0.00011","0","14.7","Humid","26.25","0","52.00","346867.75","SABD0000000001","AAV1.0.0.11","2.0.0.28","PSt7-10","000000-000","10/20/2017 9:36:39 AM","0000-00","0","no battery","V"
"10/20/2017","11:43:35","5","default","957498349","OXY5","33.951","min","158.773","μmol/L","Humid","20.937","deg","92614","µV","35.905","°C","1018.000","hPa","37.0","pmil","0","55.500","deg","20.000","°C","100.000","%a.s.","22.500","deg","20.000","°C","1013.000","hPa","0.861","-0.02056","0.00035","-0.00011","0","14.7","Humid","26.25","0","52.00","346884.84","SABD0000000001","AAV1.0.0.11","2.0.0.28","PSt7-10","000000-000","10/20/2017 9:36:39 AM","0000-00","0","no battery","V"
"10/20/2017","11:43:36","5","default","957498349","OXY5","33.968","min","158.682","μmol/L","Humid","20.941","deg","92616","µV","35.911","°C","1018.000","hPa","37.0","pmil","0","55.500","deg","20.000","°C","100.000","%a.s.","22.500","deg","20.000","°C","1013.000","hPa","0.861","-0.02056","0.00035","-0.00011","0","14.7","Humid","26.25","0","52.00","346848.90","SABD0000000001","AAV1.0.0.11","2.0.0.28","PSt7-10","000000-000","10/20/2017 9:36:39 AM","0000-00","0","no battery","V"
"10/20/2017","11:43:37","5","default","957498349","OXY5","33.985","min","158.711","μmol/L","Humid","20.937","deg","92609","µV","35.915","°C","1018.000","hPa","37.0","pmil","0","55.500","deg","20.000","°C","100.000","%a.s.","22.500","deg","20.000","°C","1013.000","hPa","0.861","-0.02056","0.00035","-0.00011","0","14.7","Humid","26.25","0","52.00","346857.81","SABD0000000001","AAV1.0.0.11","2.0.0.28","PSt7-10","000000-000","10/20/2017 9:36:39 AM","0000-00","0","no battery","V"
"10/20/2017","11:43:38","5","default","957498349","OXY5","34.001","min","158.575","μmol/L","Humid","20.943","deg","92609","µV","35.924","°C","1018.000","hPa","37.0","pmil","0","55.500","deg","20.000","°C","100.000","%a.s.","22.500","deg","20.000","°C","1013.000","hPa","0.861","-0.02056","0.00035","-0.00011","0","14.7","Humid","26.25","0","52.00","346867.66","SABD0000000001","AAV1.0.0.11","2.0.0.28","PSt7-10","000000-000","10/20/2017 9:36:39 AM","0000-00","0","no battery","V"
"10/20/2017","11:43:39","5","default","957498349","OXY5","34.018","min","158.654","μmol/L","Humid","20.937","deg","92608","µV","35.925","°C","1018.000","hPa","37.0","pmil","0","55.500","deg","20.000","°C","100.000","%a.s.","22.500","deg","20.000","°C","1013.000","hPa","0.861","-0.02056","0.00035","-0.00011","0","14.7","Humid","26.25","0","52.00","346873.81","SABD0000000001","AAV1.0.0.11","2.0.0.28","PSt7-10","000000-000","10/20/2017 9:36:39 AM","0000-00","0","no battery","V"
"10/20/2017","11:43:40","5","default","957498349","OXY5","34.035","min","158.597","μmol/L","Humid","20.942","deg","92608","µV","35.922","°C","1018.000","hPa","37.0","pmil","0","55.500","deg","20.000","°C","100.000","%a.s.","22.500","deg","20.000","°C","1013.000","hPa","0.861","-0.02056","0.00035","-0.00011","0","14.7","Humid","26.25","0","52.00","346863.40","SABD0000000001","AAV1.0.0.11","2.0.0.28","PSt7-10","000000-000","10/20/2017 9:36:39 AM","0000-00","0","no battery","V"
"10/20/2017","11:43:41","5","default","957498349","OXY5","34.051","min","158.802","μmol/L","Humid","20.938","deg","92609","µV","35.898","°C","1018.000","hPa","37.0","pmil","0","55.500","deg","20.000","°C","100.000","%a.s.","22.500","deg","20.000","°C","1013.000","hPa","0.861","-0.02056","0.00035","-0.00011","0","14.7","Humid","26.25","0","52.00","346863.52","SABD0000000001","AAV1.0.0.11","2.0.0.28","PSt7-10","000000-000","10/20/2017 9:36:39 AM","0000-00","0","no battery","V"
"10/20/2017","11:43:42","5","default","957498349","OXY5","34.068","min","158.569","μmol/L","Humid","20.942","deg","92598","µV","35.927","°C","1018.000","hPa","37.0","pmil","0","55.500","deg","20.000","°C","100.000","%a.s.","22.500","deg","20.000","°C","1013.000","hPa","0.861","-0.02056","0.00035","-0.00011","0","14.7","Humid","26.25","0","52.00","346855.29","SABD0000000001","AAV1.0.0.11","2.0.0.28","PSt7-10","000000-000","10/20/2017 9:36:39 AM","0000-00","0","no battery","V"
"10/20/2017","11:43:43","5","default","957498349","OXY5","34.085","min","158.559","μmol/L","Humid","20.937","deg","92594","µV","35.941","°C","1018.000","hPa","37.0","pmil","0","55.500","deg","20.000","°C","100.000","%a.s.","22.500","deg","20.000","°C","1013.000","hPa","0.861","-0.02056","0.00035","-0.00011","0","14.7","Humid","26.25","0","52.00","346844.80","SABD0000000001","AAV1.0.0.11","2.0.0.28","PSt7-10","000000-000","10/20/2017 9:36:39 AM","0000-00","0","no battery","V"
"10/20/2017","11:43:44","5","default","957498349","OXY5","34.103","min","158.575","μmol/L","Humid","20.939","deg","92592","µV","35.933","°C","1018.000","hPa","37.0","pmil","0","55.500","deg","20.000","°C","100.000","%a.s.","22.500","deg","20.000","°C","1013.000","hPa","0.861","-0.02056","0.00035","-0.00011","0","14.7","Humid","26.25","0","52.00","346856.60","SABD0000000001","AAV1.0.0.11","2.0.0.28","PSt7-10","000000-000","10/20/2017 9:36:39 AM","0000-00","0","no battery","V"
"10/20/2017","11:43:45","5","default","957498349","OXY5","34.118","min","158.563","μmol/L","Humid","20.940","deg","92587","µV","35.933","°C","1018.000","hPa","37.0","pmil","0","55.500","deg","20.000","°C","100.000","%a.s.","22.500","deg","20.000","°C","1013.000","hPa","0.861","-0.02056","0.00035","-0.00011","0","14.7","Humid","26.25","0","52.00","346849.27","SABD0000000001","AAV1.0.0.11","2.0.0.28","PSt7-10","000000-000","10/20/2017 9:36:39 AM","0000-00","0","no battery","V"
"10/20/2017","11:43:46","5","default","957498349","OXY5","34.135","min","158.568","μmol/L","Humid","20.942","deg","92588","µV","35.927","°C","1018.000","hPa","37.0","pmil","0","55.500","deg","20.000","°C","100.000","%a.s.","22.500","deg","20.000","°C","1013.000","hPa","0.861","-0.02056","0.00035","-0.00011","0","14.7","Humid","26.25","0","52.00","346847.30","SABD0000000001","AAV1.0.0.11","2.0.0.28","PSt7-10","000000-000","10/20/2017 9:36:39 AM","0000-00","0","no battery","V"
"10/20/2017","11:43:47","5","default","957498349","OXY5","34.151","min","158.720","μmol/L","Humid","20.938","deg","92584","µV","35.911","°C","1018.000","hPa","37.0","pmil","0","55.500","deg","20.000","°C","100.000","%a.s.","22.500","deg","20.000","°C","1013.000","hPa","0.861","-0.02056","0.00035","-0.00011","0","14.7","Humid","26.25","0","52.00","346850.92","SABD0000000001","AAV1.0.0.11","2.0.0.28","PSt7-10","000000-000","10/20/2017 9:36:39 AM","0000-00","0","no battery","V"
"10/20/2017","11:43:48","5","default","957498349","OXY5","34.168","min","158.667","μmol/L","Humid","20.939","deg","92583","µV","35.918","°C","1018.000","hPa","37.0","pmil","0","55.500","deg","20.000","°C","100.000","%a.s.","22.500","deg","20.000","°C","1013.000","hPa","0.861","-0.02056","0.00035","-0.00011","0","14.7","Humid","26.25","0","52.00","346845.19","SABD0000000001","AAV1.0.0.11","2.0.0.28","PSt7-10","000000-000","10/20/2017 9:36:39 AM","0000-00","0","no battery","V"
"10/20/2017","11:43:49","5","default","957498349","OXY5","34.185","min","158.609","μmol/L","Humid","20.941","deg","92579","µV","35.923","°C","1018.000","hPa","37.0","pmil","0","55.500","deg","20.000","°C","100.000","%a.s.","22.500","deg","20.000","°C","1013.000","hPa","0.861","-0.02056","0.00035","-0.00011","0","14.7","Humid","26.25","0","52.00","346844.95","SABD0000000001","AAV1.0.0.11","2.0.0.28","PSt7-10","000000-000","10/20/2017 9:36:39 AM","0000-00","0","no battery","V"
"10/20/2017","11:43:50","5","default","957498349","OXY5","34.201","min","158.743","μmol/L","Humid","20.940","deg","92575","µV","35.903","°C","1018.000","hPa","37.0","pmil","0","55.500","deg","20.000","°C","100.000","%a.s.","22.500","deg","20.000","°C","1013.000","hPa","0.861","-0.02056","0.00035","-0.00011","0","14.7","Humid","26.25","0","52.00","346847.23","SABD0000000001","AAV1.0.0.11","2.0.0.28","PSt7-10","000000-000","10/20/2017 9:36:39 AM","0000-00","0","no battery","V"
"10/20/2017","11:43:51","5","default","957498349","OXY5","34.218","min","158.672","μmol/L","Humid","20.938","deg","92572","µV","35.919","°C","1018.000","hPa","37.0","pmil","0","55.500","deg","20.000","°C","100.000","%a.s.","22.500","deg","20.000","°C","1013.000","hPa","0.861","-0.02056","0.00035","-0.00011","0","14.7","Humid","26.25","0","52.00","346814.05","SABD0000000001","AAV1.0.0.11","2.0.0.28","PSt7-10","000000-000","10/20/2017 9:36:39 AM","0000-00","0","no battery","V"
"10/20/2017","11:43:52","5","default","957498349","OXY5","34.235","min","158.645","μmol/L","Humid","20.942","deg","92569","µV","35.914","°C","1018.000","hPa","37.0","pmil","0","55.500","deg","20.000","°C","100.000","%a.s.","22.500","deg","20.000","°C","1013.000","hPa","0.861","-0.02056","0.00035","-0.00011","0","14.7","Humid","26.25","0","52.00","346825.03","SABD0000000001","AAV1.0.0.11","2.0.0.28","PSt7-10","000000-000","10/20/2017 9:36:39 AM","0000-00","0","no battery","V"
"10/20/2017","11:43:53","5","default","957498349","OXY5","34.251","min","158.670","μmol/L","Humid","20.933","deg","92570","µV","35.932","°C","1018.000","hPa","37.0","pmil","0","55.500","deg","20.000","°C","100.000","%a.s.","22.500","deg","20.000","°C","1013.000","hPa","0.861","-0.02056","0.00035","-0.00011","0","14.7","Humid","26.25","0","52.00","346831.77","SABD0000000001","AAV1.0.0.11","2.0.0.28","PSt7-10","000000-000","10/20/2017 9:36:39 AM","0000-00","0","no battery","V"
"10/20/2017","11:43:54","5","default","957498349","OXY5","34.268","min","158.611","μmol/L","Humid","20.940","deg","92563","µV","35.925","°C","1018.000","hPa","37.0","pmil","0","55.500","deg","20.000","°C","100.000","%a.s.","22.500","deg","20.000","°C","1013.000","hPa","0.861","-0.02056","0.00035","-0.00011","0","14.7","Humid","26.25","0","52.00","346823.24","SABD0000000001","AAV1.0.0.11","2.0.0.28","PSt7-10","000000-000","10/20/2017 9:36:39 AM","0000-00","0","no battery","V"
"10/20/2017","11:43:55","5","default","957498349","OXY5","34.285","min","158.692","μmol/L","Humid","20.940","deg","92560","µV","35.911","°C","1018.000","hPa","37.0","pmil","0","55.500","deg","20.000","°C","100.000","%a.s.","22.500","deg","20.000","°C","1013.000","hPa","0.861","-0.02056","0.00035","-0.00011","0","14.7","Humid","26.25","0","52.00","346835.29","SABD0000000001","AAV1.0.0.11","2.0.0.28","PSt7-10","000000-000","10/20/2017 9:36:39 AM","0000-00","0","no battery","V"
"10/20/2017","11:43:56","5","default","957498349","OXY5","34.301","min","158.716","μmol/L","Humid","20.939","deg","92557","µV","35.910","°C","1018.000","hPa","37.0","pmil","0","55.500","deg","20.000","°C","100.000","%a.s.","22.500","deg","20.000","°C","1013.000","hPa","0.861","-0.02056","0.00035","-0.00011","0","14.7","Humid","26.25","0","52.00","346835.60","SABD0000000001","AAV1.0.0.11","2.0.0.28","PSt7-10","000000-000","10/20/2017 9:36:39 AM","0000-00","0","no battery","V"
"10/20/2017","11:43:57","5","default","957498349","OXY5","34.318","min","158.766","μmol/L","Humid","20.938","deg","92553","µV","35.904","°C","1018.000","hPa","37.0","pmil","0","55.500","deg","20.000","°C","100.000","%a.s.","22.500","deg","20.000","°C","1013.000","hPa","0.861","-0.02056","0.00035","-0.00011","0","14.7","Humid","26.25","0","52.00","346845.52","SABD0000000001","AAV1.0.0.11","2.0.0.28","PSt7-10","000000-000","10/20/2017 9:36:39 AM","0000-00","0","no battery","V"
"10/20/2017","11:43:58","5","default","957498349","OXY5","34.335","min","158.629","μmol/L","Humid","20.938","deg","92554","µV","35.926","°C","1018.000","hPa","37.0","pmil","0","55.500","deg","20.000","°C","100.000","%a.s.","22.500","deg","20.000","°C","1013.000","hPa","0.861","-0.02056","0.00035","-0.00011","0","14.7","Humid","26.25","0","52.00","346836.71","SABD0000000001","AAV1.0.0.11","2.0.0.28","PSt7-10","000000-000","10/20/2017 9:36:39 AM","0000-00","0","no battery","V"
"10/20/2017","11:43:59","5","default","957498349","OXY5","34.351","min","158.507","μmol/L","Humid","20.941","deg","92548","µV","35.940","°C","1018.000","hPa","37.0","pmil","0","55.500","deg","20.000","°C","100.000","%a.s.","22.500","deg","20.000","°C","1013.000","hPa","0.861","-0.02056","0.00035","-0.00011","0","14.7","Humid","26.25","0","52.00","346830.50","SABD0000000001","AAV1.0.0.11","2.0.0.28","PSt7-10","000000-000","10/20/2017 9:36:39 AM","0000-00","0","no battery","V"
"10/20/2017","11:44:00","5","default","957498349","OXY5","34.368","min","158.633","μmol/L","Humid","20.943","deg","92545","µV","35.914","°C","1018.000","hPa","37.0","pmil","0","55.500","deg","20.000","°C","100.000","%a.s.","22.500","deg","20.000","°C","1013.000","hPa","0.861","-0.02056","0.00035","-0.00011","0","14.7","Humid","26.25","0","52.00","346841.60","SABD0000000001","AAV1.0.0.11","2.0.0.28","PSt7-10","000000-000","10/20/2017 9:36:39 AM","0000-00","0","no battery","V"
"10/20/2017","11:44:01","5","default","957498349","OXY5","34.385","min","158.742","μmol/L","Humid","20.940","deg","92543","µV","35.903","°C","1018.000","hPa","37.0","pmil","0","55.500","deg","20.000","°C","100.000","%a.s.","22.500","deg","20.000","°C","1013.000","hPa","0.861","-0.02056","0.00035","-0.00011","0","14.7","Humid","26.25","0","52.00","346819.30","SABD0000000001","AAV1.0.0.11","2.0.0.28","PSt7-10","000000-000","10/20/2017 9:36:39 AM","0000-00","0","no battery","V"
"10/20/2017","11:44:02","5","default","957498349","OXY5","34.401","min","158.647","μmol/L","Humid","20.938","deg","92542","µV","35.924","°C","1018.000","hPa","37.0","pmil","0","55.500","deg","20.000","°C","100.000","%a.s.","22.500","deg","20.000","°C","1013.000","hPa","0.861","-0.02056","0.00035","-0.00011","0","14.7","Humid","26.25","0","52.00","346821.46","SABD0000000001","AAV1.0.0.11","2.0.0.28","PSt7-10","000000-000","10/20/2017 9:36:39 AM","0000-00","0","no battery","V"
"10/20/2017","11:44:03","5","default","957498349","OXY5","34.418","min","158.623","μmol/L","Humid","20.940","deg","92540","µV","35.923","°C","1018.000","hPa","37.0","pmil","0","55.500","deg","20.000","°C","100.000","%a.s.","22.500","deg","20.000","°C","1013.000","hPa","0.861","-0.02056","0.00035","-0.00011","0","14.7","Humid","26.25","0","52.00","346819.46","SABD0000000001","AAV1.0.0.11","2.0.0.28","PSt7-10","000000-000","10/20/2017 9:36:39 AM","0000-00","0","no battery","V"
"10/20/2017","11:44:04","5","default","957498349","OXY5","34.435","min","158.528","μmol/L","Humid","20.940","deg","92537","µV","35.939","°C","1018.000","hPa","37.0","pmil","0","55.500","deg","20.000","°C","100.000","%a.s.","22.500","deg","20.000","°C","1013.000","hPa","0.861","-0.02056","0.00035","-0.00011","0","14.7","Humid","26.25","0","52.00","346817.00","SABD0000000001","AAV1.0.0.11","2.0.0.28","PSt7-10","000000-000","10/20/2017 9:36:39 AM","0000-00","0","no battery","V"
"10/20/2017","11:44:05","5","default","957498349","OXY5","34.451","min","158.592","μmol/L","Humid","20.941","deg","92524","µV","35.926","°C","1018.000","hPa","37.0","pmil","0","55.500","deg","20.000","°C","100.000","%a.s.","22.500","deg","20.000","°C","1013.000","hPa","0.861","-0.02056","0.00035","-0.00011","0","14.7","Humid","26.25","0","52.00","346823.91","SABD0000000001","AAV1.0.0.11","2.0.0.28","PSt7-10","000000-000","10/20/2017 9:36:39 AM","0000-00","0","no battery","V"
"10/20/2017","11:44:06","5","default","957498349","OXY5","34.468","min","158.654","μmol/L","Humid","20.938","deg","92530","µV","35.922","°C","1018.000","hPa","37.0","pmil","0","55.500","deg","20.000","°C","100.000","%a.s.","22.500","deg","20.000","°C","1013.000","hPa","0.861","-0.02056","0.00035","-0.00011","0","14.7","Humid","26.25","0","52.00","346816.73","SABD0000000001","AAV1.0.0.11","2.0.0.28","PSt7-10","000000-000","10/20/2017 9:36:39 AM","0000-00","0","no battery","V"
"10/20/2017","11:44:07","5","default","957498349","OXY5","34.485","min","158.568","μmol/L","Humid","20.936","deg","92530","µV","35.941","°C","1018.000","hPa","37.0","pmil","0","55.500","deg","20.000","°C","100.000","%a.s.","22.500","deg","20.000","°C","1013.000","hPa","0.861","-0.02056","0.00035","-0.00011","0","14.7","Humid","26.25","0","52.00","346825.38","SABD0000000001","AAV1.0.0.11","2.0.0.28","PSt7-10","000000-000","10/20/2017 9:36:39 AM","0000-00","0","no battery","V"
"10/20/2017","11:44:08","5","default","957498349","OXY5","34.501","min","158.580","μmol/L","Humid","20.941","deg","92528","µV","35.928","°C","1018.000","hPa","37.0","pmil","0","55.500","deg","20.000","°C","100.000","%a.s.","22.500","deg","20.000","°C","1013.000","hPa","0.861","-0.02056","0.00035","-0.00011","0","14.7","Humid","26.25","0","52.00","346822.31","SABD0000000001","AAV1.0.0.11","2.0.0.28","PSt7-10","000000-000","10/20/2017 9:36:39 AM","0000-00","0","no battery","V"
"10/20/2017","11:44:09","5","default","957498349","OXY5","34.518","min","158.715","μmol/L","Humid","20.939","deg","92525","µV","35.910","°C","1018.000","hPa","37.0","pmil","0","55.500","deg","20.000","°C","100.000","%a.s.","22.500","deg","20.000","°C","1013.000","hPa","0.861","-0.02056","0.00035","-0.00011","0","14.7","Humid","26.25","0","52.00","346826.39","SABD0000000001","AAV1.0.0.11","2.0.0.28","PSt7-10","000000-000","10/20/2017 9:36:39 AM","0000-00","0","no battery","V"
"10/20/2017","11:44:10","5","default","957498349","OXY5","34.535","min","158.720","μmol/L","Humid","20.939","deg","92555","µV","35.909","°C","1018.000","hPa","37.0","pmil","0","55.500","deg","20.000","°C","100.000","%a.s.","22.500","deg","20.000","°C","1013.000","hPa","0.861","-0.02056","0.00035","-0.00011","0","14.7","Humid","26.25","0","52.00","346834.64","SABD0000000001","AAV1.0.0.11","2.0.0.28","PSt7-10","000000-000","10/20/2017 9:36:39 AM","0000-00","0","no battery","V"
"10/20/2017","11:44:11","5","default","957498349","OXY5","34.552","min","158.631","μmol/L","Humid","20.936","deg","92533","µV","35.931","°C","1018.000","hPa","37.0","pmil","0","55.500","deg","20.000","°C","100.000","%a.s.","22.500","deg","20.000","°C","1013.000","hPa","0.861","-0.02056","0.00035","-0.00011","0","14.7","Humid","26.25","0","52.00","346819.27","SABD0000000001","AAV1.0.0.11","2.0.0.28","PSt7-10","000000-000","10/20/2017 9:36:39 AM","0000-00","0","no battery","V"
"10/20/2017","11:44:12","5","default","957498349","OXY5","34.568","min","158.569","μmol/L","Humid","20.942","deg","92533","µV","35.927","°C","1018.000","hPa","37.0","pmil","0","55.500","deg","20.000","°C","100.000","%a.s.","22.500","deg","20.000","°C","1013.000","hPa","0.861","-0.02056","0.00035","-0.00011","0","14.7","Humid","26.25","0","52.00","346823.43","SABD0000000001","AAV1.0.0.11","2.0.0.28","PSt7-10","000000-000","10/20/2017 9:36:39 AM","0000-00","0","no battery","V"
"10/20/2017","11:44:13","5","default","957498349","OXY5","34.585","min","158.543","μmol/L","Humid","20.941","deg","92533","µV","35.934","°C","1018.000","hPa","37.0","pmil","0","55.500","deg","20.000","°C","100.000","%a.s.","22.500","deg","20.000","°C","1013.000","hPa","0.861","-0.02056","0.00035","-0.00011","0","14.7","Humid","26.25","0","52.00","346827.65","SABD0000000001","AAV1.0.0.11","2.0.0.28","PSt7-10","000000-000","10/20/2017 9:36:39 AM","0000-00","0","no battery","V"
"10/20/2017","11:44:14","5","default","957498349","OXY5","34.602","min","158.651","μmol/L","Humid","20.942","deg","92532","µV","35.913","°C","1018.000","hPa","37.0","pmil","0","55.500","deg","20.000","°C","100.000","%a.s.","22.500","deg","20.000","°C","1013.000","hPa","0.861","-0.02056","0.00035","-0.00011","0","14.7","Humid","26.25","0","52.00","346821.10","SABD0000000001","AAV1.0.0.11","2.0.0.28","PSt7-10","000000-000","10/20/2017 9:36:39 AM","0000-00","0","no battery","V"
"10/20/2017","11:44:15","5","default","957498349","OXY5","34.618","min","158.774","μmol/L","Humid","20.939","deg","92527","µV","35.900","°C","1018.000","hPa","37.0","pmil","0","55.500","deg","20.000","°C","100.000","%a.s.","22.500","deg","20.000","°C","1013.000","hPa","0.861","-0.02056","0.00035","-0.00011","0","14.7","Humid","26.25","0","52.00","346820.93","SABD0000000001","AAV1.0.0.11","2.0.0.28","PSt7-10","000000-000","10/20/2017 9:36:39 AM","0000-00","0","no battery","V"
"10/20/2017","11:44:16","5","default","957498349","OXY5","34.635","min","158.693","μmol/L","Humid","20.939","deg","92527","µV","35.914","°C","1018.000","hPa","37.0","pmil","0","55.500","deg","20.000","°C","100.000","%a.s.","22.500","deg","20.000","°C","1013.000","hPa","0.861","-0.02056","0.00035","-0.00011","0","14.7","Humid","26.25","0","52.00","346812.66","SABD0000000001","AAV1.0.0.11","2.0.0.28","PSt7-10","000000-000","10/20/2017 9:36:39 AM","0000-00","0","no battery","V"
"10/20/2017","11:44:17","5","default","957498349","OXY5","34.652","min","158.661","μmol/L","Humid","20.936","deg","92516","µV","35.926","°C","1018.000","hPa","37.0","pmil","0","55.500","deg","20.000","°C","100.000","%a.s.","22.500","deg","20.000","°C","1013.000","hPa","0.861","-0.02056","0.00035","-0.00011","0","14.7","Humid","26.25","0","52.00","346815.24","SABD0000000001","AAV1.0.0.11","2.0.0.28","PSt7-10","000000-000","10/20/2017 9:36:39 AM","0000-00","0","no battery","V"
"10/20/2017","11:44:18","5","default","957498349","OXY5","34.668","min","158.575","μmol/L","Humid","20.943","deg","92514","µV","35.924","°C","1018.000","hPa","37.0","pmil","0","55.500","deg","20.000","°C","100.000","%a.s.","22.500","deg","20.000","°C","1013.000","hPa","0.861","-0.02056","0.00035","-0.00011","0","14.7","Humid","26.25","0","52.00","346813.23","SABD0000000001","AAV1.0.0.11","2.0.0.28","PSt7-10","000000-000","10/20/2017 9:36:39 AM","0000-00","0","no battery","V"
"10/20/2017","11:44:19","5","default","957498349","OXY5","34.685","min","158.683","μmol/L","Humid","20.942","deg","92513","µV","35.908","°C","1018.000","hPa","37.0","pmil","0","55.500","deg","20.000","°C","100.000","%a.s.","22.500","deg","20.000","°C","1013.000","hPa","0.861","-0.02056","0.00035","-0.00011","0","14.7","Humid","26.25","0","52.00","346813.77","SABD0000000001","AAV1.0.0.11","2.0.0.28","PSt7-10","000000-000","10/20/2017 9:36:39 AM","0000-00","0","no battery","V"
"10/20/2017","11:44:20","5","default","957498349","OXY5","34.702","min","158.531","μmol/L","Humid","20.942","deg","92510","µV","35.933","°C","1018.000","hPa","37.0","pmil","0","55.500","deg","20.000","°C","100.000","%a.s.","22.500","deg","20.000","°C","1013.000","hPa","0.861","-0.02056","0.00035","-0.00011","0","14.7","Humid","26.25","0","52.00","346812.96","SABD0000000001","AAV1.0.0.11","2.0.0.28","PSt7-10","000000-000","10/20/2017 9:36:39 AM","0000-00","0","no battery","V"
"10/20/2017","11:44:21","5","default","957498349","OXY5","34.718","min","158.627","μmol/L","Humid","20.939","deg","92503","µV","35.924","°C","1018.000","hPa","37.0","pmil","0","55.500","deg","20.000","°C","100.000","%a.s.","22.500","deg","20.000","°C","1013.000","hPa","0.861","-0.02056","0.00035","-0.00011","0","14.7","Humid","26.25","0","52.00","346807.00","SABD0000000001","AAV1.0.0.11","2.0.0.28","PSt7-10","000000-000","10/20/2017 9:36:39 AM","0000-00","0","no battery","V"
"10/20/2017","11:44:22","5","default","957498349","OXY5","34.735","min","158.535","μmol/L","Humid","20.940","deg","92505","µV","35.937","°C","1018.000","hPa","37.0","pmil","0","55.500","deg","20.000","°C","100.000","%a.s.","22.500","deg","20.000","°C","1013.000","hPa","0.861","-0.02056","0.00035","-0.00011","0","14.7","Humid","26.25","0","52.00","346804.75","SABD0000000001","AAV1.0.0.11","2.0.0.28","PSt7-10","000000-000","10/20/2017 9:36:39 AM","0000-00","0","no battery","V"
"10/20/2017","11:44:23","5","default","957498349","OXY5","34.752","min","158.636","μmol/L","Humid","20.939","deg","92499","µV","35.923","°C","1018.000","hPa","37.0","pmil","0","55.500","deg","20.000","°C","100.000","%a.s.","22.500","deg","20.000","°C","1013.000","hPa","0.861","-0.02056","0.00035","-0.00011","0","14.7","Humid","26.25","0","52.00","346809.03","SABD0000000001","AAV1.0.0.11","2.0.0.28","PSt7-10","000000-000","10/20/2017 9:36:39 AM","0000-00","0","no battery","V"
"10/20/2017","11:44:24","5","default","957498349","OXY5","34.768","min","158.629","μmol/L","Humid","20.938","deg","92499","µV","35.927","°C","1018.000","hPa","37.0","pmil","0","55.500","deg","20.000","°C","100.000","%a.s.","22.500","deg","20.000","°C","1013.000","hPa","0.861","-0.02056","0.00035","-0.00011","0","14.7","Humid","26.25","0","52.00","346813.82","SABD0000000001","AAV1.0.0.11","2.0.0.28","PSt7-10","000000-000","10/20/2017 9:36:39 AM","0000-00","0","no battery","V"
"10/20/2017","11:44:25","5","default","957498349","OXY5","34.785","min","158.527","μmol/L","Humid","20.938","deg","92488","µV","35.943","°C","1018.000","hPa","37.0","pmil","0","55.500","deg","20.000","°C","100.000","%a.s.","22.500","deg","20.000","°C","1013.000","hPa","0.861","-0.02056","0.00035","-0.00011","0","14.7","Humid","26.25","0","52.00","346796.84","SABD0000000001","AAV1.0.0.11","2.0.0.28","PSt7-10","000000-000","10/20/2017 9:36:39 AM","0000-00","0","no battery","V"
"10/20/2017","11:44:26","5","default","957498349","OXY5","34.802","min","158.712","μmol/L","Humid","20.936","deg","92488","µV","35.918","°C","1018.000","hPa","37.0","pmil","0","55.500","deg","20.000","°C","100.000","%a.s.","22.500","deg","20.000","°C","1013.000","hPa","0.861","-0.02056","0.00035","-0.00011","0","14.7","Humid","26.25","0","52.00","346790.53","SABD0000000001","AAV1.0.0.11","2.0.0.28","PSt7-10","000000-000","10/20/2017 9:36:39 AM","0000-00","0","no battery","V"
"10/20/2017","11:44:27","5","default","957498349","OXY5","34.818","min","158.753","μmol/L","Humid","20.936","deg","92492","µV","35.911","°C","1018.000","hPa","37.0","pmil","0","55.500","deg","20.000","°C","100.000","%a.s.","22.500","deg","20.000","°C","1013.000","hPa","0.861","-0.02056","0.00035","-0.00011","0","14.7","Humid","26.25","0","52.00","346806.75","SABD0000000001","AAV1.0.0.11","2.0.0.28","PSt7-10","000000-000","10/20/2017 9:36:39 AM","0000-00","0","no battery","V"
"10/20/2017","11:44:28","5","default","957498349","OXY5","34.835","min","158.637","μmol/L","Humid","20.938","deg","92487","µV","35.925","°C","1018.000","hPa","37.0","pmil","0","55.500","deg","20.000","°C","100.000","%a.s.","22.500","deg","20.000","°C","1013.000","hPa","0.861","-0.02056","0.00035","-0.00011","0","14.7","Humid","26.25","0","52.00","346799.49","SABD0000000001","AAV1.0.0.11","2.0.0.28","PSt7-10","000000-000","10/20/2017 9:36:39 AM","0000-00","0","no battery","V"
"10/20/2017","11:44:29","5","default","957498349","OXY5","34.852","min","158.609","μmol/L","Humid","20.943","deg","92488","µV","35.918","°C","1018.000","hPa","37.0","pmil","0","55.500","deg","20.000","°C","100.000","%a.s.","22.500","deg","20.000","°C","1013.000","hPa","0.861","-0.02056","0.00035","-0.00011","0","14.7","Humid","26.25","0","52.00","346805.05","SABD0000000001","AAV1.0.0.11","2.0.0.28","PSt7-10","000000-000","10/20/2017 9:36:39 AM","0000-00","0","no battery","V"
"10/20/2017","11:44:30","5","default","957498349","OXY5","34.868","min","158.606","μmol/L","Humid","20.940","deg","92477","µV","35.926","°C","1018.000","hPa","37.0","pmil","0","55.500","deg","20.000","°C","100.000","%a.s.","22.500","deg","20.000","°C","1013.000","hPa","0.861","-0.02056","0.00035","-0.00011","0","14.7","Humid","26.25","0","52.00","346793.97","SABD0000000001","AAV1.0.0.11","2.0.0.28","PSt7-10","000000-000","10/20/2017 9:36:39 AM","0000-00","0","no battery","V"
"10/20/2017","11:44:31","5","default","957498349","OXY5","34.884","min","158.590","μmol/L","Humid","20.935","deg","92480","µV","35.940","°C","1018.000","hPa","37.0","pmil","0","55.500","deg","20.000","°C","100.000","%a.s.","22.500","deg","20.000","°C","1013.000","hPa","0.861","-0.02056","0.00035","-0.00011","0","14.7","Humid","26.25","0","52.00","346778.77","SABD0000000001","AAV1.0.0.11","2.0.0.28","PSt7-10","000000-000","10/20/2017 9:36:39 AM","0000-00","0","no battery","V"
"10/20/2017","11:44:32","5","default","957498349","OXY5","34.901","min","158.699","μmol/L","Humid","20.938","deg","92471","µV","35.915","°C","1018.000","hPa","37.0","pmil","0","55.500","deg","20.000","°C","100.000","%a.s.","22.500","deg","20.000","°C","1013.000","hPa","0.861","-0.02056","0.00035","-0.00011","0","14.7","Humid","26.25","0","52.00","346783.42","SABD0000000001","AAV1.0.0.11","2.0.0.28","PSt7-10","000000-000","10/20/2017 9:36:39 AM","0000-00","0","no battery","V"
"10/20/2017","11:44:33","5","default","957498349","OXY5","34.918","min","158.653","μmol/L","Humid","20.939","deg","92476","µV","35.920","°C","1018.000","hPa","37.0","pmil","0","55.500","deg","20.000","°C","100.000","%a.s.","22.500","deg","20.000","°C","1013.000","hPa","0.861","-0.02056","0.00035","-0.00011","0","14.7","Humid","26.25","0","52.00","346788.84","SABD0000000001","AAV1.0.0.11","2.0.0.28","PSt7-10","000000-000","10/20/2017 9:36:39 AM","0000-00","0","no battery","V"
"10/20/2017","11:44:34","5","default","957498349","OXY5","34.934","min","158.758","μmol/L","Humid","20.938","deg","92467","µV","35.905","°C","1018.000","hPa","37.0","pmil","0","55.500","deg","20.000","°C","100.000","%a.s.","22.500","deg","20.000","°C","1013.000","hPa","0.861","-0.02056","0.00035","-0.00011","0","14.7","Humid","26.25","0","52.00","346770.12","SABD0000000001","AAV1.0.0.11","2.0.0.28","PSt7-10","000000-000","10/20/2017 9:36:39 AM","0000-00","0","no battery","V"
"10/20/2017","11:44:35","5","default","957498349","OXY5","34.951","min","158.683","μmol/L","Humid","20.938","deg","92465","µV","35.918","°C","1018.000","hPa","37.0","pmil","0","55.500","deg","20.000","°C","100.000","%a.s.","22.500","deg","20.000","°C","1013.000","hPa","0.861","-0.02056","0.00035","-0.00011","0","14.7","Humid","26.25","0","52.00","346778.55","SABD0000000001","AAV1.0.0.11","2.0.0.28","PSt7-10","000000-000","10/20/2017 9:36:39 AM","0000-00","0","no battery","V"
"10/20/2017","11:44:36","5","default","957498349","OXY5","34.968","min","158.631","μmol/L","Humid","20.938","deg","92460","µV","35.926","°C","1018.000","hPa","37.0","pmil","0","55.500","deg","20.000","°C","100.000","%a.s.","22.500","deg","20.000","°C","1013.000","hPa","0.861","-0.02056","0.00035","-0.00011","0","14.7","Humid","26.25","0","52.00","346775.59","SABD0000000001","AAV1.0.0.11","2.0.0.28","PSt7-10","000000-000","10/20/2017 9:36:39 AM","0000-00","0","no battery","V"
"10/20/2017","11:44:37","5","default","957498349","OXY5","34.985","min","158.802","μmol/L","Humid","20.938","deg","92460","µV","35.898","°C","1018.000","hPa","37.0","pmil","0","55.500","deg","20.000","°C","100.000","%a.s.","22.500","deg","20.000","°C","1013.000","hPa","0.861","-0.02056","0.00035","-0.00011","0","14.7","Humid","26.25","0","52.00","346774.66","SABD0000000001","AAV1.0.0.11","2.0.0.28","PSt7-10","000000-000","10/20/2017 9:36:39 AM","0000-00","0","no battery","V"
"10/20/2017","11:44:38","5","default","957498349","OXY5","35.001","min","158.802","μmol/L","Humid","20.934","deg","92457","µV","35.907","°C","1018.000","hPa","37.0","pmil","0","55.500","deg","20.000","°C","100.000","%a.s.","22.500","deg","20.000","°C","1013.000","hPa","0.861","-0.02056","0.00035","-0.00011","0","14.7","Humid","26.25","0","52.00","346779.70","SABD0000000001","AAV1.0.0.11","2.0.0.28","PSt7-10","000000-000","10/20/2017 9:36:39 AM","0000-00","0","no battery","V"
"10/20/2017","11:44:39","5","default","957498349","OXY5","35.018","min","158.707","μmol/L","Humid","20.939","deg","92459","µV","35.911","°C","1018.000","hPa","37.0","pmil","0","55.500","deg","20.000","°C","100.000","%a.s.","22.500","deg","20.000","°C","1013.000","hPa","0.861","-0.02056","0.00035","-0.00011","0","14.7","Humid","26.25","0","52.00","346789.79","SABD0000000001","AAV1.0.0.11","2.0.0.28","PSt7-10","000000-000","10/20/2017 9:36:39 AM","0000-00","0","no battery","V"
"10/20/2017","11:44:40","5","default","957498349","OXY5","35.035","min","158.541","μmol/L","Humid","20.940","deg","92448","µV","35.936","°C","1018.000","hPa","37.0","pmil","0","55.500","deg","20.000","°C","100.000","%a.s.","22.500","deg","20.000","°C","1013.000","hPa","0.861","-0.02056","0.00035","-0.00011","0","14.7","Humid","26.25","0","52.00","346765.81","SABD0000000001","AAV1.0.0.11","2.0.0.28","PSt7-10","000000-000","10/20/2017 9:36:39 AM","0000-00","0","no battery","V"
"10/20/2017","11:44:41","5","default","957498349","OXY5","35.051","min","158.513","μmol/L","Humid","20.940","deg","92441","µV","35.941","°C","1018.000","hPa","37.0","pmil","0","55.500","deg","20.000","°C","100.000","%a.s.","22.500","deg","20.000","°C","1013.000","hPa","0.861","-0.02056","0.00035","-0.00011","0","14.7","Humid","26.25","0","52.00","346766.50","SABD0000000001","AAV1.0.0.11","2.0.0.28","PSt7-10","000000-000","10/20/2017 9:36:39 AM","0000-00","0","no battery","V"
"10/20/2017","11:44:42","5","default","957498349","OXY5","35.068","min","158.594","μmol/L","Humid","20.938","deg","92446","µV","35.932","°C","1018.000","hPa","37.0","pmil","0","55.500","deg","20.000","°C","100.000","%a.s.","22.500","deg","20.000","°C","1013.000","hPa","0.861","-0.02056","0.00035","-0.00011","0","14.7","Humid","26.25","0","52.00","346758.86","SABD0000000001","AAV1.0.0.11","2.0.0.28","PSt7-10","000000-000","10/20/2017 9:36:39 AM","0000-00","0","no battery","V"
"10/20/2017","11:44:43","5","default","957498349","OXY5","35.085","min","158.608","μmol/L","Humid","20.939","deg","92451","µV","35.928","°C","1018.000","hPa","37.0","pmil","0","55.500","deg","20.000","°C","100.000","%a.s.","22.500","deg","20.000","°C","1013.000","hPa","0.861","-0.02056","0.00035","-0.00011","0","14.7","Humid","26.25","0","52.00","346770.38","SABD0000000001","AAV1.0.0.11","2.0.0.28","PSt7-10","000000-000","10/20/2017 9:36:39 AM","0000-00","0","no battery","V"
"10/20/2017","11:44:44","5","default","957498349","OXY5","35.101","min","158.555","μmol/L","Humid","20.938","deg","92441","µV","35.939","°C","1018.000","hPa","37.0","pmil","0","55.500","deg","20.000","°C","100.000","%a.s.","22.500","deg","20.000","°C","1013.000","hPa","0.861","-0.02056","0.00035","-0.00011","0","14.7","Humid","26.25","0","52.00","346765.81","SABD0000000001","AAV1.0.0.11","2.0.0.28","PSt7-10","000000-000","10/20/2017 9:36:39 AM","0000-00","0","no battery","V"
"10/20/2017","11:44:45","5","default","957498349","OXY5","35.118","min","158.609","μmol/L","Humid","20.939","deg","92443","µV","35.927","°C","1018.000","hPa","37.0","pmil","0","55.500","deg","20.000","°C","100.000","%a.s.","22.500","deg","20.000","°C","1013.000","hPa","0.861","-0.02056","0.00035","-0.00011","0","14.7","Humid","26.25","0","52.00","346762.96","SABD0000000001","AAV1.0.0.11","2.0.0.28","PSt7-10","000000-000","10/20/2017 9:36:39 AM","0000-00","0","no battery","V"
"10/20/2017","11:44:46","5","default","957498349","OXY5","35.135","min","158.637","μmol/L","Humid","20.933","deg","92441","µV","35.937","°C","1018.000","hPa","37.0","pmil","0","55.500","deg","20.000","°C","100.000","%a.s.","22.500","deg","20.000","°C","1013.000","hPa","0.861","-0.02056","0.00035","-0.00011","0","14.7","Humid","26.25","0","52.00","346771.89","SABD0000000001","AAV1.0.0.11","2.0.0.28","PSt7-10","000000-000","10/20/2017 9:36:39 AM","0000-00","0","no battery","V"
"10/20/2017","11:44:47","5","default","957498349","OXY5","35.151","min","158.639","μmol/L","Humid","20.939","deg","92453","µV","35.923","°C","1018.000","hPa","37.0","pmil","0","55.500","deg","20.000","°C","100.000","%a.s.","22.500","deg","20.000","°C","1013.000","hPa","0.861","-0.02056","0.00035","-0.00011","0","14.7","Humid","26.25","0","52.00","346760.56","SABD0000000001","AAV1.0.0.11","2.0.0.28","PSt7-10","000000-000","10/20/2017 9:36:39 AM","0000-00","0","no battery","V"
"10/20/2017","11:44:48","5","default","957498349","OXY5","35.168","min","158.716","μmol/L","Humid","20.934","deg","92446","µV","35.922","°C","1018.000","hPa","37.0","pmil","0","55.500","deg","20.000","°C","100.000","%a.s.","22.500","deg","20.000","°C","1013.000","hPa","0.861","-0.02056","0.00035","-0.00011","0","14.7","Humid","26.25","0","52.00","346768.22","SABD0000000001","AAV1.0.0.11","2.0.0.28","PSt7-10","000000-000","10/20/2017 9:36:39 AM","0000-00","0","no battery","V"
"10/20/2017","11:44:49","5","default","957498349","OXY5","35.185","min","158.709","μmol/L","Humid","20.939","deg","92452","µV","35.911","°C","1018.000","hPa","37.0","pmil","0","55.500","deg","20.000","°C","100.000","%a.s.","22.500","deg","20.000","°C","1013.000","hPa","0.861","-0.02056","0.00035","-0.00011","0","14.7","Humid","26.25","0","52.00","346759.47","SABD0000000001","AAV1.0.0.11","2.0.0.28","PSt7-10","000000-000","10/20/2017 9:36:39 AM","0000-00","0","no battery","V"
"10/20/2017","11:44:50","5","default","957498349","OXY5","35.201","min","158.640","μmol/L","Humid","20.936","deg","92443","µV","35.930","°C","1018.000","hPa","37.0","pmil","0","55.500","deg","20.000","°C","100.000","%a.s.","22.500","deg","20.000","°C","1013.000","hPa","0.861","-0.02056","0.00035","-0.00011","0","14.7","Humid","26.25","0","52.00","346762.96","SABD0000000001","AAV1.0.0.11","2.0.0.28","PSt7-10","000000-000","10/20/2017 9:36:39 AM","0000-00","0","no battery","V"
"10/20/2017","11:44:51","5","default","957498349","OXY5","35.218","min","158.626","μmol/L","Humid","20.937","deg","92435","µV","35.929","°C","1018.000","hPa","37.0","pmil","0","55.500","deg","20.000","°C","100.000","%a.s.","22.500","deg","20.000","°C","1013.000","hPa","0.861","-0.02056","0.00035","-0.00011","0","14.7","Humid","26.25","0","52.00","346754.37","SABD0000000001","AAV1.0.0.11","2.0.0.28","PSt7-10","000000-000","10/20/2017 9:36:39 AM","0000-00","0","no battery","V"
"10/20/2017","11:44:52","5","default","957498349","OXY5","35.235","min","158.615","μmol/L","Humid","20.939","deg","92440","µV","35.927","°C","1018.000","hPa","37.0","pmil","0","55.500","deg","20.000","°C","100.000","%a.s.","22.500","deg","20.000","°C","1013.000","hPa","0.861","-0.02056","0.00035","-0.00011","0","14.7","Humid","26.25","0","52.00","346761.23","SABD0000000001","AAV1.0.0.11","2.0.0.28","PSt7-10","000000-000","10/20/2017 9:36:39 AM","0000-00","0","no battery","V"
"10/20/2017","11:44:53","5","default","957498349","OXY5","35.251","min","158.640","μmol/L","Humid","20.938","deg","92450","µV","35.925","°C","1018.000","hPa","37.0","pmil","0","55.500","deg","20.000","°C","100.000","%a.s.","22.500","deg","20.000","°C","1013.000","hPa","0.861","-0.02056","0.00035","-0.00011","0","14.7","Humid","26.25","0","52.00","346768.94","SABD0000000001","AAV1.0.0.11","2.0.0.28","PSt7-10","000000-000","10/20/2017 9:36:39 AM","0000-00","0","no battery","V"
"10/20/2017","11:44:54","5","default","957498349","OXY5","35.268","min","158.814","μmol/L","Humid","20.934","deg","92426","µV","35.905","°C","1018.000","hPa","37.0","pmil","0","55.500","deg","20.000","°C","100.000","%a.s.","22.500","deg","20.000","°C","1013.000","hPa","0.861","-0.02056","0.00035","-0.00011","0","14.7","Humid","26.25","0","52.00","346744.75","SABD0000000001","AAV1.0.0.11","2.0.0.28","PSt7-10","000000-000","10/20/2017 9:36:39 AM","0000-00","0","no battery","V"
"10/20/2017","11:44:55","5","default","957498349","OXY5","35.285","min","158.634","μmol/L","Humid","20.940","deg","92423","µV","35.921","°C","1018.000","hPa","37.0","pmil","0","55.500","deg","20.000","°C","100.000","%a.s.","22.500","deg","20.000","°C","1013.000","hPa","0.861","-0.02056","0.00035","-0.00011","0","14.7","Humid","26.25","0","52.00","346766.67","SABD0000000001","AAV1.0.0.11","2.0.0.28","PSt7-10","000000-000","10/20/2017 9:36:39 AM","0000-00","0","no battery","V"
"10/20/2017","11:44:56","5","default","957498349","OXY5","35.301","min","158.763","μmol/L","Humid","20.938","deg","92416","µV","35.904","°C","1018.000","hPa","37.0","pmil","0","55.500","deg","20.000","°C","100.000","%a.s.","22.500","deg","20.000","°C","1013.000","hPa","0.861","-0.02056","0.00035","-0.00011","0","14.7","Humid","26.25","0","52.00","346759.94","SABD0000000001","AAV1.0.0.11","2.0.0.28","PSt7-10","000000-000","10/20/2017 9:36:39 AM","0000-00","0","no battery","V"
"10/20/2017","11:44:57","5","default","957498349","OXY5","35.318","min","158.695","μmol/L","Humid","20.942","deg","92427","µV","35.906","°C","1018.000","hPa","37.0","pmil","0","55.500","deg","20.000","°C","100.000","%a.s.","22.500","deg","20.000","°C","1013.000","hPa","0.861","-0.02056","0.00035","-0.00011","0","14.7","Humid","26.25","0","52.00","346766.30","SABD0000000001","AAV1.0.0.11","2.0.0.28","PSt7-10","000000-000","10/20/2017 9:36:39 AM","0000-00","0","no battery","V"
"10/20/2017","11:44:58","5","default","957498349","OXY5","35.335","min","158.590","μmol/L","Humid","20.935","deg","92415","µV","35.940","°C","1018.000","hPa","37.0","pmil","0","55.500","deg","20.000","°C","100.000","%a.s.","22.500","deg","20.000","°C","1013.000","hPa","0.861","-0.02056","0.00035","-0.00011","0","14.7","Humid","26.25","0","52.00","346757.97","SABD0000000001","AAV1.0.0.11","2.0.0.28","PSt7-10","000000-000","10/20/2017 9:36:39 AM","0000-00","0","no battery","V"
"10/20/2017","11:44:59","5","default","957498349","OXY5","35.351","min","158.566","μmol/L","Humid","20.935","deg","92416","µV","35.944","°C","1018.000","hPa","37.0","pmil","0","55.500","deg","20.000","°C","100.000","%a.s.","22.500","deg","20.000","°C","1013.000","hPa","0.861","-0.02056","0.00035","-0.00011","0","14.7","Humid","26.25","0","52.00","346754.65","SABD0000000001","AAV1.0.0.11","2.0.0.28","PSt7-10","000000-000","10/20/2017 9:36:39 AM","0000-00","0","no battery","V"
"10/20/2017","11:45:00","5","default","957498349","OXY5","35.368","min","158.516","μmol/L","Humid","20.942","deg","92417","µV","35.936","°C","1018.000","hPa","37.0","pmil","0","55.500","deg","20.000","°C","100.000","%a.s.","22.500","deg","20.000","°C","1013.000","hPa","0.861","-0.02056","0.00035","-0.00011","0","14.7","Humid","26.25","0","52.00","346760.12","SABD0000000001","AAV1.0.0.11","2.0.0.28","PSt7-10","000000-000","10/20/2017 9:36:39 AM","0000-00","0","no battery","V"
"10/20/2017","11:45:01","5","default","957498349","OXY5","35.385","min","158.636","μmol/L","Humid","20.936","deg","92408","µV","35.930","°C","1018.000","hPa","37.0","pmil","0","55.500","deg","20.000","°C","100.000","%a.s.","22.500","deg","20.000","°C","1013.000","hPa","0.861","-0.02056","0.00035","-0.00011","0","14.7","Humid","26.25","0","52.00","346750.92","SABD0000000001","AAV1.0.0.11","2.0.0.28","PSt7-10","000000-000","10/20/2017 9:36:39 AM","0000-00","0","no battery","V"
"10/20/2017","11:45:02","5","default","957498349","OXY5","35.401","min","158.666","μmol/L","Humid","20.937","deg","92409","µV","35.923","°C","1018.000","hPa","37.0","pmil","0","55.500","deg","20.000","°C","100.000","%a.s.","22.500","deg","20.000","°C","1013.000","hPa","0.861","-0.02056","0.00035","-0.00011","0","14.7","Humid","26.25","0","52.00","346735.26","SABD0000000001","AAV1.0.0.11","2.0.0.28","PSt7-10","000000-000","10/20/2017 9:36:39 AM","0000-00","0","no battery","V"
"10/20/2017","11:45:03","5","default","957498349","OXY5","35.418","min","158.535","μmol/L","Humid","20.939","deg","92410","µV","35.940","°C","1018.000","hPa","37.0","pmil","0","55.500","deg","20.000","°C","100.000","%a.s.","22.500","deg","20.000","°C","1013.000","hPa","0.861","-0.02056","0.00035","-0.00011","0","14.7","Humid","26.25","0","52.00","346736.61","SABD0000000001","AAV1.0.0.11","2.0.0.28","PSt7-10","000000-000","10/20/2017 9:36:39 AM","0000-00","0","no battery","V"
"10/20/2017","11:45:04","5","default","957498349","OXY5","35.435","min","158.607","μmol/L","Humid","20.935","deg","92408","µV","35.937","°C","1018.000","hPa","37.0","pmil","0","55.500","deg","20.000","°C","100.000","%a.s.","22.500","deg","20.000","°C","1013.000","hPa","0.861","-0.02056","0.00035","-0.00011","0","14.7","Humid","26.25","0","52.00","346751.23","SABD0000000001","AAV1.0.0.11","2.0.0.28","PSt7-10","000000-000","10/20/2017 9:36:39 AM","0000-00","0","no battery","V"
"10/20/2017","11:45:05","5","default","957498349","OXY5","35.451","min","158.793","μmol/L","Humid","20.934","deg","92410","µV","35.909","°C","1018.000","hPa","37.0","pmil","0","55.500","deg","20.000","°C","100.000","%a.s.","22.500","deg","20.000","°C","1013.000","hPa","0.861","-0.02056","0.00035","-0.00011","0","14.7","Humid","26.25","0","52.00","346760.82","SABD0000000001","AAV1.0.0.11","2.0.0.28","PSt7-10","000000-000","10/20/2017 9:36:39 AM","0000-00","0","no battery","V"
"10/20/2017","11:45:06","5","default","957498349","OXY5","35.468","min","158.730","μmol/L","Humid","20.934","deg","92400","µV","35.919","°C","1018.000","hPa","37.0","pmil","0","55.500","deg","20.000","°C","100.000","%a.s.","22.500","deg","20.000","°C","1013.000","hPa","0.861","-0.02056","0.00035","-0.00011","0","14.7","Humid","26.25","0","52.00","346739.06","SABD0000000001","AAV1.0.0.11","2.0.0.28","PSt7-10","000000-000","10/20/2017 9:36:39 AM","0000-00","0","no battery","V"
"10/20/2017","11:45:07","5","default","957498349","OXY5","35.485","min","158.639","μmol/L","Humid","20.934","deg","92403","µV","35.934","°C","1018.000","hPa","37.0","pmil","0","55.500","deg","20.000","°C","100.000","%a.s.","22.500","deg","20.000","°C","1013.000","hPa","0.861","-0.02056","0.00035","-0.00011","0","14.7","Humid","26.25","0","52.00","346751.82","SABD0000000001","AAV1.0.0.11","2.0.0.28","PSt7-10","000000-000","10/20/2017 9:36:39 AM","0000-00","0","no battery","V"
"10/20/2017","11:45:08","5","default","957498349","OXY5","35.501","min","158.720","μmol/L","Humid","20.938","deg","92402","µV","35.911","°C","1018.000","hPa","37.0","pmil","0","55.500","deg","20.000","°C","100.000","%a.s.","22.500","deg","20.000","°C","1013.000","hPa","0.861","-0.02056","0.00035","-0.00011","0","14.7","Humid","26.25","0","52.00","346736.97","SABD0000000001","AAV1.0.0.11","2.0.0.28","PSt7-10","000000-000","10/20/2017 9:36:39 AM","0000-00","0","no battery","V"
"10/20/2017","11:45:09","5","default","957498349","OXY5","35.518","min","158.661","μmol/L","Humid","20.935","deg","92396","µV","35.928","°C","1018.000","hPa","37.0","pmil","0","55.500","deg","20.000","°C","100.000","%a.s.","22.500","deg","20.000","°C","1013.000","hPa","0.861","-0.02056","0.00035","-0.00011","0","14.7","Humid","26.25","0","52.00","346736.57","SABD0000000001","AAV1.0.0.11","2.0.0.28","PSt7-10","000000-000","10/20/2017 9:36:39 AM","0000-00","0","no battery","V"
"10/20/2017","11:45:10","5","default","957498349","OXY5","35.535","min","158.641","μmol/L","Humid","20.938","deg","92393","µV","35.925","°C","1018.000","hPa","37.0","pmil","0","55.500","deg","20.000","°C","100.000","%a.s.","22.500","deg","20.000","°C","1013.000","hPa","0.861","-0.02056","0.00035","-0.00011","0","14.7","Humid","26.25","0","52.00","346737.97","SABD0000000001","AAV1.0.0.11","2.0.0.28","PSt7-10","000000-000","10/20/2017 9:36:39 AM","0000-00","0","no battery","V"
"10/20/2017","11:45:11","5","default","957498349","OXY5","35.551","min","158.684","μmol/L","Humid","20.937","deg","92398","µV","35.920","°C","1018.000","hPa","37.0","pmil","0","55.500","deg","20.000","°C","100.000","%a.s.","22.500","deg","20.000","°C","1013.000","hPa","0.861","-0.02056","0.00035","-0.00011","0","14.7","Humid","26.25","0","52.00","346742.83","SABD0000000001","AAV1.0.0.11","2.0.0.28","PSt7-10","000000-000","10/20/2017 9:36:39 AM","0000-00","0","no battery","V"
"10/20/2017","11:45:12","5","default","957498349","OXY5","35.568","min","158.719","μmol/L","Humid","20.937","deg","92387","µV","35.914","°C","1018.000","hPa","37.0","pmil","0","55.500","deg","20.000","°C","100.000","%a.s.","22.500","deg","20.000","°C","1013.000","hPa","0.861","-0.02056","0.00035","-0.00011","0","14.7","Humid","26.25","0","52.00","346725.13","SABD0000000001","AAV1.0.0.11","2.0.0.28","PSt7-10","000000-000","10/20/2017 9:36:39 AM","0000-00","0","no battery","V"
"10/20/2017","11:45:13","5","default","957498349","OXY5","35.585","min","158.747","μmol/L","Humid","20.939","deg","92388","µV","35.905","°C","1018.000","hPa","37.0","pmil","0","55.500","deg","20.000","°C","100.000","%a.s.","22.500","deg","20.000","°C","1013.000","hPa","0.861","-0.02056","0.00035","-0.00011","0","14.7","Humid","26.25","0","52.00","346726.57","SABD0000000001","AAV1.0.0.11","2.0.0.28","PSt7-10","000000-000","10/20/2017 9:36:39 AM","0000-00","0","no battery","V"
"10/20/2017","11:45:14","5","default","957498349","OXY5","35.601","min","158.652","μmol/L","Humid","20.937","deg","92381","µV","35.925","°C","1018.000","hPa","37.0","pmil","0","55.500","deg","20.000","°C","100.000","%a.s.","22.500","deg","20.000","°C","1013.000","hPa","0.861","-0.02056","0.00035","-0.00011","0","14.7","Humid","26.25","0","52.00","346721.66","SABD0000000001","AAV1.0.0.11","2.0.0.28","PSt7-10","000000-000","10/20/2017 9:36:39 AM","0000-00","0","no battery","V"
"10/20/2017","11:45:15","5","default","957498349","OXY5","35.618","min","158.699","μmol/L","Humid","20.935","deg","92388","µV","35.922","°C","1018.000","hPa","37.0","pmil","0","55.500","deg","20.000","°C","100.000","%a.s.","22.500","deg","20.000","°C","1013.000","hPa","0.861","-0.02056","0.00035","-0.00011","0","14.7","Humid","26.25","0","52.00","346732.50","SABD0000000001","AAV1.0.0.11","2.0.0.28","PSt7-10","000000-000","10/20/2017 9:36:39 AM","0000-00","0","no battery","V"
"10/20/2017","11:45:16","5","default","957498349","OXY5","35.635","min","158.747","μmol/L","Humid","20.937","deg","92381","µV","35.909","°C","1018.000","hPa","37.0","pmil","0","55.500","deg","20.000","°C","100.000","%a.s.","22.500","deg","20.000","°C","1013.000","hPa","0.861","-0.02056","0.00035","-0.00011","0","14.7","Humid","26.25","0","52.00","346730.13","SABD0000000001","AAV1.0.0.11","2.0.0.28","PSt7-10","000000-000","10/20/2017 9:36:39 AM","0000-00","0","no battery","V"
"10/20/2017","11:45:17","5","default","957498349","OXY5","35.651","min","158.696","μmol/L","Humid","20.939","deg","92375","µV","35.913","°C","1018.000","hPa","37.0","pmil","0","55.500","deg","20.000","°C","100.000","%a.s.","22.500","deg","20.000","°C","1013.000","hPa","0.861","-0.02056","0.00035","-0.00011","0","14.7","Humid","26.25","0","52.00","346718.17","SABD0000000001","AAV1.0.0.11","2.0.0.28","PSt7-10","000000-000","10/20/2017 9:36:39 AM","0000-00","0","no battery","V"
"10/20/2017","11:45:18","5","default","957498349","OXY5","35.668","min","158.590","μmol/L","Humid","20.937","deg","92371","µV","35.935","°C","1018.000","hPa","37.0","pmil","0","55.500","deg","20.000","°C","100.000","%a.s.","22.500","deg","20.000","°C","1013.000","hPa","0.861","-0.02056","0.00035","-0.00011","0","14.7","Humid","26.25","0","52.00","346724.15","SABD0000000001","AAV1.0.0.11","2.0.0.28","PSt7-10","000000-000","10/20/2017 9:36:39 AM","0000-00","0","no battery","V"
"10/20/2017","11:45:19","5","default","957498349","OXY5","35.685","min","158.646","μmol/L","Humid","20.937","deg","92369","µV","35.926","°C","1018.000","hPa","37.0","pmil","0","55.500","deg","20.000","°C","100.000","%a.s.","22.500","deg","20.000","°C","1013.000","hPa","0.861","-0.02056","0.00035","-0.00011","0","14.7","Humid","26.25","0","52.00","346729.80","SABD0000000001","AAV1.0.0.11","2.0.0.28","PSt7-10","000000-000","10/20/2017 9:36:39 AM","0000-00","0","no battery","V"
"10/20/2017","11:45:20","5","default","957498349","OXY5","35.701","min","158.741","μmol/L","Humid","20.935","deg","92367","µV","35.915","°C","1018.000","hPa","37.0","pmil","0","55.500","deg","20.000","°C","100.000","%a.s.","22.500","deg","20.000","°C","1013.000","hPa","0.861","-0.02056","0.00035","-0.00011","0","14.7","Humid","26.25","0","52.00","346731.08","SABD0000000001","AAV1.0.0.11","2.0.0.28","PSt7-10","000000-000","10/20/2017 9:36:39 AM","0000-00","0","no battery","V"
"10/20/2017","11:45:21","5","default","957498349","OXY5","35.718","min","158.628","μmol/L","Humid","20.936","deg","92369","µV","35.931","°C","1018.000","hPa","37.0","pmil","0","55.500","deg","20.000","°C","100.000","%a.s.","22.500","deg","20.000","°C","1013.000","hPa","0.861","-0.02056","0.00035","-0.00011","0","14.7","Humid","26.25","0","52.00","346734.58","SABD0000000001","AAV1.0.0.11","2.0.0.28","PSt7-10","000000-000","10/20/2017 9:36:39 AM","0000-00","0","no battery","V"
"10/20/2017","11:45:22","5","default","957498349","OXY5","35.735","min","158.548","μmol/L","Humid","20.943","deg","92367","µV","35.928","°C","1018.000","hPa","37.0","pmil","0","55.500","deg","20.000","°C","100.000","%a.s.","22.500","deg","20.000","°C","1013.000","hPa","0.861","-0.02056","0.00035","-0.00011","0","14.7","Humid","26.25","0","52.00","346733.09","SABD0000000001","AAV1.0.0.11","2.0.0.28","PSt7-10","000000-000","10/20/2017 9:36:39 AM","0000-00","0","no battery","V"
"10/20/2017","11:45:23","5","default","957498349","OXY5","35.753","min","158.688","μmol/L","Humid","20.935","deg","92359","µV","35.924","°C","1018.000","hPa","37.0","pmil","0","55.500","deg","20.000","°C","100.000","%a.s.","22.500","deg","20.000","°C","1013.000","hPa","0.861","-0.02056","0.00035","-0.00011","0","14.7","Humid","26.25","0","52.00","346735.50","SABD0000000001","AAV1.0.0.11","2.0.0.28","PSt7-10","000000-000","10/20/2017 9:36:39 AM","0000-00","0","no battery","V"
"10/20/2017","11:45:24","5","default","957498349","OXY5","35.768","min","158.547","μmol/L","Humid","20.939","deg","92356","µV","35.938","°C","1018.000","hPa","37.0","pmil","0","55.500","deg","20.000","°C","100.000","%a.s.","22.500","deg","20.000","°C","1013.000","hPa","0.861","-0.02056","0.00035","-0.00011","0","14.7","Humid","26.25","0","52.00","346710.85","SABD0000000001","AAV1.0.0.11","2.0.0.28","PSt7-10","000000-000","10/20/2017 9:36:39 AM","0000-00","0","no battery","V"
"10/20/2017","11:45:25","5","default","957498349","OXY5","35.785","min","158.606","μmol/L","Humid","20.935","deg","92357","µV","35.937","°C","1018.000","hPa","37.0","pmil","0","55.500","deg","20.000","°C","100.000","%a.s.","22.500","deg","20.000","°C","1013.000","hPa","0.861","-0.02056","0.00035","-0.00011","0","14.7","Humid","26.25","0","52.00","346722.78","SABD0000000001","AAV1.0.0.11","2.0.0.28","PSt7-10","000000-000","10/20/2017 9:36:39 AM","0000-00","0","no battery","V"
"10/20/2017","11:45:26","5","default","957498349","OXY5","35.801","min","158.656","μmol/L","Humid","20.938","deg","92353","µV","35.922","°C","1018.000","hPa","37.0","pmil","0","55.500","deg","20.000","°C","100.000","%a.s.","22.500","deg","20.000","°C","1013.000","hPa","0.861","-0.02056","0.00035","-0.00011","0","14.7","Humid","26.25","0","52.00","346728.73","SABD0000000001","AAV1.0.0.11","2.0.0.28","PSt7-10","000000-000","10/20/2017 9:36:39 AM","0000-00","0","no battery","V"
"10/20/2017","11:45:27","5","default","957498349","OXY5","35.818","min","158.648","μmol/L","Humid","20.936","deg","92345","µV","35.928","°C","1018.000","hPa","37.0","pmil","0","55.500","deg","20.000","°C","100.000","%a.s.","22.500","deg","20.000","°C","1013.000","hPa","0.861","-0.02056","0.00035","-0.00011","0","14.7","Humid","26.25","0","52.00","346724.59","SABD0000000001","AAV1.0.0.11","2.0.0.28","PSt7-10","000000-000","10/20/2017 9:36:39 AM","0000-00","0","no battery","V"
"10/20/2017","11:45:28","5","default","957498349","OXY5","35.835","min","158.628","μmol/L","Humid","20.939","deg","92354","µV","35.924","°C","1018.000","hPa","37.0","pmil","0","55.500","deg","20.000","°C","100.000","%a.s.","22.500","deg","20.000","°C","1013.000","hPa","0.861","-0.02056","0.00035","-0.00011","0","14.7","Humid","26.25","0","52.00","346715.67","SABD0000000001","AAV1.0.0.11","2.0.0.28","PSt7-10","000000-000","10/20/2017 9:36:39 AM","0000-00","0","no battery","V"
"10/20/2017","11:45:29","5","default","957498349","OXY5","35.851","min","158.618","μmol/L","Humid","20.937","deg","92347","µV","35.931","°C","1018.000","hPa","37.0","pmil","0","55.500","deg","20.000","°C","100.000","%a.s.","22.500","deg","20.000","°C","1013.000","hPa","0.861","-0.02056","0.00035","-0.00011","0","14.7","Humid","26.25","0","52.00","346716.46","SABD0000000001","AAV1.0.0.11","2.0.0.28","PSt7-10","000000-000","10/20/2017 9:36:39 AM","0000-00","0","no battery","V"
"10/20/2017","11:45:30","5","default","957498349","OXY5","35.868","min","158.643","μmol/L","Humid","20.938","deg","92341","µV","35.924","°C","1018.000","hPa","37.0","pmil","0","55.500","deg","20.000","°C","100.000","%a.s.","22.500","deg","20.000","°C","1013.000","hPa","0.861","-0.02056","0.00035","-0.00011","0","14.7","Humid","26.25","0","52.00","346711.57","SABD0000000001","AAV1.0.0.11","2.0.0.28","PSt7-10","000000-000","10/20/2017 9:36:39 AM","0000-00","0","no battery","V"
"10/20/2017","11:45:31","5","default","957498349","OXY5","35.884","min","158.704","μmol/L","Humid","20.938","deg","92338","µV","35.914","°C","1018.000","hPa","37.0","pmil","0","55.500","deg","20.000","°C","100.000","%a.s.","22.500","deg","20.000","°C","1013.000","hPa","0.861","-0.02056","0.00035","-0.00011","0","14.7","Humid","26.25","0","52.00","346714.06","SABD0000000001","AAV1.0.0.11","2.0.0.28","PSt7-10","000000-000","10/20/2017 9:36:39 AM","0000-00","0","no battery","V"
"10/20/2017","11:45:32","5","default","957498349","OXY5","35.901","min","158.737","μmol/L","Humid","20.936","deg","92344","µV","35.913","°C","1018.000","hPa","37.0","pmil","0","55.500","deg","20.000","°C","100.000","%a.s.","22.500","deg","20.000","°C","1013.000","hPa","0.861","-0.02056","0.00035","-0.00011","0","14.7","Humid","26.25","0","52.00","346716.75","SABD0000000001","AAV1.0.0.11","2.0.0.28","PSt7-10","000000-000","10/20/2017 9:36:39 AM","0000-00","0","no battery","V"
"10/20/2017","11:45:33","5","default","957498349","OXY5","35.918","min","158.627","μmol/L","Humid","20.936","deg","92328","µV","35.932","°C","1018.000","hPa","37.0","pmil","0","55.500","deg","20.000","°C","100.000","%a.s.","22.500","deg","20.000","°C","1013.000","hPa","0.861","-0.02056","0.00035","-0.00011","0","14.7","Humid","26.25","0","52.00","346728.57","SABD0000000001","AAV1.0.0.11","2.0.0.28","PSt7-10","000000-000","10/20/2017 9:36:39 AM","0000-00","0","no battery","V"
"10/20/2017","11:45:34","5","default","957498349","OXY5","35.935","min","158.677","μmol/L","Humid","20.932","deg","92332","µV","35.933","°C","1018.000","hPa","37.0","pmil","0","55.500","deg","20.000","°C","100.000","%a.s.","22.500","deg","20.000","°C","1013.000","hPa","0.861","-0.02056","0.00035","-0.00011","0","14.7","Humid","26.25","0","52.00","346718.63","SABD0000000001","AAV1.0.0.11","2.0.0.28","PSt7-10","000000-000","10/20/2017 9:36:39 AM","0000-00","0","no battery","V"
"10/20/2017","11:45:35","5","default","957498349","OXY5","35.951","min","158.740","μmol/L","Humid","20.935","deg","92337","µV","35.915","°C","1018.000","hPa","37.0","pmil","0","55.500","deg","20.000","°C","100.000","%a.s.","22.500","deg","20.000","°C","1013.000","hPa","0.861","-0.02056","0.00035","-0.00011","0","14.7","Humid","26.25","0","52.00","346727.86","SABD0000000001","AAV1.0.0.11","2.0.0.28","PSt7-10","000000-000","10/20/2017 9:36:39 AM","0000-00","0","no battery","V"
"10/20/2017","11:45:36","5","default","957498349","OXY5","35.970","min","158.654","μmol/L","Humid","20.938","deg","92328","µV","35.922","°C","1018.000","hPa","37.0","pmil","0","55.500","deg","20.000","°C","100.000","%a.s.","22.500","deg","20.000","°C","1013.000","hPa","0.861","-0.02056","0.00035","-0.00011","0","14.7","Humid","26.25","0","52.00","346719.51","SABD0000000001","AAV1.0.0.11","2.0.0.28","PSt7-10","000000-000","10/20/2017 9:36:39 AM","0000-00","0","no battery","V"
"10/20/2017","11:45:37","5","default","957498349","OXY5","35.985","min","158.686","μmol/L","Humid","20.933","deg","92334","µV","35.929","°C","1018.000","hPa","37.0","pmil","0","55.500","deg","20.000","°C","100.000","%a.s.","22.500","deg","20.000","°C","1013.000","hPa","0.861","-0.02056","0.00035","-0.00011","0","14.7","Humid","26.25","0","52.00","346723.51","SABD0000000001","AAV1.0.0.11","2.0.0.28","PSt7-10","000000-000","10/20/2017 9:36:39 AM","0000-00","0","no battery","V"
"10/20/2017","11:45:38","5","default","957498349","OXY5","36.001","min","158.577","μmol/L","Humid","20.939","deg","92326","µV","35.933","°C","1018.000","hPa","37.0","pmil","0","55.500","deg","20.000","°C","100.000","%a.s.","22.500","deg","20.000","°C","1013.000","hPa","0.861","-0.02056","0.00035","-0.00011","0","14.7","Humid","26.25","0","52.00","346707.91","SABD0000000001","AAV1.0.0.11","2.0.0.28","PSt7-10","000000-000","10/20/2017 9:36:39 AM","0000-00","0","no battery","V"
"10/20/2017","11:45:39","5","default","957498349","OXY5","36.018","min","158.617","μmol/L","Humid","20.938","deg","92321","µV","35.929","°C","1018.000","hPa","37.0","pmil","0","55.500","deg","20.000","°C","100.000","%a.s.","22.500","deg","20.000","°C","1013.000","hPa","0.861","-0.02056","0.00035","-0.00011","0","14.7","Humid","26.25","0","52.00","346710.53","SABD0000000001","AAV1.0.0.11","2.0.0.28","PSt7-10","000000-000","10/20/2017 9:36:39 AM","0000-00","0","no battery","V"
"10/20/2017","11:45:40","5","default","957498349","OXY5","36.041","min","158.585","μmol/L","Humid","20.940","deg","92326","µV","35.929","°C","1018.000","hPa","37.0","pmil","0","55.500","deg","20.000","°C","100.000","%a.s.","22.500","deg","20.000","°C","1013.000","hPa","0.861","-0.02056","0.00035","-0.00011","0","14.7","Humid","26.25","0","52.00","346723.16","SABD0000000001","AAV1.0.0.11","2.0.0.28","PSt7-10","000000-000","10/20/2017 9:36:39 AM","0000-00","0","no battery","V"
"10/20/2017","11:45:41","5","default","957498349","OXY5","36.051","min","158.677","μmol/L","Humid","20.937","deg","92314","µV","35.921","°C","1018.000","hPa","37.0","pmil","0","55.500","deg","20.000","°C","100.000","%a.s.","22.500","deg","20.000","°C","1013.000","hPa","0.861","-0.02056","0.00035","-0.00011","0","14.7","Humid","26.25","0","52.00","346707.60","SABD0000000001","AAV1.0.0.11","2.0.0.28","PSt7-10","000000-000","10/20/2017 9:36:39 AM","0000-00","0","no battery","V"
"10/20/2017","11:45:42","5","default","957498349","OXY5","36.068","min","158.709","μmol/L","Humid","20.934","deg","92316","µV","35.923","°C","1018.000","hPa","37.0","pmil","0","55.500","deg","20.000","°C","100.000","%a.s.","22.500","deg","20.000","°C","1013.000","hPa","0.861","-0.02056","0.00035","-0.00011","0","14.7","Humid","26.25","0","52.00","346706.64","SABD0000000001","AAV1.0.0.11","2.0.0.28","PSt7-10","000000-000","10/20/2017 9:36:39 AM","0000-00","0","no battery","V"
"10/20/2017","11:45:43","5","default","957498349","OXY5","36.084","min","158.568","μmol/L","Humid","20.938","deg","92317","µV","35.937","°C","1018.000","hPa","37.0","pmil","0","55.500","deg","20.000","°C","100.000","%a.s.","22.500","deg","20.000","°C","1013.000","hPa","0.861","-0.02056","0.00035","-0.00011","0","14.7","Humid","26.25","0","52.00","346720.30","SABD0000000001","AAV1.0.0.11","2.0.0.28","PSt7-10","000000-000","10/20/2017 9:36:39 AM","0000-00","0","no battery","V"
"10/20/2017","11:45:44","5","default","957498349","OXY5","36.102","min","158.605","μmol/L","Humid","20.938","deg","92315","µV","35.931","°C","1018.000","hPa","37.0","pmil","0","55.500","deg","20.000","°C","100.000","%a.s.","22.500","deg","20.000","°C","1013.000","hPa","0.861","-0.02056","0.00035","-0.00011","0","14.7","Humid","26.25","0","52.00","346704.35","SABD0000000001","AAV1.0.0.11","2.0.0.28","PSt7-10","000000-000","10/20/2017 9:36:39 AM","0000-00","0","no battery","V"
"10/20/2017","11:45:45","5","default","957498349","OXY5","36.118","min","158.612","μmol/L","Humid","20.938","deg","92312","µV","35.929","°C","1018.000","hPa","37.0","pmil","0","55.500","deg","20.000","°C","100.000","%a.s.","22.500","deg","20.000","°C","1013.000","hPa","0.861","-0.02056","0.00035","-0.00011","0","14.7","Humid","26.25","0","52.00","346725.61","SABD0000000001","AAV1.0.0.11","2.0.0.28","PSt7-10","000000-000","10/20/2017 9:36:39 AM","0000-00","0","no battery","V"
"10/20/2017","11:45:46","5","default","957498349","OXY5","36.135","min","158.782","μmol/L","Humid","20.936","deg","92307","µV","35.906","°C","1018.000","hPa","37.0","pmil","0","55.500","deg","20.000","°C","100.000","%a.s.","22.500","deg","20.000","°C","1013.000","hPa","0.861","-0.02056","0.00035","-0.00011","0","14.7","Humid","26.25","0","52.00","346710.04","SABD0000000001","AAV1.0.0.11","2.0.0.28","PSt7-10","000000-000","10/20/2017 9:36:39 AM","0000-00","0","no battery","V"
"10/20/2017","11:45:47","5","default","957498349","OXY5","36.152","min","158.633","μmol/L","Humid","20.933","deg","92312","µV","35.938","°C","1018.000","hPa","37.0","pmil","0","55.500","deg","20.000","°C","100.000","%a.s.","22.500","deg","20.000","°C","1013.000","hPa","0.861","-0.02056","0.00035","-0.00011","0","14.7","Humid","26.25","0","52.00","346713.76","SABD0000000001","AAV1.0.0.11","2.0.0.28","PSt7-10","000000-000","10/20/2017 9:36:39 AM","0000-00","0","no battery","V"
"10/20/2017","11:45:48","5","default","957498349","OXY5","36.168","min","158.708","μmol/L","Humid","20.939","deg","92298","µV","35.911","°C","1018.000","hPa","37.0","pmil","0","55.500","deg","20.000","°C","100.000","%a.s.","22.500","deg","20.000","°C","1013.000","hPa","0.861","-0.02056","0.00035","-0.00011","0","14.7","Humid","26.25","0","52.00","346712.64","SABD0000000001","AAV1.0.0.11","2.0.0.28","PSt7-10","000000-000","10/20/2017 9:36:39 AM","0000-00","0","no battery","V"
"10/20/2017","11:45:49","5","default","957498349","OXY5","36.185","min","158.649","μmol/L","Humid","20.939","deg","92294","µV","35.921","°C","1018.000","hPa","37.0","pmil","0","55.500","deg","20.000","°C","100.000","%a.s.","22.500","deg","20.000","°C","1013.000","hPa","0.861","-0.02056","0.00035","-0.00011","0","14.7","Humid","26.25","0","52.00","346699.20","SABD0000000001","AAV1.0.0.11","2.0.0.28","PSt7-10","000000-000","10/20/2017 9:36:39 AM","0000-00","0","no battery","V"
"10/20/2017","11:45:50","5","default","957498349","OXY5","36.202","min","158.618","μmol/L","Humid","20.938","deg","92295","µV","35.928","°C","1018.000","hPa","37.0","pmil","0","55.500","deg","20.000","°C","100.000","%a.s.","22.500","deg","20.000","°C","1013.000","hPa","0.861","-0.02056","0.00035","-0.00011","0","14.7","Humid","26.25","0","52.00","346700.95","SABD0000000001","AAV1.0.0.11","2.0.0.28","PSt7-10","000000-000","10/20/2017 9:36:39 AM","0000-00","0","no battery","V"
"10/20/2017","11:45:51","5","default","957498349","OXY5","36.218","min","158.629","μmol/L","Humid","20.937","deg","92295","µV","35.929","°C","1018.000","hPa","37.0","pmil","0","55.500","deg","20.000","°C","100.000","%a.s.","22.500","deg","20.000","°C","1013.000","hPa","0.861","-0.02056","0.00035","-0.00011","0","14.7","Humid","26.25","0","52.00","346708.77","SABD0000000001","AAV1.0.0.11","2.0.0.28","PSt7-10","000000-000","10/20/2017 9:36:39 AM","0000-00","0","no battery","V"
"10/20/2017","11:45:52","5","default","957498349","OXY5","36.235","min","158.621","μmol/L","Humid","20.936","deg","92305","µV","35.933","°C","1018.000","hPa","37.0","pmil","0","55.500","deg","20.000","°C","100.000","%a.s.","22.500","deg","20.000","°C","1013.000","hPa","0.861","-0.02056","0.00035","-0.00011","0","14.7","Humid","26.25","0","52.00","346714.16","SABD0000000001","AAV1.0.0.11","2.0.0.28","PSt7-10","000000-000","10/20/2017 9:36:39 AM","0000-00","0","no battery","V"
"10/20/2017","11:45:53","5","default","957498349","OXY5","36.252","min","158.790","μmol/L","Humid","20.938","deg","92284","µV","35.900","°C","1018.000","hPa","37.0","pmil","0","55.500","deg","20.000","°C","100.000","%a.s.","22.500","deg","20.000","°C","1013.000","hPa","0.861","-0.02056","0.00035","-0.00011","0","14.7","Humid","26.25","0","52.00","346704.51","SABD0000000001","AAV1.0.0.11","2.0.0.28","PSt7-10","000000-000","10/20/2017 9:36:39 AM","0000-00","0","no battery","V"
"10/20/2017","11:45:54","5","default","957498349","OXY5","36.268","min","158.728","μmol/L","Humid","20.935","deg","92290","µV","35.917","°C","1018.000","hPa","37.0","pmil","0","55.500","deg","20.000","°C","100.000","%a.s.","22.500","deg","20.000","°C","1013.000","hPa","0.861","-0.02056","0.00035","-0.00011","0","14.7","Humid","26.25","0","52.00","346719.95","SABD0000000001","AAV1.0.0.11","2.0.0.28","PSt7-10","000000-000","10/20/2017 9:36:39 AM","0000-00","0","no battery","V"
"10/20/2017","11:45:55","5","default","957498349","OXY5","36.285","min","158.611","μmol/L","Humid","20.939","deg","92286","µV","35.927","°C","1018.000","hPa","37.0","pmil","0","55.500","deg","20.000","°C","100.000","%a.s.","22.500","deg","20.000","°C","1013.000","hPa","0.861","-0.02056","0.00035","-0.00011","0","14.7","Humid","26.25","0","52.00","346717.84","SABD0000000001","AAV1.0.0.11","2.0.0.28","PSt7-10","000000-000","10/20/2017 9:36:39 AM","0000-00","0","no battery","V"
"10/20/2017","11:45:56","5","default","957498349","OXY5","36.302","min","158.587","μmol/L","Humid","20.936","deg","92283","µV","35.938","°C","1018.000","hPa","37.0","pmil","0","55.500","deg","20.000","°C","100.000","%a.s.","22.500","deg","20.000","°C","1013.000","hPa","0.861","-0.02056","0.00035","-0.00011","0","14.7","Humid","26.25","0","52.00","346716.37","SABD0000000001","AAV1.0.0.11","2.0.0.28","PSt7-10","000000-000","10/20/2017 9:36:39 AM","0000-00","0","no battery","V"
"10/20/2017","11:45:57","5","default","957498349","OXY5","36.318","min","158.633","μmol/L","Humid","20.934","deg","92284","µV","35.935","°C","1018.000","hPa","37.0","pmil","0","55.500","deg","20.000","°C","100.000","%a.s.","22.500","deg","20.000","°C","1013.000","hPa","0.861","-0.02056","0.00035","-0.00011","0","14.7","Humid","26.25","0","52.00","346713.91","SABD0000000001","AAV1.0.0.11","2.0.0.28","PSt7-10","000000-000","10/20/2017 9:36:39 AM","0000-00","0","no battery","V"
"10/20/2017","11:45:58","5","default","957498349","OXY5","36.335","min","158.646","μmol/L","Humid","20.939","deg","92270","µV","35.921","°C","1018.000","hPa","37.0","pmil","0","55.500","deg","20.000","°C","100.000","%a.s.","22.500","deg","20.000","°C","1013.000","hPa","0.861","-0.02056","0.00035","-0.00011","0","14.7","Humid","26.25","0","52.00","346699.58","SABD0000000001","AAV1.0.0.11","2.0.0.28","PSt7-10","000000-000","10/20/2017 9:36:39 AM","0000-00","0","no battery","V"
"10/20/2017","11:45:59","5","default","957498349","OXY5","36.351","min","158.560","μmol/L","Humid","20.939","deg","92271","µV","35.936","°C","1018.000","hPa","37.0","pmil","0","55.500","deg","20.000","°C","100.000","%a.s.","22.500","deg","20.000","°C","1013.000","hPa","0.861","-0.02056","0.00035","-0.00011","0","14.7","Humid","26.25","0","52.00","346706.84","SABD0000000001","AAV1.0.0.11","2.0.0.28","PSt7-10","000000-000","10/20/2017 9:36:39 AM","0000-00","0","no battery","V"
"10/20/2017","11:46:00","5","default","957498349","OXY5","36.368","min","158.613","μmol/L","Humid","20.938","deg","92275","µV","35.929","°C","1018.000","hPa","37.0","pmil","0","55.500","deg","20.000","°C","100.000","%a.s.","22.500","deg","20.000","°C","1013.000","hPa","0.861","-0.02056","0.00035","-0.00011","0","14.7","Humid","26.25","0","52.00","346702.75","SABD0000000001","AAV1.0.0.11","2.0.0.28","PSt7-10","000000-000","10/20/2017 9:36:39 AM","0000-00","0","no battery","V"
"10/20/2017","11:46:01","5","default","957498349","OXY5","36.384","min","158.612","μmol/L","Humid","20.937","deg","92270","µV","35.932","°C","1018.000","hPa","37.0","pmil","0","55.500","deg","20.000","°C","100.000","%a.s.","22.500","deg","20.000","°C","1013.000","hPa","0.861","-0.02056","0.00035","-0.00011","0","14.7","Humid","26.25","0","52.00","346710.79","SABD0000000001","AAV1.0.0.11","2.0.0.28","PSt7-10","000000-000","10/20/2017 9:36:39 AM","0000-00","0","no battery","V"
"10/20/2017","11:46:02","5","default","957498349","OXY5","36.401","min","158.623","μmol/L","Humid","20.937","deg","92265","µV","35.930","°C","1018.000","hPa","37.0","pmil","0","55.500","deg","20.000","°C","100.000","%a.s.","22.500","deg","20.000","°C","1013.000","hPa","0.861","-0.02056","0.00035","-0.00011","0","14.7","Humid","26.25","0","52.00","346708.19","SABD0000000001","AAV1.0.0.11","2.0.0.28","PSt7-10","000000-000","10/20/2017 9:36:39 AM","0000-00","0","no battery","V"
"10/20/2017","11:46:03","5","default","957498349","OXY5","36.418","min","158.693","μmol/L","Humid","20.939","deg","92269","µV","35.914","°C","1018.000","hPa","37.0","pmil","0","55.500","deg","20.000","°C","100.000","%a.s.","22.500","deg","20.000","°C","1013.000","hPa","0.861","-0.02056","0.00035","-0.00011","0","14.7","Humid","26.25","0","52.00","346690.73","SABD0000000001","AAV1.0.0.11","2.0.0.28","PSt7-10","000000-000","10/20/2017 9:36:39 AM","0000-00","0","no battery","V"
"10/20/2017","11:46:04","5","default","957498349","OXY5","36.434","min","158.688","μmol/L","Humid","20.938","deg","92247","µV","35.917","°C","1018.000","hPa","37.0","pmil","0","55.500","deg","20.000","°C","100.000","%a.s.","22.500","deg","20.000","°C","1013.000","hPa","0.861","-0.02056","0.00035","-0.00011","0","14.7","Humid","26.25","0","52.00","346701.06","SABD0000000001","AAV1.0.0.11","2.0.0.28","PSt7-10","000000-000","10/20/2017 9:36:39 AM","0000-00","0","no battery","V"
"10/20/2017","11:46:05","5","default","957498349","OXY5","36.451","min","158.637","μmol/L","Humid","20.934","deg","92263","µV","35.935","°C","1018.000","hPa","37.0","pmil","0","55.500","deg","20.000","°C","100.000","%a.s.","22.500","deg","20.000","°C","1013.000","hPa","0.861","-0.02056","0.00035","-0.00011","0","14.7","Humid","26.25","0","52.00","346701.14","SABD0000000001","AAV1.0.0.11","2.0.0.28","PSt7-10","000000-000","10/20/2017 9:36:39 AM","0000-00","0","no battery","V"
"10/20/2017","11:46:06","5","default","957498349","OXY5","36.468","min","158.642","μmol/L","Humid","20.938","deg","92259","µV","35.924","°C","1018.000","hPa","37.0","pmil","0","55.500","deg","20.000","°C","100.000","%a.s.","22.500","deg","20.000","°C","1013.000","hPa","0.861","-0.02056","0.00035","-0.00011","0","14.7","Humid","26.25","0","52.00","346697.80","SABD0000000001","AAV1.0.0.11","2.0.0.28","PSt7-10","000000-000","10/20/2017 9:36:39 AM","0000-00","0","no battery","V"
"10/20/2017","11:46:07","5","default","957498349","OXY5","36.484","min","158.676","μmol/L","Humid","20.936","deg","92245","µV","35.923","°C","1018.000","hPa","37.0","pmil","0","55.500","deg","20.000","°C","100.000","%a.s.","22.500","deg","20.000","°C","1013.000","hPa","0.861","-0.02056","0.00035","-0.00011","0","14.7","Humid","26.25","0","52.00","346696.96","SABD0000000001","AAV1.0.0.11","2.0.0.28","PSt7-10","000000-000","10/20/2017 9:36:39 AM","0000-00","0","no battery","V"
"10/20/2017","11:46:08","5","default","957498349","OXY5","36.501","min","158.720","μmol/L","Humid","20.935","deg","92258","µV","35.919","°C","1018.000","hPa","37.0","pmil","0","55.500","deg","20.000","°C","100.000","%a.s.","22.500","deg","20.000","°C","1013.000","hPa","0.861","-0.02056","0.00035","-0.00011","0","14.7","Humid","26.25","0","52.00","346702.15","SABD0000000001","AAV1.0.0.11","2.0.0.28","PSt7-10","000000-000","10/20/2017 9:36:39 AM","0000-00","0","no battery","V"
"10/20/2017","11:46:09","5","default","957498349","OXY5","36.518","min","158.598","μmol/L","Humid","20.936","deg","92249","µV","35.937","°C","1018.000","hPa","37.0","pmil","0","55.500","deg","20.000","°C","100.000","%a.s.","22.500","deg","20.000","°C","1013.000","hPa","0.861","-0.02056","0.00035","-0.00011","0","14.7","Humid","26.25","0","52.00","346682.99","SABD0000000001","AAV1.0.0.11","2.0.0.28","PSt7-10","000000-000","10/20/2017 9:36:39 AM","0000-00","0","no battery","V"
"10/20/2017","11:46:10","5","default","957498349","OXY5","36.534","min","158.666","μmol/L","Humid","20.937","deg","92246","µV","35.923","°C","1018.000","hPa","37.0","pmil","0","55.500","deg","20.000","°C","100.000","%a.s.","22.500","deg","20.000","°C","1013.000","hPa","0.861","-0.02056","0.00035","-0.00011","0","14.7","Humid","26.25","0","52.00","346694.46","SABD0000000001","AAV1.0.0.11","2.0.0.28","PSt7-10","000000-000","10/20/2017 9:36:39 AM","0000-00","0","no battery","V"
"10/20/2017","11:46:11","5","default","957498349","OXY5","36.551","min","158.596","μmol/L","Humid","20.934","deg","92238","µV","35.941","°C","1018.000","hPa","37.0","pmil","0","55.500","deg","20.000","°C","100.000","%a.s.","22.500","deg","20.000","°C","1013.000","hPa","0.861","-0.02056","0.00035","-0.00011","0","14.7","Humid","26.25","0","52.00","346690.04","SABD0000000001","AAV1.0.0.11","2.0.0.28","PSt7-10","000000-000","10/20/2017 9:36:39 AM","0000-00","0","no battery","V"
"10/20/2017","11:46:12","5","default","957498349","OXY5","36.568","min","158.773","μmol/L","Humid","20.936","deg","92247","µV","35.907","°C","1018.000","hPa","37.0","pmil","0","55.500","deg","20.000","°C","100.000","%a.s.","22.500","deg","20.000","°C","1013.000","hPa","0.861","-0.02056","0.00035","-0.00011","0","14.7","Humid","26.25","0","52.00","346692.49","SABD0000000001","AAV1.0.0.11","2.0.0.28","PSt7-10","000000-000","10/20/2017 9:36:39 AM","0000-00","0","no battery","V"
"10/20/2017","11:46:13","5","default","957498349","OXY5","36.584","min","158.768","μmol/L","Humid","20.936","deg","92239","µV","35.908","°C","1018.000","hPa","37.0","pmil","0","55.500","deg","20.000","°C","100.000","%a.s.","22.500","deg","20.000","°C","1013.000","hPa","0.861","-0.02056","0.00035","-0.00011","0","14.7","Humid","26.25","0","52.00","346697.12","SABD0000000001","AAV1.0.0.11","2.0.0.28","PSt7-10","000000-000","10/20/2017 9:36:39 AM","0000-00","0","no battery","V"
"10/20/2017","11:46:14","5","default","957498349","OXY5","36.601","min","158.632","μmol/L","Humid","20.937","deg","92206","µV","35.928","°C","1018.000","hPa","37.0","pmil","0","55.500","deg","20.000","°C","100.000","%a.s.","22.500","deg","20.000","°C","1013.000","hPa","0.861","-0.02056","0.00035","-0.00011","0","14.7","Humid","26.25","0","52.00","346685.33","SABD0000000001","AAV1.0.0.11","2.0.0.28","PSt7-10","000000-000","10/20/2017 9:36:39 AM","0000-00","0","no battery","V"
"10/20/2017","11:46:15","5","default","957498349","OXY5","36.618","min","158.667","μmol/L","Humid","20.933","deg","92226","µV","35.932","°C","1018.000","hPa","37.0","pmil","0","55.500","deg","20.000","°C","100.000","%a.s.","22.500","deg","20.000","°C","1013.000","hPa","0.861","-0.02056","0.00035","-0.00011","0","14.7","Humid","26.25","0","52.00","346681.78","SABD0000000001","AAV1.0.0.11","2.0.0.28","PSt7-10","000000-000","10/20/2017 9:36:39 AM","0000-00","0","no battery","V"
"10/20/2017","11:46:16","5","default","957498349","OXY5","36.634","min","158.578","μmol/L","Humid","20.936","deg","92214","µV","35.940","°C","1018.000","hPa","37.0","pmil","0","55.500","deg","20.000","°C","100.000","%a.s.","22.500","deg","20.000","°C","1013.000","hPa","0.861","-0.02056","0.00035","-0.00011","0","14.7","Humid","26.25","0","52.00","346675.25","SABD0000000001","AAV1.0.0.11","2.0.0.28","PSt7-10","000000-000","10/20/2017 9:36:39 AM","0000-00","0","no battery","V"
"10/20/2017","11:46:17","5","default","957498349","OXY5","36.651","min","158.601","μmol/L","Humid","20.937","deg","92213","µV","35.933","°C","1018.000","hPa","37.0","pmil","0","55.500","deg","20.000","°C","100.000","%a.s.","22.500","deg","20.000","°C","1013.000","hPa","0.861","-0.02056","0.00035","-0.00011","0","14.7","Humid","26.25","0","52.00","346691.54","SABD0000000001","AAV1.0.0.11","2.0.0.28","PSt7-10","000000-000","10/20/2017 9:36:39 AM","0000-00","0","no battery","V"
"10/20/2017","11:46:18","5","default","957498349","OXY5","36.668","min","158.624","μmol/L","Humid","20.934","deg","92215","µV","35.937","°C","1018.000","hPa","37.0","pmil","0","55.500","deg","20.000","°C","100.000","%a.s.","22.500","deg","20.000","°C","1013.000","hPa","0.861","-0.02056","0.00035","-0.00011","0","14.7","Humid","26.25","0","52.00","346684.66","SABD0000000001","AAV1.0.0.11","2.0.0.28","PSt7-10","000000-000","10/20/2017 9:36:39 AM","0000-00","0","no battery","V"
"10/20/2017","11:46:19","5","default","957498349","OXY5","36.684","min","158.560","μmol/L","Humid","20.937","deg","92220","µV","35.940","°C","1018.000","hPa","37.0","pmil","0","55.500","deg","20.000","°C","100.000","%a.s.","22.500","deg","20.000","°C","1013.000","hPa","0.861","-0.02056","0.00035","-0.00011","0","14.7","Humid","26.25","0","52.00","346683.18","SABD0000000001","AAV1.0.0.11","2.0.0.28","PSt7-10","000000-000","10/20/2017 9:36:39 AM","0000-00","0","no battery","V"
"10/20/2017","11:46:20","5","default","957498349","OXY5","36.701","min","158.615","μmol/L","Humid","20.934","deg","92211","µV","35.938","°C","1018.000","hPa","37.0","pmil","0","55.500","deg","20.000","°C","100.000","%a.s.","22.500","deg","20.000","°C","1013.000","hPa","0.861","-0.02056","0.00035","-0.00011","0","14.7","Humid","26.25","0","52.00","346676.27","SABD0000000001","AAV1.0.0.11","2.0.0.28","PSt7-10","000000-000","10/20/2017 9:36:39 AM","0000-00","0","no battery","V"
"10/20/2017","11:46:21","5","default","957498349","OXY5","36.718","min","158.590","μmol/L","Humid","20.939","deg","92213","µV","35.931","°C","1018.000","hPa","37.0","pmil","0","55.500","deg","20.000","°C","100.000","%a.s.","22.500","deg","20.000","°C","1013.000","hPa","0.861","-0.02056","0.00035","-0.00011","0","14.7","Humid","26.25","0","52.00","346668.55","SABD0000000001","AAV1.0.0.11","2.0.0.28","PSt7-10","000000-000","10/20/2017 9:36:39 AM","0000-00","0","no battery","V"
"10/20/2017","11:46:22","5","default","957498349","OXY5","36.734","min","158.670","μmol/L","Humid","20.936","deg","92203","µV","35.924","°C","1018.000","hPa","37.0","pmil","0","55.500","deg","20.000","°C","100.000","%a.s.","22.500","deg","20.000","°C","1013.000","hPa","0.861","-0.02056","0.00035","-0.00011","0","14.7","Humid","26.25","0","52.00","346663.63","SABD0000000001","AAV1.0.0.11","2.0.0.28","PSt7-10","000000-000","10/20/2017 9:36:39 AM","0000-00","0","no battery","V"
"10/20/2017","11:46:23","5","default","957498349","OXY5","36.751","min","158.646","μmol/L","Humid","20.937","deg","92197","µV","35.926","°C","1018.000","hPa","37.0","pmil","0","55.500","deg","20.000","°C","100.000","%a.s.","22.500","deg","20.000","°C","1013.000","hPa","0.861","-0.02056","0.00035","-0.00011","0","14.7","Humid","26.25","0","52.00","346687.30","SABD0000000001","AAV1.0.0.11","2.0.0.28","PSt7-10","000000-000","10/20/2017 9:36:39 AM","0000-00","0","no battery","V"
"10/20/2017","11:46:24","5","default","957498349","OXY5","36.768","min","158.693","μmol/L","Humid","20.933","deg","92198","µV","35.928","°C","1018.000","hPa","37.0","pmil","0","55.500","deg","20.000","°C","100.000","%a.s.","22.500","deg","20.000","°C","1013.000","hPa","0.861","-0.02056","0.00035","-0.00011","0","14.7","Humid","26.25","0","52.00","346670.44","SABD0000000001","AAV1.0.0.11","2.0.0.28","PSt7-10","000000-000","10/20/2017 9:36:39 AM","0000-00","0","no battery","V"
"10/20/2017","11:46:25","5","default","957498349","OXY5","36.784","min","158.637","μmol/L","Humid","20.936","deg","92195","µV","35.930","°C","1018.000","hPa","37.0","pmil","0","55.500","deg","20.000","°C","100.000","%a.s.","22.500","deg","20.000","°C","1013.000","hPa","0.861","-0.02056","0.00035","-0.00011","0","14.7","Humid","26.25","0","52.00","346672.98","SABD0000000001","AAV1.0.0.11","2.0.0.28","PSt7-10","000000-000","10/20/2017 9:36:39 AM","0000-00","0","no battery","V"
"10/20/2017","11:46:26","5","default","957498349","OXY5","36.801","min","158.683","μmol/L","Humid","20.937","deg","92198","µV","35.920","°C","1018.000","hPa","37.0","pmil","0","55.500","deg","20.000","°C","100.000","%a.s.","22.500","deg","20.000","°C","1013.000","hPa","0.861","-0.02056","0.00035","-0.00011","0","14.7","Humid","26.25","0","52.00","346686.99","SABD0000000001","AAV1.0.0.11","2.0.0.28","PSt7-10","000000-000","10/20/2017 9:36:39 AM","0000-00","0","no battery","V"
"10/20/2017","11:46:27","5","default","957498349","OXY5","36.818","min","158.660","μmol/L","Humid","20.938","deg","92193","µV","35.921","°C","1018.000","hPa","37.0","pmil","0","55.500","deg","20.000","°C","100.000","%a.s.","22.500","deg","20.000","°C","1013.000","hPa","0.861","-0.02056","0.00035","-0.00011","0","14.7","Humid","26.25","0","52.00","346688.97","SABD0000000001","AAV1.0.0.11","2.0.0.28","PSt7-10","000000-000","10/20/2017 9:36:39 AM","0000-00","0","no battery","V"
"10/20/2017","11:46:28","5","default","957498349","OXY5","36.834","min","158.601","μmol/L","Humid","20.937","deg","92190","µV","35.933","°C","1018.000","hPa","37.0","pmil","0","55.500","deg","20.000","°C","100.000","%a.s.","22.500","deg","20.000","°C","1013.000","hPa","0.861","-0.02056","0.00035","-0.00011","0","14.7","Humid","26.25","0","52.00","346674.22","SABD0000000001","AAV1.0.0.11","2.0.0.28","PSt7-10","000000-000","10/20/2017 9:36:39 AM","0000-00","0","no battery","V"
"10/20/2017","11:46:29","5","default","957498349","OXY5","36.851","min","158.586","μmol/L","Humid","20.942","deg","92183","µV","35.924","°C","1018.000","hPa","37.0","pmil","0","55.500","deg","20.000","°C","100.000","%a.s.","22.500","deg","20.000","°C","1013.000","hPa","0.861","-0.02056","0.00035","-0.00011","0","14.7","Humid","26.25","0","52.00","346675.74","SABD0000000001","AAV1.0.0.11","2.0.0.28","PSt7-10","000000-000","10/20/2017 9:36:39 AM","0000-00","0","no battery","V"
"10/20/2017","11:46:30","5","default","957498349","OXY5","36.868","min","158.651","μmol/L","Humid","20.935","deg","92185","µV","35.930","°C","1018.000","hPa","37.0","pmil","0","55.500","deg","20.000","°C","100.000","%a.s.","22.500","deg","20.000","°C","1013.000","hPa","0.861","-0.02056","0.00035","-0.00011","0","14.7","Humid","26.25","0","52.00","346679.37","SABD0000000001","AAV1.0.0.11","2.0.0.28","PSt7-10","000000-000","10/20/2017 9:36:39 AM","0000-00","0","no battery","V"
"10/20/2017","11:46:31","5","default","957498349","OXY5","36.884","min","158.719","μmol/L","Humid","20.935","deg","92177","µV","35.919","°C","1018.000","hPa","37.0","pmil","0","55.500","deg","20.000","°C","100.000","%a.s.","22.500","deg","20.000","°C","1013.000","hPa","0.861","-0.02056","0.00035","-0.00011","0","14.7","Humid","26.25","0","52.00","346673.58","SABD0000000001","AAV1.0.0.11","2.0.0.28","PSt7-10","000000-000","10/20/2017 9:36:39 AM","0000-00","0","no battery","V"
"10/20/2017","11:46:32","5","default","957498349","OXY5","36.901","min","158.698","μmol/L","Humid","20.938","deg","92176","µV","35.915","°C","1018.000","hPa","37.0","pmil","0","55.500","deg","20.000","°C","100.000","%a.s.","22.500","deg","20.000","°C","1013.000","hPa","0.861","-0.02056","0.00035","-0.00011","0","14.7","Humid","26.25","0","52.00","346674.30","SABD0000000001","AAV1.0.0.11","2.0.0.28","PSt7-10","000000-000","10/20/2017 9:36:39 AM","0000-00","0","no battery","V"
"10/20/2017","11:46:33","5","default","957498349","OXY5","36.918","min","158.510","μmol/L","Humid","20.938","deg","92178","µV","35.946","°C","1018.000","hPa","37.0","pmil","0","55.500","deg","20.000","°C","100.000","%a.s.","22.500","deg","20.000","°C","1013.000","hPa","0.861","-0.02056","0.00035","-0.00011","0","14.7","Humid","26.25","0","52.00","346664.15","SABD0000000001","AAV1.0.0.11","2.0.0.28","PSt7-10","000000-000","10/20/2017 9:36:39 AM","0000-00","0","no battery","V"
"10/20/2017","11:46:34","5","default","957498349","OXY5","36.934","min","158.563","μmol/L","Humid","20.935","deg","92174","µV","35.945","°C","1018.000","hPa","37.0","pmil","0","55.500","deg","20.000","°C","100.000","%a.s.","22.500","deg","20.000","°C","1013.000","hPa","0.861","-0.02056","0.00035","-0.00011","0","14.7","Humid","26.25","0","52.00","346653.08","SABD0000000001","AAV1.0.0.11","2.0.0.28","PSt7-10","000000-000","10/20/2017 9:36:39 AM","0000-00","0","no battery","V"
"10/20/2017","11:46:35","5","default","957498349","OXY5","36.951","min","158.595","μmol/L","Humid","20.935","deg","92169","µV","35.939","°C","1018.000","hPa","37.0","pmil","0","55.500","deg","20.000","°C","100.000","%a.s.","22.500","deg","20.000","°C","1013.000","hPa","0.861","-0.02056","0.00035","-0.00011","0","14.7","Humid","26.25","0","52.00","346663.72","SABD0000000001","AAV1.0.0.11","2.0.0.28","PSt7-10","000000-000","10/20/2017 9:36:39 AM","0000-00","0","no battery","V"
"10/20/2017","11:46:36","5","default","957498349","OXY5","36.968","min","158.606","μmol/L","Humid","20.938","deg","92173","µV","35.930","°C","1018.000","hPa","37.0","pmil","0","55.500","deg","20.000","°C","100.000","%a.s.","22.500","deg","20.000","°C","1013.000","hPa","0.861","-0.02056","0.00035","-0.00011","0","14.7","Humid","26.25","0","52.00","346673.04","SABD0000000001","AAV1.0.0.11","2.0.0.28","PSt7-10","000000-000","10/20/2017 9:36:39 AM","0000-00","0","no battery","V"
"10/20/2017","11:46:37","5","default","957498349","OXY5","36.984","min","158.640","μmol/L","Humid","20.936","deg","92166","µV","35.930","°C","1018.000","hPa","37.0","pmil","0","55.500","deg","20.000","°C","100.000","%a.s.","22.500","deg","20.000","°C","1013.000","hPa","0.861","-0.02056","0.00035","-0.00011","0","14.7","Humid","26.25","0","52.00","346654.73","SABD0000000001","AAV1.0.0.11","2.0.0.28","PSt7-10","000000-000","10/20/2017 9:36:39 AM","0000-00","0","no battery","V"
"10/20/2017","11:46:38","5","default","957498349","OXY5","37.001","min","158.605","μmol/L","Humid","20.937","deg","92167","µV","35.933","°C","1018.000","hPa","37.0","pmil","0","55.500","deg","20.000","°C","100.000","%a.s.","22.500","deg","20.000","°C","1013.000","hPa","0.861","-0.02056","0.00035","-0.00011","0","14.7","Humid","26.25","0","52.00","346663.93","SABD0000000001","AAV1.0.0.11","2.0.0.28","PSt7-10","000000-000","10/20/2017 9:36:39 AM","0000-00","0","no battery","V"
"10/20/2017","11:46:39","5","default","957498349","OXY5","37.018","min","158.615","μmol/L","Humid","20.935","deg","92159","µV","35.936","°C","1018.000","hPa","37.0","pmil","0","55.500","deg","20.000","°C","100.000","%a.s.","22.500","deg","20.000","°C","1013.000","hPa","0.861","-0.02056","0.00035","-0.00011","0","14.7","Humid","26.25","0","52.00","346658.75","SABD0000000001","AAV1.0.0.11","2.0.0.28","PSt7-10","000000-000","10/20/2017 9:36:39 AM","0000-00","0","no battery","V"
"10/20/2017","11:46:40","5","default","957498349","OXY5","37.034","min","158.766","μmol/L","Humid","20.932","deg","92159","µV","35.918","°C","1018.000","hPa","37.0","pmil","0","55.500","deg","20.000","°C","100.000","%a.s.","22.500","deg","20.000","°C","1013.000","hPa","0.861","-0.02056","0.00035","-0.00011","0","14.7","Humid","26.25","0","52.00","346660.07","SABD0000000001","AAV1.0.0.11","2.0.0.28","PSt7-10","000000-000","10/20/2017 9:36:39 AM","0000-00","0","no battery","V"
"10/20/2017","11:46:41","5","default","957498349","OXY5","37.051","min","158.683","μmol/L","Humid","20.933","deg","92150","µV","35.929","°C","1018.000","hPa","37.0","pmil","0","55.500","deg","20.000","°C","100.000","%a.s.","22.500","deg","20.000","°C","1013.000","hPa","0.861","-0.02056","0.00035","-0.00011","0","14.7","Humid","26.25","0","52.00","346658.10","SABD0000000001","AAV1.0.0.11","2.0.0.28","PSt7-10","000000-000","10/20/2017 9:36:39 AM","0000-00","0","no battery","V"
"10/20/2017","11:46:42","5","default","957498349","OXY5","37.068","min","158.687","μmol/L","Humid","20.935","deg","92161","µV","35.924","°C","1018.000","hPa","37.0","pmil","0","55.500","deg","20.000","°C","100.000","%a.s.","22.500","deg","20.000","°C","1013.000","hPa","0.861","-0.02056","0.00035","-0.00011","0","14.7","Humid","26.25","0","52.00","346639.88","SABD0000000001","AAV1.0.0.11","2.0.0.28","PSt7-10","000000-000","10/20/2017 9:36:39 AM","0000-00","0","no battery","V"
"10/20/2017","11:46:43","5","default","957498349","OXY5","37.084","min","158.669","μmol/L","Humid","20.931","deg","92150","µV","35.937","°C","1018.000","hPa","37.0","pmil","0","55.500","deg","20.000","°C","100.000","%a.s.","22.500","deg","20.000","°C","1013.000","hPa","0.861","-0.02056","0.00035","-0.00011","0","14.7","Humid","26.25","0","52.00","346649.46","SABD0000000001","AAV1.0.0.11","2.0.0.28","PSt7-10","000000-000","10/20/2017 9:36:39 AM","0000-00","0","no battery","V"
"10/20/2017","11:46:44","5","default","957498349","OXY5","37.101","min","158.605","μmol/L","Humid","20.933","deg","92147","µV","35.942","°C","1018.000","hPa","37.0","pmil","0","55.500","deg","20.000","°C","100.000","%a.s.","22.500","deg","20.000","°C","1013.000","hPa","0.861","-0.02056","0.00035","-0.00011","0","14.7","Humid","26.25","0","52.00","346650.45","SABD0000000001","AAV1.0.0.11","2.0.0.28","PSt7-10","000000-000","10/20/2017 9:36:39 AM","0000-00","0","no battery","V"
"10/20/2017","11:46:45","5","default","957498349","OXY5","37.118","min","158.688","μmol/L","Humid","20.934","deg","92146","µV","35.926","°C","1018.000","hPa","37.0","pmil","0","55.500","deg","20.000","°C","100.000","%a.s.","22.500","deg","20.000","°C","1013.000","hPa","0.861","-0.02056","0.00035","-0.00011","0","14.7","Humid","26.25","0","52.00","346647.70","SABD0000000001","AAV1.0.0.11","2.0.0.28","PSt7-10","000000-000","10/20/2017 9:36:39 AM","0000-00","0","no battery","V"
"10/20/2017","11:46:46","5","default","957498349","OXY5","37.134","min","158.628","μmol/L","Humid","20.935","deg","92143","µV","35.934","°C","1018.000","hPa","37.0","pmil","0","55.500","deg","20.000","°C","100.000","%a.s.","22.500","deg","20.000","°C","1013.000","hPa","0.861","-0.02056","0.00035","-0.00011","0","14.7","Humid","26.25","0","52.00","346643.20","SABD0000000001","AAV1.0.0.11","2.0.0.28","PSt7-10","000000-000","10/20/2017 9:36:39 AM","0000-00","0","no battery","V"
"10/20/2017","11:46:47","5","default","957498349","OXY5","37.151","min","158.801","μmol/L","Humid","20.932","deg","92137","µV","35.912","°C","1018.000","hPa","37.0","pmil","0","55.500","deg","20.000","°C","100.000","%a.s.","22.500","deg","20.000","°C","1013.000","hPa","0.861","-0.02056","0.00035","-0.00011","0","14.7","Humid","26.25","0","52.00","346641.15","SABD0000000001","AAV1.0.0.11","2.0.0.28","PSt7-10","000000-000","10/20/2017 9:36:39 AM","0000-00","0","no battery","V"
"10/20/2017","11:46:48","5","default","957498349","OXY5","37.168","min","158.664","μmol/L","Humid","20.936","deg","92144","µV","35.926","°C","1018.000","hPa","37.0","pmil","0","55.500","deg","20.000","°C","100.000","%a.s.","22.500","deg","20.000","°C","1013.000","hPa","0.861","-0.02056","0.00035","-0.00011","0","14.7","Humid","26.25","0","52.00","346657.89","SABD0000000001","AAV1.0.0.11","2.0.0.28","PSt7-10","000000-000","10/20/2017 9:36:39 AM","0000-00","0","no battery","V"
"10/20/2017","11:46:49","5","default","957498349","OXY5","37.184","min","158.737","μmol/L","Humid","20.934","deg","92138","µV","35.918","°C","1018.000","hPa","37.0","pmil","0","55.500","deg","20.000","°C","100.000","%a.s.","22.500","deg","20.000","°C","1013.000","hPa","0.861","-0.02056","0.00035","-0.00011","0","14.7","Humid","26.25","0","52.00","346645.61","SABD0000000001","AAV1.0.0.11","2.0.0.28","PSt7-10","000000-000","10/20/2017 9:36:39 AM","0000-00","0","no battery","V"
"10/20/2017","11:46:50","5","default","957498349","OXY5","37.201","min","158.757","μmol/L","Humid","20.936","deg","92132","µV","35.910","°C","1018.000","hPa","37.0","pmil","0","55.500","deg","20.000","°C","100.000","%a.s.","22.500","deg","20.000","°C","1013.000","hPa","0.861","-0.02056","0.00035","-0.00011","0","14.7","Humid","26.25","0","52.00","346657.55","SABD0000000001","AAV1.0.0.11","2.0.0.28","PSt7-10","000000-000","10/20/2017 9:36:39 AM","0000-00","0","no battery","V"
"10/20/2017","11:46:51","5","default","957498349","OXY5","37.218","min","158.717","μmol/L","Humid","20.938","deg","92136","µV","35.912","°C","1018.000","hPa","37.0","pmil","0","55.500","deg","20.000","°C","100.000","%a.s.","22.500","deg","20.000","°C","1013.000","hPa","0.861","-0.02056","0.00035","-0.00011","0","14.7","Humid","26.25","0","52.00","346644.42","SABD0000000001","AAV1.0.0.11","2.0.0.28","PSt7-10","000000-000","10/20/2017 9:36:39 AM","0000-00","0","no battery","V"
"10/20/2017","11:46:52","5","default","957498349","OXY5","37.234","min","158.739","μmol/L","Humid","20.935","deg","92133","µV","35.915","°C","1018.000","hPa","37.0","pmil","0","55.500","deg","20.000","°C","100.000","%a.s.","22.500","deg","20.000","°C","1013.000","hPa","0.861","-0.02056","0.00035","-0.00011","0","14.7","Humid","26.25","0","52.00","346652.43","SABD0000000001","AAV1.0.0.11","2.0.0.28","PSt7-10","000000-000","10/20/2017 9:36:39 AM","0000-00","0","no battery","V"
"10/20/2017","11:46:53","5","default","957498349","OXY5","37.251","min","158.509","μmol/L","Humid","20.940","deg","92127","µV","35.942","°C","1018.000","hPa","37.0","pmil","0","55.500","deg","20.000","°C","100.000","%a.s.","22.500","deg","20.000","°C","1013.000","hPa","0.861","-0.02056","0.00035","-0.00011","0","14.7","Humid","26.25","0","52.00","346655.67","SABD0000000001","AAV1.0.0.11","2.0.0.28","PSt7-10","000000-000","10/20/2017 9:36:39 AM","0000-00","0","no battery","V"
"10/20/2017","11:46:54","5","default","957498349","OXY5","37.268","min","158.652","μmol/L","Humid","20.934","deg","92123","µV","35.932","°C","1018.000","hPa","37.0","pmil","0","55.500","deg","20.000","°C","100.000","%a.s.","22.500","deg","20.000","°C","1013.000","hPa","0.861","-0.02056","0.00035","-0.00011","0","14.7","Humid","26.25","0","52.00","346648.08","SABD0000000001","AAV1.0.0.11","2.0.0.28","PSt7-10","000000-000","10/20/2017 9:36:39 AM","0000-00","0","no battery","V"
"10/20/2017","11:46:55","5","default","957498349","OXY5","37.284","min","158.596","μmol/L","Humid","20.937","deg","92123","µV","35.934","°C","1018.000","hPa","37.0","pmil","0","55.500","deg","20.000","°C","100.000","%a.s.","22.500","deg","20.000","°C","1013.000","hPa","0.861","-0.02056","0.00035","-0.00011","0","14.7","Humid","26.25","0","52.00","346647.49","SABD0000000001","AAV1.0.0.11","2.0.0.28","PSt7-10","000000-000","10/20/2017 9:36:39 AM","0000-00","0","no battery","V"
"10/20/2017","11:46:56","5","default","957498349","OXY5","37.301","min","158.620","μmol/L","Humid","20.936","deg","92124","µV","35.933","°C","1018.000","hPa","37.0","pmil","0","55.500","deg","20.000","°C","100.000","%a.s.","22.500","deg","20.000","°C","1013.000","hPa","0.861","-0.02056","0.00035","-0.00011","0","14.7","Humid","26.25","0","52.00","346646.06","SABD0000000001","AAV1.0.0.11","2.0.0.28","PSt7-10","000000-000","10/20/2017 9:36:39 AM","0000-00","0","no battery","V"
"10/20/2017","11:46:57","5","default","957498349","OXY5","37.318","min","158.629","μmol/L","Humid","20.936","deg","92111","µV","35.931","°C","1018.000","hPa","37.0","pmil","0","55.500","deg","20.000","°C","100.000","%a.s.","22.500","deg","20.000","°C","1013.000","hPa","0.861","-0.02056","0.00035","-0.00011","0","14.7","Humid","26.25","0","52.00","346648.02","SABD0000000001","AAV1.0.0.11","2.0.0.28","PSt7-10","000000-000","10/20/2017 9:36:39 AM","0000-00","0","no battery","V"
"10/20/2017","11:46:58","5","default","957498349","OXY5","37.334","min","158.636","μmol/L","Humid","20.935","deg","92118","µV","35.932","°C","1018.000","hPa","37.0","pmil","0","55.500","deg","20.000","°C","100.000","%a.s.","22.500","deg","20.000","°C","1013.000","hPa","0.861","-0.02056","0.00035","-0.00011","0","14.7","Humid","26.25","0","52.00","346654.80","SABD0000000001","AAV1.0.0.11","2.0.0.28","PSt7-10","000000-000","10/20/2017 9:36:39 AM","0000-00","0","no battery","V"
"10/20/2017","11:46:59","5","default","957498349","OXY5","37.351","min","158.626","μmol/L","Humid","20.936","deg","92101","µV","35.932","°C","1018.000","hPa","37.0","pmil","0","55.500","deg","20.000","°C","100.000","%a.s.","22.500","deg","20.000","°C","1013.000","hPa","0.861","-0.02056","0.00035","-0.00011","0","14.7","Humid","26.25","0","52.00","346638.12","SABD0000000001","AAV1.0.0.11","2.0.0.28","PSt7-10","000000-000","10/20/2017 9:36:39 AM","0000-00","0","no battery","V"
"10/20/2017","11:47:00","5","default","957498349","OXY5","37.368","min","158.703","μmol/L","Humid","20.934","deg","92118","µV","35.924","°C","1018.000","hPa","37.0","pmil","0","55.500","deg","20.000","°C","100.000","%a.s.","22.500","deg","20.000","°C","1013.000","hPa","0.861","-0.02056","0.00035","-0.00011","0","14.7","Humid","26.25","0","52.00","346639.03","SABD0000000001","AAV1.0.0.11","2.0.0.28","PSt7-10","000000-000","10/20/2017 9:36:39 AM","0000-00","0","no battery","V"
"10/20/2017","11:47:01","5","default","957498349","OXY5","37.384","min","158.637","μmol/L","Humid","20.934","deg","92111","µV","35.935","°C","1018.000","hPa","37.0","pmil","0","55.500","deg","20.000","°C","100.000","%a.s.","22.500","deg","20.000","°C","1013.000","hPa","0.861","-0.02056","0.00035","-0.00011","0","14.7","Humid","26.25","0","52.00","346641.96","SABD0000000001","AAV1.0.0.11","2.0.0.28","PSt7-10","000000-000","10/20/2017 9:36:39 AM","0000-00","0","no battery","V"
"10/20/2017","11:47:02","5","default","957498349","OXY5","37.401","min","158.616","μmol/L","Humid","20.936","deg","92108","µV","35.933","°C","1018.000","hPa","37.0","pmil","0","55.500","deg","20.000","°C","100.000","%a.s.","22.500","deg","20.000","°C","1013.000","hPa","0.861","-0.02056","0.00035","-0.00011","0","14.7","Humid","26.25","0","52.00","346633.20","SABD0000000001","AAV1.0.0.11","2.0.0.28","PSt7-10","000000-000","10/20/2017 9:36:39 AM","0000-00","0","no battery","V"
"10/20/2017","11:47:03","5","default","957498349","OXY5","37.418","min","158.546","μmol/L","Humid","20.936","deg","92101","µV","35.945","°C","1018.000","hPa","37.0","pmil","0","55.500","deg","20.000","°C","100.000","%a.s.","22.500","deg","20.000","°C","1013.000","hPa","0.861","-0.02056","0.00035","-0.00011","0","14.7","Humid","26.25","0","52.00","346636.05","SABD0000000001","AAV1.0.0.11","2.0.0.28","PSt7-10","000000-000","10/20/2017 9:36:39 AM","0000-00","0","no battery","V"
"10/20/2017","11:47:04","5","default","957498349","OXY5","37.434","min","158.675","μmol/L","Humid","20.935","deg","92104","µV","35.926","°C","1018.000","hPa","37.0","pmil","0","55.500","deg","20.000","°C","100.000","%a.s.","22.500","deg","20.000","°C","1013.000","hPa","0.861","-0.02056","0.00035","-0.00011","0","14.7","Humid","26.25","0","52.00","346655.96","SABD0000000001","AAV1.0.0.11","2.0.0.28","PSt7-10","000000-000","10/20/2017 9:36:39 AM","0000-00","0","no battery","V"
"10/20/2017","11:47:05","5","default","957498349","OXY5","37.451","min","158.651","μmol/L","Humid","20.936","deg","92096","µV","35.928","°C","1018.000","hPa","37.0","pmil","0","55.500","deg","20.000","°C","100.000","%a.s.","22.500","deg","20.000","°C","1013.000","hPa","0.861","-0.02056","0.00035","-0.00011","0","14.7","Humid","26.25","0","52.00","346640.32","SABD0000000001","AAV1.0.0.11","2.0.0.28","PSt7-10","000000-000","10/20/2017 9:36:39 AM","0000-00","0","no battery","V"
"10/20/2017","11:47:06","5","default","957498349","OXY5","37.468","min","158.624","μmol/L","Humid","20.936","deg","92090","µV","35.932","°C","1018.000","hPa","37.0","pmil","0","55.500","deg","20.000","°C","100.000","%a.s.","22.500","deg","20.000","°C","1013.000","hPa","0.861","-0.02056","0.00035","-0.00011","0","14.7","Humid","26.25","0","52.00","346631.03","SABD0000000001","AAV1.0.0.11","2.0.0.28","PSt7-10","000000-000","10/20/2017 9:36:39 AM","0000-00","0","no battery","V"
"10/20/2017","11:47:07","5","default","957498349","OXY5","37.484","min","158.669","μmol/L","Humid","20.932","deg","92092","µV","35.934","°C","1018.000","hPa","37.0","pmil","0","55.500","deg","20.000","°C","100.000","%a.s.","22.500","deg","20.000","°C","1013.000","hPa","0.861","-0.02056","0.00035","-0.00011","0","14.7","Humid","26.25","0","52.00","346638.52","SABD0000000001","AAV1.0.0.11","2.0.0.28","PSt7-10","000000-000","10/20/2017 9:36:39 AM","0000-00","0","no battery","V"
"10/20/2017","11:47:08","5","default","957498349","OXY5","37.501","min","158.601","μmol/L","Humid","20.936","deg","92096","µV","35.936","°C","1018.000","hPa","37.0","pmil","0","55.500","deg","20.000","°C","100.000","%a.s.","22.500","deg","20.000","°C","1013.000","hPa","0.861","-0.02056","0.00035","-0.00011","0","14.7","Humid","26.25","0","52.00","346636.29","SABD0000000001","AAV1.0.0.11","2.0.0.28","PSt7-10","000000-000","10/20/2017 9:36:39 AM","0000-00","0","no battery","V"
"10/20/2017","11:47:09","5","default","957498349","OXY5","37.518","min","158.593","μmol/L","Humid","20.937","deg","92095","µV","35.935","°C","1018.000","hPa","37.0","pmil","0","55.500","deg","20.000","°C","100.000","%a.s.","22.500","deg","20.000","°C","1013.000","hPa","0.861","-0.02056","0.00035","-0.00011","0","14.7","Humid","26.25","0","52.00","346634.47","SABD0000000001","AAV1.0.0.11","2.0.0.28","PSt7-10","000000-000","10/20/2017 9:36:39 AM","0000-00","0","no battery","V"
"10/20/2017","11:47:10","5","default","957498349","OXY5","37.534","min","158.628","μmol/L","Humid","20.934","deg","92084","µV","35.936","°C","1018.000","hPa","37.0","pmil","0","55.500","deg","20.000","°C","100.000","%a.s.","22.500","deg","20.000","°C","1013.000","hPa","0.861","-0.02056","0.00035","-0.00011","0","14.7","Humid","26.25","0","52.00","346622.71","SABD0000000001","AAV1.0.0.11","2.0.0.28","PSt7-10","000000-000","10/20/2017 9:36:39 AM","0000-00","0","no battery","V"
"10/20/2017","11:47:11","5","default","957498349","OXY5","37.551","min","158.791","μmol/L","Humid","20.933","deg","92087","µV","35.911","°C","1018.000","hPa","37.0","pmil","0","55.500","deg","20.000","°C","100.000","%a.s.","22.500","deg","20.000","°C","1013.000","hPa","0.861","-0.02056","0.00035","-0.00011","0","14.7","Humid","26.25","0","52.00","346622.88","SABD0000000001","AAV1.0.0.11","2.0.0.28","PSt7-10","000000-000","10/20/2017 9:36:39 AM","0000-00","0","no battery","V"
"10/20/2017","11:47:12","5","default","957498349","OXY5","37.568","min","158.606","μmol/L","Humid","20.932","deg","92075","µV","35.945","°C","1018.000","hPa","37.0","pmil","0","55.500","deg","20.000","°C","100.000","%a.s.","22.500","deg","20.000","°C","1013.000","hPa","0.861","-0.02056","0.00035","-0.00011","0","14.7","Humid","26.25","0","52.00","346622.25","SABD0000000001","AAV1.0.0.11","2.0.0.28","PSt7-10","000000-000","10/20/2017 9:36:39 AM","0000-00","0","no battery","V"
"10/20/2017","11:47:13","5","default","957498349","OXY5","37.584","min","158.615","μmol/L","Humid","20.934","deg","92072","µV","35.938","°C","1018.000","hPa","37.0","pmil","0","55.500","deg","20.000","°C","100.000","%a.s.","22.500","deg","20.000","°C","1013.000","hPa","0.861","-0.02056","0.00035","-0.00011","0","14.7","Humid","26.25","0","52.00","346613.66","SABD0000000001","AAV1.0.0.11","2.0.0.28","PSt7-10","000000-000","10/20/2017 9:36:39 AM","0000-00","0","no battery","V"
"10/20/2017","11:47:14","5","default","957498349","OXY5","37.601","min","158.564","μmol/L","Humid","20.933","deg","92078","µV","35.949","°C","1018.000","hPa","37.0","pmil","0","55.500","deg","20.000","°C","100.000","%a.s.","22.500","deg","20.000","°C","1013.000","hPa","0.861","-0.02056","0.00035","-0.00011","0","14.7","Humid","26.25","0","52.00","346617.91","SABD0000000001","AAV1.0.0.11","2.0.0.28","PSt7-10","000000-000","10/20/2017 9:36:39 AM","0000-00","0","no battery","V"
"10/20/2017","11:47:15","5","default","957498349","OXY5","37.618","min","158.668","μmol/L","Humid","20.936","deg","92077","µV","35.925","°C","1018.000","hPa","37.0","pmil","0","55.500","deg","20.000","°C","100.000","%a.s.","22.500","deg","20.000","°C","1013.000","hPa","0.861","-0.02056","0.00035","-0.00011","0","14.7","Humid","26.25","0","52.00","346618.63","SABD0000000001","AAV1.0.0.11","2.0.0.28","PSt7-10","000000-000","10/20/2017 9:36:39 AM","0000-00","0","no battery","V"
"10/20/2017","11:47:16","5","default","957498349","OXY5","37.634","min","158.581","μmol/L","Humid","20.933","deg","92069","µV","35.946","°C","1018.000","hPa","37.0","pmil","0","55.500","deg","20.000","°C","100.000","%a.s.","22.500","deg","20.000","°C","1013.000","hPa","0.861","-0.02056","0.00035","-0.00011","0","14.7","Humid","26.25","0","52.00","346620.48","SABD0000000001","AAV1.0.0.11","2.0.0.28","PSt7-10","000000-000","10/20/2017 9:36:39 AM","0000-00","0","no battery","V"
"10/20/2017","11:47:17","5","default","957498349","OXY5","37.651","min","158.635","μmol/L","Humid","20.932","deg","92065","µV","35.940","°C","1018.000","hPa","37.0","pmil","0","55.500","deg","20.000","°C","100.000","%a.s.","22.500","deg","20.000","°C","1013.000","hPa","0.861","-0.02056","0.00035","-0.00011","0","14.7","Humid","26.25","0","52.00","346614.35","SABD0000000001","AAV1.0.0.11","2.0.0.28","PSt7-10","000000-000","10/20/2017 9:36:39 AM","0000-00","0","no battery","V"
"10/20/2017","11:47:18","5","default","957498349","OXY5","37.668","min","158.638","μmol/L","Humid","20.937","deg","92074","µV","35.927","°C","1018.000","hPa","37.0","pmil","0","55.500","deg","20.000","°C","100.000","%a.s.","22.500","deg","20.000","°C","1013.000","hPa","0.861","-0.02056","0.00035","-0.00011","0","14.7","Humid","26.25","0","52.00","346603.92","SABD0000000001","AAV1.0.0.11","2.0.0.28","PSt7-10","000000-000","10/20/2017 9:36:39 AM","0000-00","0","no battery","V"
"10/20/2017","11:47:19","5","default","957498349","OXY5","37.685","min","158.738","μmol/L","Humid","20.932","deg","92061","µV","35.923","°C","1018.000","hPa","37.0","pmil","0","55.500","deg","20.000","°C","100.000","%a.s.","22.500","deg","20.000","°C","1013.000","hPa","0.861","-0.02056","0.00035","-0.00011","0","14.7","Humid","26.25","0","52.00","346625.61","SABD0000000001","AAV1.0.0.11","2.0.0.28","PSt7-10","000000-000","10/20/2017 9:36:39 AM","0000-00","0","no battery","V"
"10/20/2017","11:47:20","5","default","957498349","OXY5","37.701","min","158.661","μmol/L","Humid","20.935","deg","92059","µV","35.928","°C","1018.000","hPa","37.0","pmil","0","55.500","deg","20.000","°C","100.000","%a.s.","22.500","deg","20.000","°C","1013.000","hPa","0.861","-0.02056","0.00035","-0.00011","0","14.7","Humid","26.25","0","52.00","346618.60","SABD0000000001","AAV1.0.0.11","2.0.0.28","PSt7-10","000000-000","10/20/2017 9:36:39 AM","0000-00","0","no battery","V"
"10/20/2017","11:47:21","5","default","957498349","OXY5","37.718","min","158.689","μmol/L","Humid","20.934","deg","92061","µV","35.926","°C","1018.000","hPa","37.0","pmil","0","55.500","deg","20.000","°C","100.000","%a.s.","22.500","deg","20.000","°C","1013.000","hPa","0.861","-0.02056","0.00035","-0.00011","0","14.7","Humid","26.25","0","52.00","346600.73","SABD0000000001","AAV1.0.0.11","2.0.0.28","PSt7-10","000000-000","10/20/2017 9:36:39 AM","0000-00","0","no battery","V"
"10/20/2017","11:47:22","5","default","957498349","OXY5","37.735","min","158.558","μmol/L","Humid","20.935","deg","92057","µV","35.945","°C","1018.000","hPa","37.0","pmil","0","55.500","deg","20.000","°C","100.000","%a.s.","22.500","deg","20.000","°C","1013.000","hPa","0.861","-0.02056","0.00035","-0.00011","0","14.7","Humid","26.25","0","52.00","346608.07","SABD0000000001","AAV1.0.0.11","2.0.0.28","PSt7-10","000000-000","10/20/2017 9:36:39 AM","0000-00","0","no battery","V"
"10/20/2017","11:47:23","5","default","957498349","OXY5","37.751","min","158.656","μmol/L","Humid","20.935","deg","92053","µV","35.929","°C","1018.000","hPa","37.0","pmil","0","55.500","deg","20.000","°C","100.000","%a.s.","22.500","deg","20.000","°C","1013.000","hPa","0.861","-0.02056","0.00035","-0.00011","0","14.7","Humid","26.25","0","52.00","346601.98","SABD0000000001","AAV1.0.0.11","2.0.0.28","PSt7-10","000000-000","10/20/2017 9:36:39 AM","0000-00","0","no battery","V"
"10/20/2017","11:47:24","5","default","957498349","OXY5","37.768","min","158.621","μmol/L","Humid","20.931","deg","92054","µV","35.944","°C","1018.000","hPa","37.0","pmil","0","55.500","deg","20.000","°C","100.000","%a.s.","22.500","deg","20.000","°C","1013.000","hPa","0.861","-0.02056","0.00035","-0.00011","0","14.7","Humid","26.25","0","52.00","346613.62","SABD0000000001","AAV1.0.0.11","2.0.0.28","PSt7-10","000000-000","10/20/2017 9:36:39 AM","0000-00","0","no battery","V"
"10/20/2017","11:47:25","5","default","957498349","OXY5","37.785","min","158.636","μmol/L","Humid","20.934","deg","92046","µV","35.935","°C","1018.000","hPa","37.0","pmil","0","55.500","deg","20.000","°C","100.000","%a.s.","22.500","deg","20.000","°C","1013.000","hPa","0.861","-0.02056","0.00035","-0.00011","0","14.7","Humid","26.25","0","52.00","346609.36","SABD0000000001","AAV1.0.0.11","2.0.0.28","PSt7-10","000000-000","10/20/2017 9:36:39 AM","0000-00","0","no battery","V"
"10/20/2017","11:47:26","5","default","957498349","OXY5","37.801","min","158.681","μmol/L","Humid","20.934","deg","92048","µV","35.927","°C","1018.000","hPa","37.0","pmil","0","55.500","deg","20.000","°C","100.000","%a.s.","22.500","deg","20.000","°C","1013.000","hPa","0.861","-0.02056","0.00035","-0.00011","0","14.7","Humid","26.25","0","52.00","346606.88","SABD0000000001","AAV1.0.0.11","2.0.0.28","PSt7-10","000000-000","10/20/2017 9:36:39 AM","0000-00","0","no battery","V"
"10/20/2017","11:47:27","5","default","957498349","OXY5","37.818","min","158.665","μmol/L","Humid","20.933","deg","92045","µV","35.932","°C","1018.000","hPa","37.0","pmil","0","55.500","deg","20.000","°C","100.000","%a.s.","22.500","deg","20.000","°C","1013.000","hPa","0.861","-0.02056","0.00035","-0.00011","0","14.7","Humid","26.25","0","52.00","346602.69","SABD0000000001","AAV1.0.0.11","2.0.0.28","PSt7-10","000000-000","10/20/2017 9:36:39 AM","0000-00","0","no battery","V"
"10/20/2017","11:47:28","5","default","957498349","OXY5","37.835","min","158.664","μmol/L","Humid","20.935","deg","92039","µV","35.928","°C","1018.000","hPa","37.0","pmil","0","55.500","deg","20.000","°C","100.000","%a.s.","22.500","deg","20.000","°C","1013.000","hPa","0.861","-0.02056","0.00035","-0.00011","0","14.7","Humid","26.25","0","52.00","346623.21","SABD0000000001","AAV1.0.0.11","2.0.0.28","PSt7-10","000000-000","10/20/2017 9:36:39 AM","0000-00","0","no battery","V"
"10/20/2017","11:47:29","5","default","957498349","OXY5","37.851","min","158.679","μmol/L","Humid","20.934","deg","92035","µV","35.928","°C","1018.000","hPa","37.0","pmil","0","55.500","deg","20.000","°C","100.000","%a.s.","22.500","deg","20.000","°C","1013.000","hPa","0.861","-0.02056","0.00035","-0.00011","0","14.7","Humid","26.25","0","52.00","346601.54","SABD0000000001","AAV1.0.0.11","2.0.0.28","PSt7-10","000000-000","10/20/2017 9:36:39 AM","0000-00","0","no battery","V"
"10/20/2017","11:47:30","5","default","957498349","OXY5","37.868","min","158.605","μmol/L","Humid","20.934","deg","92040","µV","35.940","°C","1018.000","hPa","37.0","pmil","0","55.500","deg","20.000","°C","100.000","%a.s.","22.500","deg","20.000","°C","1013.000","hPa","0.861","-0.02056","0.00035","-0.00011","0","14.7","Humid","26.25","0","52.00","346617.61","SABD0000000001","AAV1.0.0.11","2.0.0.28","PSt7-10","000000-000","10/20/2017 9:36:39 AM","0000-00","0","no battery","V"
"10/20/2017","11:47:31","5","default","957498349","OXY5","37.885","min","158.644","μmol/L","Humid","20.932","deg","92031","µV","35.938","°C","1018.000","hPa","37.0","pmil","0","55.500","deg","20.000","°C","100.000","%a.s.","22.500","deg","20.000","°C","1013.000","hPa","0.861","-0.02056","0.00035","-0.00011","0","14.7","Humid","26.25","0","52.00","346615.29","SABD0000000001","AAV1.0.0.11","2.0.0.28","PSt7-10","000000-000","10/20/2017 9:36:39 AM","0000-00","0","no battery","V"
"10/20/2017","11:47:32","5","default","957498349","OXY5","37.901","min","158.687","μmol/L","Humid","20.932","deg","92032","µV","35.931","°C","1018.000","hPa","37.0","pmil","0","55.500","deg","20.000","°C","100.000","%a.s.","22.500","deg","20.000","°C","1013.000","hPa","0.861","-0.02056","0.00035","-0.00011","0","14.7","Humid","26.25","0","52.00","346605.23","SABD0000000001","AAV1.0.0.11","2.0.0.28","PSt7-10","000000-000","10/20/2017 9:36:39 AM","0000-00","0","no battery","V"
"10/20/2017","11:47:33","5","default","957498349","OXY5","37.918","min","158.661","μmol/L","Humid","20.935","deg","92023","µV","35.928","°C","1018.000","hPa","37.0","pmil","0","55.500","deg","20.000","°C","100.000","%a.s.","22.500","deg","20.000","°C","1013.000","hPa","0.861","-0.02056","0.00035","-0.00011","0","14.7","Humid","26.25","0","52.00","346595.27","SABD0000000001","AAV1.0.0.11","2.0.0.28","PSt7-10","000000-000","10/20/2017 9:36:39 AM","0000-00","0","no battery","V"
"10/20/2017","11:47:34","5","default","957498349","OXY5","37.935","min","158.686","μmol/L","Humid","20.929","deg","92028","µV","35.938","°C","1018.000","hPa","37.0","pmil","0","55.500","deg","20.000","°C","100.000","%a.s.","22.500","deg","20.000","°C","1013.000","hPa","0.861","-0.02056","0.00035","-0.00011","0","14.7","Humid","26.25","0","52.00","346602.58","SABD0000000001","AAV1.0.0.11","2.0.0.28","PSt7-10","000000-000","10/20/2017 9:36:39 AM","0000-00","0","no battery","V"
"10/20/2017","11:47:35","5","default","957498349","OXY5","37.951","min","158.641","μmol/L","Humid","20.932","deg","92026","µV","35.939","°C","1018.000","hPa","37.0","pmil","0","55.500","deg","20.000","°C","100.000","%a.s.","22.500","deg","20.000","°C","1013.000","hPa","0.861","-0.02056","0.00035","-0.00011","0","14.7","Humid","26.25","0","52.00","346593.50","SABD0000000001","AAV1.0.0.11","2.0.0.28","PSt7-10","000000-000","10/20/2017 9:36:39 AM","0000-00","0","no battery","V"
"10/20/2017","11:47:36","5","default","957498349","OXY5","37.968","min","158.640","μmol/L","Humid","20.935","deg","92014","µV","35.932","°C","1018.000","hPa","37.0","pmil","0","55.500","deg","20.000","°C","100.000","%a.s.","22.500","deg","20.000","°C","1013.000","hPa","0.861","-0.02056","0.00035","-0.00011","0","14.7","Humid","26.25","0","52.00","346587.74","SABD0000000001","AAV1.0.0.11","2.0.0.28","PSt7-10","000000-000","10/20/2017 9:36:39 AM","0000-00","0","no battery","V"
"10/20/2017","11:47:37","5","default","957498349","OXY5","37.985","min","158.562","μmol/L","Humid","20.932","deg","91690","µV","35.952","°C","1018.000","hPa","37.0","pmil","0","55.500","deg","20.000","°C","100.000","%a.s.","22.500","deg","20.000","°C","1013.000","hPa","0.861","-0.02056","0.00035","-0.00011","0","14.7","Humid","26.25","0","52.00","346621.59","SABD0000000001","AAV1.0.0.11","2.0.0.28","PSt7-10","000000-000","10/20/2017 9:36:39 AM","0000-00","0","no battery","V"
"10/20/2017","11:47:38","5","default","957498349","OXY5","38.002","min","158.697","μmol/L","Humid","20.933","deg","91303","µV","35.927","°C","1018.000","hPa","37.0","pmil","0","55.500","deg","20.000","°C","100.000","%a.s.","22.500","deg","20.000","°C","1013.000","hPa","0.861","-0.02056","0.00035","-0.00011","0","14.7","Humid","26.25","0","52.00","346592.10","SABD0000000001","AAV1.0.0.11","2.0.0.28","PSt7-10","000000-000","10/20/2017 9:36:39 AM","0000-00","0","no battery","V"
"10/20/2017","11:47:39","5","default","957498349","OXY5","38.018","min","158.688","μmol/L","Humid","20.932","deg","91527","µV","35.931","°C","1018.000","hPa","37.0","pmil","0","55.500","deg","20.000","°C","100.000","%a.s.","22.500","deg","20.000","°C","1013.000","hPa","0.861","-0.02056","0.00035","-0.00011","0","14.7","Humid","26.25","0","52.00","346596.62","SABD0000000001","AAV1.0.0.11","2.0.0.28","PSt7-10","000000-000","10/20/2017 9:36:39 AM","0000-00","0","no battery","V"
"10/20/2017","11:47:40","5","default","957498349","OXY5","38.035","min","158.701","μmol/L","Humid","20.932","deg","91133","µV","35.929","°C","1018.000","hPa","37.0","pmil","0","55.500","deg","20.000","°C","100.000","%a.s.","22.500","deg","20.000","°C","1013.000","hPa","0.861","-0.02056","0.00035","-0.00011","0","14.7","Humid","26.25","0","52.00","346603.61","SABD0000000001","AAV1.0.0.11","2.0.0.28","PSt7-10","000000-000","10/20/2017 9:36:39 AM","0000-00","0","no battery","V"
"10/20/2017","11:47:41","5","default","957498349","OXY5","38.052","min","158.672","μmol/L","Humid","20.929","deg","91915","µV","35.941","°C","1018.000","hPa","37.0","pmil","0","55.500","deg","20.000","°C","100.000","%a.s.","22.500","deg","20.000","°C","1013.000","hPa","0.861","-0.02056","0.00035","-0.00011","0","14.7","Humid","26.25","0","52.00","346586.99","SABD0000000001","AAV1.0.0.11","2.0.0.28","PSt7-10","000000-000","10/20/2017 9:36:39 AM","0000-00","0","no battery","V"
"10/20/2017","11:47:42","5","default","957498349","OXY5","38.068","min","158.652","μmol/L","Humid","20.930","deg","91917","µV","35.942","°C","1018.000","hPa","37.0","pmil","0","55.500","deg","20.000","°C","100.000","%a.s.","22.500","deg","20.000","°C","1013.000","hPa","0.861","-0.02056","0.00035","-0.00011","0","14.7","Humid","26.25","0","52.00","346586.52","SABD0000000001","AAV1.0.0.11","2.0.0.28","PSt7-10","000000-000","10/20/2017 9:36:39 AM","0000-00","0","no battery","V"
"10/20/2017","11:47:43","5","default","957498349","OXY5","38.085","min","158.628","μmol/L","Humid","20.935","deg","91919","µV","35.934","°C","1018.000","hPa","37.0","pmil","0","55.500","deg","20.000","°C","100.000","%a.s.","22.500","deg","20.000","°C","1013.000","hPa","0.861","-0.02056","0.00035","-0.00011","0","14.7","Humid","26.25","0","52.00","346594.42","SABD0000000001","AAV1.0.0.11","2.0.0.28","PSt7-10","000000-000","10/20/2017 9:36:39 AM","0000-00","0","no battery","V"
"10/20/2017","11:47:44","5","default","957498349","OXY5","38.102","min","158.609","μmol/L","Humid","20.933","deg","91925","µV","35.942","°C","1018.000","hPa","37.0","pmil","0","55.500","deg","20.000","°C","100.000","%a.s.","22.500","deg","20.000","°C","1013.000","hPa","0.861","-0.02056","0.00035","-0.00011","0","14.7","Humid","26.25","0","52.00","346600.98","SABD0000000001","AAV1.0.0.11","2.0.0.28","PSt7-10","000000-000","10/20/2017 9:36:39 AM","0000-00","0","no battery","V"
"10/20/2017","11:47:45","5","default","957498349","OXY5","38.118","min","158.577","μmol/L","Humid","20.935","deg","91924","µV","35.942","°C","1018.000","hPa","37.0","pmil","0","55.500","deg","20.000","°C","100.000","%a.s.","22.500","deg","20.000","°C","1013.000","hPa","0.861","-0.02056","0.00035","-0.00011","0","14.7","Humid","26.25","0","52.00","346576.37","SABD0000000001","AAV1.0.0.11","2.0.0.28","PSt7-10","000000-000","10/20/2017 9:36:39 AM","0000-00","0","no battery","V"
"10/20/2017","11:47:46","5","default","957498349","OXY5","38.135","min","158.617","μmol/L","Humid","20.933","deg","91916","µV","35.940","°C","1018.000","hPa","37.0","pmil","0","55.500","deg","20.000","°C","100.000","%a.s.","22.500","deg","20.000","°C","1013.000","hPa","0.861","-0.02056","0.00035","-0.00011","0","14.7","Humid","26.25","0","52.00","346578.51","SABD0000000001","AAV1.0.0.11","2.0.0.28","PSt7-10","000000-000","10/20/2017 9:36:39 AM","0000-00","0","no battery","V"
"10/20/2017","11:47:47","5","default","957498349","OXY5","38.152","min","158.683","μmol/L","Humid","20.931","deg","91916","µV","35.934","°C","1018.000","hPa","37.0","pmil","0","55.500","deg","20.000","°C","100.000","%a.s.","22.500","deg","20.000","°C","1013.000","hPa","0.861","-0.02056","0.00035","-0.00011","0","14.7","Humid","26.25","0","52.00","346571.41","SABD0000000001","AAV1.0.0.11","2.0.0.28","PSt7-10","000000-000","10/20/2017 9:36:39 AM","0000-00","0","no battery","V"
"10/20/2017","11:47:48","5","default","957498349","OXY5","38.168","min","158.585","μmol/L","Humid","20.938","deg","91905","µV","35.934","°C","1018.000","hPa","37.0","pmil","0","55.500","deg","20.000","°C","100.000","%a.s.","22.500","deg","20.000","°C","1013.000","hPa","0.861","-0.02056","0.00035","-0.00011","0","14.7","Humid","26.25","0","52.00","346575.63","SABD0000000001","AAV1.0.0.11","2.0.0.28","PSt7-10","000000-000","10/20/2017 9:36:39 AM","0000-00","0","no battery","V"
"10/20/2017","11:47:49","5","default","957498349","OXY5","38.185","min","158.630","μmol/L","Humid","20.939","deg","91903","µV","35.924","°C","1018.000","hPa","37.0","pmil","0","55.500","deg","20.000","°C","100.000","%a.s.","22.500","deg","20.000","°C","1013.000","hPa","0.861","-0.02056","0.00035","-0.00011","0","14.7","Humid","26.25","0","52.00","346578.76","SABD0000000001","AAV1.0.0.11","2.0.0.28","PSt7-10","000000-000","10/20/2017 9:36:39 AM","0000-00","0","no battery","V"
"10/20/2017","11:47:50","5","default","957498349","OXY5","38.202","min","158.483","μmol/L","Humid","20.936","deg","91907","µV","35.956","°C","1018.000","hPa","37.0","pmil","0","55.500","deg","20.000","°C","100.000","%a.s.","22.500","deg","20.000","°C","1013.000","hPa","0.861","-0.02056","0.00035","-0.00011","0","14.7","Humid","26.25","0","52.00","346576.24","SABD0000000001","AAV1.0.0.11","2.0.0.28","PSt7-10","000000-000","10/20/2017 9:36:39 AM","0000-00","0","no battery","V"
"10/20/2017","11:47:51","5","default","957498349","OXY5","38.218","min","158.594","μmol/L","Humid","20.933","deg","91908","µV","35.944","°C","1018.000","hPa","37.0","pmil","0","55.500","deg","20.000","°C","100.000","%a.s.","22.500","deg","20.000","°C","1013.000","hPa","0.861","-0.02056","0.00035","-0.00011","0","14.7","Humid","26.25","0","52.00","346583.98","SABD0000000001","AAV1.0.0.11","2.0.0.28","PSt7-10","000000-000","10/20/2017 9:36:39 AM","0000-00","0","no battery","V"
"10/20/2017","11:47:52","5","default","957498349","OXY5","38.235","min","158.590","μmol/L","Humid","20.933","deg","91909","µV","35.945","°C","1018.000","hPa","37.0","pmil","0","55.500","deg","20.000","°C","100.000","%a.s.","22.500","deg","20.000","°C","1013.000","hPa","0.861","-0.02056","0.00035","-0.00011","0","14.7","Humid","26.25","0","52.00","346579.93","SABD0000000001","AAV1.0.0.11","2.0.0.28","PSt7-10","000000-000","10/20/2017 9:36:39 AM","0000-00","0","no battery","V"
"10/20/2017","11:47:53","5","default","957498349","OXY5","38.252","min","158.653","μmol/L","Humid","20.931","deg","91900","µV","35.939","°C","1018.000","hPa","37.0","pmil","0","55.500","deg","20.000","°C","100.000","%a.s.","22.500","deg","20.000","°C","1013.000","hPa","0.861","-0.02056","0.00035","-0.00011","0","14.7","Humid","26.25","0","52.00","346572.47","SABD0000000001","AAV1.0.0.11","2.0.0.28","PSt7-10","000000-000","10/20/2017 9:36:39 AM","0000-00","0","no battery","V"
"10/20/2017","11:47:54","5","default","957498349","OXY5","38.268","min","158.646","μmol/L","Humid","20.931","deg","91900","µV","35.940","°C","1018.000","hPa","37.0","pmil","0","55.500","deg","20.000","°C","100.000","%a.s.","22.500","deg","20.000","°C","1013.000","hPa","0.861","-0.02056","0.00035","-0.00011","0","14.7","Humid","26.25","0","52.00","346573.81","SABD0000000001","AAV1.0.0.11","2.0.0.28","PSt7-10","000000-000","10/20/2017 9:36:39 AM","0000-00","0","no battery","V"
"10/20/2017","11:47:55","5","default","957498349","OXY5","38.285","min","158.611","μmol/L","Humid","20.936","deg","91890","µV","35.934","°C","1018.000","hPa","37.0","pmil","0","55.500","deg","20.000","°C","100.000","%a.s.","22.500","deg","20.000","°C","1013.000","hPa","0.861","-0.02056","0.00035","-0.00011","0","14.7","Humid","26.25","0","52.00","346571.73","SABD0000000001","AAV1.0.0.11","2.0.0.28","PSt7-10","000000-000","10/20/2017 9:36:39 AM","0000-00","0","no battery","V"
"10/20/2017","11:47:56","5","default","957498349","OXY5","38.302","min","158.623","μmol/L","Humid","20.934","deg","91900","µV","35.937","°C","1018.000","hPa","37.0","pmil","0","55.500","deg","20.000","°C","100.000","%a.s.","22.500","deg","20.000","°C","1013.000","hPa","0.861","-0.02056","0.00035","-0.00011","0","14.7","Humid","26.25","0","52.00","346570.31","SABD0000000001","AAV1.0.0.11","2.0.0.28","PSt7-10","000000-000","10/20/2017 9:36:39 AM","0000-00","0","no battery","V"
"10/20/2017","11:47:57","5","default","957498349","OXY5","38.318","min","158.575","μmol/L","Humid","20.936","deg","91896","µV","35.940","°C","1018.000","hPa","37.0","pmil","0","55.500","deg","20.000","°C","100.000","%a.s.","22.500","deg","20.000","°C","1013.000","hPa","0.861","-0.02056","0.00035","-0.00011","0","14.7","Humid","26.25","0","52.00","346573.14","SABD0000000001","AAV1.0.0.11","2.0.0.28","PSt7-10","000000-000","10/20/2017 9:36:39 AM","0000-00","0","no battery","V"
"10/20/2017","11:47:58","5","default","957498349","OXY5","38.335","min","158.506","μmol/L","Humid","20.935","deg","91887","µV","35.954","°C","1018.000","hPa","37.0","pmil","0","55.500","deg","20.000","°C","100.000","%a.s.","22.500","deg","20.000","°C","1013.000","hPa","0.861","-0.02056","0.00035","-0.00011","0","14.7","Humid","26.25","0","52.00","346559.24","SABD0000000001","AAV1.0.0.11","2.0.0.28","PSt7-10","000000-000","10/20/2017 9:36:39 AM","0000-00","0","no battery","V"
"10/20/2017","11:47:59","5","default","957498349","OXY5","38.352","min","158.549","μmol/L","Humid","20.931","deg","91890","µV","35.957","°C","1018.000","hPa","37.0","pmil","0","55.500","deg","20.000","°C","100.000","%a.s.","22.500","deg","20.000","°C","1013.000","hPa","0.861","-0.02056","0.00035","-0.00011","0","14.7","Humid","26.25","0","52.00","346566.58","SABD0000000001","AAV1.0.0.11","2.0.0.28","PSt7-10","000000-000","10/20/2017 9:36:39 AM","0000-00","0","no battery","V"
"10/20/2017","11:48:00","5","default","957498349","OXY5","38.368","min","158.691","μmol/L","Humid","20.932","deg","91889","µV","35.931","°C","1018.000","hPa","37.0","pmil","0","55.500","deg","20.000","°C","100.000","%a.s.","22.500","deg","20.000","°C","1013.000","hPa","0.861","-0.02056","0.00035","-0.00011","0","14.7","Humid","26.25","0","52.00","346568.27","SABD0000000001","AAV1.0.0.11","2.0.0.28","PSt7-10","000000-000","10/20/2017 9:36:39 AM","0000-00","0","no battery","V"
"10/20/2017","11:48:01","5","default","957498349","OXY5","38.385","min","158.622","μmol/L","Humid","20.931","deg","91885","µV","35.944","°C","1018.000","hPa","37.0","pmil","0","55.500","deg","20.000","°C","100.000","%a.s.","22.500","deg","20.000","°C","1013.000","hPa","0.861","-0.02056","0.00035","-0.00011","0","14.7","Humid","26.25","0","52.00","346572.02","SABD0000000001","AAV1.0.0.11","2.0.0.28","PSt7-10","000000-000","10/20/2017 9:36:39 AM","0000-00","0","no battery","V"
"10/20/2017","11:48:02","5","default","957498349","OXY5","38.402","min","158.719","μmol/L","Humid","20.933","deg","91874","µV","35.923","°C","1018.000","hPa","37.0","pmil","0","55.500","deg","20.000","°C","100.000","%a.s.","22.500","deg","20.000","°C","1013.000","hPa","0.861","-0.02056","0.00035","-0.00011","0","14.7","Humid","26.25","0","52.00","346567.16","SABD0000000001","AAV1.0.0.11","2.0.0.28","PSt7-10","000000-000","10/20/2017 9:36:39 AM","0000-00","0","no battery","V"
"10/20/2017","11:48:03","5","default","957498349","OXY5","38.418","min","158.571","μmol/L","Humid","20.935","deg","91872","µV","35.943","°C","1018.000","hPa","37.0","pmil","0","55.500","deg","20.000","°C","100.000","%a.s.","22.500","deg","20.000","°C","1013.000","hPa","0.861","-0.02056","0.00035","-0.00011","0","14.7","Humid","26.25","0","52.00","346558.82","SABD0000000001","AAV1.0.0.11","2.0.0.28","PSt7-10","000000-000","10/20/2017 9:36:39 AM","0000-00","0","no battery","V"
"10/20/2017","11:48:04","5","default","957498349","OXY5","38.435","min","158.619","μmol/L","Humid","20.931","deg","91877","µV","35.945","°C","1018.000","hPa","37.0","pmil","0","55.500","deg","20.000","°C","100.000","%a.s.","22.500","deg","20.000","°C","1013.000","hPa","0.861","-0.02056","0.00035","-0.00011","0","14.7","Humid","26.25","0","52.00","346570.64","SABD0000000001","AAV1.0.0.11","2.0.0.28","PSt7-10","000000-000","10/20/2017 9:36:39 AM","0000-00","0","no battery","V"
"10/20/2017","11:48:05","5","default","957498349","OXY5","38.452","min","158.568","μmol/L","Humid","20.935","deg","91874","µV","35.944","°C","1018.000","hPa","37.0","pmil","0","55.500","deg","20.000","°C","100.000","%a.s.","22.500","deg","20.000","°C","1013.000","hPa","0.861","-0.02056","0.00035","-0.00011","0","14.7","Humid","26.25","0","52.00","346561.74","SABD0000000001","AAV1.0.0.11","2.0.0.28","PSt7-10","000000-000","10/20/2017 9:36:39 AM","0000-00","0","no battery","V"
"10/20/2017","11:48:06","5","default","957498349","OXY5","38.468","min","158.776","μmol/L","Humid","20.932","deg","91874","µV","35.916","°C","1018.000","hPa","37.0","pmil","0","55.500","deg","20.000","°C","100.000","%a.s.","22.500","deg","20.000","°C","1013.000","hPa","0.861","-0.02056","0.00035","-0.00011","0","14.7","Humid","26.25","0","52.00","346559.72","SABD0000000001","AAV1.0.0.11","2.0.0.28","PSt7-10","000000-000","10/20/2017 9:36:39 AM","0000-00","0","no battery","V"
"10/20/2017","11:48:07","5","default","957498349","OXY5","38.485","min","158.748","μmol/L","Humid","20.931","deg","91864","µV","35.923","°C","1018.000","hPa","37.0","pmil","0","55.500","deg","20.000","°C","100.000","%a.s.","22.500","deg","20.000","°C","1013.000","hPa","0.861","-0.02056","0.00035","-0.00011","0","14.7","Humid","26.25","0","52.00","346567.53","SABD0000000001","AAV1.0.0.11","2.0.0.28","PSt7-10","000000-000","10/20/2017 9:36:39 AM","0000-00","0","no battery","V"
"10/20/2017","11:48:08","5","default","957498349","OXY5","38.502","min","158.679","μmol/L","Humid","20.935","deg","91864","µV","35.925","°C","1018.000","hPa","37.0","pmil","0","55.500","deg","20.000","°C","100.000","%a.s.","22.500","deg","20.000","°C","1013.000","hPa","0.861","-0.02056","0.00035","-0.00011","0","14.7","Humid","26.25","0","52.00","346571.29","SABD0000000001","AAV1.0.0.11","2.0.0.28","PSt7-10","000000-000","10/20/2017 9:36:39 AM","0000-00","0","no battery","V"
"10/20/2017","11:48:09","5","default","957498349","OXY5","38.518","min","158.624","μmol/L","Humid","20.928","deg","91861","µV","35.951","°C","1018.000","hPa","37.0","pmil","0","55.500","deg","20.000","°C","100.000","%a.s.","22.500","deg","20.000","°C","1013.000","hPa","0.861","-0.02056","0.00035","-0.00011","0","14.7","Humid","26.25","0","52.00","346552.38","SABD0000000001","AAV1.0.0.11","2.0.0.28","PSt7-10","000000-000","10/20/2017 9:36:39 AM","0000-00","0","no battery","V"
"10/20/2017","11:48:10","5","default","957498349","OXY5","38.535","min","158.561","μmol/L","Humid","20.933","deg","91854","µV","35.950","°C","1018.000","hPa","37.0","pmil","0","55.500","deg","20.000","°C","100.000","%a.s.","22.500","deg","20.000","°C","1013.000","hPa","0.861","-0.02056","0.00035","-0.00011","0","14.7","Humid","26.25","0","52.00","346575.72","SABD0000000001","AAV1.0.0.11","2.0.0.28","PSt7-10","000000-000","10/20/2017 9:36:39 AM","0000-00","0","no battery","V"
"10/20/2017","11:48:11","5","default","957498349","OXY5","38.552","min","158.571","μmol/L","Humid","20.933","deg","91855","µV","35.948","°C","1018.000","hPa","37.0","pmil","0","55.500","deg","20.000","°C","100.000","%a.s.","22.500","deg","20.000","°C","1013.000","hPa","0.861","-0.02056","0.00035","-0.00011","0","14.7","Humid","26.25","0","52.00","346576.31","SABD0000000001","AAV1.0.0.11","2.0.0.28","PSt7-10","000000-000","10/20/2017 9:36:39 AM","0000-00","0","no battery","V"
"10/20/2017","11:48:12","5","default","957498349","OXY5","38.568","min","158.586","μmol/L","Humid","20.935","deg","91861","µV","35.941","°C","1018.000","hPa","37.0","pmil","0","55.500","deg","20.000","°C","100.000","%a.s.","22.500","deg","20.000","°C","1013.000","hPa","0.861","-0.02056","0.00035","-0.00011","0","14.7","Humid","26.25","0","52.00","346556.86","SABD0000000001","AAV1.0.0.11","2.0.0.28","PSt7-10","000000-000","10/20/2017 9:36:39 AM","0000-00","0","no battery","V"
"10/20/2017","11:48:13","5","default","957498349","OXY5","38.585","min","158.681","μmol/L","Humid","20.928","deg","91853","µV","35.942","°C","1018.000","hPa","37.0","pmil","0","55.500","deg","20.000","°C","100.000","%a.s.","22.500","deg","20.000","°C","1013.000","hPa","0.861","-0.02056","0.00035","-0.00011","0","14.7","Humid","26.25","0","52.00","346571.13","SABD0000000001","AAV1.0.0.11","2.0.0.28","PSt7-10","000000-000","10/20/2017 9:36:39 AM","0000-00","0","no battery","V"
"10/20/2017","11:48:14","5","default","957498349","OXY5","38.602","min","158.604","μmol/L","Humid","20.934","deg","91850","µV","35.940","°C","1018.000","hPa","37.0","pmil","0","55.500","deg","20.000","°C","100.000","%a.s.","22.500","deg","20.000","°C","1013.000","hPa","0.861","-0.02056","0.00035","-0.00011","0","14.7","Humid","26.25","0","52.00","346566.03","SABD0000000001","AAV1.0.0.11","2.0.0.28","PSt7-10","000000-000","10/20/2017 9:36:39 AM","0000-00","0","no battery","V"
"10/20/2017","11:48:15","5","default","957498349","OXY5","38.618","min","158.668","μmol/L","Humid","20.932","deg","91841","µV","35.934","°C","1018.000","hPa","37.0","pmil","0","55.500","deg","20.000","°C","100.000","%a.s.","22.500","deg","20.000","°C","1013.000","hPa","0.861","-0.02056","0.00035","-0.00011","0","14.7","Humid","26.25","0","52.00","346563.83","SABD0000000001","AAV1.0.0.11","2.0.0.28","PSt7-10","000000-000","10/20/2017 9:36:39 AM","0000-00","0","no battery","V"
"10/20/2017","11:48:16","5","default","957498349","OXY5","38.635","min","158.589","μmol/L","Humid","20.935","deg","91845","µV","35.940","°C","1018.000","hPa","37.0","pmil","0","55.500","deg","20.000","°C","100.000","%a.s.","22.500","deg","20.000","°C","1013.000","hPa","0.861","-0.02056","0.00035","-0.00011","0","14.7","Humid","26.25","0","52.00","346555.77","SABD0000000001","AAV1.0.0.11","2.0.0.28","PSt7-10","000000-000","10/20/2017 9:36:39 AM","0000-00","0","no battery","V"
"10/20/2017","11:48:17","5","default","957498349","OXY5","38.652","min","158.580","μmol/L","Humid","20.937","deg","91846","µV","35.937","°C","1018.000","hPa","37.0","pmil","0","55.500","deg","20.000","°C","100.000","%a.s.","22.500","deg","20.000","°C","1013.000","hPa","0.861","-0.02056","0.00035","-0.00011","0","14.7","Humid","26.25","0","52.00","346561.79","SABD0000000001","AAV1.0.0.11","2.0.0.28","PSt7-10","000000-000","10/20/2017 9:36:39 AM","0000-00","0","no battery","V"
"10/20/2017","11:48:18","5","default","957498349","OXY5","38.668","min","158.676","μmol/L","Humid","20.931","deg","91837","µV","35.935","°C","1018.000","hPa","37.0","pmil","0","55.500","deg","20.000","°C","100.000","%a.s.","22.500","deg","20.000","°C","1013.000","hPa","0.861","-0.02056","0.00035","-0.00011","0","14.7","Humid","26.25","0","52.00","346545.25","SABD0000000001","AAV1.0.0.11","2.0.0.28","PSt7-10","000000-000","10/20/2017 9:36:39 AM","0000-00","0","no battery","V"
"10/20/2017","11:48:19","5","default","957498349","OXY5","38.685","min","158.688","μmol/L","Humid","20.929","deg","91831","µV","35.938","°C","1018.000","hPa","37.0","pmil","0","55.500","deg","20.000","°C","100.000","%a.s.","22.500","deg","20.000","°C","1013.000","hPa","0.861","-0.02056","0.00035","-0.00011","0","14.7","Humid","26.25","0","52.00","346551.21","SABD0000000001","AAV1.0.0.11","2.0.0.28","PSt7-10","000000-000","10/20/2017 9:36:39 AM","0000-00","0","no battery","V"
"10/20/2017","11:48:20","5","default","957498349","OXY5","38.702","min","158.564","μmol/L","Humid","20.937","deg","91832","µV","35.940","°C","1018.000","hPa","37.0","pmil","0","55.500","deg","20.000","°C","100.000","%a.s.","22.500","deg","20.000","°C","1013.000","hPa","0.861","-0.02056","0.00035","-0.00011","0","14.7","Humid","26.25","0","52.00","346539.24","SABD0000000001","AAV1.0.0.11","2.0.0.28","PSt7-10","000000-000","10/20/2017 9:36:39 AM","0000-00","0","no battery","V"
"10/20/2017","11:48:21","5","default","957498349","OXY5","38.718","min","158.724","μmol/L","Humid","20.928","deg","91831","µV","35.934","°C","1018.000","hPa","37.0","pmil","0","55.500","deg","20.000","°C","100.000","%a.s.","22.500","deg","20.000","°C","1013.000","hPa","0.861","-0.02056","0.00035","-0.00011","0","14.7","Humid","26.25","0","52.00","346549.29","SABD0000000001","AAV1.0.0.11","2.0.0.28","PSt7-10","000000-000","10/20/2017 9:36:39 AM","0000-00","0","no battery","V"
"10/20/2017","11:48:22","5","default","957498349","OXY5","38.735","min","158.664","μmol/L","Humid","20.931","deg","91827","µV","35.937","°C","1018.000","hPa","37.0","pmil","0","55.500","deg","20.000","°C","100.000","%a.s.","22.500","deg","20.000","°C","1013.000","hPa","0.861","-0.02056","0.00035","-0.00011","0","14.7","Humid","26.25","0","52.00","346546.46","SABD0000000001","AAV1.0.0.11","2.0.0.28","PSt7-10","000000-000","10/20/2017 9:36:39 AM","0000-00","0","no battery","V"
"10/20/2017","11:48:23","5","default","957498349","OXY5","38.752","min","158.456","μmol/L","Humid","20.937","deg","91823","µV","35.958","°C","1018.000","hPa","37.0","pmil","0","55.500","deg","20.000","°C","100.000","%a.s.","22.500","deg","20.000","°C","1013.000","hPa","0.861","-0.02056","0.00035","-0.00011","0","14.7","Humid","26.25","0","52.00","346537.10","SABD0000000001","AAV1.0.0.11","2.0.0.28","PSt7-10","000000-000","10/20/2017 9:36:39 AM","0000-00","0","no battery","V"
"10/20/2017","11:48:24","5","default","957498349","OXY5","38.768","min","158.550","μmol/L","Humid","20.933","deg","91823","µV","35.951","°C","1018.000","hPa","37.0","pmil","0","55.500","deg","20.000","°C","100.000","%a.s.","22.500","deg","20.000","°C","1013.000","hPa","0.861","-0.02056","0.00035","-0.00011","0","14.7","Humid","26.25","0","52.00","346551.60","SABD0000000001","AAV1.0.0.11","2.0.0.28","PSt7-10","000000-000","10/20/2017 9:36:39 AM","0000-00","0","no battery","V"
"10/20/2017","11:48:25","5","default","957498349","OXY5","38.785","min","158.636","μmol/L","Humid","20.932","deg","91823","µV","35.940","°C","1018.000","hPa","37.0","pmil","0","55.500","deg","20.000","°C","100.000","%a.s.","22.500","deg","20.000","°C","1013.000","hPa","0.861","-0.02056","0.00035","-0.00011","0","14.7","Humid","26.25","0","52.00","346549.48","SABD0000000001","AAV1.0.0.11","2.0.0.28","PSt7-10","000000-000","10/20/2017 9:36:39 AM","0000-00","0","no battery","V"
"10/20/2017","11:48:26","5","default","957498349","OXY5","38.802","min","158.667","μmol/L","Humid","20.930","deg","91819","µV","35.939","°C","1018.000","hPa","37.0","pmil","0","55.500","deg","20.000","°C","100.000","%a.s.","22.500","deg","20.000","°C","1013.000","hPa","0.861","-0.02056","0.00035","-0.00011","0","14.7","Humid","26.25","0","52.00","346537.38","SABD0000000001","AAV1.0.0.11","2.0.0.28","PSt7-10","000000-000","10/20/2017 9:36:39 AM","0000-00","0","no battery","V"
"10/20/2017","11:48:27","5","default","957498349","OXY5","38.818","min","158.636","μmol/L","Humid","20.932","deg","91816","µV","35.940","°C","1018.000","hPa","37.0","pmil","0","55.500","deg","20.000","°C","100.000","%a.s.","22.500","deg","20.000","°C","1013.000","hPa","0.861","-0.02056","0.00035","-0.00011","0","14.7","Humid","26.25","0","52.00","346532.65","SABD0000000001","AAV1.0.0.11","2.0.0.28","PSt7-10","000000-000","10/20/2017 9:36:39 AM","0000-00","0","no battery","V"
"10/20/2017","11:48:28","5","default","957498349","OXY5","38.835","min","158.590","μmol/L","Humid","20.932","deg","91817","µV","35.947","°C","1018.000","hPa","37.0","pmil","0","55.500","deg","20.000","°C","100.000","%a.s.","22.500","deg","20.000","°C","1013.000","hPa","0.861","-0.02056","0.00035","-0.00011","0","14.7","Humid","26.25","0","52.00","346527.26","SABD0000000001","AAV1.0.0.11","2.0.0.28","PSt7-10","000000-000","10/20/2017 9:36:39 AM","0000-00","0","no battery","V"
"10/20/2017","11:48:29","5","default","957498349","OXY5","38.852","min","158.544","μmol/L","Humid","20.932","deg","91805","µV","35.955","°C","1018.000","hPa","37.0","pmil","0","55.500","deg","20.000","°C","100.000","%a.s.","22.500","deg","20.000","°C","1013.000","hPa","0.861","-0.02056","0.00035","-0.00011","0","14.7","Humid","26.25","0","52.00","346545.42","SABD0000000001","AAV1.0.0.11","2.0.0.28","PSt7-10","000000-000","10/20/2017 9:36:39 AM","0000-00","0","no battery","V"
"10/20/2017","11:48:30","5","default","957498349","OXY5","38.868","min","158.610","μmol/L","Humid","20.930","deg","91805","µV","35.949","°C","1018.000","hPa","37.0","pmil","0","55.500","deg","20.000","°C","100.000","%a.s.","22.500","deg","20.000","°C","1013.000","hPa","0.861","-0.02056","0.00035","-0.00011","0","14.7","Humid","26.25","0","52.00","346528.88","SABD0000000001","AAV1.0.0.11","2.0.0.28","PSt7-10","000000-000","10/20/2017 9:36:39 AM","0000-00","0","no battery","V"
"10/20/2017","11:48:31","5","default","957498349","OXY5","38.885","min","158.499","μmol/L","Humid","20.934","deg","91804","µV","35.958","°C","1018.000","hPa","37.0","pmil","0","55.500","deg","20.000","°C","100.000","%a.s.","22.500","deg","20.000","°C","1013.000","hPa","0.861","-0.02056","0.00035","-0.00011","0","14.7","Humid","26.25","0","52.00","346523.04","SABD0000000001","AAV1.0.0.11","2.0.0.28","PSt7-10","000000-000","10/20/2017 9:36:39 AM","0000-00","0","no battery","V"
"10/20/2017","11:48:32","5","default","957498349","OXY5","38.902","min","158.612","μmol/L","Humid","20.931","deg","91804","µV","35.946","°C","1018.000","hPa","37.0","pmil","0","55.500","deg","20.000","°C","100.000","%a.s.","22.500","deg","20.000","°C","1013.000","hPa","0.861","-0.02056","0.00035","-0.00011","0","14.7","Humid","26.25","0","52.00","346532.33","SABD0000000001","AAV1.0.0.11","2.0.0.28","PSt7-10","000000-000","10/20/2017 9:36:39 AM","0000-00","0","no battery","V"
"10/20/2017","11:48:33","5","default","957498349","OXY5","38.918","min","158.579","μmol/L","Humid","20.935","deg","91807","µV","35.942","°C","1018.000","hPa","37.0","pmil","0","55.500","deg","20.000","°C","100.000","%a.s.","22.500","deg","20.000","°C","1013.000","hPa","0.861","-0.02056","0.00035","-0.00011","0","14.7","Humid","26.25","0","52.00","346520.19","SABD0000000001","AAV1.0.0.11","2.0.0.28","PSt7-10","000000-000","10/20/2017 9:36:39 AM","0000-00","0","no battery","V"
"10/20/2017","11:48:34","5","default","957498349","OXY5","38.935","min","158.643","μmol/L","Humid","20.933","deg","91795","µV","35.936","°C","1018.000","hPa","37.0","pmil","0","55.500","deg","20.000","°C","100.000","%a.s.","22.500","deg","20.000","°C","1013.000","hPa","0.861","-0.02056","0.00035","-0.00011","0","14.7","Humid","26.25","0","52.00","346529.94","SABD0000000001","AAV1.0.0.11","2.0.0.28","PSt7-10","000000-000","10/20/2017 9:36:39 AM","0000-00","0","no battery","V"
"10/20/2017","11:48:35","5","default","957498349","OXY5","38.952","min","158.651","μmol/L","Humid","20.935","deg","91800","µV","35.930","°C","1018.000","hPa","37.0","pmil","0","55.500","deg","20.000","°C","100.000","%a.s.","22.500","deg","20.000","°C","1013.000","hPa","0.861","-0.02056","0.00035","-0.00011","0","14.7","Humid","26.25","0","52.00","346523.04","SABD0000000001","AAV1.0.0.11","2.0.0.28","PSt7-10","000000-000","10/20/2017 9:36:39 AM","0000-00","0","no battery","V"
"10/20/2017","11:48:36","5","default","957498349","OXY5","38.968","min","158.682","μmol/L","Humid","20.932","deg","91798","µV","35.932","°C","1018.000","hPa","37.0","pmil","0","55.500","deg","20.000","°C","100.000","%a.s.","22.500","deg","20.000","°C","1013.000","hPa","0.861","-0.02056","0.00035","-0.00011","0","14.7","Humid","26.25","0","52.00","346522.76","SABD0000000001","AAV1.0.0.11","2.0.0.28","PSt7-10","000000-000","10/20/2017 9:36:39 AM","0000-00","0","no battery","V"
"10/20/2017","11:48:37","5","default","957498349","OXY5","38.985","min","158.601","μmol/L","Humid","20.934","deg","91796","µV","35.941","°C","1018.000","hPa","37.0","pmil","0","55.500","deg","20.000","°C","100.000","%a.s.","22.500","deg","20.000","°C","1013.000","hPa","0.861","-0.02056","0.00035","-0.00011","0","14.7","Humid","26.25","0","52.00","346518.10","SABD0000000001","AAV1.0.0.11","2.0.0.28","PSt7-10","000000-000","10/20/2017 9:36:39 AM","0000-00","0","no battery","V"
"10/20/2017","11:48:38","5","default","957498349","OXY5","39.002","min","158.611","μmol/L","Humid","20.931","deg","91798","µV","35.946","°C","1018.000","hPa","37.0","pmil","0","55.500","deg","20.000","°C","100.000","%a.s.","22.500","deg","20.000","°C","1013.000","hPa","0.861","-0.02056","0.00035","-0.00011","0","14.7","Humid","26.25","0","52.00","346533.33","SABD0000000001","AAV1.0.0.11","2.0.0.28","PSt7-10","000000-000","10/20/2017 9:36:39 AM","0000-00","0","no battery","V"
"10/20/2017","11:48:39","5","default","957498349","OXY5","39.018","min","158.631","μmol/L","Humid","20.932","deg","91795","µV","35.940","°C","1018.000","hPa","37.0","pmil","0","55.500","deg","20.000","°C","100.000","%a.s.","22.500","deg","20.000","°C","1013.000","hPa","0.861","-0.02056","0.00035","-0.00011","0","14.7","Humid","26.25","0","52.00","346522.97","SABD0000000001","AAV1.0.0.11","2.0.0.28","PSt7-10","000000-000","10/20/2017 9:36:39 AM","0000-00","0","no battery","V"
"10/20/2017","11:48:40","5","default","957498349","OXY5","39.035","min","158.640","μmol/L","Humid","20.931","deg","91791","µV","35.941","°C","1018.000","hPa","37.0","pmil","0","55.500","deg","20.000","°C","100.000","%a.s.","22.500","deg","20.000","°C","1013.000","hPa","0.861","-0.02056","0.00035","-0.00011","0","14.7","Humid","26.25","0","52.00","346524.28","SABD0000000001","AAV1.0.0.11","2.0.0.28","PSt7-10","000000-000","10/20/2017 9:36:39 AM","0000-00","0","no battery","V"
"10/20/2017","11:48:41","5","default","957498349","OXY5","39.052","min","158.662","μmol/L","Humid","20.931","deg","91792","µV","35.938","°C","1018.000","hPa","37.0","pmil","0","55.500","deg","20.000","°C","100.000","%a.s.","22.500","deg","20.000","°C","1013.000","hPa","0.861","-0.02056","0.00035","-0.00011","0","14.7","Humid","26.25","0","52.00","346524.80","SABD0000000001","AAV1.0.0.11","2.0.0.28","PSt7-10","000000-000","10/20/2017 9:36:39 AM","0000-00","0","no battery","V"
"10/20/2017","11:48:42","5","default","957498349","OXY5","39.068","min","158.647","μmol/L","Humid","20.932","deg","91789","µV","35.938","°C","1018.000","hPa","37.0","pmil","0","55.500","deg","20.000","°C","100.000","%a.s.","22.500","deg","20.000","°C","1013.000","hPa","0.861","-0.02056","0.00035","-0.00011","0","14.7","Humid","26.25","0","52.00","346522.07","SABD0000000001","AAV1.0.0.11","2.0.0.28","PSt7-10","000000-000","10/20/2017 9:36:39 AM","0000-00","0","no battery","V"
"10/20/2017","11:48:43","5","default","957498349","OXY5","39.084","min","158.682","μmol/L","Humid","20.935","deg","91786","µV","35.925","°C","1018.000","hPa","37.0","pmil","0","55.500","deg","20.000","°C","100.000","%a.s.","22.500","deg","20.000","°C","1013.000","hPa","0.861","-0.02056","0.00035","-0.00011","0","14.7","Humid","26.25","0","52.00","346509.53","SABD0000000001","AAV1.0.0.11","2.0.0.28","PSt7-10","000000-000","10/20/2017 9:36:39 AM","0000-00","0","no battery","V"
"10/20/2017","11:48:44","5","default","957498349","OXY5","39.101","min","158.672","μmol/L","Humid","20.928","deg","91794","µV","35.943","°C","1018.000","hPa","37.0","pmil","0","55.500","deg","20.000","°C","100.000","%a.s.","22.500","deg","20.000","°C","1013.000","hPa","0.861","-0.02056","0.00035","-0.00011","0","14.7","Humid","26.25","0","52.00","346517.58","SABD0000000001","AAV1.0.0.11","2.0.0.28","PSt7-10","000000-000","10/20/2017 9:36:39 AM","0000-00","0","no battery","V"
"10/20/2017","11:48:45","5","default","957498349","OXY5","39.118","min","158.623","μmol/L","Humid","20.933","deg","91775","µV","35.939","°C","1018.000","hPa","37.0","pmil","0","55.500","deg","20.000","°C","100.000","%a.s.","22.500","deg","20.000","°C","1013.000","hPa","0.861","-0.02056","0.00035","-0.00011","0","14.7","Humid","26.25","0","52.00","346516.33","SABD0000000001","AAV1.0.0.11","2.0.0.28","PSt7-10","000000-000","10/20/2017 9:36:39 AM","0000-00","0","no battery","V"
"10/20/2017","11:48:46","5","default","957498349","OXY5","39.134","min","158.659","μmol/L","Humid","20.932","deg","91769","µV","35.936","°C","1018.000","hPa","37.0","pmil","0","55.500","deg","20.000","°C","100.000","%a.s.","22.500","deg","20.000","°C","1013.000","hPa","0.861","-0.02056","0.00035","-0.00011","0","14.7","Humid","26.25","0","52.00","346516.47","SABD0000000001","AAV1.0.0.11","2.0.0.28","PSt7-10","000000-000","10/20/2017 9:36:39 AM","0000-00","0","no battery","V"
"10/20/2017","11:48:47","5","default","957498349","OXY5","39.151","min","158.524","μmol/L","Humid","20.933","deg","91779","µV","35.956","°C","1018.000","hPa","37.0","pmil","0","55.500","deg","20.000","°C","100.000","%a.s.","22.500","deg","20.000","°C","1013.000","hPa","0.861","-0.02056","0.00035","-0.00011","0","14.7","Humid","26.25","0","52.00","346517.40","SABD0000000001","AAV1.0.0.11","2.0.0.28","PSt7-10","000000-000","10/20/2017 9:36:39 AM","0000-00","0","no battery","V"
"10/20/2017","11:48:48","5","default","957498349","OXY5","39.168","min","158.640","μmol/L","Humid","20.928","deg","91771","µV","35.948","°C","1018.000","hPa","37.0","pmil","0","55.500","deg","20.000","°C","100.000","%a.s.","22.500","deg","20.000","°C","1013.000","hPa","0.861","-0.02056","0.00035","-0.00011","0","14.7","Humid","26.25","0","52.00","346512.89","SABD0000000001","AAV1.0.0.11","2.0.0.28","PSt7-10","000000-000","10/20/2017 9:36:39 AM","0000-00","0","no battery","V"
"10/20/2017","11:48:49","5","default","957498349","OXY5","39.185","min","158.690","μmol/L","Humid","20.928","deg","91768","µV","35.940","°C","1018.000","hPa","37.0","pmil","0","55.500","deg","20.000","°C","100.000","%a.s.","22.500","deg","20.000","°C","1013.000","hPa","0.861","-0.02056","0.00035","-0.00011","0","14.7","Humid","26.25","0","52.00","346517.20","SABD0000000001","AAV1.0.0.11","2.0.0.28","PSt7-10","000000-000","10/20/2017 9:36:39 AM","0000-00","0","no battery","V"
"10/20/2017","11:48:50","5","default","957498349","OXY5","39.201","min","158.679","μmol/L","Humid","20.928","deg","91767","µV","35.942","°C","1018.000","hPa","37.0","pmil","0","55.500","deg","20.000","°C","100.000","%a.s.","22.500","deg","20.000","°C","1013.000","hPa","0.861","-0.02056","0.00035","-0.00011","0","14.7","Humid","26.25","0","52.00","346507.33","SABD0000000001","AAV1.0.0.11","2.0.0.28","PSt7-10","000000-000","10/20/2017 9:36:39 AM","0000-00","0","no battery","V"
"10/20/2017","11:48:51","5","default","957498349","OXY5","39.218","min","158.710","μmol/L","Humid","20.930","deg","91768","µV","35.932","°C","1018.000","hPa","37.0","pmil","0","55.500","deg","20.000","°C","100.000","%a.s.","22.500","deg","20.000","°C","1013.000","hPa","0.861","-0.02056","0.00035","-0.00011","0","14.7","Humid","26.25","0","52.00","346510.24","SABD0000000001","AAV1.0.0.11","2.0.0.28","PSt7-10","000000-000","10/20/2017 9:36:39 AM","0000-00","0","no battery","V"
"10/20/2017","11:48:52","5","default","957498349","OXY5","39.235","min","158.663","μmol/L","Humid","20.929","deg","91771","µV","35.942","°C","1018.000","hPa","37.0","pmil","0","55.500","deg","20.000","°C","100.000","%a.s.","22.500","deg","20.000","°C","1013.000","hPa","0.861","-0.02056","0.00035","-0.00011","0","14.7","Humid","26.25","0","52.00","346505.25","SABD0000000001","AAV1.0.0.11","2.0.0.28","PSt7-10","000000-000","10/20/2017 9:36:39 AM","0000-00","0","no battery","V"
"10/20/2017","11:48:53","5","default","957498349","OXY5","39.252","min","158.623","μmol/L","Humid","20.933","deg","91757","µV","35.939","°C","1018.000","hPa","37.0","pmil","0","55.500","deg","20.000","°C","100.000","%a.s.","22.500","deg","20.000","°C","1013.000","hPa","0.861","-0.02056","0.00035","-0.00011","0","14.7","Humid","26.25","0","52.00","346512.92","SABD0000000001","AAV1.0.0.11","2.0.0.28","PSt7-10","000000-000","10/20/2017 9:36:39 AM","0000-00","0","no battery","V"
"10/20/2017","11:48:54","5","default","957498349","OXY5","39.268","min","158.676","μmol/L","Humid","20.931","deg","91760","µV","35.935","°C","1018.000","hPa","37.0","pmil","0","55.500","deg","20.000","°C","100.000","%a.s.","22.500","deg","20.000","°C","1013.000","hPa","0.861","-0.02056","0.00035","-0.00011","0","14.7","Humid","26.25","0","52.00","346506.23","SABD0000000001","AAV1.0.0.11","2.0.0.28","PSt7-10","000000-000","10/20/2017 9:36:39 AM","0000-00","0","no battery","V"
"10/20/2017","11:48:55","5","default","957498349","OXY5","39.285","min","158.657","μmol/L","Humid","20.933","deg","91762","µV","35.934","°C","1018.000","hPa","37.0","pmil","0","55.500","deg","20.000","°C","100.000","%a.s.","22.500","deg","20.000","°C","1013.000","hPa","0.861","-0.02056","0.00035","-0.00011","0","14.7","Humid","26.25","0","52.00","346500.94","SABD0000000001","AAV1.0.0.11","2.0.0.28","PSt7-10","000000-000","10/20/2017 9:36:39 AM","0000-00","0","no battery","V"
"10/20/2017","11:48:56","5","default","957498349","OXY5","39.301","min","158.577","μmol/L","Humid","20.931","deg","91763","µV","35.952","°C","1018.000","hPa","37.0","pmil","0","55.500","deg","20.000","°C","100.000","%a.s.","22.500","deg","20.000","°C","1013.000","hPa","0.861","-0.02056","0.00035","-0.00011","0","14.7","Humid","26.25","0","52.00","346507.15","SABD0000000001","AAV1.0.0.11","2.0.0.28","PSt7-10","000000-000","10/20/2017 9:36:39 AM","0000-00","0","no battery","V"
"10/20/2017","11:48:57","5","default","957498349","OXY5","39.318","min","158.583","μmol/L","Humid","20.932","deg","91756","µV","35.948","°C","1018.000","hPa","37.0","pmil","0","55.500","deg","20.000","°C","100.000","%a.s.","22.500","deg","20.000","°C","1013.000","hPa","0.861","-0.02056","0.00035","-0.00011","0","14.7","Humid","26.25","0","52.00","346505.77","SABD0000000001","AAV1.0.0.11","2.0.0.28","PSt7-10","000000-000","10/20/2017 9:36:39 AM","0000-00","0","no battery","V"
"10/20/2017","11:48:58","5","default","957498349","OXY5","39.335","min","158.638","μmol/L","Humid","20.930","deg","91742","µV","35.944","°C","1018.000","hPa","37.0","pmil","0","55.500","deg","20.000","°C","100.000","%a.s.","22.500","deg","20.000","°C","1013.000","hPa","0.861","-0.02056","0.00035","-0.00011","0","14.7","Humid","26.25","0","52.00","346495.05","SABD0000000001","AAV1.0.0.11","2.0.0.28","PSt7-10","000000-000","10/20/2017 9:36:39 AM","0000-00","0","no battery","V"
"10/20/2017","11:48:59","5","default","957498349","OXY5","39.351","min","158.670","μmol/L","Humid","20.930","deg","91748","µV","35.939","°C","1018.000","hPa","37.0","pmil","0","55.500","deg","20.000","°C","100.000","%a.s.","22.500","deg","20.000","°C","1013.000","hPa","0.861","-0.02056","0.00035","-0.00011","0","14.7","Humid","26.25","0","52.00","346497.05","SABD0000000001","AAV1.0.0.11","2.0.0.28","PSt7-10","000000-000","10/20/2017 9:36:39 AM","0000-00","0","no battery","V"
"10/20/2017","11:49:00","5","default","957498349","OXY5","39.368","min","158.688","μmol/L","Humid","20.931","deg","91740","µV","35.933","°C","1018.000","hPa","37.0","pmil","0","55.500","deg","20.000","°C","100.000","%a.s.","22.500","deg","20.000","°C","1013.000","hPa","0.861","-0.02056","0.00035","-0.00011","0","14.7","Humid","26.25","0","52.00","346483.79","SABD0000000001","AAV1.0.0.11","2.0.0.28","PSt7-10","000000-000","10/20/2017 9:36:39 AM","0000-00","0","no battery","V"
"10/20/2017","11:49:01","5","default","957498349","OXY5","39.385","min","158.702","μmol/L","Humid","20.932","deg","91740","µV","35.929","°C","1018.000","hPa","37.0","pmil","0","55.500","deg","20.000","°C","100.000","%a.s.","22.500","deg","20.000","°C","1013.000","hPa","0.861","-0.02056","0.00035","-0.00011","0","14.7","Humid","26.25","0","52.00","346491.94","SABD0000000001","AAV1.0.0.11","2.0.0.28","PSt7-10","000000-000","10/20/2017 9:36:39 AM","0000-00","0","no battery","V"
"10/20/2017","11:49:02","5","default","957498349","OXY5","39.402","min","158.617","μmol/L","Humid","20.933","deg","91747","µV","35.940","°C","1018.000","hPa","37.0","pmil","0","55.500","deg","20.000","°C","100.000","%a.s.","22.500","deg","20.000","°C","1013.000","hPa","0.861","-0.02056","0.00035","-0.00011","0","14.7","Humid","26.25","0","52.00","346500.98","SABD0000000001","AAV1.0.0.11","2.0.0.28","PSt7-10","000000-000","10/20/2017 9:36:39 AM","0000-00","0","no battery","V"
"10/20/2017","11:49:03","5","default","957498349","OXY5","39.418","min","158.715","μmol/L","Humid","20.931","deg","91741","µV","35.929","°C","1018.000","hPa","37.0","pmil","0","55.500","deg","20.000","°C","100.000","%a.s.","22.500","deg","20.000","°C","1013.000","hPa","0.861","-0.02056","0.00035","-0.00011","0","14.7","Humid","26.25","0","52.00","346497.85","SABD0000000001","AAV1.0.0.11","2.0.0.28","PSt7-10","000000-000","10/20/2017 9:36:39 AM","0000-00","0","no battery","V"
"10/20/2017","11:49:04","5","default","957498349","OXY5","39.435","min","158.737","μmol/L","Humid","20.928","deg","91732","µV","35.932","°C","1018.000","hPa","37.0","pmil","0","55.500","deg","20.000","°C","100.000","%a.s.","22.500","deg","20.000","°C","1013.000","hPa","0.861","-0.02056","0.00035","-0.00011","0","14.7","Humid","26.25","0","52.00","346496.82","SABD0000000001","AAV1.0.0.11","2.0.0.28","PSt7-10","000000-000","10/20/2017 9:36:39 AM","0000-00","0","no battery","V"
"10/20/2017","11:49:05","5","default","957498349","OXY5","39.452","min","158.473","μmol/L","Humid","20.935","deg","91735","µV","35.960","°C","1018.000","hPa","37.0","pmil","0","55.500","deg","20.000","°C","100.000","%a.s.","22.500","deg","20.000","°C","1013.000","hPa","0.861","-0.02056","0.00035","-0.00011","0","14.7","Humid","26.25","0","52.00","346502.81","SABD0000000001","AAV1.0.0.11","2.0.0.28","PSt7-10","000000-000","10/20/2017 9:36:39 AM","0000-00","0","no battery","V"
"10/20/2017","11:49:06","5","default","957498349","OXY5","39.468","min","158.504","μmol/L","Humid","20.931","deg","91728","µV","35.964","°C","1018.000","hPa","37.0","pmil","0","55.500","deg","20.000","°C","100.000","%a.s.","22.500","deg","20.000","°C","1013.000","hPa","0.861","-0.02056","0.00035","-0.00011","0","14.7","Humid","26.25","0","52.00","346475.79","SABD0000000001","AAV1.0.0.11","2.0.0.28","PSt7-10","000000-000","10/20/2017 9:36:39 AM","0000-00","0","no battery","V"
"10/20/2017","11:49:07","5","default","957498349","OXY5","39.485","min","158.521","μmol/L","Humid","20.930","deg","91725","µV","35.963","°C","1018.000","hPa","37.0","pmil","0","55.500","deg","20.000","°C","100.000","%a.s.","22.500","deg","20.000","°C","1013.000","hPa","0.861","-0.02056","0.00035","-0.00011","0","14.7","Humid","26.25","0","52.00","346463.47","SABD0000000001","AAV1.0.0.11","2.0.0.28","PSt7-10","000000-000","10/20/2017 9:36:39 AM","0000-00","0","no battery","V"
"10/20/2017","11:49:08","5","default","957498349","OXY5","39.502","min","158.486","μmol/L","Humid","20.932","deg","91727","µV","35.965","°C","1018.000","hPa","37.0","pmil","0","55.500","deg","20.000","°C","100.000","%a.s.","22.500","deg","20.000","°C","1013.000","hPa","0.861","-0.02056","0.00035","-0.00011","0","14.7","Humid","26.25","0","52.00","346480.14","SABD0000000001","AAV1.0.0.11","2.0.0.28","PSt7-10","000000-000","10/20/2017 9:36:39 AM","0000-00","0","no battery","V"
"10/20/2017","11:49:09","5","default","957498349","OXY5","39.518","min","158.629","μmol/L","Humid","20.931","deg","91734","µV","35.943","°C","1018.000","hPa","37.0","pmil","0","55.500","deg","20.000","°C","100.000","%a.s.","22.500","deg","20.000","°C","1013.000","hPa","0.861","-0.02056","0.00035","-0.00011","0","14.7","Humid","26.25","0","52.00","346494.72","SABD0000000001","AAV1.0.0.11","2.0.0.28","PSt7-10","000000-000","10/20/2017 9:36:39 AM","0000-00","0","no battery","V"
"10/20/2017","11:49:10","5","default","957498349","OXY5","39.535","min","158.560","μmol/L","Humid","20.933","deg","91725","µV","35.950","°C","1018.000","hPa","37.0","pmil","0","55.500","deg","20.000","°C","100.000","%a.s.","22.500","deg","20.000","°C","1013.000","hPa","0.861","-0.02056","0.00035","-0.00011","0","14.7","Humid","26.25","0","52.00","346498.14","SABD0000000001","AAV1.0.0.11","2.0.0.28","PSt7-10","000000-000","10/20/2017 9:36:39 AM","0000-00","0","no battery","V"
"10/20/2017","11:49:11","5","default","957498349","OXY5","39.552","min","158.620","μmol/L","Humid","20.931","deg","91723","µV","35.945","°C","1018.000","hPa","37.0","pmil","0","55.500","deg","20.000","°C","100.000","%a.s.","22.500","deg","20.000","°C","1013.000","hPa","0.861","-0.02056","0.00035","-0.00011","0","14.7","Humid","26.25","0","52.00","346477.48","SABD0000000001","AAV1.0.0.11","2.0.0.28","PSt7-10","000000-000","10/20/2017 9:36:39 AM","0000-00","0","no battery","V"
"10/20/2017","11:49:12","5","default","957498349","OXY5","39.568","min","158.629","μmol/L","Humid","20.933","deg","91719","µV","35.938","°C","1018.000","hPa","37.0","pmil","0","55.500","deg","20.000","°C","100.000","%a.s.","22.500","deg","20.000","°C","1013.000","hPa","0.861","-0.02056","0.00035","-0.00011","0","14.7","Humid","26.25","0","52.00","346478.58","SABD0000000001","AAV1.0.0.11","2.0.0.28","PSt7-10","000000-000","10/20/2017 9:36:39 AM","0000-00","0","no battery","V"
"10/20/2017","11:49:13","5","default","957498349","OXY5","39.585","min","158.625","μmol/L","Humid","20.933","deg","91710","µV","35.939","°C","1018.000","hPa","37.0","pmil","0","55.500","deg","20.000","°C","100.000","%a.s.","22.500","deg","20.000","°C","1013.000","hPa","0.861","-0.02056","0.00035","-0.00011","0","14.7","Humid","26.25","0","52.00","346470.92","SABD0000000001","AAV1.0.0.11","2.0.0.28","PSt7-10","000000-000","10/20/2017 9:36:39 AM","0000-00","0","no battery","V"
"10/20/2017","11:49:14","5","default","957498349","OXY5","39.605","min","158.630","μmol/L","Humid","20.931","deg","91723","µV","35.943","°C","1018.000","hPa","37.0","pmil","0","55.500","deg","20.000","°C","100.000","%a.s.","22.500","deg","20.000","°C","1013.000","hPa","0.861","-0.02056","0.00035","-0.00011","0","14.7","Humid","26.25","0","52.00","346486.77","SABD0000000001","AAV1.0.0.11","2.0.0.28","PSt7-10","000000-000","10/20/2017 9:36:39 AM","0000-00","0","no battery","V"
"10/20/2017","11:49:15","5","default","957498349","OXY5","39.618","min","158.601","μmol/L","Humid","20.929","deg","91705","µV","35.953","°C","1018.000","hPa","37.0","pmil","0","55.500","deg","20.000","°C","100.000","%a.s.","22.500","deg","20.000","°C","1013.000","hPa","0.861","-0.02056","0.00035","-0.00011","0","14.7","Humid","26.25","0","52.00","346475.68","SABD0000000001","AAV1.0.0.11","2.0.0.28","PSt7-10","000000-000","10/20/2017 9:36:39 AM","0000-00","0","no battery","V"
"10/20/2017","11:49:16","5","default","957498349","OXY5","39.634","min","158.534","μmol/L","Humid","20.934","deg","91705","µV","35.952","°C","1018.000","hPa","37.0","pmil","0","55.500","deg","20.000","°C","100.000","%a.s.","22.500","deg","20.000","°C","1013.000","hPa","0.861","-0.02056","0.00035","-0.00011","0","14.7","Humid","26.25","0","52.00","346468.80","SABD0000000001","AAV1.0.0.11","2.0.0.28","PSt7-10","000000-000","10/20/2017 9:36:39 AM","0000-00","0","no battery","V"
"10/20/2017","11:49:17","5","default","957498349","OXY5","39.651","min","158.664","μmol/L","Humid","20.927","deg","91715","µV","35.947","°C","1018.000","hPa","37.0","pmil","0","55.500","deg","20.000","°C","100.000","%a.s.","22.500","deg","20.000","°C","1013.000","hPa","0.861","-0.02056","0.00035","-0.00011","0","14.7","Humid","26.25","0","52.00","346471.09","SABD0000000001","AAV1.0.0.11","2.0.0.28","PSt7-10","000000-000","10/20/2017 9:36:39 AM","0000-00","0","no battery","V"
"10/20/2017","11:49:18","5","default","957498349","OXY5","39.668","min","158.657","μmol/L","Humid","20.933","deg","91702","µV","35.934","°C","1018.000","hPa","37.0","pmil","0","55.500","deg","20.000","°C","100.000","%a.s.","22.500","deg","20.000","°C","1013.000","hPa","0.861","-0.02056","0.00035","-0.00011","0","14.7","Humid","26.25","0","52.00","346471.99","SABD0000000001","AAV1.0.0.11","2.0.0.28","PSt7-10","000000-000","10/20/2017 9:36:39 AM","0000-00","0","no battery","V"
"10/20/2017","11:49:19","5","default","957498349","OXY5","39.684","min","158.576","μmol/L","Humid","20.934","deg","91704","µV","35.945","°C","1018.000","hPa","37.0","pmil","0","55.500","deg","20.000","°C","100.000","%a.s.","22.500","deg","20.000","°C","1013.000","hPa","0.861","-0.02056","0.00035","-0.00011","0","14.7","Humid","26.25","0","52.00","346460.17","SABD0000000001","AAV1.0.0.11","2.0.0.28","PSt7-10","000000-000","10/20/2017 9:36:39 AM","0000-00","0","no battery","V"
"10/20/2017","11:49:20","5","default","957498349","OXY5","39.701","min","158.585","μmol/L","Humid","20.931","deg","91697","µV","35.950","°C","1018.000","hPa","37.0","pmil","0","55.500","deg","20.000","°C","100.000","%a.s.","22.500","deg","20.000","°C","1013.000","hPa","0.861","-0.02056","0.00035","-0.00011","0","14.7","Humid","26.25","0","52.00","346470.18","SABD0000000001","AAV1.0.0.11","2.0.0.28","PSt7-10","000000-000","10/20/2017 9:36:39 AM","0000-00","0","no battery","V"
"10/20/2017","11:49:21","5","default","957498349","OXY5","39.718","min","158.523","μmol/L","Humid","20.933","deg","91699","µV","35.956","°C","1018.000","hPa","37.0","pmil","0","55.500","deg","20.000","°C","100.000","%a.s.","22.500","deg","20.000","°C","1013.000","hPa","0.861","-0.02056","0.00035","-0.00011","0","14.7","Humid","26.25","0","52.00","346454.61","SABD0000000001","AAV1.0.0.11","2.0.0.28","PSt7-10","000000-000","10/20/2017 9:36:39 AM","0000-00","0","no battery","V"
"10/20/2017","11:49:22","5","default","957498349","OXY5","39.734","min","158.580","μmol/L","Humid","20.932","deg","91701","µV","35.949","°C","1018.000","hPa","37.0","pmil","0","55.500","deg","20.000","°C","100.000","%a.s.","22.500","deg","20.000","°C","1013.000","hPa","0.861","-0.02056","0.00035","-0.00011","0","14.7","Humid","26.25","0","52.00","346477.38","SABD0000000001","AAV1.0.0.11","2.0.0.28","PSt7-10","000000-000","10/20/2017 9:36:39 AM","0000-00","0","no battery","V"
"10/20/2017","11:49:23","5","default","957498349","OXY5","39.751","min","158.631","μmol/L","Humid","20.930","deg","91692","µV","35.945","°C","1018.000","hPa","37.0","pmil","0","55.500","deg","20.000","°C","100.000","%a.s.","22.500","deg","20.000","°C","1013.000","hPa","0.861","-0.02056","0.00035","-0.00011","0","14.7","Humid","26.25","0","52.00","346459.78","SABD0000000001","AAV1.0.0.11","2.0.0.28","PSt7-10","000000-000","10/20/2017 9:36:39 AM","0000-00","0","no battery","V"
"10/20/2017","11:49:24","5","default","957498349","OXY5","39.768","min","158.627","μmol/L","Humid","20.929","deg","91694","µV","35.948","°C","1018.000","hPa","37.0","pmil","0","55.500","deg","20.000","°C","100.000","%a.s.","22.500","deg","20.000","°C","1013.000","hPa","0.861","-0.02056","0.00035","-0.00011","0","14.7","Humid","26.25","0","52.00","346468.02","SABD0000000001","AAV1.0.0.11","2.0.0.28","PSt7-10","000000-000","10/20/2017 9:36:39 AM","0000-00","0","no battery","V"
"10/20/2017","11:49:25","5","default","957498349","OXY5","39.784","min","158.497","μmol/L","Humid","20.931","deg","91702","µV","35.965","°C","1018.000","hPa","37.0","pmil","0","55.500","deg","20.000","°C","100.000","%a.s.","22.500","deg","20.000","°C","1013.000","hPa","0.861","-0.02056","0.00035","-0.00011","0","14.7","Humid","26.25","0","52.00","346464.31","SABD0000000001","AAV1.0.0.11","2.0.0.28","PSt7-10","000000-000","10/20/2017 9:36:39 AM","0000-00","0","no battery","V"
"10/20/2017","11:49:26","5","default","957498349","OXY5","39.801","min","158.665","μmol/L","Humid","20.924","deg","91689","µV","35.954","°C","1018.000","hPa","37.0","pmil","0","55.500","deg","20.000","°C","100.000","%a.s.","22.500","deg","20.000","°C","1013.000","hPa","0.861","-0.02056","0.00035","-0.00011","0","14.7","Humid","26.25","0","52.00","346450.03","SABD0000000001","AAV1.0.0.11","2.0.0.28","PSt7-10","000000-000","10/20/2017 9:36:39 AM","0000-00","0","no battery","V"
"10/20/2017","11:49:27","5","default","957498349","OXY5","39.818","min","158.547","μmol/L","Humid","20.932","deg","91686","µV","35.954","°C","1018.000","hPa","37.0","pmil","0","55.500","deg","20.000","°C","100.000","%a.s.","22.500","deg","20.000","°C","1013.000","hPa","0.861","-0.02056","0.00035","-0.00011","0","14.7","Humid","26.25","0","52.00","346450.38","SABD0000000001","AAV1.0.0.11","2.0.0.28","PSt7-10","000000-000","10/20/2017 9:36:39 AM","0000-00","0","no battery","V"
"10/20/2017","11:49:28","5","default","957498349","OXY5","39.834","min","158.585","μmol/L","Humid","20.929","deg","91689","µV","35.955","°C","1018.000","hPa","37.0","pmil","0","55.500","deg","20.000","°C","100.000","%a.s.","22.500","deg","20.000","°C","1013.000","hPa","0.861","-0.02056","0.00035","-0.00011","0","14.7","Humid","26.25","0","52.00","346448.50","SABD0000000001","AAV1.0.0.11","2.0.0.28","PSt7-10","000000-000","10/20/2017 9:36:39 AM","0000-00","0","no battery","V"
"10/20/2017","11:49:29","5","default","957498349","OXY5","39.851","min","158.685","μmol/L","Humid","20.927","deg","91683","µV","35.943","°C","1018.000","hPa","37.0","pmil","0","55.500","deg","20.000","°C","100.000","%a.s.","22.500","deg","20.000","°C","1013.000","hPa","0.861","-0.02056","0.00035","-0.00011","0","14.7","Humid","26.25","0","52.00","346467.49","SABD0000000001","AAV1.0.0.11","2.0.0.28","PSt7-10","000000-000","10/20/2017 9:36:39 AM","0000-00","0","no battery","V"
"10/20/2017","11:49:30","5","default","957498349","OXY5","39.868","min","158.597","μmol/L","Humid","20.934","deg","91685","µV","35.941","°C","1018.000","hPa","37.0","pmil","0","55.500","deg","20.000","°C","100.000","%a.s.","22.500","deg","20.000","°C","1013.000","hPa","0.861","-0.02056","0.00035","-0.00011","0","14.7","Humid","26.25","0","52.00","346460.86","SABD0000000001","AAV1.0.0.11","2.0.0.28","PSt7-10","000000-000","10/20/2017 9:36:39 AM","0000-00","0","no battery","V"
"10/20/2017","11:49:31","5","default","957498349","OXY5","39.884","min","158.639","μmol/L","Humid","20.929","deg","91675","µV","35.946","°C","1018.000","hPa","37.0","pmil","0","55.500","deg","20.000","°C","100.000","%a.s.","22.500","deg","20.000","°C","1013.000","hPa","0.861","-0.02056","0.00035","-0.00011","0","14.7","Humid","26.25","0","52.00","346453.89","SABD0000000001","AAV1.0.0.11","2.0.0.28","PSt7-10","000000-000","10/20/2017 9:36:39 AM","0000-00","0","no battery","V"
"10/20/2017","11:49:32","5","default","957498349","OXY5","39.901","min","158.658","μmol/L","Humid","20.928","deg","91675","µV","35.946","°C","1018.000","hPa","37.0","pmil","0","55.500","deg","20.000","°C","100.000","%a.s.","22.500","deg","20.000","°C","1013.000","hPa","0.861","-0.02056","0.00035","-0.00011","0","14.7","Humid","26.25","0","52.00","346452.89","SABD0000000001","AAV1.0.0.11","2.0.0.28","PSt7-10","000000-000","10/20/2017 9:36:39 AM","0000-00","0","no battery","V"
"10/20/2017","11:49:33","5","default","957498349","OXY5","39.918","min","158.627","μmol/L","Humid","20.927","deg","91673","µV","35.953","°C","1018.000","hPa","37.0","pmil","0","55.500","deg","20.000","°C","100.000","%a.s.","22.500","deg","20.000","°C","1013.000","hPa","0.861","-0.02056","0.00035","-0.00011","0","14.7","Humid","26.25","0","52.00","346448.04","SABD0000000001","AAV1.0.0.11","2.0.0.28","PSt7-10","000000-000","10/20/2017 9:36:39 AM","0000-00","0","no battery","V"
"10/20/2017","11:49:34","5","default","957498349","OXY5","39.934","min","158.570","μmol/L","Humid","20.930","deg","91669","µV","35.955","°C","1018.000","hPa","37.0","pmil","0","55.500","deg","20.000","°C","100.000","%a.s.","22.500","deg","20.000","°C","1013.000","hPa","0.861","-0.02056","0.00035","-0.00011","0","14.7","Humid","26.25","0","52.00","346451.98","SABD0000000001","AAV1.0.0.11","2.0.0.28","PSt7-10","000000-000","10/20/2017 9:36:39 AM","0000-00","0","no battery","V"
"10/20/2017","11:49:35","5","default","957498349","OXY5","39.951","min","158.613","μmol/L","Humid","20.931","deg","91675","µV","35.946","°C","1018.000","hPa","37.0","pmil","0","55.500","deg","20.000","°C","100.000","%a.s.","22.500","deg","20.000","°C","1013.000","hPa","0.861","-0.02056","0.00035","-0.00011","0","14.7","Humid","26.25","0","52.00","346463.28","SABD0000000001","AAV1.0.0.11","2.0.0.28","PSt7-10","000000-000","10/20/2017 9:36:39 AM","0000-00","0","no battery","V"
"10/20/2017","11:49:36","5","default","957498349","OXY5","39.968","min","158.572","μmol/L","Humid","20.932","deg","91667","µV","35.950","°C","1018.000","hPa","37.0","pmil","0","55.500","deg","20.000","°C","100.000","%a.s.","22.500","deg","20.000","°C","1013.000","hPa","0.861","-0.02056","0.00035","-0.00011","0","14.7","Humid","26.25","0","52.00","346465.18","SABD0000000001","AAV1.0.0.11","2.0.0.28","PSt7-10","000000-000","10/20/2017 9:36:39 AM","0000-00","0","no battery","V"
"10/20/2017","11:49:37","5","default","957498349","OXY5","39.984","min","158.590","μmol/L","Humid","20.930","deg","91665","µV","35.952","°C","1018.000","hPa","37.0","pmil","0","55.500","deg","20.000","°C","100.000","%a.s.","22.500","deg","20.000","°C","1013.000","hPa","0.861","-0.02056","0.00035","-0.00011","0","14.7","Humid","26.25","0","52.00","346450.60","SABD0000000001","AAV1.0.0.11","2.0.0.28","PSt7-10","000000-000","10/20/2017 9:36:39 AM","0000-00","0","no battery","V"
"10/20/2017","11:49:38","5","default","957498349","OXY5","40.001","min","158.624","μmol/L","Humid","20.929","deg","91659","µV","35.949","°C","1018.000","hPa","37.0","pmil","0","55.500","deg","20.000","°C","100.000","%a.s.","22.500","deg","20.000","°C","1013.000","hPa","0.861","-0.02056","0.00035","-0.00011","0","14.7","Humid","26.25","0","52.00","346464.04","SABD0000000001","AAV1.0.0.11","2.0.0.28","PSt7-10","000000-000","10/20/2017 9:36:39 AM","0000-00","0","no battery","V"
"10/20/2017","11:49:39","5","default","957498349","OXY5","40.018","min","158.614","μmol/L","Humid","20.929","deg","91654","µV","35.950","°C","1018.000","hPa","37.0","pmil","0","55.500","deg","20.000","°C","100.000","%a.s.","22.500","deg","20.000","°C","1013.000","hPa","0.861","-0.02056","0.00035","-0.00011","0","14.7","Humid","26.25","0","52.00","346447.20","SABD0000000001","AAV1.0.0.11","2.0.0.28","PSt7-10","000000-000","10/20/2017 9:36:39 AM","0000-00","0","no battery","V"
"10/20/2017","11:49:40","5","default","957498349","OXY5","40.034","min","158.584","μmol/L","Humid","20.930","deg","91654","µV","35.953","°C","1018.000","hPa","37.0","pmil","0","55.500","deg","20.000","°C","100.000","%a.s.","22.500","deg","20.000","°C","1013.000","hPa","0.861","-0.02056","0.00035","-0.00011","0","14.7","Humid","26.25","0","52.00","346462.35","SABD0000000001","AAV1.0.0.11","2.0.0.28","PSt7-10","000000-000","10/20/2017 9:36:39 AM","0000-00","0","no battery","V"
"10/20/2017","11:49:41","5","default","957498349","OXY5","40.051","min","158.698","μmol/L","Humid","20.929","deg","91655","µV","35.936","°C","1018.000","hPa","37.0","pmil","0","55.500","deg","20.000","°C","100.000","%a.s.","22.500","deg","20.000","°C","1013.000","hPa","0.861","-0.02056","0.00035","-0.00011","0","14.7","Humid","26.25","0","52.00","346460.39","SABD0000000001","AAV1.0.0.11","2.0.0.28","PSt7-10","000000-000","10/20/2017 9:36:39 AM","0000-00","0","no battery","V"
"10/20/2017","11:49:42","5","default","957498349","OXY5","40.068","min","158.676","μmol/L","Humid","20.929","deg","91652","µV","35.940","°C","1018.000","hPa","37.0","pmil","0","55.500","deg","20.000","°C","100.000","%a.s.","22.500","deg","20.000","°C","1013.000","hPa","0.861","-0.02056","0.00035","-0.00011","0","14.7","Humid","26.25","0","52.00","346460.71","SABD0000000001","AAV1.0.0.11","2.0.0.28","PSt7-10","000000-000","10/20/2017 9:36:39 AM","0000-00","0","no battery","V"
"10/20/2017","11:49:43","5","default","957498349","OXY5","40.084","min","158.510","μmol/L","Humid","20.931","deg","91657","µV","35.963","°C","1018.000","hPa","37.0","pmil","0","55.500","deg","20.000","°C","100.000","%a.s.","22.500","deg","20.000","°C","1013.000","hPa","0.861","-0.02056","0.00035","-0.00011","0","14.7","Humid","26.25","0","52.00","346462.74","SABD0000000001","AAV1.0.0.11","2.0.0.28","PSt7-10","000000-000","10/20/2017 9:36:39 AM","0000-00","0","no battery","V"
"10/20/2017","11:49:44","5","default","957498349","OXY5","40.101","min","158.466","μmol/L","Humid","20.932","deg","91649","µV","35.968","°C","1018.000","hPa","37.0","pmil","0","55.500","deg","20.000","°C","100.000","%a.s.","22.500","deg","20.000","°C","1013.000","hPa","0.861","-0.02056","0.00035","-0.00011","0","14.7","Humid","26.25","0","52.00","346452.62","SABD0000000001","AAV1.0.0.11","2.0.0.28","PSt7-10","000000-000","10/20/2017 9:36:39 AM","0000-00","0","no battery","V"
"10/20/2017","11:49:45","5","default","957498349","OXY5","40.118","min","158.522","μmol/L","Humid","20.927","deg","91642","µV","35.970","°C","1018.000","hPa","37.0","pmil","0","55.500","deg","20.000","°C","100.000","%a.s.","22.500","deg","20.000","°C","1013.000","hPa","0.861","-0.02056","0.00035","-0.00011","0","14.7","Humid","26.25","0","52.00","346450.81","SABD0000000001","AAV1.0.0.11","2.0.0.28","PSt7-10","000000-000","10/20/2017 9:36:39 AM","0000-00","0","no battery","V"
"10/20/2017","11:49:46","5","default","957498349","OXY5","40.135","min","158.602","μmol/L","Humid","20.928","deg","91643","µV","35.955","°C","1018.000","hPa","37.0","pmil","0","55.500","deg","20.000","°C","100.000","%a.s.","22.500","deg","20.000","°C","1013.000","hPa","0.861","-0.02056","0.00035","-0.00011","0","14.7","Humid","26.25","0","52.00","346448.92","SABD0000000001","AAV1.0.0.11","2.0.0.28","PSt7-10","000000-000","10/20/2017 9:36:39 AM","0000-00","0","no battery","V"
"10/20/2017","11:49:47","5","default","957498349","OXY5","40.151","min","158.579","μmol/L","Humid","20.927","deg","91640","µV","35.961","°C","1018.000","hPa","37.0","pmil","0","55.500","deg","20.000","°C","100.000","%a.s.","22.500","deg","20.000","°C","1013.000","hPa","0.861","-0.02056","0.00035","-0.00011","0","14.7","Humid","26.25","0","52.00","346450.13","SABD0000000001","AAV1.0.0.11","2.0.0.28","PSt7-10","000000-000","10/20/2017 9:36:39 AM","0000-00","0","no battery","V"
"10/20/2017","11:49:48","5","default","957498349","OXY5","40.168","min","158.541","μmol/L","Humid","20.930","deg","91631","µV","35.960","°C","1018.000","hPa","37.0","pmil","0","55.500","deg","20.000","°C","100.000","%a.s.","22.500","deg","20.000","°C","1013.000","hPa","0.861","-0.02056","0.00035","-0.00011","0","14.7","Humid","26.25","0","52.00","346447.01","SABD0000000001","AAV1.0.0.11","2.0.0.28","PSt7-10","000000-000","10/20/2017 9:36:39 AM","0000-00","0","no battery","V"
"10/20/2017","11:49:49","5","default","957498349","OXY5","40.185","min","158.591","μmol/L","Humid","20.931","deg","91645","µV","35.950","°C","1018.000","hPa","37.0","pmil","0","55.500","deg","20.000","°C","100.000","%a.s.","22.500","deg","20.000","°C","1013.000","hPa","0.861","-0.02056","0.00035","-0.00011","0","14.7","Humid","26.25","0","52.00","346444.32","SABD0000000001","AAV1.0.0.11","2.0.0.28","PSt7-10","000000-000","10/20/2017 9:36:39 AM","0000-00","0","no battery","V"
"10/20/2017","11:49:50","5","default","957498349","OXY5","40.201","min","158.624","μmol/L","Humid","20.930","deg","91635","µV","35.946","°C","1018.000","hPa","37.0","pmil","0","55.500","deg","20.000","°C","100.000","%a.s.","22.500","deg","20.000","°C","1013.000","hPa","0.861","-0.02056","0.00035","-0.00011","0","14.7","Humid","26.25","0","52.00","346438.21","SABD0000000001","AAV1.0.0.11","2.0.0.28","PSt7-10","000000-000","10/20/2017 9:36:39 AM","0000-00","0","no battery","V"
"10/20/2017","11:49:51","5","default","957498349","OXY5","40.218","min","158.687","μmol/L","Humid","20.929","deg","91627","µV","35.938","°C","1018.000","hPa","37.0","pmil","0","55.500","deg","20.000","°C","100.000","%a.s.","22.500","deg","20.000","°C","1013.000","hPa","0.861","-0.02056","0.00035","-0.00011","0","14.7","Humid","26.25","0","52.00","346421.22","SABD0000000001","AAV1.0.0.11","2.0.0.28","PSt7-10","000000-000","10/20/2017 9:36:39 AM","0000-00","0","no battery","V"
"10/20/2017","11:49:52","5","default","957498349","OXY5","40.235","min","158.654","μmol/L","Humid","20.927","deg","91627","µV","35.949","°C","1018.000","hPa","37.0","pmil","0","55.500","deg","20.000","°C","100.000","%a.s.","22.500","deg","20.000","°C","1013.000","hPa","0.861","-0.02056","0.00035","-0.00011","0","14.7","Humid","26.25","0","52.00","346440.66","SABD0000000001","AAV1.0.0.11","2.0.0.28","PSt7-10","000000-000","10/20/2017 9:36:39 AM","0000-00","0","no battery","V"
"10/20/2017","11:49:53","5","default","957498349","OXY5","40.251","min","158.604","μmol/L","Humid","20.928","deg","91626","µV","35.954","°C","1018.000","hPa","37.0","pmil","0","55.500","deg","20.000","°C","100.000","%a.s.","22.500","deg","20.000","°C","1013.000","hPa","0.861","-0.02056","0.00035","-0.00011","0","14.7","Humid","26.25","0","52.00","346442.00","SABD0000000001","AAV1.0.0.11","2.0.0.28","PSt7-10","000000-000","10/20/2017 9:36:39 AM","0000-00","0","no battery","V"
"10/20/2017","11:49:54","5","default","957498349","OXY5","40.268","min","158.598","μmol/L","Humid","20.932","deg","91624","µV","35.946","°C","1018.000","hPa","37.0","pmil","0","55.500","deg","20.000","°C","100.000","%a.s.","22.500","deg","20.000","°C","1013.000","hPa","0.861","-0.02056","0.00035","-0.00011","0","14.7","Humid","26.25","0","52.00","346429.19","SABD0000000001","AAV1.0.0.11","2.0.0.28","PSt7-10","000000-000","10/20/2017 9:36:39 AM","0000-00","0","no battery","V"
"10/20/2017","11:49:55","5","default","957498349","OXY5","40.285","min","158.622","μmol/L","Humid","20.931","deg","91622","µV","35.944","°C","1018.000","hPa","37.0","pmil","0","55.500","deg","20.000","°C","100.000","%a.s.","22.500","deg","20.000","°C","1013.000","hPa","0.861","-0.02056","0.00035","-0.00011","0","14.7","Humid","26.25","0","52.00","346431.92","SABD0000000001","AAV1.0.0.11","2.0.0.28","PSt7-10","000000-000","10/20/2017 9:36:39 AM","0000-00","0","no battery","V"
"10/20/2017","11:49:56","5","default","957498349","OXY5","40.301","min","158.672","μmol/L","Humid","20.933","deg","91612","µV","35.931","°C","1018.000","hPa","37.0","pmil","0","55.500","deg","20.000","°C","100.000","%a.s.","22.500","deg","20.000","°C","1013.000","hPa","0.861","-0.02056","0.00035","-0.00011","0","14.7","Humid","26.25","0","52.00","346436.47","SABD0000000001","AAV1.0.0.11","2.0.0.28","PSt7-10","000000-000","10/20/2017 9:36:39 AM","0000-00","0","no battery","V"
"10/20/2017","11:49:57","5","default","957498349","OXY5","40.318","min","158.651","μmol/L","Humid","20.930","deg","91617","µV","35.942","°C","1018.000","hPa","37.0","pmil","0","55.500","deg","20.000","°C","100.000","%a.s.","22.500","deg","20.000","°C","1013.000","hPa","0.861","-0.02056","0.00035","-0.00011","0","14.7","Humid","26.25","0","52.00","346431.73","SABD0000000001","AAV1.0.0.11","2.0.0.28","PSt7-10","000000-000","10/20/2017 9:36:39 AM","0000-00","0","no battery","V"
"10/20/2017","11:49:58","5","default","957498349","OXY5","40.335","min","158.742","μmol/L","Humid","20.926","deg","91611","µV","35.936","°C","1018.000","hPa","37.0","pmil","0","55.500","deg","20.000","°C","100.000","%a.s.","22.500","deg","20.000","°C","1013.000","hPa","0.861","-0.02056","0.00035","-0.00011","0","14.7","Humid","26.25","0","52.00","346420.56","SABD0000000001","AAV1.0.0.11","2.0.0.28","PSt7-10","000000-000","10/20/2017 9:36:39 AM","0000-00","0","no battery","V"
"10/20/2017","11:49:59","5","default","957498349","OXY5","40.351","min","158.609","μmol/L","Humid","20.932","deg","91602","µV","35.944","°C","1018.000","hPa","37.0","pmil","0","55.500","deg","20.000","°C","100.000","%a.s.","22.500","deg","20.000","°C","1013.000","hPa","0.861","-0.02056","0.00035","-0.00011","0","14.7","Humid","26.25","0","52.00","346415.34","SABD0000000001","AAV1.0.0.11","2.0.0.28","PSt7-10","000000-000","10/20/2017 9:36:39 AM","0000-00","0","no battery","V"
"10/20/2017","11:50:00","5","default","957498349","OXY5","40.368","min","158.620","μmol/L","Humid","20.931","deg","91597","µV","35.945","°C","1018.000","hPa","37.0","pmil","0","55.500","deg","20.000","°C","100.000","%a.s.","22.500","deg","20.000","°C","1013.000","hPa","0.861","-0.02056","0.00035","-0.00011","0","14.7","Humid","26.25","0","52.00","346410.04","SABD0000000001","AAV1.0.0.11","2.0.0.28","PSt7-10","000000-000","10/20/2017 9:36:39 AM","0000-00","0","no battery","V"
"10/20/2017","11:50:01","5","default","957498349","OXY5","40.385","min","158.664","μmol/L","Humid","20.930","deg","91605","µV","35.940","°C","1018.000","hPa","37.0","pmil","0","55.500","deg","20.000","°C","100.000","%a.s.","22.500","deg","20.000","°C","1013.000","hPa","0.861","-0.02056","0.00035","-0.00011","0","14.7","Humid","26.25","0","52.00","346422.11","SABD0000000001","AAV1.0.0.11","2.0.0.28","PSt7-10","000000-000","10/20/2017 9:36:39 AM","0000-00","0","no battery","V"
"10/20/2017","11:50:02","5","default","957498349","OXY5","40.401","min","158.644","μmol/L","Humid","20.929","deg","91599","µV","35.945","°C","1018.000","hPa","37.0","pmil","0","55.500","deg","20.000","°C","100.000","%a.s.","22.500","deg","20.000","°C","1013.000","hPa","0.861","-0.02056","0.00035","-0.00011","0","14.7","Humid","26.25","0","52.00","346434.50","SABD0000000001","AAV1.0.0.11","2.0.0.28","PSt7-10","000000-000","10/20/2017 9:36:39 AM","0000-00","0","no battery","V"
"10/20/2017","11:50:03","5","default","957498349","OXY5","40.418","min","158.604","μmol/L","Humid","20.930","deg","91588","µV","35.950","°C","1018.000","hPa","37.0","pmil","0","55.500","deg","20.000","°C","100.000","%a.s.","22.500","deg","20.000","°C","1013.000","hPa","0.861","-0.02056","0.00035","-0.00011","0","14.7","Humid","26.25","0","52.00","346425.97","SABD0000000001","AAV1.0.0.11","2.0.0.28","PSt7-10","000000-000","10/20/2017 9:36:39 AM","0000-00","0","no battery","V"
"10/20/2017","11:50:04","5","default","957498349","OXY5","40.435","min","158.627","μmol/L","Humid","20.926","deg","91590","µV","35.955","°C","1018.000","hPa","37.0","pmil","0","55.500","deg","20.000","°C","100.000","%a.s.","22.500","deg","20.000","°C","1013.000","hPa","0.861","-0.02056","0.00035","-0.00011","0","14.7","Humid","26.25","0","52.00","346422.23","SABD0000000001","AAV1.0.0.11","2.0.0.28","PSt7-10","000000-000","10/20/2017 9:36:39 AM","0000-00","0","no battery","V"
"10/20/2017","11:50:05","5","default","957498349","OXY5","40.451","min","158.600","μmol/L","Humid","20.930","deg","91590","µV","35.950","°C","1018.000","hPa","37.0","pmil","0","55.500","deg","20.000","°C","100.000","%a.s.","22.500","deg","20.000","°C","1013.000","hPa","0.861","-0.02056","0.00035","-0.00011","0","14.7","Humid","26.25","0","52.00","346431.28","SABD0000000001","AAV1.0.0.11","2.0.0.28","PSt7-10","000000-000","10/20/2017 9:36:39 AM","0000-00","0","no battery","V"
"10/20/2017","11:50:06","5","default","957498349","OXY5","40.468","min","158.555","μmol/L","Humid","20.931","deg","91581","µV","35.955","°C","1018.000","hPa","37.0","pmil","0","55.500","deg","20.000","°C","100.000","%a.s.","22.500","deg","20.000","°C","1013.000","hPa","0.861","-0.02056","0.00035","-0.00011","0","14.7","Humid","26.25","0","52.00","346415.04","SABD0000000001","AAV1.0.0.11","2.0.0.28","PSt7-10","000000-000","10/20/2017 9:36:39 AM","0000-00","0","no battery","V"
"10/20/2017","11:50:07","5","default","957498349","OXY5","40.485","min","158.515","μmol/L","Humid","20.934","deg","91587","µV","35.955","°C","1018.000","hPa","37.0","pmil","0","55.500","deg","20.000","°C","100.000","%a.s.","22.500","deg","20.000","°C","1013.000","hPa","0.861","-0.02056","0.00035","-0.00011","0","14.7","Humid","26.25","0","52.00","346410.60","SABD0000000001","AAV1.0.0.11","2.0.0.28","PSt7-10","000000-000","10/20/2017 9:36:39 AM","0000-00","0","no battery","V"
"10/20/2017","11:50:08","5","default","957498349","OXY5","40.501","min","158.494","μmol/L","Humid","20.933","deg","91593","µV","35.961","°C","1018.000","hPa","37.0","pmil","0","55.500","deg","20.000","°C","100.000","%a.s.","22.500","deg","20.000","°C","1013.000","hPa","0.861","-0.02056","0.00035","-0.00011","0","14.7","Humid","26.25","0","52.00","346421.26","SABD0000000001","AAV1.0.0.11","2.0.0.28","PSt7-10","000000-000","10/20/2017 9:36:39 AM","0000-00","0","no battery","V"
"10/20/2017","11:50:09","5","default","957498349","OXY5","40.518","min","158.676","μmol/L","Humid","20.930","deg","91574","µV","35.938","°C","1018.000","hPa","37.0","pmil","0","55.500","deg","20.000","°C","100.000","%a.s.","22.500","deg","20.000","°C","1013.000","hPa","0.861","-0.02056","0.00035","-0.00011","0","14.7","Humid","26.25","0","52.00","346409.69","SABD0000000001","AAV1.0.0.11","2.0.0.28","PSt7-10","000000-000","10/20/2017 9:36:39 AM","0000-00","0","no battery","V"
"10/20/2017","11:50:10","5","default","957498349","OXY5","40.535","min","158.539","μmol/L","Humid","20.932","deg","91580","µV","35.956","°C","1018.000","hPa","37.0","pmil","0","55.500","deg","20.000","°C","100.000","%a.s.","22.500","deg","20.000","°C","1013.000","hPa","0.861","-0.02056","0.00035","-0.00011","0","14.7","Humid","26.25","0","52.00","346400.16","SABD0000000001","AAV1.0.0.11","2.0.0.28","PSt7-10","000000-000","10/20/2017 9:36:39 AM","0000-00","0","no battery","V"
"10/20/2017","11:50:11","5","default","957498349","OXY5","40.551","min","158.598","μmol/L","Humid","20.927","deg","91577","µV","35.958","°C","1018.000","hPa","37.0","pmil","0","55.500","deg","20.000","°C","100.000","%a.s.","22.500","deg","20.000","°C","1013.000","hPa","0.861","-0.02056","0.00035","-0.00011","0","14.7","Humid","26.25","0","52.00","346416.31","SABD0000000001","AAV1.0.0.11","2.0.0.28","PSt7-10","000000-000","10/20/2017 9:36:39 AM","0000-00","0","no battery","V"
"10/20/2017","11:50:12","5","default","957498349","OXY5","40.568","min","158.521","μmol/L","Humid","20.933","deg","91578","µV","35.956","°C","1018.000","hPa","37.0","pmil","0","55.500","deg","20.000","°C","100.000","%a.s.","22.500","deg","20.000","°C","1013.000","hPa","0.861","-0.02056","0.00035","-0.00011","0","14.7","Humid","26.25","0","52.00","346415.00","SABD0000000001","AAV1.0.0.11","2.0.0.28","PSt7-10","000000-000","10/20/2017 9:36:39 AM","0000-00","0","no battery","V"
"10/20/2017","11:50:13","5","default","957498349","OXY5","40.585","min","158.567","μmol/L","Humid","20.927","deg","91567","µV","35.963","°C","1018.000","hPa","37.0","pmil","0","55.500","deg","20.000","°C","100.000","%a.s.","22.500","deg","20.000","°C","1013.000","hPa","0.861","-0.02056","0.00035","-0.00011","0","14.7","Humid","26.25","0","52.00","346414.29","SABD0000000001","AAV1.0.0.11","2.0.0.28","PSt7-10","000000-000","10/20/2017 9:36:39 AM","0000-00","0","no battery","V"
"10/20/2017","11:50:14","5","default","957498349","OXY5","40.601","min","158.644","μmol/L","Humid","20.925","deg","91568","µV","35.955","°C","1018.000","hPa","37.0","pmil","0","55.500","deg","20.000","°C","100.000","%a.s.","22.500","deg","20.000","°C","1013.000","hPa","0.861","-0.02056","0.00035","-0.00011","0","14.7","Humid","26.25","0","52.00","346407.18","SABD0000000001","AAV1.0.0.11","2.0.0.28","PSt7-10","000000-000","10/20/2017 9:36:39 AM","0000-00","0","no battery","V"
"10/20/2017","11:50:15","5","default","957498349","OXY5","40.618","min","158.500","μmol/L","Humid","20.935","deg","91571","µV","35.955","°C","1018.000","hPa","37.0","pmil","0","55.500","deg","20.000","°C","100.000","%a.s.","22.500","deg","20.000","°C","1013.000","hPa","0.861","-0.02056","0.00035","-0.00011","0","14.7","Humid","26.25","0","52.00","346421.09","SABD0000000001","AAV1.0.0.11","2.0.0.28","PSt7-10","000000-000","10/20/2017 9:36:39 AM","0000-00","0","no battery","V"
"10/20/2017","11:50:16","5","default","957498349","OXY5","40.635","min","158.612","μmol/L","Humid","20.931","deg","91571","µV","35.946","°C","1018.000","hPa","37.0","pmil","0","55.500","deg","20.000","°C","100.000","%a.s.","22.500","deg","20.000","°C","1013.000","hPa","0.861","-0.02056","0.00035","-0.00011","0","14.7","Humid","26.25","0","52.00","346412.28","SABD0000000001","AAV1.0.0.11","2.0.0.28","PSt7-10","000000-000","10/20/2017 9:36:39 AM","0000-00","0","no battery","V"
"10/20/2017","11:50:17","5","default","957498349","OXY5","40.651","min","158.713","μmol/L","Humid","20.928","deg","91563","µV","35.936","°C","1018.000","hPa","37.0","pmil","0","55.500","deg","20.000","°C","100.000","%a.s.","22.500","deg","20.000","°C","1013.000","hPa","0.861","-0.02056","0.00035","-0.00011","0","14.7","Humid","26.25","0","52.00","346391.27","SABD0000000001","AAV1.0.0.11","2.0.0.28","PSt7-10","000000-000","10/20/2017 9:36:39 AM","0000-00","0","no battery","V"
"10/20/2017","11:50:18","5","default","957498349","OXY5","40.668","min","158.571","μmol/L","Humid","20.934","deg","91571","µV","35.946","°C","1018.000","hPa","37.0","pmil","0","55.500","deg","20.000","°C","100.000","%a.s.","22.500","deg","20.000","°C","1013.000","hPa","0.861","-0.02056","0.00035","-0.00011","0","14.7","Humid","26.25","0","52.00","346416.90","SABD0000000001","AAV1.0.0.11","2.0.0.28","PSt7-10","000000-000","10/20/2017 9:36:39 AM","0000-00","0","no battery","V"
"10/20/2017","11:50:19","5","default","957498349","OXY5","40.685","min","158.672","μmol/L","Humid","20.931","deg","91564","µV","35.936","°C","1018.000","hPa","37.0","pmil","0","55.500","deg","20.000","°C","100.000","%a.s.","22.500","deg","20.000","°C","1013.000","hPa","0.861","-0.02056","0.00035","-0.00011","0","14.7","Humid","26.25","0","52.00","346402.70","SABD0000000001","AAV1.0.0.11","2.0.0.28","PSt7-10","000000-000","10/20/2017 9:36:39 AM","0000-00","0","no battery","V"
"10/20/2017","11:50:20","5","default","957498349","OXY5","40.701","min","158.712","μmol/L","Humid","20.922","deg","91560","µV","35.951","°C","1018.000","hPa","37.0","pmil","0","55.500","deg","20.000","°C","100.000","%a.s.","22.500","deg","20.000","°C","1013.000","hPa","0.861","-0.02056","0.00035","-0.00011","0","14.7","Humid","26.25","0","52.00","346413.14","SABD0000000001","AAV1.0.0.11","2.0.0.28","PSt7-10","000000-000","10/20/2017 9:36:39 AM","0000-00","0","no battery","V"
"10/20/2017","11:50:21","5","default","957498349","OXY5","40.718","min","158.579","μmol/L","Humid","20.930","deg","91556","µV","35.954","°C","1018.000","hPa","37.0","pmil","0","55.500","deg","20.000","°C","100.000","%a.s.","22.500","deg","20.000","°C","1013.000","hPa","0.861","-0.02056","0.00035","-0.00011","0","14.7","Humid","26.25","0","52.00","346406.90","SABD0000000001","AAV1.0.0.11","2.0.0.28","PSt7-10","000000-000","10/20/2017 9:36:39 AM","0000-00","0","no battery","V"
"10/20/2017","11:50:22","5","default","957498349","OXY5","40.735","min","158.571","μmol/L","Humid","20.929","deg","91555","µV","35.958","°C","1018.000","hPa","37.0","pmil","0","55.500","deg","20.000","°C","100.000","%a.s.","22.500","deg","20.000","°C","1013.000","hPa","0.861","-0.02056","0.00035","-0.00011","0","14.7","Humid","26.25","0","52.00","346403.47","SABD0000000001","AAV1.0.0.11","2.0.0.28","PSt7-10","000000-000","10/20/2017 9:36:39 AM","0000-00","0","no battery","V"
"10/20/2017","11:50:23","5","default","957498349","OXY5","40.751","min","158.578","μmol/L","Humid","20.929","deg","91565","µV","35.956","°C","1018.000","hPa","37.0","pmil","0","55.500","deg","20.000","°C","100.000","%a.s.","22.500","deg","20.000","°C","1013.000","hPa","0.861","-0.02056","0.00035","-0.00011","0","14.7","Humid","26.25","0","52.00","346410.26","SABD0000000001","AAV1.0.0.11","2.0.0.28","PSt7-10","000000-000","10/20/2017 9:36:39 AM","0000-00","0","no battery","V"
"10/20/2017","11:50:24","5","default","957498349","OXY5","40.768","min","158.566","μmol/L","Humid","20.926","deg","91542","µV","35.966","°C","1018.000","hPa","37.0","pmil","0","55.500","deg","20.000","°C","100.000","%a.s.","22.500","deg","20.000","°C","1013.000","hPa","0.861","-0.02056","0.00035","-0.00011","0","14.7","Humid","26.25","0","52.00","346401.38","SABD0000000001","AAV1.0.0.11","2.0.0.28","PSt7-10","000000-000","10/20/2017 9:36:39 AM","0000-00","0","no battery","V"
"10/20/2017","11:50:25","5","default","957498349","OXY5","40.785","min","158.603","μmol/L","Humid","20.926","deg","91552","µV","35.959","°C","1018.000","hPa","37.0","pmil","0","55.500","deg","20.000","°C","100.000","%a.s.","22.500","deg","20.000","°C","1013.000","hPa","0.861","-0.02056","0.00035","-0.00011","0","14.7","Humid","26.25","0","52.00","346407.30","SABD0000000001","AAV1.0.0.11","2.0.0.28","PSt7-10","000000-000","10/20/2017 9:36:39 AM","0000-00","0","no battery","V"
"10/20/2017","11:50:26","5","default","957498349","OXY5","40.801","min","158.564","μmol/L","Humid","20.929","deg","91554","µV","35.959","°C","1018.000","hPa","37.0","pmil","0","55.500","deg","20.000","°C","100.000","%a.s.","22.500","deg","20.000","°C","1013.000","hPa","0.861","-0.02056","0.00035","-0.00011","0","14.7","Humid","26.25","0","52.00","346403.79","SABD0000000001","AAV1.0.0.11","2.0.0.28","PSt7-10","000000-000","10/20/2017 9:36:39 AM","0000-00","0","no battery","V"
"10/20/2017","11:50:27","5","default","957498349","OXY5","40.818","min","158.572","μmol/L","Humid","20.929","deg","91549","µV","35.957","°C","1018.000","hPa","37.0","pmil","0","55.500","deg","20.000","°C","100.000","%a.s.","22.500","deg","20.000","°C","1013.000","hPa","0.861","-0.02056","0.00035","-0.00011","0","14.7","Humid","26.25","0","52.00","346405.49","SABD0000000001","AAV1.0.0.11","2.0.0.28","PSt7-10","000000-000","10/20/2017 9:36:39 AM","0000-00","0","no battery","V"
"10/20/2017","11:50:28","5","default","957498349","OXY5","40.835","min","158.601","μmol/L","Humid","20.930","deg","91551","µV","35.950","°C","1018.000","hPa","37.0","pmil","0","55.500","deg","20.000","°C","100.000","%a.s.","22.500","deg","20.000","°C","1013.000","hPa","0.861","-0.02056","0.00035","-0.00011","0","14.7","Humid","26.25","0","52.00","346394.62","SABD0000000001","AAV1.0.0.11","2.0.0.28","PSt7-10","000000-000","10/20/2017 9:36:39 AM","0000-00","0","no battery","V"
"10/20/2017","11:50:29","5","default","957498349","OXY5","40.851","min","158.574","μmol/L","Humid","20.933","deg","91547","µV","35.948","°C","1018.000","hPa","37.0","pmil","0","55.500","deg","20.000","°C","100.000","%a.s.","22.500","deg","20.000","°C","1013.000","hPa","0.861","-0.02056","0.00035","-0.00011","0","14.7","Humid","26.25","0","52.00","346401.22","SABD0000000001","AAV1.0.0.11","2.0.0.28","PSt7-10","000000-000","10/20/2017 9:36:39 AM","0000-00","0","no battery","V"
"10/20/2017","11:50:30","5","default","957498349","OXY5","40.868","min","158.658","μmol/L","Humid","20.930","deg","91536","µV","35.941","°C","1018.000","hPa","37.0","pmil","0","55.500","deg","20.000","°C","100.000","%a.s.","22.500","deg","20.000","°C","1013.000","hPa","0.861","-0.02056","0.00035","-0.00011","0","14.7","Humid","26.25","0","52.00","346390.22","SABD0000000001","AAV1.0.0.11","2.0.0.28","PSt7-10","000000-000","10/20/2017 9:36:39 AM","0000-00","0","no battery","V"
"10/20/2017","11:50:31","5","default","957498349","OXY5","40.885","min","158.646","μmol/L","Humid","20.931","deg","91538","µV","35.940","°C","1018.000","hPa","37.0","pmil","0","55.500","deg","20.000","°C","100.000","%a.s.","22.500","deg","20.000","°C","1013.000","hPa","0.861","-0.02056","0.00035","-0.00011","0","14.7","Humid","26.25","0","52.00","346397.29","SABD0000000001","AAV1.0.0.11","2.0.0.28","PSt7-10","000000-000","10/20/2017 9:36:39 AM","0000-00","0","no battery","V"
"10/20/2017","11:50:32","5","default","957498349","OXY5","40.901","min","158.620","μmol/L","Humid","20.931","deg","91532","µV","35.945","°C","1018.000","hPa","37.0","pmil","0","55.500","deg","20.000","°C","100.000","%a.s.","22.500","deg","20.000","°C","1013.000","hPa","0.861","-0.02056","0.00035","-0.00011","0","14.7","Humid","26.25","0","52.00","346390.73","SABD0000000001","AAV1.0.0.11","2.0.0.28","PSt7-10","000000-000","10/20/2017 9:36:39 AM","0000-00","0","no battery","V"
"10/20/2017","11:50:33","5","default","957498349","OXY5","40.918","min","158.503","μmol/L","Humid","20.932","deg","91532","µV","35.962","°C","1018.000","hPa","37.0","pmil","0","55.500","deg","20.000","°C","100.000","%a.s.","22.500","deg","20.000","°C","1013.000","hPa","0.861","-0.02056","0.00035","-0.00011","0","14.7","Humid","26.25","0","52.00","346389.53","SABD0000000001","AAV1.0.0.11","2.0.0.28","PSt7-10","000000-000","10/20/2017 9:36:39 AM","0000-00","0","no battery","V"
"10/20/2017","11:50:34","5","default","957498349","OXY5","40.935","min","158.553","μmol/L","Humid","20.930","deg","91534","µV","35.958","°C","1018.000","hPa","37.0","pmil","0","55.500","deg","20.000","°C","100.000","%a.s.","22.500","deg","20.000","°C","1013.000","hPa","0.861","-0.02056","0.00035","-0.00011","0","14.7","Humid","26.25","0","52.00","346396.80","SABD0000000001","AAV1.0.0.11","2.0.0.28","PSt7-10","000000-000","10/20/2017 9:36:39 AM","0000-00","0","no battery","V"
"10/20/2017","11:50:35","5","default","957498349","OXY5","40.951","min","158.641","μmol/L","Humid","20.929","deg","91525","µV","35.946","°C","1018.000","hPa","37.0","pmil","0","55.500","deg","20.000","°C","100.000","%a.s.","22.500","deg","20.000","°C","1013.000","hPa","0.861","-0.02056","0.00035","-0.00011","0","14.7","Humid","26.25","0","52.00","346380.53","SABD0000000001","AAV1.0.0.11","2.0.0.28","PSt7-10","000000-000","10/20/2017 9:36:39 AM","0000-00","0","no battery","V"
"10/20/2017","11:50:36","5","default","957498349","OXY5","40.968","min","158.683","μmol/L","Humid","20.926","deg","91528","µV","35.946","°C","1018.000","hPa","37.0","pmil","0","55.500","deg","20.000","°C","100.000","%a.s.","22.500","deg","20.000","°C","1013.000","hPa","0.861","-0.02056","0.00035","-0.00011","0","14.7","Humid","26.25","0","52.00","346393.38","SABD0000000001","AAV1.0.0.11","2.0.0.28","PSt7-10","000000-000","10/20/2017 9:36:39 AM","0000-00","0","no battery","V"
"10/20/2017","11:50:37","5","default","957498349","OXY5","40.985","min","158.554","μmol/L","Humid","20.929","deg","91525","µV","35.960","°C","1018.000","hPa","37.0","pmil","0","55.500","deg","20.000","°C","100.000","%a.s.","22.500","deg","20.000","°C","1013.000","hPa","0.861","-0.02056","0.00035","-0.00011","0","14.7","Humid","26.25","0","52.00","346375.66","SABD0000000001","AAV1.0.0.11","2.0.0.28","PSt7-10","000000-000","10/20/2017 9:36:39 AM","0000-00","0","no battery","V"
"10/20/2017","11:50:38","5","default","957498349","OXY5","41.001","min","158.598","μmol/L","Humid","20.929","deg","91512","µV","35.953","°C","1018.000","hPa","37.0","pmil","0","55.500","deg","20.000","°C","100.000","%a.s.","22.500","deg","20.000","°C","1013.000","hPa","0.861","-0.02056","0.00035","-0.00011","0","14.7","Humid","26.25","0","52.00","346392.29","SABD0000000001","AAV1.0.0.11","2.0.0.28","PSt7-10","000000-000","10/20/2017 9:36:39 AM","0000-00","0","no battery","V"
"10/20/2017","11:50:39","5","default","957498349","OXY5","41.018","min","158.667","μmol/L","Humid","20.928","deg","91514","µV","35.944","°C","1018.000","hPa","37.0","pmil","0","55.500","deg","20.000","°C","100.000","%a.s.","22.500","deg","20.000","°C","1013.000","hPa","0.861","-0.02056","0.00035","-0.00011","0","14.7","Humid","26.25","0","52.00","346383.06","SABD0000000001","AAV1.0.0.11","2.0.0.28","PSt7-10","000000-000","10/20/2017 9:36:39 AM","0000-00","0","no battery","V"
"10/20/2017","11:50:40","5","default","957498349","OXY5","41.035","min","158.690","μmol/L","Humid","20.926","deg","91511","µV","35.945","°C","1018.000","hPa","37.0","pmil","0","55.500","deg","20.000","°C","100.000","%a.s.","22.500","deg","20.000","°C","1013.000","hPa","0.861","-0.02056","0.00035","-0.00011","0","14.7","Humid","26.25","0","52.00","346377.31","SABD0000000001","AAV1.0.0.11","2.0.0.28","PSt7-10","000000-000","10/20/2017 9:36:39 AM","0000-00","0","no battery","V"
"10/20/2017","11:50:41","5","default","957498349","OXY5","41.051","min","158.538","μmol/L","Humid","20.930","deg","91512","µV","35.961","°C","1018.000","hPa","37.0","pmil","0","55.500","deg","20.000","°C","100.000","%a.s.","22.500","deg","20.000","°C","1013.000","hPa","0.861","-0.02056","0.00035","-0.00011","0","14.7","Humid","26.25","0","52.00","346371.27","SABD0000000001","AAV1.0.0.11","2.0.0.28","PSt7-10","000000-000","10/20/2017 9:36:39 AM","0000-00","0","no battery","V"
"10/20/2017","11:50:42","5","default","957498349","OXY5","41.068","min","158.538","μmol/L","Humid","20.931","deg","91508","µV","35.958","°C","1018.000","hPa","37.0","pmil","0","55.500","deg","20.000","°C","100.000","%a.s.","22.500","deg","20.000","°C","1013.000","hPa","0.861","-0.02056","0.00035","-0.00011","0","14.7","Humid","26.25","0","52.00","346385.34","SABD0000000001","AAV1.0.0.11","2.0.0.28","PSt7-10","000000-000","10/20/2017 9:36:39 AM","0000-00","0","no battery","V"
"10/20/2017","11:50:43","5","default","957498349","OXY5","41.085","min","158.597","μmol/L","Humid","20.927","deg","91513","µV","35.958","°C","1018.000","hPa","37.0","pmil","0","55.500","deg","20.000","°C","100.000","%a.s.","22.500","deg","20.000","°C","1013.000","hPa","0.861","-0.02056","0.00035","-0.00011","0","14.7","Humid","26.25","0","52.00","346380.33","SABD0000000001","AAV1.0.0.11","2.0.0.28","PSt7-10","000000-000","10/20/2017 9:36:39 AM","0000-00","0","no battery","V"
"10/20/2017","11:50:44","5","default","957498349","OXY5","41.101","min","158.552","μmol/L","Humid","20.931","deg","91505","µV","35.956","°C","1018.000","hPa","37.0","pmil","0","55.500","deg","20.000","°C","100.000","%a.s.","22.500","deg","20.000","°C","1013.000","hPa","0.861","-0.02056","0.00035","-0.00011","0","14.7","Humid","26.25","0","52.00","346401.02","SABD0000000001","AAV1.0.0.11","2.0.0.28","PSt7-10","000000-000","10/20/2017 9:36:39 AM","0000-00","0","no battery","V"
"10/20/2017","11:50:45","5","default","957498349","OXY5","41.118","min","158.620","μmol/L","Humid","20.924","deg","91504","µV","35.961","°C","1018.000","hPa","37.0","pmil","0","55.500","deg","20.000","°C","100.000","%a.s.","22.500","deg","20.000","°C","1013.000","hPa","0.861","-0.02056","0.00035","-0.00011","0","14.7","Humid","26.25","0","52.00","346386.85","SABD0000000001","AAV1.0.0.11","2.0.0.28","PSt7-10","000000-000","10/20/2017 9:36:39 AM","0000-00","0","no battery","V"
"10/20/2017","11:50:46","5","default","957498349","OXY5","41.135","min","158.647","μmol/L","Humid","20.925","deg","91500","µV","35.954","°C","1018.000","hPa","37.0","pmil","0","55.500","deg","20.000","°C","100.000","%a.s.","22.500","deg","20.000","°C","1013.000","hPa","0.861","-0.02056","0.00035","-0.00011","0","14.7","Humid","26.25","0","52.00","346387.48","SABD0000000001","AAV1.0.0.11","2.0.0.28","PSt7-10","000000-000","10/20/2017 9:36:39 AM","0000-00","0","no battery","V"
"10/20/2017","11:50:47","5","default","957498349","OXY5","41.151","min","158.686","μmol/L","Humid","20.926","deg","91497","µV","35.946","°C","1018.000","hPa","37.0","pmil","0","55.500","deg","20.000","°C","100.000","%a.s.","22.500","deg","20.000","°C","1013.000","hPa","0.861","-0.02056","0.00035","-0.00011","0","14.7","Humid","26.25","0","52.00","346374.60","SABD0000000001","AAV1.0.0.11","2.0.0.28","PSt7-10","000000-000","10/20/2017 9:36:39 AM","0000-00","0","no battery","V"
"10/20/2017","11:50:48","5","default","957498349","OXY5","41.168","min","158.594","μmol/L","Humid","20.927","deg","91495","µV","35.959","°C","1018.000","hPa","37.0","pmil","0","55.500","deg","20.000","°C","100.000","%a.s.","22.500","deg","20.000","°C","1013.000","hPa","0.861","-0.02056","0.00035","-0.00011","0","14.7","Humid","26.25","0","52.00","346373.39","SABD0000000001","AAV1.0.0.11","2.0.0.28","PSt7-10","000000-000","10/20/2017 9:36:39 AM","0000-00","0","no battery","V"
"10/20/2017","11:50:49","5","default","957498349","OXY5","41.185","min","158.732","μmol/L","Humid","20.923","deg","91498","µV","35.945","°C","1018.000","hPa","37.0","pmil","0","55.500","deg","20.000","°C","100.000","%a.s.","22.500","deg","20.000","°C","1013.000","hPa","0.861","-0.02056","0.00035","-0.00011","0","14.7","Humid","26.25","0","52.00","346374.16","SABD0000000001","AAV1.0.0.11","2.0.0.28","PSt7-10","000000-000","10/20/2017 9:36:39 AM","0000-00","0","no battery","V"
"10/20/2017","11:50:50","5","default","957498349","OXY5","41.201","min","158.540","μmol/L","Humid","20.928","deg","91494","µV","35.965","°C","1018.000","hPa","37.0","pmil","0","55.500","deg","20.000","°C","100.000","%a.s.","22.500","deg","20.000","°C","1013.000","hPa","0.861","-0.02056","0.00035","-0.00011","0","14.7","Humid","26.25","0","52.00","346373.60","SABD0000000001","AAV1.0.0.11","2.0.0.28","PSt7-10","000000-000","10/20/2017 9:36:39 AM","0000-00","0","no battery","V"
"10/20/2017","11:50:51","5","default","957498349","OXY5","41.218","min","158.485","μmol/L","Humid","20.931","deg","91495","µV","35.967","°C","1018.000","hPa","37.0","pmil","0","55.500","deg","20.000","°C","100.000","%a.s.","22.500","deg","20.000","°C","1013.000","hPa","0.861","-0.02056","0.00035","-0.00011","0","14.7","Humid","26.25","0","52.00","346370.92","SABD0000000001","AAV1.0.0.11","2.0.0.28","PSt7-10","000000-000","10/20/2017 9:36:39 AM","0000-00","0","no battery","V"
"10/20/2017","11:50:52","5","default","957498349","OXY5","41.235","min","158.526","μmol/L","Humid","20.929","deg","91488","µV","35.965","°C","1018.000","hPa","37.0","pmil","0","55.500","deg","20.000","°C","100.000","%a.s.","22.500","deg","20.000","°C","1013.000","hPa","0.861","-0.02056","0.00035","-0.00011","0","14.7","Humid","26.25","0","52.00","346376.83","SABD0000000001","AAV1.0.0.11","2.0.0.28","PSt7-10","000000-000","10/20/2017 9:36:39 AM","0000-00","0","no battery","V"
"10/20/2017","11:50:53","5","default","957498349","OXY5","41.251","min","158.609","μmol/L","Humid","20.925","deg","91483","µV","35.961","°C","1018.000","hPa","37.0","pmil","0","55.500","deg","20.000","°C","100.000","%a.s.","22.500","deg","20.000","°C","1013.000","hPa","0.861","-0.02056","0.00035","-0.00011","0","14.7","Humid","26.25","0","52.00","346379.34","SABD0000000001","AAV1.0.0.11","2.0.0.28","PSt7-10","000000-000","10/20/2017 9:36:39 AM","0000-00","0","no battery","V"
"10/20/2017","11:50:54","5","default","957498349","OXY5","41.268","min","158.600","μmol/L","Humid","20.929","deg","91488","µV","35.953","°C","1018.000","hPa","37.0","pmil","0","55.500","deg","20.000","°C","100.000","%a.s.","22.500","deg","20.000","°C","1013.000","hPa","0.861","-0.02056","0.00035","-0.00011","0","14.7","Humid","26.25","0","52.00","346373.54","SABD0000000001","AAV1.0.0.11","2.0.0.28","PSt7-10","000000-000","10/20/2017 9:36:39 AM","0000-00","0","no battery","V"
"10/20/2017","11:50:55","5","default","957498349","OXY5","41.285","min","158.608","μmol/L","Humid","20.926","deg","91475","µV","35.959","°C","1018.000","hPa","37.0","pmil","0","55.500","deg","20.000","°C","100.000","%a.s.","22.500","deg","20.000","°C","1013.000","hPa","0.861","-0.02056","0.00035","-0.00011","0","14.7","Humid","26.25","0","52.00","346375.26","SABD0000000001","AAV1.0.0.11","2.0.0.28","PSt7-10","000000-000","10/20/2017 9:36:39 AM","0000-00","0","no battery","V"
"10/20/2017","11:50:56","5","default","957498349","OXY5","41.301","min","158.594","μmol/L","Humid","20.926","deg","91479","µV","35.961","°C","1018.000","hPa","37.0","pmil","0","55.500","deg","20.000","°C","100.000","%a.s.","22.500","deg","20.000","°C","1013.000","hPa","0.861","-0.02056","0.00035","-0.00011","0","14.7","Humid","26.25","0","52.00","346368.05","SABD0000000001","AAV1.0.0.11","2.0.0.28","PSt7-10","000000-000","10/20/2017 9:36:39 AM","0000-00","0","no battery","V"
"10/20/2017","11:50:57","5","default","957498349","OXY5","41.318","min","158.603","μmol/L","Humid","20.926","deg","91475","µV","35.959","°C","1018.000","hPa","37.0","pmil","0","55.500","deg","20.000","°C","100.000","%a.s.","22.500","deg","20.000","°C","1013.000","hPa","0.861","-0.02056","0.00035","-0.00011","0","14.7","Humid","26.25","0","52.00","346369.28","SABD0000000001","AAV1.0.0.11","2.0.0.28","PSt7-10","000000-000","10/20/2017 9:36:39 AM","0000-00","0","no battery","V"
"10/20/2017","11:50:58","5","default","957498349","OXY5","41.335","min","158.749","μmol/L","Humid","20.926","deg","91470","µV","35.935","°C","1018.000","hPa","37.0","pmil","0","55.500","deg","20.000","°C","100.000","%a.s.","22.500","deg","20.000","°C","1013.000","hPa","0.861","-0.02056","0.00035","-0.00011","0","14.7","Humid","26.25","0","52.00","346377.65","SABD0000000001","AAV1.0.0.11","2.0.0.28","PSt7-10","000000-000","10/20/2017 9:36:39 AM","0000-00","0","no battery","V"
"10/20/2017","11:50:59","5","default","957498349","OXY5","41.351","min","158.627","μmol/L","Humid","20.926","deg","91474","µV","35.955","°C","1018.000","hPa","37.0","pmil","0","55.500","deg","20.000","°C","100.000","%a.s.","22.500","deg","20.000","°C","1013.000","hPa","0.861","-0.02056","0.00035","-0.00011","0","14.7","Humid","26.25","0","52.00","346365.30","SABD0000000001","AAV1.0.0.11","2.0.0.28","PSt7-10","000000-000","10/20/2017 9:36:39 AM","0000-00","0","no battery","V"
"10/20/2017","11:51:00","5","default","957498349","OXY5","41.368","min","158.552","μmol/L","Humid","20.926","deg","91477","µV","35.968","°C","1018.000","hPa","37.0","pmil","0","55.500","deg","20.000","°C","100.000","%a.s.","22.500","deg","20.000","°C","1013.000","hPa","0.861","-0.02056","0.00035","-0.00011","0","14.7","Humid","26.25","0","52.00","346359.47","SABD0000000001","AAV1.0.0.11","2.0.0.28","PSt7-10","000000-000","10/20/2017 9:36:39 AM","0000-00","0","no battery","V"
"10/20/2017","11:51:01","5","default","957498349","OXY5","41.385","min","158.594","μmol/L","Humid","20.924","deg","91470","µV","35.966","°C","1018.000","hPa","37.0","pmil","0","55.500","deg","20.000","°C","100.000","%a.s.","22.500","deg","20.000","°C","1013.000","hPa","0.861","-0.02056","0.00035","-0.00011","0","14.7","Humid","26.25","0","52.00","346350.64","SABD0000000001","AAV1.0.0.11","2.0.0.28","PSt7-10","000000-000","10/20/2017 9:36:39 AM","0000-00","0","no battery","V"
"10/20/2017","11:51:02","5","default","957498349","OXY5","41.401","min","158.554","μmol/L","Humid","20.929","deg","91466","µV","35.960","°C","1018.000","hPa","37.0","pmil","0","55.500","deg","20.000","°C","100.000","%a.s.","22.500","deg","20.000","°C","1013.000","hPa","0.861","-0.02056","0.00035","-0.00011","0","14.7","Humid","26.25","0","52.00","346352.00","SABD0000000001","AAV1.0.0.11","2.0.0.28","PSt7-10","000000-000","10/20/2017 9:36:39 AM","0000-00","0","no battery","V"
"10/20/2017","11:51:03","5","default","957498349","OXY5","41.418","min","158.548","μmol/L","Humid","20.926","deg","91472","µV","35.968","°C","1018.000","hPa","37.0","pmil","0","55.500","deg","20.000","°C","100.000","%a.s.","22.500","deg","20.000","°C","1013.000","hPa","0.861","-0.02056","0.00035","-0.00011","0","14.7","Humid","26.25","0","52.00","346359.40","SABD0000000001","AAV1.0.0.11","2.0.0.28","PSt7-10","000000-000","10/20/2017 9:36:39 AM","0000-00","0","no battery","V"
"10/20/2017","11:51:04","5","default","957498349","OXY5","41.435","min","158.567","μmol/L","Humid","20.929","deg","91467","µV","35.958","°C","1018.000","hPa","37.0","pmil","0","55.500","deg","20.000","°C","100.000","%a.s.","22.500","deg","20.000","°C","1013.000","hPa","0.861","-0.02056","0.00035","-0.00011","0","14.7","Humid","26.25","0","52.00","346357.82","SABD0000000001","AAV1.0.0.11","2.0.0.28","PSt7-10","000000-000","10/20/2017 9:36:39 AM","0000-00","0","no battery","V"
"10/20/2017","11:51:05","5","default","957498349","OXY5","41.452","min","158.533","μmol/L","Humid","20.931","deg","91466","µV","35.959","°C","1018.000","hPa","37.0","pmil","0","55.500","deg","20.000","°C","100.000","%a.s.","22.500","deg","20.000","°C","1013.000","hPa","0.861","-0.02056","0.00035","-0.00011","0","14.7","Humid","26.25","0","52.00","346354.93","SABD0000000001","AAV1.0.0.11","2.0.0.28","PSt7-10","000000-000","10/20/2017 9:36:39 AM","0000-00","0","no battery","V"
"10/20/2017","11:51:06","5","default","957498349","OXY5","41.468","min","158.735","μmol/L","Humid","20.925","deg","91451","µV","35.940","°C","1018.000","hPa","37.0","pmil","0","55.500","deg","20.000","°C","100.000","%a.s.","22.500","deg","20.000","°C","1013.000","hPa","0.861","-0.02056","0.00035","-0.00011","0","14.7","Humid","26.25","0","52.00","346367.68","SABD0000000001","AAV1.0.0.11","2.0.0.28","PSt7-10","000000-000","10/20/2017 9:36:39 AM","0000-00","0","no battery","V"
"10/20/2017","11:51:07","5","default","957498349","OXY5","41.485","min","158.614","μmol/L","Humid","20.926","deg","91459","µV","35.958","°C","1018.000","hPa","37.0","pmil","0","55.500","deg","20.000","°C","100.000","%a.s.","22.500","deg","20.000","°C","1013.000","hPa","0.861","-0.02056","0.00035","-0.00011","0","14.7","Humid","26.25","0","52.00","346376.27","SABD0000000001","AAV1.0.0.11","2.0.0.28","PSt7-10","000000-000","10/20/2017 9:36:39 AM","0000-00","0","no battery","V"
"10/20/2017","11:51:08","5","default","957498349","OXY5","41.502","min","158.658","μmol/L","Humid","20.924","deg","91460","µV","35.955","°C","1018.000","hPa","37.0","pmil","0","55.500","deg","20.000","°C","100.000","%a.s.","22.500","deg","20.000","°C","1013.000","hPa","0.861","-0.02056","0.00035","-0.00011","0","14.7","Humid","26.25","0","52.00","346360.96","SABD0000000001","AAV1.0.0.11","2.0.0.28","PSt7-10","000000-000","10/20/2017 9:36:39 AM","0000-00","0","no battery","V"
"10/20/2017","11:51:09","5","default","957498349","OXY5","41.518","min","158.539","μmol/L","Humid","20.930","deg","91443","µV","35.961","°C","1018.000","hPa","37.0","pmil","0","55.500","deg","20.000","°C","100.000","%a.s.","22.500","deg","20.000","°C","1013.000","hPa","0.861","-0.02056","0.00035","-0.00011","0","14.7","Humid","26.25","0","52.00","346340.39","SABD0000000001","AAV1.0.0.11","2.0.0.28","PSt7-10","000000-000","10/20/2017 9:36:39 AM","0000-00","0","no battery","V"
"10/20/2017","11:51:10","5","default","957498349","OXY5","41.535","min","158.592","μmol/L","Humid","20.926","deg","91451","µV","35.961","°C","1018.000","hPa","37.0","pmil","0","55.500","deg","20.000","°C","100.000","%a.s.","22.500","deg","20.000","°C","1013.000","hPa","0.861","-0.02056","0.00035","-0.00011","0","14.7","Humid","26.25","0","52.00","346357.21","SABD0000000001","AAV1.0.0.11","2.0.0.28","PSt7-10","000000-000","10/20/2017 9:36:39 AM","0000-00","0","no battery","V"
"10/20/2017","11:51:11","5","default","957498349","OXY5","41.552","min","158.651","μmol/L","Humid","20.926","deg","91447","µV","35.951","°C","1018.000","hPa","37.0","pmil","0","55.500","deg","20.000","°C","100.000","%a.s.","22.500","deg","20.000","°C","1013.000","hPa","0.861","-0.02056","0.00035","-0.00011","0","14.7","Humid","26.25","0","52.00","346351.68","SABD0000000001","AAV1.0.0.11","2.0.0.28","PSt7-10","000000-000","10/20/2017 9:36:39 AM","0000-00","0","no battery","V"
"10/20/2017","11:51:12","5","default","957498349","OXY5","41.568","min","158.528","μmol/L","Humid","20.930","deg","91450","µV","35.962","°C","1018.000","hPa","37.0","pmil","0","55.500","deg","20.000","°C","100.000","%a.s.","22.500","deg","20.000","°C","1013.000","hPa","0.861","-0.02056","0.00035","-0.00011","0","14.7","Humid","26.25","0","52.00","346351.79","SABD0000000001","AAV1.0.0.11","2.0.0.28","PSt7-10","000000-000","10/20/2017 9:36:39 AM","0000-00","0","no battery","V"
"10/20/2017","11:51:13","5","default","957498349","OXY5","41.585","min","158.653","μmol/L","Humid","20.925","deg","91440","µV","35.953","°C","1018.000","hPa","37.0","pmil","0","55.500","deg","20.000","°C","100.000","%a.s.","22.500","deg","20.000","°C","1013.000","hPa","0.861","-0.02056","0.00035","-0.00011","0","14.7","Humid","26.25","0","52.00","346348.77","SABD0000000001","AAV1.0.0.11","2.0.0.28","PSt7-10","000000-000","10/20/2017 9:36:39 AM","0000-00","0","no battery","V"
"10/20/2017","11:51:14","5","default","957498349","OXY5","41.602","min","158.672","μmol/L","Humid","20.925","deg","91443","µV","35.950","°C","1018.000","hPa","37.0","pmil","0","55.500","deg","20.000","°C","100.000","%a.s.","22.500","deg","20.000","°C","1013.000","hPa","0.861","-0.02056","0.00035","-0.00011","0","14.7","Humid","26.25","0","52.00","346345.51","SABD0000000001","AAV1.0.0.11","2.0.0.28","PSt7-10","000000-000","10/20/2017 9:36:39 AM","0000-00","0","no battery","V"
"10/20/2017","11:51:15","5","default","957498349","OXY5","41.618","min","158.571","μmol/L","Humid","20.927","deg","91444","µV","35.962","°C","1018.000","hPa","37.0","pmil","0","55.500","deg","20.000","°C","100.000","%a.s.","22.500","deg","20.000","°C","1013.000","hPa","0.861","-0.02056","0.00035","-0.00011","0","14.7","Humid","26.25","0","52.00","346346.25","SABD0000000001","AAV1.0.0.11","2.0.0.28","PSt7-10","000000-000","10/20/2017 9:36:39 AM","0000-00","0","no battery","V"
"10/20/2017","11:51:16","5","default","957498349","OXY5","41.635","min","158.650","μmol/L","Humid","20.927","deg","91434","µV","35.949","°C","1018.000","hPa","37.0","pmil","0","55.500","deg","20.000","°C","100.000","%a.s.","22.500","deg","20.000","°C","1013.000","hPa","0.861","-0.02056","0.00035","-0.00011","0","14.7","Humid","26.25","0","52.00","346340.50","SABD0000000001","AAV1.0.0.11","2.0.0.28","PSt7-10","000000-000","10/20/2017 9:36:39 AM","0000-00","0","no battery","V"
"10/20/2017","11:51:17","5","default","957498349","OXY5","41.652","min","158.715","μmol/L","Humid","20.924","deg","91439","µV","35.946","°C","1018.000","hPa","37.0","pmil","0","55.500","deg","20.000","°C","100.000","%a.s.","22.500","deg","20.000","°C","1013.000","hPa","0.861","-0.02056","0.00035","-0.00011","0","14.7","Humid","26.25","0","52.00","346330.72","SABD0000000001","AAV1.0.0.11","2.0.0.28","PSt7-10","000000-000","10/20/2017 9:36:39 AM","0000-00","0","no battery","V"
"10/20/2017","11:51:18","5","default","957498349","OXY5","41.668","min","158.539","μmol/L","Humid","20.927","deg","91430","µV","35.968","°C","1018.000","hPa","37.0","pmil","0","55.500","deg","20.000","°C","100.000","%a.s.","22.500","deg","20.000","°C","1013.000","hPa","0.861","-0.02056","0.00035","-0.00011","0","14.7","Humid","26.25","0","52.00","346322.85","SABD0000000001","AAV1.0.0.11","2.0.0.28","PSt7-10","000000-000","10/20/2017 9:36:39 AM","0000-00","0","no battery","V"
"10/20/2017","11:51:19","5","default","957498349","OXY5","41.685","min","158.490","μmol/L","Humid","20.928","deg","91426","µV","35.973","°C","1018.000","hPa","37.0","pmil","0","55.500","deg","20.000","°C","100.000","%a.s.","22.500","deg","20.000","°C","1013.000","hPa","0.861","-0.02056","0.00035","-0.00011","0","14.7","Humid","26.25","0","52.00","346331.62","SABD0000000001","AAV1.0.0.11","2.0.0.28","PSt7-10","000000-000","10/20/2017 9:36:39 AM","0000-00","0","no battery","V"
"10/20/2017","11:51:20","5","default","957498349","OXY5","41.702","min","158.602","μmol/L","Humid","20.923","deg","91434","µV","35.967","°C","1018.000","hPa","37.0","pmil","0","55.500","deg","20.000","°C","100.000","%a.s.","22.500","deg","20.000","°C","1013.000","hPa","0.861","-0.02056","0.00035","-0.00011","0","14.7","Humid","26.25","0","52.00","346334.84","SABD0000000001","AAV1.0.0.11","2.0.0.28","PSt7-10","000000-000","10/20/2017 9:36:39 AM","0000-00","0","no battery","V"
"10/20/2017","11:51:21","5","default","957498349","OXY5","41.718","min","158.529","μmol/L","Humid","20.929","deg","91428","µV","35.964","°C","1018.000","hPa","37.0","pmil","0","55.500","deg","20.000","°C","100.000","%a.s.","22.500","deg","20.000","°C","1013.000","hPa","0.861","-0.02056","0.00035","-0.00011","0","14.7","Humid","26.25","0","52.00","346326.75","SABD0000000001","AAV1.0.0.11","2.0.0.28","PSt7-10","000000-000","10/20/2017 9:36:39 AM","0000-00","0","no battery","V"
"10/20/2017","11:51:22","5","default","957498349","OXY5","41.735","min","158.589","μmol/L","Humid","20.928","deg","91422","µV","35.957","°C","1018.000","hPa","37.0","pmil","0","55.500","deg","20.000","°C","100.000","%a.s.","22.500","deg","20.000","°C","1013.000","hPa","0.861","-0.02056","0.00035","-0.00011","0","14.7","Humid","26.25","0","52.00","346328.83","SABD0000000001","AAV1.0.0.11","2.0.0.28","PSt7-10","000000-000","10/20/2017 9:36:39 AM","0000-00","0","no battery","V"
"10/20/2017","11:51:23","5","default","957498349","OXY5","41.752","min","158.537","μmol/L","Humid","20.927","deg","91425","µV","35.968","°C","1018.000","hPa","37.0","pmil","0","55.500","deg","20.000","°C","100.000","%a.s.","22.500","deg","20.000","°C","1013.000","hPa","0.861","-0.02056","0.00035","-0.00011","0","14.7","Humid","26.25","0","52.00","346338.01","SABD0000000001","AAV1.0.0.11","2.0.0.28","PSt7-10","000000-000","10/20/2017 9:36:39 AM","0000-00","0","no battery","V"
"10/20/2017","11:51:24","5","default","957498349","OXY5","41.768","min","158.588","μmol/L","Humid","20.928","deg","91417","µV","35.957","°C","1018.000","hPa","37.0","pmil","0","55.500","deg","20.000","°C","100.000","%a.s.","22.500","deg","20.000","°C","1013.000","hPa","0.861","-0.02056","0.00035","-0.00011","0","14.7","Humid","26.25","0","52.00","346338.72","SABD0000000001","AAV1.0.0.11","2.0.0.28","PSt7-10","000000-000","10/20/2017 9:36:39 AM","0000-00","0","no battery","V"
"10/20/2017","11:51:25","5","default","957498349","OXY5","41.785","min","158.636","μmol/L","Humid","20.927","deg","91422","µV","35.952","°C","1018.000","hPa","37.0","pmil","0","55.500","deg","20.000","°C","100.000","%a.s.","22.500","deg","20.000","°C","1013.000","hPa","0.861","-0.02056","0.00035","-0.00011","0","14.7","Humid","26.25","0","52.00","346329.15","SABD0000000001","AAV1.0.0.11","2.0.0.28","PSt7-10","000000-000","10/20/2017 9:36:39 AM","0000-00","0","no battery","V"
"10/20/2017","11:51:26","5","default","957498349","OXY5","41.802","min","158.644","μmol/L","Humid","20.925","deg","91420","µV","35.955","°C","1018.000","hPa","37.0","pmil","0","55.500","deg","20.000","°C","100.000","%a.s.","22.500","deg","20.000","°C","1013.000","hPa","0.861","-0.02056","0.00035","-0.00011","0","14.7","Humid","26.25","0","52.00","346331.32","SABD0000000001","AAV1.0.0.11","2.0.0.28","PSt7-10","000000-000","10/20/2017 9:36:39 AM","0000-00","0","no battery","V"
"10/20/2017","11:51:27","5","default","957498349","OXY5","41.818","min","158.540","μmol/L","Humid","20.929","deg","91418","µV","35.963","°C","1018.000","hPa","37.0","pmil","0","55.500","deg","20.000","°C","100.000","%a.s.","22.500","deg","20.000","°C","1013.000","hPa","0.861","-0.02056","0.00035","-0.00011","0","14.7","Humid","26.25","0","52.00","346331.81","SABD0000000001","AAV1.0.0.11","2.0.0.28","PSt7-10","000000-000","10/20/2017 9:36:39 AM","0000-00","0","no battery","V"
"10/20/2017","11:51:28","5","default","957498349","OXY5","41.835","min","158.708","μmol/L","Humid","20.924","deg","91417","µV","35.947","°C","1018.000","hPa","37.0","pmil","0","55.500","deg","20.000","°C","100.000","%a.s.","22.500","deg","20.000","°C","1013.000","hPa","0.861","-0.02056","0.00035","-0.00011","0","14.7","Humid","26.25","0","52.00","346316.34","SABD0000000001","AAV1.0.0.11","2.0.0.28","PSt7-10","000000-000","10/20/2017 9:36:39 AM","0000-00","0","no battery","V"
"10/20/2017","11:51:29","5","default","957498349","OXY5","41.852","min","158.579","μmol/L","Humid","20.930","deg","91408","µV","35.954","°C","1018.000","hPa","37.0","pmil","0","55.500","deg","20.000","°C","100.000","%a.s.","22.500","deg","20.000","°C","1013.000","hPa","0.861","-0.02056","0.00035","-0.00011","0","14.7","Humid","26.25","0","52.00","346321.50","SABD0000000001","AAV1.0.0.11","2.0.0.28","PSt7-10","000000-000","10/20/2017 9:36:39 AM","0000-00","0","no battery","V"
"10/20/2017","11:51:30","5","default","957498349","OXY5","41.868","min","158.689","μmol/L","Humid","20.924","deg","91410","µV","35.950","°C","1018.000","hPa","37.0","pmil","0","55.500","deg","20.000","°C","100.000","%a.s.","22.500","deg","20.000","°C","1013.000","hPa","0.861","-0.02056","0.00035","-0.00011","0","14.7","Humid","26.25","0","52.00","346329.63","SABD0000000001","AAV1.0.0.11","2.0.0.28","PSt7-10","000000-000","10/20/2017 9:36:39 AM","0000-00","0","no battery","V"
"10/20/2017","11:51:31","5","default","957498349","OXY5","41.885","min","158.636","μmol/L","Humid","20.924","deg","91403","µV","35.959","°C","1018.000","hPa","37.0","pmil","0","55.500","deg","20.000","°C","100.000","%a.s.","22.500","deg","20.000","°C","1013.000","hPa","0.861","-0.02056","0.00035","-0.00011","0","14.7","Humid","26.25","0","52.00","346329.12","SABD0000000001","AAV1.0.0.11","2.0.0.28","PSt7-10","000000-000","10/20/2017 9:36:39 AM","0000-00","0","no battery","V"
"10/20/2017","11:51:32","5","default","957498349","OXY5","41.902","min","158.692","μmol/L","Humid","20.926","deg","91411","µV","35.945","°C","1018.000","hPa","37.0","pmil","0","55.500","deg","20.000","°C","100.000","%a.s.","22.500","deg","20.000","°C","1013.000","hPa","0.861","-0.02056","0.00035","-0.00011","0","14.7","Humid","26.25","0","52.00","346328.15","SABD0000000001","AAV1.0.0.11","2.0.0.28","PSt7-10","000000-000","10/20/2017 9:36:39 AM","0000-00","0","no battery","V"
"10/20/2017","11:51:33","5","default","957498349","OXY5","41.918","min","158.575","μmol/L","Humid","20.930","deg","91407","µV","35.955","°C","1018.000","hPa","37.0","pmil","0","55.500","deg","20.000","°C","100.000","%a.s.","22.500","deg","20.000","°C","1013.000","hPa","0.861","-0.02056","0.00035","-0.00011","0","14.7","Humid","26.25","0","52.00","346320.61","SABD0000000001","AAV1.0.0.11","2.0.0.28","PSt7-10","000000-000","10/20/2017 9:36:39 AM","0000-00","0","no battery","V"
"10/20/2017","11:51:34","5","default","957498349","OXY5","41.935","min","158.587","μmol/L","Humid","20.928","deg","91403","µV","35.957","°C","1018.000","hPa","37.0","pmil","0","55.500","deg","20.000","°C","100.000","%a.s.","22.500","deg","20.000","°C","1013.000","hPa","0.861","-0.02056","0.00035","-0.00011","0","14.7","Humid","26.25","0","52.00","346324.72","SABD0000000001","AAV1.0.0.11","2.0.0.28","PSt7-10","000000-000","10/20/2017 9:36:39 AM","0000-00","0","no battery","V"
"10/20/2017","11:51:35","5","default","957498349","OXY5","41.952","min","158.620","μmol/L","Humid","20.928","deg","91400","µV","35.952","°C","1018.000","hPa","37.0","pmil","0","55.500","deg","20.000","°C","100.000","%a.s.","22.500","deg","20.000","°C","1013.000","hPa","0.861","-0.02056","0.00035","-0.00011","0","14.7","Humid","26.25","0","52.00","346321.85","SABD0000000001","AAV1.0.0.11","2.0.0.28","PSt7-10","000000-000","10/20/2017 9:36:39 AM","0000-00","0","no battery","V"
"10/20/2017","11:51:36","5","default","957498349","OXY5","41.968","min","158.640","μmol/L","Humid","20.926","deg","91403","µV","35.953","°C","1018.000","hPa","37.0","pmil","0","55.500","deg","20.000","°C","100.000","%a.s.","22.500","deg","20.000","°C","1013.000","hPa","0.861","-0.02056","0.00035","-0.00011","0","14.7","Humid","26.25","0","52.00","346317.22","SABD0000000001","AAV1.0.0.11","2.0.0.28","PSt7-10","000000-000","10/20/2017 9:36:39 AM","0000-00","0","no battery","V"
"10/20/2017","11:51:37","5","default","957498349","OXY5","41.984","min","158.634","μmol/L","Humid","20.926","deg","91394","µV","35.954","°C","1018.000","hPa","37.0","pmil","0","55.500","deg","20.000","°C","100.000","%a.s.","22.500","deg","20.000","°C","1013.000","hPa","0.861","-0.02056","0.00035","-0.00011","0","14.7","Humid","26.25","0","52.00","346312.82","SABD0000000001","AAV1.0.0.11","2.0.0.28","PSt7-10","000000-000","10/20/2017 9:36:39 AM","0000-00","0","no battery","V"
"10/20/2017","11:51:38","5","default","957498349","OXY5","42.001","min","158.499","μmol/L","Humid","20.927","deg","91393","µV","35.974","°C","1018.000","hPa","37.0","pmil","0","55.500","deg","20.000","°C","100.000","%a.s.","22.500","deg","20.000","°C","1013.000","hPa","0.861","-0.02056","0.00035","-0.00011","0","14.7","Humid","26.25","0","52.00","346309.85","SABD0000000001","AAV1.0.0.11","2.0.0.28","PSt7-10","000000-000","10/20/2017 9:36:39 AM","0000-00","0","no battery","V"
"10/20/2017","11:51:39","5","default","957498349","OXY5","42.018","min","158.519","μmol/L","Humid","20.928","deg","91390","µV","35.969","°C","1018.000","hPa","37.0","pmil","0","55.500","deg","20.000","°C","100.000","%a.s.","22.500","deg","20.000","°C","1013.000","hPa","0.861","-0.02056","0.00035","-0.00011","0","14.7","Humid","26.25","0","52.00","346319.57","SABD0000000001","AAV1.0.0.11","2.0.0.28","PSt7-10","000000-000","10/20/2017 9:36:39 AM","0000-00","0","no battery","V"
"10/20/2017","11:51:40","5","default","957498349","OXY5","42.035","min","158.515","μmol/L","Humid","20.927","deg","91385","µV","35.972","°C","1018.000","hPa","37.0","pmil","0","55.500","deg","20.000","°C","100.000","%a.s.","22.500","deg","20.000","°C","1013.000","hPa","0.861","-0.02056","0.00035","-0.00011","0","14.7","Humid","26.25","0","52.00","346306.68","SABD0000000001","AAV1.0.0.11","2.0.0.28","PSt7-10","000000-000","10/20/2017 9:36:39 AM","0000-00","0","no battery","V"
"10/20/2017","11:51:41","5","default","957498349","OXY5","42.052","min","158.501","μmol/L","Humid","20.929","deg","91388","µV","35.969","°C","1018.000","hPa","37.0","pmil","0","55.500","deg","20.000","°C","100.000","%a.s.","22.500","deg","20.000","°C","1013.000","hPa","0.861","-0.02056","0.00035","-0.00011","0","14.7","Humid","26.25","0","52.00","346310.37","SABD0000000001","AAV1.0.0.11","2.0.0.28","PSt7-10","000000-000","10/20/2017 9:36:39 AM","0000-00","0","no battery","V"
"10/20/2017","11:51:42","5","default","957498349","OXY5","42.068","min","158.540","μmol/L","Humid","20.928","deg","91391","µV","35.965","°C","1018.000","hPa","37.0","pmil","0","55.500","deg","20.000","°C","100.000","%a.s.","22.500","deg","20.000","°C","1013.000","hPa","0.861","-0.02056","0.00035","-0.00011","0","14.7","Humid","26.25","0","52.00","346317.01","SABD0000000001","AAV1.0.0.11","2.0.0.28","PSt7-10","000000-000","10/20/2017 9:36:39 AM","0000-00","0","no battery","V"
"10/20/2017","11:51:43","5","default","957498349","OXY5","42.085","min","158.506","μmol/L","Humid","20.930","deg","91391","µV","35.966","°C","1018.000","hPa","37.0","pmil","0","55.500","deg","20.000","°C","100.000","%a.s.","22.500","deg","20.000","°C","1013.000","hPa","0.861","-0.02056","0.00035","-0.00011","0","14.7","Humid","26.25","0","52.00","346316.03","SABD0000000001","AAV1.0.0.11","2.0.0.28","PSt7-10","000000-000","10/20/2017 9:36:39 AM","0000-00","0","no battery","V"
"10/20/2017","11:51:44","5","default","957498349","OXY5","42.102","min","158.592","μmol/L","Humid","20.927","deg","91380","µV","35.959","°C","1018.000","hPa","37.0","pmil","0","55.500","deg","20.000","°C","100.000","%a.s.","22.500","deg","20.000","°C","1013.000","hPa","0.861","-0.02056","0.00035","-0.00011","0","14.7","Humid","26.25","0","52.00","346297.50","SABD0000000001","AAV1.0.0.11","2.0.0.28","PSt7-10","000000-000","10/20/2017 9:36:39 AM","0000-00","0","no battery","V"
"10/20/2017","11:51:45","5","default","957498349","OXY5","42.118","min","158.538","μmol/L","Humid","20.929","deg","91385","µV","35.963","°C","1018.000","hPa","37.0","pmil","0","55.500","deg","20.000","°C","100.000","%a.s.","22.500","deg","20.000","°C","1013.000","hPa","0.861","-0.02056","0.00035","-0.00011","0","14.7","Humid","26.25","0","52.00","346305.89","SABD0000000001","AAV1.0.0.11","2.0.0.28","PSt7-10","000000-000","10/20/2017 9:36:39 AM","0000-00","0","no battery","V"
"10/20/2017","11:51:46","5","default","957498349","OXY5","42.135","min","158.600","μmol/L","Humid","20.926","deg","91378","µV","35.960","°C","1018.000","hPa","37.0","pmil","0","55.500","deg","20.000","°C","100.000","%a.s.","22.500","deg","20.000","°C","1013.000","hPa","0.861","-0.02056","0.00035","-0.00011","0","14.7","Humid","26.25","0","52.00","346301.18","SABD0000000001","AAV1.0.0.11","2.0.0.28","PSt7-10","000000-000","10/20/2017 9:36:39 AM","0000-00","0","no battery","V"
"10/20/2017","11:51:47","5","default","957498349","OXY5","42.152","min","158.601","μmol/L","Humid","20.927","deg","91373","µV","35.957","°C","1018.000","hPa","37.0","pmil","0","55.500","deg","20.000","°C","100.000","%a.s.","22.500","deg","20.000","°C","1013.000","hPa","0.861","-0.02056","0.00035","-0.00011","0","14.7","Humid","26.25","0","52.00","346303.46","SABD0000000001","AAV1.0.0.11","2.0.0.28","PSt7-10","000000-000","10/20/2017 9:36:39 AM","0000-00","0","no battery","V"
"10/20/2017","11:51:48","5","default","957498349","OXY5","42.168","min","158.516","μmol/L","Humid","20.929","deg","91369","µV","35.967","°C","1018.000","hPa","37.0","pmil","0","55.500","deg","20.000","°C","100.000","%a.s.","22.500","deg","20.000","°C","1013.000","hPa","0.861","-0.02056","0.00035","-0.00011","0","14.7","Humid","26.25","0","52.00","346310.84","SABD0000000001","AAV1.0.0.11","2.0.0.28","PSt7-10","000000-000","10/20/2017 9:36:39 AM","0000-00","0","no battery","V"
"10/20/2017","11:51:49","5","default","957498349","OXY5","42.185","min","158.571","μmol/L","Humid","20.926","deg","91368","µV","35.965","°C","1018.000","hPa","37.0","pmil","0","55.500","deg","20.000","°C","100.000","%a.s.","22.500","deg","20.000","°C","1013.000","hPa","0.861","-0.02056","0.00035","-0.00011","0","14.7","Humid","26.25","0","52.00","346307.56","SABD0000000001","AAV1.0.0.11","2.0.0.28","PSt7-10","000000-000","10/20/2017 9:36:39 AM","0000-00","0","no battery","V"
"10/20/2017","11:51:50","5","default","957498349","OXY5","42.202","min","158.542","μmol/L","Humid","20.928","deg","91364","µV","35.965","°C","1018.000","hPa","37.0","pmil","0","55.500","deg","20.000","°C","100.000","%a.s.","22.500","deg","20.000","°C","1013.000","hPa","0.861","-0.02056","0.00035","-0.00011","0","14.7","Humid","26.25","0","52.00","346305.42","SABD0000000001","AAV1.0.0.11","2.0.0.28","PSt7-10","000000-000","10/20/2017 9:36:39 AM","0000-00","0","no battery","V"
"10/20/2017","11:51:51","5","default","957498349","OXY5","42.218","min","158.615","μmol/L","Humid","20.926","deg","91368","µV","35.957","°C","1018.000","hPa","37.0","pmil","0","55.500","deg","20.000","°C","100.000","%a.s.","22.500","deg","20.000","°C","1013.000","hPa","0.861","-0.02056","0.00035","-0.00011","0","14.7","Humid","26.25","0","52.00","346307.32","SABD0000000001","AAV1.0.0.11","2.0.0.28","PSt7-10","000000-000","10/20/2017 9:36:39 AM","0000-00","0","no battery","V"
"10/20/2017","11:51:52","5","default","957498349","OXY5","42.235","min","158.560","μmol/L","Humid","20.928","deg","91367","µV","35.962","°C","1018.000","hPa","37.0","pmil","0","55.500","deg","20.000","°C","100.000","%a.s.","22.500","deg","20.000","°C","1013.000","hPa","0.861","-0.02056","0.00035","-0.00011","0","14.7","Humid","26.25","0","52.00","346297.16","SABD0000000001","AAV1.0.0.11","2.0.0.28","PSt7-10","000000-000","10/20/2017 9:36:39 AM","0000-00","0","no battery","V"
"10/20/2017","11:51:53","5","default","957498349","OXY5","42.252","min","158.573","μmol/L","Humid","20.927","deg","91363","µV","35.962","°C","1018.000","hPa","37.0","pmil","0","55.500","deg","20.000","°C","100.000","%a.s.","22.500","deg","20.000","°C","1013.000","hPa","0.861","-0.02056","0.00035","-0.00011","0","14.7","Humid","26.25","0","52.00","346297.99","SABD0000000001","AAV1.0.0.11","2.0.0.28","PSt7-10","000000-000","10/20/2017 9:36:39 AM","0000-00","0","no battery","V"
"10/20/2017","11:51:54","5","default","957498349","OXY5","42.269","min","158.504","μmol/L","Humid","20.928","deg","91365","µV","35.971","°C","1018.000","hPa","37.0","pmil","0","55.500","deg","20.000","°C","100.000","%a.s.","22.500","deg","20.000","°C","1013.000","hPa","0.861","-0.02056","0.00035","-0.00011","0","14.7","Humid","26.25","0","52.00","346296.09","SABD0000000001","AAV1.0.0.11","2.0.0.28","PSt7-10","000000-000","10/20/2017 9:36:39 AM","0000-00","0","no battery","V"
"10/20/2017","11:51:55","5","default","957498349","OXY5","42.285","min","158.543","μmol/L","Humid","20.930","deg","91365","µV","35.960","°C","1018.000","hPa","37.0","pmil","0","55.500","deg","20.000","°C","100.000","%a.s.","22.500","deg","20.000","°C","1013.000","hPa","0.861","-0.02056","0.00035","-0.00011","0","14.7","Humid","26.25","0","52.00","346306.27","SABD0000000001","AAV1.0.0.11","2.0.0.28","PSt7-10","000000-000","10/20/2017 9:36:39 AM","0000-00","0","no battery","V"
"10/20/2017","11:51:56","5","default","957498349","OXY5","42.302","min","158.562","μmol/L","Humid","20.926","deg","91356","µV","35.966","°C","1018.000","hPa","37.0","pmil","0","55.500","deg","20.000","°C","100.000","%a.s.","22.500","deg","20.000","°C","1013.000","hPa","0.861","-0.02056","0.00035","-0.00011","0","14.7","Humid","26.25","0","52.00","346304.06","SABD0000000001","AAV1.0.0.11","2.0.0.28","PSt7-10","000000-000","10/20/2017 9:36:39 AM","0000-00","0","no battery","V"
"10/20/2017","11:51:57","5","default","957498349","OXY5","42.318","min","158.482","μmol/L","Humid","20.927","deg","91357","µV","35.977","°C","1018.000","hPa","37.0","pmil","0","55.500","deg","20.000","°C","100.000","%a.s.","22.500","deg","20.000","°C","1013.000","hPa","0.861","-0.02056","0.00035","-0.00011","0","14.7","Humid","26.25","0","52.00","346298.29","SABD0000000001","AAV1.0.0.11","2.0.0.28","PSt7-10","000000-000","10/20/2017 9:36:39 AM","0000-00","0","no battery","V"
"10/20/2017","11:51:58","5","default","957498349","OXY5","42.335","min","158.464","μmol/L","Humid","20.927","deg","91355","µV","35.980","°C","1018.000","hPa","37.0","pmil","0","55.500","deg","20.000","°C","100.000","%a.s.","22.500","deg","20.000","°C","1013.000","hPa","0.861","-0.02056","0.00035","-0.00011","0","14.7","Humid","26.25","0","52.00","346287.38","SABD0000000001","AAV1.0.0.11","2.0.0.28","PSt7-10","000000-000","10/20/2017 9:36:39 AM","0000-00","0","no battery","V"
"10/20/2017","11:51:59","5","default","957498349","OXY5","42.352","min","158.484","μmol/L","Humid","20.927","deg","91355","µV","35.977","°C","1018.000","hPa","37.0","pmil","0","55.500","deg","20.000","°C","100.000","%a.s.","22.500","deg","20.000","°C","1013.000","hPa","0.861","-0.02056","0.00035","-0.00011","0","14.7","Humid","26.25","0","52.00","346282.82","SABD0000000001","AAV1.0.0.11","2.0.0.28","PSt7-10","000000-000","10/20/2017 9:36:39 AM","0000-00","0","no battery","V"
"10/20/2017","11:52:00","5","default","957498349","OXY5","42.368","min","158.559","μmol/L","Humid","20.924","deg","91345","µV","35.971","°C","1018.000","hPa","37.0","pmil","0","55.500","deg","20.000","°C","100.000","%a.s.","22.500","deg","20.000","°C","1013.000","hPa","0.861","-0.02056","0.00035","-0.00011","0","14.7","Humid","26.25","0","52.00","346294.00","SABD0000000001","AAV1.0.0.11","2.0.0.28","PSt7-10","000000-000","10/20/2017 9:36:39 AM","0000-00","0","no battery","V"
"10/20/2017","11:52:01","5","default","957498349","OXY5","42.385","min","158.585","μmol/L","Humid","20.923","deg","91340","µV","35.969","°C","1018.000","hPa","37.0","pmil","0","55.500","deg","20.000","°C","100.000","%a.s.","22.500","deg","20.000","°C","1013.000","hPa","0.861","-0.02056","0.00035","-0.00011","0","14.7","Humid","26.25","0","52.00","346273.78","SABD0000000001","AAV1.0.0.11","2.0.0.28","PSt7-10","000000-000","10/20/2017 9:36:39 AM","0000-00","0","no battery","V"
"10/20/2017","11:52:02","5","default","957498349","OXY5","42.402","min","158.537","μmol/L","Humid","20.924","deg","91344","µV","35.975","°C","1018.000","hPa","37.0","pmil","0","55.500","deg","20.000","°C","100.000","%a.s.","22.500","deg","20.000","°C","1013.000","hPa","0.861","-0.02056","0.00035","-0.00011","0","14.7","Humid","26.25","0","52.00","346300.88","SABD0000000001","AAV1.0.0.11","2.0.0.28","PSt7-10","000000-000","10/20/2017 9:36:39 AM","0000-00","0","no battery","V"
"10/20/2017","11:52:03","5","default","957498349","OXY5","42.418","min","158.561","μmol/L","Humid","20.928","deg","91342","µV","35.962","°C","1018.000","hPa","37.0","pmil","0","55.500","deg","20.000","°C","100.000","%a.s.","22.500","deg","20.000","°C","1013.000","hPa","0.861","-0.02056","0.00035","-0.00011","0","14.7","Humid","26.25","0","52.00","346282.40","SABD0000000001","AAV1.0.0.11","2.0.0.28","PSt7-10","000000-000","10/20/2017 9:36:39 AM","0000-00","0","no battery","V"
"10/20/2017","11:52:04","5","default","957498349","OXY5","42.435","min","158.588","μmol/L","Humid","20.929","deg","91339","µV","35.955","°C","1018.000","hPa","37.0","pmil","0","55.500","deg","20.000","°C","100.000","%a.s.","22.500","deg","20.000","°C","1013.000","hPa","0.861","-0.02056","0.00035","-0.00011","0","14.7","Humid","26.25","0","52.00","346282.29","SABD0000000001","AAV1.0.0.11","2.0.0.28","PSt7-10","000000-000","10/20/2017 9:36:39 AM","0000-00","0","no battery","V"
"10/20/2017","11:52:05","5","default","957498349","OXY5","42.452","min","158.657","μmol/L","Humid","20.924","deg","91342","µV","35.955","°C","1018.000","hPa","37.0","pmil","0","55.500","deg","20.000","°C","100.000","%a.s.","22.500","deg","20.000","°C","1013.000","hPa","0.861","-0.02056","0.00035","-0.00011","0","14.7","Humid","26.25","0","52.00","346284.26","SABD0000000001","AAV1.0.0.11","2.0.0.28","PSt7-10","000000-000","10/20/2017 9:36:39 AM","0000-00","0","no battery","V"
"10/20/2017","11:52:06","5","default","957498349","OXY5","42.468","min","158.470","μmol/L","Humid","20.926","deg","91336","µV","35.981","°C","1018.000","hPa","37.0","pmil","0","55.500","deg","20.000","°C","100.000","%a.s.","22.500","deg","20.000","°C","1013.000","hPa","0.861","-0.02056","0.00035","-0.00011","0","14.7","Humid","26.25","0","52.00","346276.68","SABD0000000001","AAV1.0.0.11","2.0.0.28","PSt7-10","000000-000","10/20/2017 9:36:39 AM","0000-00","0","no battery","V"
"10/20/2017","11:52:07","5","default","957498349","OXY5","42.485","min","158.467","μmol/L","Humid","20.930","deg","91339","µV","35.972","°C","1018.000","hPa","37.0","pmil","0","55.500","deg","20.000","°C","100.000","%a.s.","22.500","deg","20.000","°C","1013.000","hPa","0.861","-0.02056","0.00035","-0.00011","0","14.7","Humid","26.25","0","52.00","346280.53","SABD0000000001","AAV1.0.0.11","2.0.0.28","PSt7-10","000000-000","10/20/2017 9:36:39 AM","0000-00","0","no battery","V"
"10/20/2017","11:52:08","5","default","957498349","OXY5","42.502","min","158.586","μmol/L","Humid","20.927","deg","91336","µV","35.961","°C","1019.000","hPa","37.0","pmil","0","55.500","deg","20.000","°C","100.000","%a.s.","22.500","deg","20.000","°C","1013.000","hPa","0.861","-0.02056","0.00035","-0.00011","0","14.7","Humid","26.25","0","52.00","346283.05","SABD0000000001","AAV1.0.0.11","2.0.0.28","PSt7-10","000000-000","10/20/2017 9:36:39 AM","0000-00","0","no battery","V"
"10/20/2017","11:52:09","5","default","957498349","OXY5","42.518","min","158.640","μmol/L","Humid","20.923","deg","91331","µV","35.960","°C","1018.000","hPa","37.0","pmil","0","55.500","deg","20.000","°C","100.000","%a.s.","22.500","deg","20.000","°C","1013.000","hPa","0.861","-0.02056","0.00035","-0.00011","0","14.7","Humid","26.25","0","52.00","346275.83","SABD0000000001","AAV1.0.0.11","2.0.0.28","PSt7-10","000000-000","10/20/2017 9:36:39 AM","0000-00","0","no battery","V"
"10/20/2017","11:52:10","5","default","957498349","OXY5","42.535","min","158.636","μmol/L","Humid","20.926","deg","91330","µV","35.956","°C","1019.000","hPa","37.0","pmil","0","55.500","deg","20.000","°C","100.000","%a.s.","22.500","deg","20.000","°C","1013.000","hPa","0.861","-0.02056","0.00035","-0.00011","0","14.7","Humid","26.25","0","52.00","346279.38","SABD0000000001","AAV1.0.0.11","2.0.0.28","PSt7-10","000000-000","10/20/2017 9:36:39 AM","0000-00","0","no battery","V"
"10/20/2017","11:52:11","5","default","957498349","OXY5","42.552","min","158.522","μmol/L","Humid","20.929","deg","91324","µV","35.966","°C","1018.000","hPa","37.0","pmil","0","55.500","deg","20.000","°C","100.000","%a.s.","22.500","deg","20.000","°C","1013.000","hPa","0.861","-0.02056","0.00035","-0.00011","0","14.7","Humid","26.25","0","52.00","346269.56","SABD0000000001","AAV1.0.0.11","2.0.0.28","PSt7-10","000000-000","10/20/2017 9:36:39 AM","0000-00","0","no battery","V"
"10/20/2017","11:52:12","5","default","957498349","OXY5","42.568","min","158.585","μmol/L","Humid","20.926","deg","91321","µV","35.962","°C","1018.000","hPa","37.0","pmil","0","55.500","deg","20.000","°C","100.000","%a.s.","22.500","deg","20.000","°C","1013.000","hPa","0.861","-0.02056","0.00035","-0.00011","0","14.7","Humid","26.25","0","52.00","346269.70","SABD0000000001","AAV1.0.0.11","2.0.0.28","PSt7-10","000000-000","10/20/2017 9:36:39 AM","0000-00","0","no battery","V"
"10/20/2017","11:52:13","5","default","957498349","OXY5","42.585","min","158.581","μmol/L","Humid","20.926","deg","91325","µV","35.963","°C","1018.000","hPa","37.0","pmil","0","55.500","deg","20.000","°C","100.000","%a.s.","22.500","deg","20.000","°C","1013.000","hPa","0.861","-0.02056","0.00035","-0.00011","0","14.7","Humid","26.25","0","52.00","346269.41","SABD0000000001","AAV1.0.0.11","2.0.0.28","PSt7-10","000000-000","10/20/2017 9:36:39 AM","0000-00","0","no battery","V"
"10/20/2017","11:52:14","5","default","957498349","OXY5","42.602","min","158.646","μmol/L","Humid","20.926","deg","91324","µV","35.952","°C","1018.000","hPa","37.0","pmil","0","55.500","deg","20.000","°C","100.000","%a.s.","22.500","deg","20.000","°C","1013.000","hPa","0.861","-0.02056","0.00035","-0.00011","0","14.7","Humid","26.25","0","52.00","346283.82","SABD0000000001","AAV1.0.0.11","2.0.0.28","PSt7-10","000000-000","10/20/2017 9:36:39 AM","0000-00","0","no battery","V"
"10/20/2017","11:52:15","5","default","957498349","OXY5","42.618","min","158.605","μmol/L","Humid","20.928","deg","91328","µV","35.954","°C","1018.000","hPa","37.0","pmil","0","55.500","deg","20.000","°C","100.000","%a.s.","22.500","deg","20.000","°C","1013.000","hPa","0.861","-0.02056","0.00035","-0.00011","0","14.7","Humid","26.25","0","52.00","346257.92","SABD0000000001","AAV1.0.0.11","2.0.0.28","PSt7-10","000000-000","10/20/2017 9:36:39 AM","0000-00","0","no battery","V"
"10/20/2017","11:52:16","5","default","957498349","OXY5","42.635","min","158.586","μmol/L","Humid","20.925","deg","91311","µV","35.965","°C","1018.000","hPa","37.0","pmil","0","55.500","deg","20.000","°C","100.000","%a.s.","22.500","deg","20.000","°C","1013.000","hPa","0.861","-0.02056","0.00035","-0.00011","0","14.7","Humid","26.25","0","52.00","346269.02","SABD0000000001","AAV1.0.0.11","2.0.0.28","PSt7-10","000000-000","10/20/2017 9:36:39 AM","0000-00","0","no battery","V"
"10/20/2017","11:52:17","5","default","957498349","OXY5","42.652","min","158.382","μmol/L","Humid","20.928","deg","91318","µV","35.991","°C","1018.000","hPa","37.0","pmil","0","55.500","deg","20.000","°C","100.000","%a.s.","22.500","deg","20.000","°C","1013.000","hPa","0.861","-0.02056","0.00035","-0.00011","0","14.7","Humid","26.25","0","52.00","346264.83","SABD0000000001","AAV1.0.0.11","2.0.0.28","PSt7-10","000000-000","10/20/2017 9:36:39 AM","0000-00","0","no battery","V"
"10/20/2017","11:52:18","5","default","957498349","OXY5","42.668","min","158.671","μmol/L","Humid","20.924","deg","91313","µV","35.954","°C","1019.000","hPa","37.0","pmil","0","55.500","deg","20.000","°C","100.000","%a.s.","22.500","deg","20.000","°C","1013.000","hPa","0.861","-0.02056","0.00035","-0.00011","0","14.7","Humid","26.25","0","52.00","346275.03","SABD0000000001","AAV1.0.0.11","2.0.0.28","PSt7-10","000000-000","10/20/2017 9:36:39 AM","0000-00","0","no battery","V"
"10/20/2017","11:52:19","5","default","957498349","OXY5","42.685","min","158.603","μmol/L","Humid","20.924","deg","91314","µV","35.964","°C","1018.000","hPa","37.0","pmil","0","55.500","deg","20.000","°C","100.000","%a.s.","22.500","deg","20.000","°C","1013.000","hPa","0.861","-0.02056","0.00035","-0.00011","0","14.7","Humid","26.25","0","52.00","346257.18","SABD0000000001","AAV1.0.0.11","2.0.0.28","PSt7-10","000000-000","10/20/2017 9:36:39 AM","0000-00","0","no battery","V"
"10/20/2017","11:52:20","5","default","957498349","OXY5","42.702","min","158.557","μmol/L","Humid","20.927","deg","91308","µV","35.965","°C","1018.000","hPa","37.0","pmil","0","55.500","deg","20.000","°C","100.000","%a.s.","22.500","deg","20.000","°C","1013.000","hPa","0.861","-0.02056","0.00035","-0.00011","0","14.7","Humid","26.25","0","52.00","346270.90","SABD0000000001","AAV1.0.0.11","2.0.0.28","PSt7-10","000000-000","10/20/2017 9:36:39 AM","0000-00","0","no battery","V"
"10/20/2017","11:52:21","5","default","957498349","OXY5","42.718","min","158.616","μmol/L","Humid","20.925","deg","91306","µV","35.960","°C","1018.000","hPa","37.0","pmil","0","55.500","deg","20.000","°C","100.000","%a.s.","22.500","deg","20.000","°C","1013.000","hPa","0.861","-0.02056","0.00035","-0.00011","0","14.7","Humid","26.25","0","52.00","346271.57","SABD0000000001","AAV1.0.0.11","2.0.0.28","PSt7-10","000000-000","10/20/2017 9:36:39 AM","0000-00","0","no battery","V"
"10/20/2017","11:52:22","5","default","957498349","OXY5","42.734","min","158.617","μmol/L","Humid","20.924","deg","91313","µV","35.962","°C","1018.000","hPa","37.0","pmil","0","55.500","deg","20.000","°C","100.000","%a.s.","22.500","deg","20.000","°C","1013.000","hPa","0.861","-0.02056","0.00035","-0.00011","0","14.7","Humid","26.25","0","52.00","346270.60","SABD0000000001","AAV1.0.0.11","2.0.0.28","PSt7-10","000000-000","10/20/2017 9:36:39 AM","0000-00","0","no battery","V"
"10/20/2017","11:52:23","5","default","957498349","OXY5","42.751","min","158.630","μmol/L","Humid","20.923","deg","91300","µV","35.962","°C","1018.000","hPa","37.0","pmil","0","55.500","deg","20.000","°C","100.000","%a.s.","22.500","deg","20.000","°C","1013.000","hPa","0.861","-0.02056","0.00035","-0.00011","0","14.7","Humid","26.25","0","52.00","346270.87","SABD0000000001","AAV1.0.0.11","2.0.0.28","PSt7-10","000000-000","10/20/2017 9:36:39 AM","0000-00","0","no battery","V"
"10/20/2017","11:52:24","5","default","957498349","OXY5","42.768","min","158.421","μmol/L","Humid","20.930","deg","91302","µV","35.980","°C","1018.000","hPa","37.0","pmil","0","55.500","deg","20.000","°C","100.000","%a.s.","22.500","deg","20.000","°C","1013.000","hPa","0.861","-0.02056","0.00035","-0.00011","0","14.7","Humid","26.25","0","52.00","346266.80","SABD0000000001","AAV1.0.0.11","2.0.0.28","PSt7-10","000000-000","10/20/2017 9:36:39 AM","0000-00","0","no battery","V"
"10/20/2017","11:52:25","5","default","957498349","OXY5","42.784","min","158.580","μmol/L","Humid","20.924","deg","91301","µV","35.968","°C","1018.000","hPa","37.0","pmil","0","55.500","deg","20.000","°C","100.000","%a.s.","22.500","deg","20.000","°C","1013.000","hPa","0.861","-0.02056","0.00035","-0.00011","0","14.7","Humid","26.25","0","52.00","346266.81","SABD0000000001","AAV1.0.0.11","2.0.0.28","PSt7-10","000000-000","10/20/2017 9:36:39 AM","0000-00","0","no battery","V"
"10/20/2017","11:52:26","5","default","957498349","OXY5","42.801","min","158.534","μmol/L","Humid","20.926","deg","91300","µV","35.972","°C","1019.000","hPa","37.0","pmil","0","55.500","deg","20.000","°C","100.000","%a.s.","22.500","deg","20.000","°C","1013.000","hPa","0.861","-0.02056","0.00035","-0.00011","0","14.7","Humid","26.25","0","52.00","346260.92","SABD0000000001","AAV1.0.0.11","2.0.0.28","PSt7-10","000000-000","10/20/2017 9:36:39 AM","0000-00","0","no battery","V"
"10/20/2017","11:52:27","5","default","957498349","OXY5","42.818","min","158.516","μmol/L","Humid","20.928","deg","91302","µV","35.969","°C","1018.000","hPa","37.0","pmil","0","55.500","deg","20.000","°C","100.000","%a.s.","22.500","deg","20.000","°C","1013.000","hPa","0.861","-0.02056","0.00035","-0.00011","0","14.7","Humid","26.25","0","52.00","346266.94","SABD0000000001","AAV1.0.0.11","2.0.0.28","PSt7-10","000000-000","10/20/2017 9:36:39 AM","0000-00","0","no battery","V"
"10/20/2017","11:52:28","5","default","957498349","OXY5","42.834","min","158.548","μmol/L","Humid","20.925","deg","91299","µV","35.971","°C","1018.000","hPa","37.0","pmil","0","55.500","deg","20.000","°C","100.000","%a.s.","22.500","deg","20.000","°C","1013.000","hPa","0.861","-0.02056","0.00035","-0.00011","0","14.7","Humid","26.25","0","52.00","346263.98","SABD0000000001","AAV1.0.0.11","2.0.0.28","PSt7-10","000000-000","10/20/2017 9:36:39 AM","0000-00","0","no battery","V"
"10/20/2017","11:52:29","5","default","957498349","OXY5","42.851","min","158.499","μmol/L","Humid","20.924","deg","91295","µV","35.981","°C","1018.000","hPa","37.0","pmil","0","55.500","deg","20.000","°C","100.000","%a.s.","22.500","deg","20.000","°C","1013.000","hPa","0.861","-0.02056","0.00035","-0.00011","0","14.7","Humid","26.25","0","52.00","346258.71","SABD0000000001","AAV1.0.0.11","2.0.0.28","PSt7-10","000000-000","10/20/2017 9:36:39 AM","0000-00","0","no battery","V"
"10/20/2017","11:52:30","5","default","957498349","OXY5","42.868","min","158.514","μmol/L","Humid","20.930","deg","91288","µV","35.965","°C","1018.000","hPa","37.0","pmil","0","55.500","deg","20.000","°C","100.000","%a.s.","22.500","deg","20.000","°C","1013.000","hPa","0.861","-0.02056","0.00035","-0.00011","0","14.7","Humid","26.25","0","52.00","346245.55","SABD0000000001","AAV1.0.0.11","2.0.0.28","PSt7-10","000000-000","10/20/2017 9:36:39 AM","0000-00","0","no battery","V"
"10/20/2017","11:52:31","5","default","957498349","OXY5","42.884","min","158.649","μmol/L","Humid","20.923","deg","91290","µV","35.959","°C","1018.000","hPa","37.0","pmil","0","55.500","deg","20.000","°C","100.000","%a.s.","22.500","deg","20.000","°C","1013.000","hPa","0.861","-0.02056","0.00035","-0.00011","0","14.7","Humid","26.25","0","52.00","346263.56","SABD0000000001","AAV1.0.0.11","2.0.0.28","PSt7-10","000000-000","10/20/2017 9:36:39 AM","0000-00","0","no battery","V"
"10/20/2017","11:52:32","5","default","957498349","OXY5","42.901","min","158.698","μmol/L","Humid","20.922","deg","91287","µV","35.955","°C","1019.000","hPa","37.0","pmil","0","55.500","deg","20.000","°C","100.000","%a.s.","22.500","deg","20.000","°C","1013.000","hPa","0.861","-0.02056","0.00035","-0.00011","0","14.7","Humid","26.25","0","52.00","346247.15","SABD0000000001","AAV1.0.0.11","2.0.0.28","PSt7-10","000000-000","10/20/2017 9:36:39 AM","0000-00","0","no battery","V"
"10/20/2017","11:52:33","5","default","957498349","OXY5","42.918","min","158.602","μmol/L","Humid","20.928","deg","91280","µV","35.956","°C","1019.000","hPa","37.0","pmil","0","55.500","deg","20.000","°C","100.000","%a.s.","22.500","deg","20.000","°C","1013.000","hPa","0.861","-0.02056","0.00035","-0.00011","0","14.7","Humid","26.25","0","52.00","346251.61","SABD0000000001","AAV1.0.0.11","2.0.0.28","PSt7-10","000000-000","10/20/2017 9:36:39 AM","0000-00","0","no battery","V"
"10/20/2017","11:52:34","5","default","957498349","OXY5","42.934","min","158.453","μmol/L","Humid","20.926","deg","91277","µV","35.984","°C","1018.000","hPa","37.0","pmil","0","55.500","deg","20.000","°C","100.000","%a.s.","22.500","deg","20.000","°C","1013.000","hPa","0.861","-0.02056","0.00035","-0.00011","0","14.7","Humid","26.25","0","52.00","346253.77","SABD0000000001","AAV1.0.0.11","2.0.0.28","PSt7-10","000000-000","10/20/2017 9:36:39 AM","0000-00","0","no battery","V"
"10/20/2017","11:52:35","5","default","957498349","OXY5","42.951","min","158.473","μmol/L","Humid","20.927","deg","91284","µV","35.979","°C","1018.000","hPa","37.0","pmil","0","55.500","deg","20.000","°C","100.000","%a.s.","22.500","deg","20.000","°C","1013.000","hPa","0.861","-0.02056","0.00035","-0.00011","0","14.7","Humid","26.25","0","52.00","346252.49","SABD0000000001","AAV1.0.0.11","2.0.0.28","PSt7-10","000000-000","10/20/2017 9:36:39 AM","0000-00","0","no battery","V"
"10/20/2017","11:52:36","5","default","957498349","OXY5","42.968","min","158.542","μmol/L","Humid","20.925","deg","91272","µV","35.973","°C","1019.000","hPa","37.0","pmil","0","55.500","deg","20.000","°C","100.000","%a.s.","22.500","deg","20.000","°C","1013.000","hPa","0.861","-0.02056","0.00035","-0.00011","0","14.7","Humid","26.25","0","52.00","346250.50","SABD0000000001","AAV1.0.0.11","2.0.0.28","PSt7-10","000000-000","10/20/2017 9:36:39 AM","0000-00","0","no battery","V"
"10/20/2017","11:52:37","5","default","957498349","OXY5","42.984","min","158.527","μmol/L","Humid","20.925","deg","91277","µV","35.974","°C","1018.000","hPa","37.0","pmil","0","55.500","deg","20.000","°C","100.000","%a.s.","22.500","deg","20.000","°C","1013.000","hPa","0.861","-0.02056","0.00035","-0.00011","0","14.7","Humid","26.25","0","52.00","346259.95","SABD0000000001","AAV1.0.0.11","2.0.0.28","PSt7-10","000000-000","10/20/2017 9:36:39 AM","0000-00","0","no battery","V"
"10/20/2017","11:52:38","5","default","957498349","OXY5","43.001","min","158.558","μmol/L","Humid","20.925","deg","91279","µV","35.969","°C","1018.000","hPa","37.0","pmil","0","55.500","deg","20.000","°C","100.000","%a.s.","22.500","deg","20.000","°C","1013.000","hPa","0.861","-0.02056","0.00035","-0.00011","0","14.7","Humid","26.25","0","52.00","346250.31","SABD0000000001","AAV1.0.0.11","2.0.0.28","PSt7-10","000000-000","10/20/2017 9:36:39 AM","0000-00","0","no battery","V"
"10/20/2017","11:52:39","5","default","957498349","OXY5","43.018","min","158.650","μmol/L","Humid","20.923","deg","91271","µV","35.959","°C","1018.000","hPa","37.0","pmil","0","55.500","deg","20.000","°C","100.000","%a.s.","22.500","deg","20.000","°C","1013.000","hPa","0.861","-0.02056","0.00035","-0.00011","0","14.7","Humid","26.25","0","52.00","346251.85","SABD0000000001","AAV1.0.0.11","2.0.0.28","PSt7-10","000000-000","10/20/2017 9:36:39 AM","0000-00","0","no battery","V"
"10/20/2017","11:52:40","5","default","957498349","OXY5","43.034","min","158.493","μmol/L","Humid","20.927","deg","91274","µV","35.975","°C","1018.000","hPa","37.0","pmil","0","55.500","deg","20.000","°C","100.000","%a.s.","22.500","deg","20.000","°C","1013.000","hPa","0.861","-0.02056","0.00035","-0.00011","0","14.7","Humid","26.25","0","52.00","346250.01","SABD0000000001","AAV1.0.0.11","2.0.0.28","PSt7-10","000000-000","10/20/2017 9:36:39 AM","0000-00","0","no battery","V"
"10/20/2017","11:52:41","5","default","957498349","OXY5","43.051","min","158.664","μmol/L","Humid","20.922","deg","91280","µV","35.959","°C","1018.000","hPa","37.0","pmil","0","55.500","deg","20.000","°C","100.000","%a.s.","22.500","deg","20.000","°C","1013.000","hPa","0.861","-0.02056","0.00035","-0.00011","0","14.7","Humid","26.25","0","52.00","346260.72","SABD0000000001","AAV1.0.0.11","2.0.0.28","PSt7-10","000000-000","10/20/2017 9:36:39 AM","0000-00","0","no battery","V"
"10/20/2017","11:52:42","5","default","957498349","OXY5","43.068","min","158.541","μmol/L","Humid","20.926","deg","91271","µV","35.970","°C","1018.000","hPa","37.0","pmil","0","55.500","deg","20.000","°C","100.000","%a.s.","22.500","deg","20.000","°C","1013.000","hPa","0.861","-0.02056","0.00035","-0.00011","0","14.7","Humid","26.25","0","52.00","346250.85","SABD0000000001","AAV1.0.0.11","2.0.0.28","PSt7-10","000000-000","10/20/2017 9:36:39 AM","0000-00","0","no battery","V"
"10/20/2017","11:52:43","5","default","957498349","OXY5","43.084","min","158.641","μmol/L","Humid","20.925","deg","91269","µV","35.955","°C","1018.000","hPa","37.0","pmil","0","55.500","deg","20.000","°C","100.000","%a.s.","22.500","deg","20.000","°C","1013.000","hPa","0.861","-0.02056","0.00035","-0.00011","0","14.7","Humid","26.25","0","52.00","346242.50","SABD0000000001","AAV1.0.0.11","2.0.0.28","PSt7-10","000000-000","10/20/2017 9:36:39 AM","0000-00","0","no battery","V"
"10/20/2017","11:52:44","5","default","957498349","OXY5","43.101","min","158.440","μmol/L","Humid","20.926","deg","91265","µV","35.986","°C","1018.000","hPa","37.0","pmil","0","55.500","deg","20.000","°C","100.000","%a.s.","22.500","deg","20.000","°C","1013.000","hPa","0.861","-0.02056","0.00035","-0.00011","0","14.7","Humid","26.25","0","52.00","346253.46","SABD0000000001","AAV1.0.0.11","2.0.0.28","PSt7-10","000000-000","10/20/2017 9:36:39 AM","0000-00","0","no battery","V"
"10/20/2017","11:52:45","5","default","957498349","OXY5","43.118","min","158.577","μmol/L","Humid","20.925","deg","91263","µV","35.966","°C","1018.000","hPa","37.0","pmil","0","55.500","deg","20.000","°C","100.000","%a.s.","22.500","deg","20.000","°C","1013.000","hPa","0.861","-0.02056","0.00035","-0.00011","0","14.7","Humid","26.25","0","52.00","346235.04","SABD0000000001","AAV1.0.0.11","2.0.0.28","PSt7-10","000000-000","10/20/2017 9:36:39 AM","0000-00","0","no battery","V"
"10/20/2017","11:52:46","5","default","957498349","OXY5","43.134","min","158.658","μmol/L","Humid","20.921","deg","91259","µV","35.962","°C","1018.000","hPa","37.0","pmil","0","55.500","deg","20.000","°C","100.000","%a.s.","22.500","deg","20.000","°C","1013.000","hPa","0.861","-0.02056","0.00035","-0.00011","0","14.7","Humid","26.25","0","52.00","346236.68","SABD0000000001","AAV1.0.0.11","2.0.0.28","PSt7-10","000000-000","10/20/2017 9:36:39 AM","0000-00","0","no battery","V"
"10/20/2017","11:52:47","5","default","957498349","OXY5","43.151","min","158.524","μmol/L","Humid","20.930","deg","91263","µV","35.964","°C","1019.000","hPa","37.0","pmil","0","55.500","deg","20.000","°C","100.000","%a.s.","22.500","deg","20.000","°C","1013.000","hPa","0.861","-0.02056","0.00035","-0.00011","0","14.7","Humid","26.25","0","52.00","346240.43","SABD0000000001","AAV1.0.0.11","2.0.0.28","PSt7-10","000000-000","10/20/2017 9:36:39 AM","0000-00","0","no battery","V"
"10/20/2017","11:52:48","5","default","957498349","OXY5","43.168","min","158.615","μmol/L","Humid","20.922","deg","91260","µV","35.967","°C","1018.000","hPa","37.0","pmil","0","55.500","deg","20.000","°C","100.000","%a.s.","22.500","deg","20.000","°C","1013.000","hPa","0.861","-0.02056","0.00035","-0.00011","0","14.7","Humid","26.25","0","52.00","346233.85","SABD0000000001","AAV1.0.0.11","2.0.0.28","PSt7-10","000000-000","10/20/2017 9:36:39 AM","0000-00","0","no battery","V"
"10/20/2017","11:52:49","5","default","957498349","OXY5","43.184","min","158.675","μmol/L","Humid","20.924","deg","91259","µV","35.952","°C","1018.000","hPa","37.0","pmil","0","55.500","deg","20.000","°C","100.000","%a.s.","22.500","deg","20.000","°C","1013.000","hPa","0.861","-0.02056","0.00035","-0.00011","0","14.7","Humid","26.25","0","52.00","346239.81","SABD0000000001","AAV1.0.0.11","2.0.0.28","PSt7-10","000000-000","10/20/2017 9:36:39 AM","0000-00","0","no battery","V"
"10/20/2017","11:52:50","5","default","957498349","OXY5","43.201","min","158.572","μmol/L","Humid","20.925","deg","91252","µV","35.968","°C","1019.000","hPa","37.0","pmil","0","55.500","deg","20.000","°C","100.000","%a.s.","22.500","deg","20.000","°C","1013.000","hPa","0.861","-0.02056","0.00035","-0.00011","0","14.7","Humid","26.25","0","52.00","346238.86","SABD0000000001","AAV1.0.0.11","2.0.0.28","PSt7-10","000000-000","10/20/2017 9:36:39 AM","0000-00","0","no battery","V"
"10/20/2017","11:52:51","5","default","957498349","OXY5","43.218","min","158.564","μmol/L","Humid","20.928","deg","91248","µV","35.961","°C","1018.000","hPa","37.0","pmil","0","55.500","deg","20.000","°C","100.000","%a.s.","22.500","deg","20.000","°C","1013.000","hPa","0.861","-0.02056","0.00035","-0.00011","0","14.7","Humid","26.25","0","52.00","346240.42","SABD0000000001","AAV1.0.0.11","2.0.0.28","PSt7-10","000000-000","10/20/2017 9:36:39 AM","0000-00","0","no battery","V"
"10/20/2017","11:52:52","5","default","957498349","OXY5","43.234","min","158.606","μmol/L","Humid","20.924","deg","91244","µV","35.964","°C","1018.000","hPa","37.0","pmil","0","55.500","deg","20.000","°C","100.000","%a.s.","22.500","deg","20.000","°C","1013.000","hPa","0.861","-0.02056","0.00035","-0.00011","0","14.7","Humid","26.25","0","52.00","346235.11","SABD0000000001","AAV1.0.0.11","2.0.0.28","PSt7-10","000000-000","10/20/2017 9:36:39 AM","0000-00","0","no battery","V"
"10/20/2017","11:52:53","5","default","957498349","OXY5","43.251","min","158.501","μmol/L","Humid","20.927","deg","91250","µV","35.974","°C","1018.000","hPa","37.0","pmil","0","55.500","deg","20.000","°C","100.000","%a.s.","22.500","deg","20.000","°C","1013.000","hPa","0.861","-0.02056","0.00035","-0.00011","0","14.7","Humid","26.25","0","52.00","346233.95","SABD0000000001","AAV1.0.0.11","2.0.0.28","PSt7-10","000000-000","10/20/2017 9:36:39 AM","0000-00","0","no battery","V"
"10/20/2017","11:52:54","5","default","957498349","OXY5","43.268","min","158.527","μmol/L","Humid","20.925","deg","91244","µV","35.974","°C","1018.000","hPa","37.0","pmil","0","55.500","deg","20.000","°C","100.000","%a.s.","22.500","deg","20.000","°C","1013.000","hPa","0.861","-0.02056","0.00035","-0.00011","0","14.7","Humid","26.25","0","52.00","346237.19","SABD0000000001","AAV1.0.0.11","2.0.0.28","PSt7-10","000000-000","10/20/2017 9:36:39 AM","0000-00","0","no battery","V"
"10/20/2017","11:52:55","5","default","957498349","OXY5","43.284","min","158.535","μmol/L","Humid","20.924","deg","91241","µV","35.975","°C","1018.000","hPa","37.0","pmil","0","55.500","deg","20.000","°C","100.000","%a.s.","22.500","deg","20.000","°C","1013.000","hPa","0.861","-0.02056","0.00035","-0.00011","0","14.7","Humid","26.25","0","52.00","346227.15","SABD0000000001","AAV1.0.0.11","2.0.0.28","PSt7-10","000000-000","10/20/2017 9:36:39 AM","0000-00","0","no battery","V"
"10/20/2017","11:52:56","5","default","957498349","OXY5","43.301","min","158.580","μmol/L","Humid","20.925","deg","91241","µV","35.965","°C","1018.000","hPa","37.0","pmil","0","55.500","deg","20.000","°C","100.000","%a.s.","22.500","deg","20.000","°C","1013.000","hPa","0.861","-0.02056","0.00035","-0.00011","0","14.7","Humid","26.25","0","52.00","346223.24","SABD0000000001","AAV1.0.0.11","2.0.0.28","PSt7-10","000000-000","10/20/2017 9:36:39 AM","0000-00","0","no battery","V"
"10/20/2017","11:52:57","5","default","957498349","OXY5","43.318","min","158.583","μmol/L","Humid","20.925","deg","91252","µV","35.965","°C","1018.000","hPa","37.0","pmil","0","55.500","deg","20.000","°C","100.000","%a.s.","22.500","deg","20.000","°C","1013.000","hPa","0.861","-0.02056","0.00035","-0.00011","0","14.7","Humid","26.25","0","52.00","346237.21","SABD0000000001","AAV1.0.0.11","2.0.0.28","PSt7-10","000000-000","10/20/2017 9:36:39 AM","0000-00","0","no battery","V"
"10/20/2017","11:52:58","5","default","957498349","OXY5","43.334","min","158.511","μmol/L","Humid","20.926","deg","91246","µV","35.975","°C","1018.000","hPa","37.0","pmil","0","55.500","deg","20.000","°C","100.000","%a.s.","22.500","deg","20.000","°C","1013.000","hPa","0.861","-0.02056","0.00035","-0.00011","0","14.7","Humid","26.25","0","52.00","346239.93","SABD0000000001","AAV1.0.0.11","2.0.0.28","PSt7-10","000000-000","10/20/2017 9:36:39 AM","0000-00","0","no battery","V"
"10/20/2017","11:52:59","5","default","957498349","OXY5","43.351","min","158.597","μmol/L","Humid","20.922","deg","91237","µV","35.970","°C","1018.000","hPa","37.0","pmil","0","55.500","deg","20.000","°C","100.000","%a.s.","22.500","deg","20.000","°C","1013.000","hPa","0.861","-0.02056","0.00035","-0.00011","0","14.7","Humid","26.25","0","52.00","346239.59","SABD0000000001","AAV1.0.0.11","2.0.0.28","PSt7-10","000000-000","10/20/2017 9:36:39 AM","0000-00","0","no battery","V"
"10/20/2017","11:53:00","5","default","957498349","OXY5","43.368","min","158.505","μmol/L","Humid","20.929","deg","91241","µV","35.970","°C","1019.000","hPa","37.0","pmil","0","55.500","deg","20.000","°C","100.000","%a.s.","22.500","deg","20.000","°C","1013.000","hPa","0.861","-0.02056","0.00035","-0.00011","0","14.7","Humid","26.25","0","52.00","346227.43","SABD0000000001","AAV1.0.0.11","2.0.0.28","PSt7-10","000000-000","10/20/2017 9:36:39 AM","0000-00","0","no battery","V"
"10/20/2017","11:53:01","5","default","957498349","OXY5","43.384","min","158.579","μmol/L","Humid","20.925","deg","91236","µV","35.966","°C","1018.000","hPa","37.0","pmil","0","55.500","deg","20.000","°C","100.000","%a.s.","22.500","deg","20.000","°C","1013.000","hPa","0.861","-0.02056","0.00035","-0.00011","0","14.7","Humid","26.25","0","52.00","346230.17","SABD0000000001","AAV1.0.0.11","2.0.0.28","PSt7-10","000000-000","10/20/2017 9:36:39 AM","0000-00","0","no battery","V"
"10/20/2017","11:53:02","5","default","957498349","OXY5","43.401","min","158.485","μmol/L","Humid","20.929","deg","91225","µV","35.972","°C","1018.000","hPa","37.0","pmil","0","55.500","deg","20.000","°C","100.000","%a.s.","22.500","deg","20.000","°C","1013.000","hPa","0.861","-0.02056","0.00035","-0.00011","0","14.7","Humid","26.25","0","52.00","346224.72","SABD0000000001","AAV1.0.0.11","2.0.0.28","PSt7-10","000000-000","10/20/2017 9:36:39 AM","0000-00","0","no battery","V"
"10/20/2017","11:53:03","5","default","957498349","OXY5","43.418","min","158.507","μmol/L","Humid","20.928","deg","91234","µV","35.971","°C","1018.000","hPa","37.0","pmil","0","55.500","deg","20.000","°C","100.000","%a.s.","22.500","deg","20.000","°C","1013.000","hPa","0.861","-0.02056","0.00035","-0.00011","0","14.7","Humid","26.25","0","52.00","346234.35","SABD0000000001","AAV1.0.0.11","2.0.0.28","PSt7-10","000000-000","10/20/2017 9:36:39 AM","0000-00","0","no battery","V"
"10/20/2017","11:53:04","5","default","957498349","OXY5","43.434","min","158.499","μmol/L","Humid","20.929","deg","91230","µV","35.969","°C","1018.000","hPa","37.0","pmil","0","55.500","deg","20.000","°C","100.000","%a.s.","22.500","deg","20.000","°C","1013.000","hPa","0.861","-0.02056","0.00035","-0.00011","0","14.7","Humid","26.25","0","52.00","346222.62","SABD0000000001","AAV1.0.0.11","2.0.0.28","PSt7-10","000000-000","10/20/2017 9:36:39 AM","0000-00","0","no battery","V"
"10/20/2017","11:53:05","5","default","957498349","OXY5","43.451","min","158.594","μmol/L","Humid","20.924","deg","91228","µV","35.966","°C","1018.000","hPa","37.0","pmil","0","55.500","deg","20.000","°C","100.000","%a.s.","22.500","deg","20.000","°C","1013.000","hPa","0.861","-0.02056","0.00035","-0.00011","0","14.7","Humid","26.25","0","52.00","346228.83","SABD0000000001","AAV1.0.0.11","2.0.0.28","PSt7-10","000000-000","10/20/2017 9:36:39 AM","0000-00","0","no battery","V"
"10/20/2017","11:53:06","5","default","957498349","OXY5","43.468","min","158.572","μmol/L","Humid","20.928","deg","91226","µV","35.960","°C","1018.000","hPa","37.0","pmil","0","55.500","deg","20.000","°C","100.000","%a.s.","22.500","deg","20.000","°C","1013.000","hPa","0.861","-0.02056","0.00035","-0.00011","0","14.7","Humid","26.25","0","52.00","346239.74","SABD0000000001","AAV1.0.0.11","2.0.0.28","PSt7-10","000000-000","10/20/2017 9:36:39 AM","0000-00","0","no battery","V"
"10/20/2017","11:53:07","5","default","957498349","OXY5","43.484","min","158.549","μmol/L","Humid","20.924","deg","91229","µV","35.973","°C","1018.000","hPa","37.0","pmil","0","55.500","deg","20.000","°C","100.000","%a.s.","22.500","deg","20.000","°C","1013.000","hPa","0.861","-0.02056","0.00035","-0.00011","0","14.7","Humid","26.25","0","52.00","346222.23","SABD0000000001","AAV1.0.0.11","2.0.0.28","PSt7-10","000000-000","10/20/2017 9:36:39 AM","0000-00","0","no battery","V"
"10/20/2017","11:53:08","5","default","957498349","OXY5","43.501","min","158.505","μmol/L","Humid","20.926","deg","91222","µV","35.976","°C","1018.000","hPa","37.0","pmil","0","55.500","deg","20.000","°C","100.000","%a.s.","22.500","deg","20.000","°C","1013.000","hPa","0.861","-0.02056","0.00035","-0.00011","0","14.7","Humid","26.25","0","52.00","346222.31","SABD0000000001","AAV1.0.0.11","2.0.0.28","PSt7-10","000000-000","10/20/2017 9:36:39 AM","0000-00","0","no battery","V"
"10/20/2017","11:53:09","5","default","957498349","OXY5","43.518","min","158.498","μmol/L","Humid","20.925","deg","91213","µV","35.979","°C","1018.000","hPa","37.0","pmil","0","55.500","deg","20.000","°C","100.000","%a.s.","22.500","deg","20.000","°C","1013.000","hPa","0.861","-0.02056","0.00035","-0.00011","0","14.7","Humid","26.25","0","52.00","346228.46","SABD0000000001","AAV1.0.0.11","2.0.0.28","PSt7-10","000000-000","10/20/2017 9:36:39 AM","0000-00","0","no battery","V"
"10/20/2017","11:53:10","5","default","957498349","OXY5","43.535","min","158.489","μmol/L","Humid","20.927","deg","91217","µV","35.976","°C","1018.000","hPa","37.0","pmil","0","55.500","deg","20.000","°C","100.000","%a.s.","22.500","deg","20.000","°C","1013.000","hPa","0.861","-0.02056","0.00035","-0.00011","0","14.7","Humid","26.25","0","52.00","346219.59","SABD0000000001","AAV1.0.0.11","2.0.0.28","PSt7-10","000000-000","10/20/2017 9:36:39 AM","0000-00","0","no battery","V"
"10/20/2017","11:53:11","5","default","957498349","OXY5","43.551","min","158.594","μmol/L","Humid","20.926","deg","91217","µV","35.961","°C","1018.000","hPa","37.0","pmil","0","55.500","deg","20.000","°C","100.000","%a.s.","22.500","deg","20.000","°C","1013.000","hPa","0.861","-0.02056","0.00035","-0.00011","0","14.7","Humid","26.25","0","52.00","346214.90","SABD0000000001","AAV1.0.0.11","2.0.0.28","PSt7-10","000000-000","10/20/2017 9:36:39 AM","0000-00","0","no battery","V"
"10/20/2017","11:53:12","5","default","957498349","OXY5","43.568","min","158.636","μmol/L","Humid","20.924","deg","91218","µV","35.959","°C","1018.000","hPa","37.0","pmil","0","55.500","deg","20.000","°C","100.000","%a.s.","22.500","deg","20.000","°C","1013.000","hPa","0.861","-0.02056","0.00035","-0.00011","0","14.7","Humid","26.25","0","52.00","346226.21","SABD0000000001","AAV1.0.0.11","2.0.0.28","PSt7-10","000000-000","10/20/2017 9:36:39 AM","0000-00","0","no battery","V"
"10/20/2017","11:53:13","5","default","957498349","OXY5","43.585","min","158.477","μmol/L","Humid","20.927","deg","91220","µV","35.978","°C","1018.000","hPa","37.0","pmil","0","55.500","deg","20.000","°C","100.000","%a.s.","22.500","deg","20.000","°C","1013.000","hPa","0.861","-0.02056","0.00035","-0.00011","0","14.7","Humid","26.25","0","52.00","346228.15","SABD0000000001","AAV1.0.0.11","2.0.0.28","PSt7-10","000000-000","10/20/2017 9:36:39 AM","0000-00","0","no battery","V"
"10/20/2017","11:53:14","5","default","957498349","OXY5","43.601","min","158.509","μmol/L","Humid","20.924","deg","91210","µV","35.980","°C","1018.000","hPa","37.0","pmil","0","55.500","deg","20.000","°C","100.000","%a.s.","22.500","deg","20.000","°C","1013.000","hPa","0.861","-0.02056","0.00035","-0.00011","0","14.7","Humid","26.25","0","52.00","346215.09","SABD0000000001","AAV1.0.0.11","2.0.0.28","PSt7-10","000000-000","10/20/2017 9:36:39 AM","0000-00","0","no battery","V"
"10/20/2017","11:53:15","5","default","957498349","OXY5","43.618","min","158.587","μmol/L","Humid","20.927","deg","91210","µV","35.960","°C","1018.000","hPa","37.0","pmil","0","55.500","deg","20.000","°C","100.000","%a.s.","22.500","deg","20.000","°C","1013.000","hPa","0.861","-0.02056","0.00035","-0.00011","0","14.7","Humid","26.25","0","52.00","346204.25","SABD0000000001","AAV1.0.0.11","2.0.0.28","PSt7-10","000000-000","10/20/2017 9:36:39 AM","0000-00","0","no battery","V"
"10/20/2017","11:53:16","5","default","957498349","OXY5","43.635","min","158.604","μmol/L","Humid","20.926","deg","91211","µV","35.959","°C","1018.000","hPa","37.0","pmil","0","55.500","deg","20.000","°C","100.000","%a.s.","22.500","deg","20.000","°C","1013.000","hPa","0.861","-0.02056","0.00035","-0.00011","0","14.7","Humid","26.25","0","52.00","346216.83","SABD0000000001","AAV1.0.0.11","2.0.0.28","PSt7-10","000000-000","10/20/2017 9:36:39 AM","0000-00","0","no battery","V"
"10/20/2017","11:53:17","5","default","957498349","OXY5","43.651","min","158.518","μmol/L","Humid","20.925","deg","91203","µV","35.976","°C","1018.000","hPa","37.0","pmil","0","55.500","deg","20.000","°C","100.000","%a.s.","22.500","deg","20.000","°C","1013.000","hPa","0.861","-0.02056","0.00035","-0.00011","0","14.7","Humid","26.25","0","52.00","346214.40","SABD0000000001","AAV1.0.0.11","2.0.0.28","PSt7-10","000000-000","10/20/2017 9:36:39 AM","0000-00","0","no battery","V"
"10/20/2017","11:53:18","5","default","957498349","OXY5","43.668","min","158.563","μmol/L","Humid","20.924","deg","91205","µV","35.971","°C","1018.000","hPa","37.0","pmil","0","55.500","deg","20.000","°C","100.000","%a.s.","22.500","deg","20.000","°C","1013.000","hPa","0.861","-0.02056","0.00035","-0.00011","0","14.7","Humid","26.25","0","52.00","346212.49","SABD0000000001","AAV1.0.0.11","2.0.0.28","PSt7-10","000000-000","10/20/2017 9:36:39 AM","0000-00","0","no battery","V"
"10/20/2017","11:53:19","5","default","957498349","OXY5","43.685","min","158.587","μmol/L","Humid","20.925","deg","91210","µV","35.964","°C","1018.000","hPa","37.0","pmil","0","55.500","deg","20.000","°C","100.000","%a.s.","22.500","deg","20.000","°C","1013.000","hPa","0.861","-0.02056","0.00035","-0.00011","0","14.7","Humid","26.25","0","52.00","346210.98","SABD0000000001","AAV1.0.0.11","2.0.0.28","PSt7-10","000000-000","10/20/2017 9:36:39 AM","0000-00","0","no battery","V"
"10/20/2017","11:53:20","5","default","957498349","OXY5","43.702","min","158.513","μmol/L","Humid","20.925","deg","91197","µV","35.977","°C","1018.000","hPa","37.0","pmil","0","55.500","deg","20.000","°C","100.000","%a.s.","22.500","deg","20.000","°C","1013.000","hPa","0.861","-0.02056","0.00035","-0.00011","0","14.7","Humid","26.25","0","52.00","346210.95","SABD0000000001","AAV1.0.0.11","2.0.0.28","PSt7-10","000000-000","10/20/2017 9:36:39 AM","0000-00","0","no battery","V"
"10/20/2017","11:53:21","5","default","957498349","OXY5","43.718","min","158.523","μmol/L","Humid","20.926","deg","91201","µV","35.974","°C","1019.000","hPa","37.0","pmil","0","55.500","deg","20.000","°C","100.000","%a.s.","22.500","deg","20.000","°C","1013.000","hPa","0.861","-0.02056","0.00035","-0.00011","0","14.7","Humid","26.25","0","52.00","346209.32","SABD0000000001","AAV1.0.0.11","2.0.0.28","PSt7-10","000000-000","10/20/2017 9:36:39 AM","0000-00","0","no battery","V"
"10/20/2017","11:53:22","5","default","957498349","OXY5","43.735","min","158.525","μmol/L","Humid","20.924","deg","91197","µV","35.977","°C","1018.000","hPa","37.0","pmil","0","55.500","deg","20.000","°C","100.000","%a.s.","22.500","deg","20.000","°C","1013.000","hPa","0.861","-0.02056","0.00035","-0.00011","0","14.7","Humid","26.25","0","52.00","346213.13","SABD0000000001","AAV1.0.0.11","2.0.0.28","PSt7-10","000000-000","10/20/2017 9:36:39 AM","0000-00","0","no battery","V"
"10/20/2017","11:53:23","5","default","957498349","OXY5","43.752","min","158.527","μmol/L","Humid","20.927","deg","91192","µV","35.970","°C","1018.000","hPa","37.0","pmil","0","55.500","deg","20.000","°C","100.000","%a.s.","22.500","deg","20.000","°C","1013.000","hPa","0.861","-0.02056","0.00035","-0.00011","0","14.7","Humid","26.25","0","52.00","346201.36","SABD0000000001","AAV1.0.0.11","2.0.0.28","PSt7-10","000000-000","10/20/2017 9:36:39 AM","0000-00","0","no battery","V"
"10/20/2017","11:53:24","5","default","957498349","OXY5","43.768","min","158.545","μmol/L","Humid","20.924","deg","91193","µV","35.975","°C","1019.000","hPa","37.0","pmil","0","55.500","deg","20.000","°C","100.000","%a.s.","22.500","deg","20.000","°C","1013.000","hPa","0.861","-0.02056","0.00035","-0.00011","0","14.7","Humid","26.25","0","52.00","346196.16","SABD0000000001","AAV1.0.0.11","2.0.0.28","PSt7-10","000000-000","10/20/2017 9:36:39 AM","0000-00","0","no battery","V"
"10/20/2017","11:53:25","5","default","957498349","OXY5","43.785","min","158.604","μmol/L","Humid","20.924","deg","91195","µV","35.964","°C","1018.000","hPa","37.0","pmil","0","55.500","deg","20.000","°C","100.000","%a.s.","22.500","deg","20.000","°C","1013.000","hPa","0.861","-0.02056","0.00035","-0.00011","0","14.7","Humid","26.25","0","52.00","346206.67","SABD0000000001","AAV1.0.0.11","2.0.0.28","PSt7-10","000000-000","10/20/2017 9:36:39 AM","0000-00","0","no battery","V"
"10/20/2017","11:53:26","5","default","957498349","OXY5","43.802","min","158.588","μmol/L","Humid","20.921","deg","91192","µV","35.974","°C","1018.000","hPa","37.0","pmil","0","55.500","deg","20.000","°C","100.000","%a.s.","22.500","deg","20.000","°C","1013.000","hPa","0.861","-0.02056","0.00035","-0.00011","0","14.7","Humid","26.25","0","52.00","346204.46","SABD0000000001","AAV1.0.0.11","2.0.0.28","PSt7-10","000000-000","10/20/2017 9:36:39 AM","0000-00","0","no battery","V"
"10/20/2017","11:53:27","5","default","957498349","OXY5","43.818","min","158.497","μmol/L","Humid","20.924","deg","91187","µV","35.983","°C","1019.000","hPa","37.0","pmil","0","55.500","deg","20.000","°C","100.000","%a.s.","22.500","deg","20.000","°C","1013.000","hPa","0.861","-0.02056","0.00035","-0.00011","0","14.7","Humid","26.25","0","52.00","346208.85","SABD0000000001","AAV1.0.0.11","2.0.0.28","PSt7-10","000000-000","10/20/2017 9:36:39 AM","0000-00","0","no battery","V"
"10/20/2017","11:53:28","5","default","957498349","OXY5","43.835","min","158.629","μmol/L","Humid","20.923","deg","91191","µV","35.962","°C","1018.000","hPa","37.0","pmil","0","55.500","deg","20.000","°C","100.000","%a.s.","22.500","deg","20.000","°C","1013.000","hPa","0.861","-0.02056","0.00035","-0.00011","0","14.7","Humid","26.25","0","52.00","346210.44","SABD0000000001","AAV1.0.0.11","2.0.0.28","PSt7-10","000000-000","10/20/2017 9:36:39 AM","0000-00","0","no battery","V"
"10/20/2017","11:53:29","5","default","957498349","OXY5","43.851","min","158.623","μmol/L","Humid","20.922","deg","91183","µV","35.966","°C","1018.000","hPa","37.0","pmil","0","55.500","deg","20.000","°C","100.000","%a.s.","22.500","deg","20.000","°C","1013.000","hPa","0.861","-0.02056","0.00035","-0.00011","0","14.7","Humid","26.25","0","52.00","346196.32","SABD0000000001","AAV1.0.0.11","2.0.0.28","PSt7-10","000000-000","10/20/2017 9:36:39 AM","0000-00","0","no battery","V"
"10/20/2017","11:53:30","5","default","957498349","OXY5","43.868","min","158.605","μmol/L","Humid","20.920","deg","91185","µV","35.973","°C","1018.000","hPa","37.0","pmil","0","55.500","deg","20.000","°C","100.000","%a.s.","22.500","deg","20.000","°C","1013.000","hPa","0.861","-0.02056","0.00035","-0.00011","0","14.7","Humid","26.25","0","52.00","346197.26","SABD0000000001","AAV1.0.0.11","2.0.0.28","PSt7-10","000000-000","10/20/2017 9:36:39 AM","0000-00","0","no battery","V"
"10/20/2017","11:53:31","5","default","957498349","OXY5","43.885","min","158.457","μmol/L","Humid","20.923","deg","91186","µV","35.992","°C","1019.000","hPa","37.0","pmil","0","55.500","deg","20.000","°C","100.000","%a.s.","22.500","deg","20.000","°C","1013.000","hPa","0.861","-0.02056","0.00035","-0.00011","0","14.7","Humid","26.25","0","52.00","346207.64","SABD0000000001","AAV1.0.0.11","2.0.0.28","PSt7-10","000000-000","10/20/2017 9:36:39 AM","0000-00","0","no battery","V"
"10/20/2017","11:53:32","5","default","957498349","OXY5","43.901","min","158.517","μmol/L","Humid","20.922","deg","91174","µV","35.983","°C","1018.000","hPa","37.0","pmil","0","55.500","deg","20.000","°C","100.000","%a.s.","22.500","deg","20.000","°C","1013.000","hPa","0.861","-0.02056","0.00035","-0.00011","0","14.7","Humid","26.25","0","52.00","346196.33","SABD0000000001","AAV1.0.0.11","2.0.0.28","PSt7-10","000000-000","10/20/2017 9:36:39 AM","0000-00","0","no battery","V"
"10/20/2017","11:53:33","5","default","957498349","OXY5","43.918","min","158.513","μmol/L","Humid","20.923","deg","91178","µV","35.983","°C","1019.000","hPa","37.0","pmil","0","55.500","deg","20.000","°C","100.000","%a.s.","22.500","deg","20.000","°C","1013.000","hPa","0.861","-0.02056","0.00035","-0.00011","0","14.7","Humid","26.25","0","52.00","346187.68","SABD0000000001","AAV1.0.0.11","2.0.0.28","PSt7-10","000000-000","10/20/2017 9:36:39 AM","0000-00","0","no battery","V"
"10/20/2017","11:53:34","5","default","957498349","OXY5","43.935","min","158.575","μmol/L","Humid","20.922","deg","91175","µV","35.975","°C","1019.000","hPa","37.0","pmil","0","55.500","deg","20.000","°C","100.000","%a.s.","22.500","deg","20.000","°C","1013.000","hPa","0.861","-0.02056","0.00035","-0.00011","0","14.7","Humid","26.25","0","52.00","346194.93","SABD0000000001","AAV1.0.0.11","2.0.0.28","PSt7-10","000000-000","10/20/2017 9:36:39 AM","0000-00","0","no battery","V"
"10/20/2017","11:53:35","5","default","957498349","OXY5","43.951","min","158.623","μmol/L","Humid","20.924","deg","91180","µV","35.961","°C","1018.000","hPa","37.0","pmil","0","55.500","deg","20.000","°C","100.000","%a.s.","22.500","deg","20.000","°C","1013.000","hPa","0.861","-0.02056","0.00035","-0.00011","0","14.7","Humid","26.25","0","52.00","346188.11","SABD0000000001","AAV1.0.0.11","2.0.0.28","PSt7-10","000000-000","10/20/2017 9:36:39 AM","0000-00","0","no battery","V"
"10/20/2017","11:53:36","5","default","957498349","OXY5","43.968","min","158.595","μmol/L","Humid","20.924","deg","91169","µV","35.965","°C","1018.000","hPa","37.0","pmil","0","55.500","deg","20.000","°C","100.000","%a.s.","22.500","deg","20.000","°C","1013.000","hPa","0.861","-0.02056","0.00035","-0.00011","0","14.7","Humid","26.25","0","52.00","346180.98","SABD0000000001","AAV1.0.0.11","2.0.0.28","PSt7-10","000000-000","10/20/2017 9:36:39 AM","0000-00","0","no battery","V"
"10/20/2017","11:53:37","5","default","957498349","OXY5","43.985","min","158.576","μmol/L","Humid","20.923","deg","91173","µV","35.971","°C","1018.000","hPa","37.0","pmil","0","55.500","deg","20.000","°C","100.000","%a.s.","22.500","deg","20.000","°C","1013.000","hPa","0.861","-0.02056","0.00035","-0.00011","0","14.7","Humid","26.25","0","52.00","346199.84","SABD0000000001","AAV1.0.0.11","2.0.0.28","PSt7-10","000000-000","10/20/2017 9:36:39 AM","0000-00","0","no battery","V"
"10/20/2017","11:53:38","5","default","957498349","OXY5","44.001","min","158.486","μmol/L","Humid","20.930","deg","91168","µV","35.969","°C","1018.000","hPa","37.0","pmil","0","55.500","deg","20.000","°C","100.000","%a.s.","22.500","deg","20.000","°C","1013.000","hPa","0.861","-0.02056","0.00035","-0.00011","0","14.7","Humid","26.25","0","52.00","346175.78","SABD0000000001","AAV1.0.0.11","2.0.0.28","PSt7-10","000000-000","10/20/2017 9:36:39 AM","0000-00","0","no battery","V"
"10/20/2017","11:53:39","5","default","957498349","OXY5","44.018","min","158.589","μmol/L","Humid","20.920","deg","91167","µV","35.976","°C","1018.000","hPa","37.0","pmil","0","55.500","deg","20.000","°C","100.000","%a.s.","22.500","deg","20.000","°C","1013.000","hPa","0.861","-0.02056","0.00035","-0.00011","0","14.7","Humid","26.25","0","52.00","346174.06","SABD0000000001","AAV1.0.0.11","2.0.0.28","PSt7-10","000000-000","10/20/2017 9:36:39 AM","0000-00","0","no battery","V"
"10/20/2017","11:53:40","5","default","957498349","OXY5","44.035","min","158.609","μmol/L","Humid","20.925","deg","91170","µV","35.962","°C","1019.000","hPa","37.0","pmil","0","55.500","deg","20.000","°C","100.000","%a.s.","22.500","deg","20.000","°C","1013.000","hPa","0.861","-0.02056","0.00035","-0.00011","0","14.7","Humid","26.25","0","52.00","346174.60","SABD0000000001","AAV1.0.0.11","2.0.0.28","PSt7-10","000000-000","10/20/2017 9:36:39 AM","0000-00","0","no battery","V"
"10/20/2017","11:53:41","5","default","957498349","OXY5","44.051","min","158.544","μmol/L","Humid","20.922","deg","91163","µV","35.980","°C","1019.000","hPa","37.0","pmil","0","55.500","deg","20.000","°C","100.000","%a.s.","22.500","deg","20.000","°C","1013.000","hPa","0.861","-0.02056","0.00035","-0.00011","0","14.7","Humid","26.25","0","52.00","346187.40","SABD0000000001","AAV1.0.0.11","2.0.0.28","PSt7-10","000000-000","10/20/2017 9:36:39 AM","0000-00","0","no battery","V"
"10/20/2017","11:53:42","5","default","957498349","OXY5","44.068","min","158.587","μmol/L","Humid","20.923","deg","91162","µV","35.971","°C","1019.000","hPa","37.0","pmil","0","55.500","deg","20.000","°C","100.000","%a.s.","22.500","deg","20.000","°C","1013.000","hPa","0.861","-0.02056","0.00035","-0.00011","0","14.7","Humid","26.25","0","52.00","346173.65","SABD0000000001","AAV1.0.0.11","2.0.0.28","PSt7-10","000000-000","10/20/2017 9:36:39 AM","0000-00","0","no battery","V"
"10/20/2017","11:53:43","5","default","957498349","OXY5","44.085","min","158.594","μmol/L","Humid","20.923","deg","91159","µV","35.970","°C","1019.000","hPa","37.0","pmil","0","55.500","deg","20.000","°C","100.000","%a.s.","22.500","deg","20.000","°C","1013.000","hPa","0.861","-0.02056","0.00035","-0.00011","0","14.7","Humid","26.25","0","52.00","346182.24","SABD0000000001","AAV1.0.0.11","2.0.0.28","PSt7-10","000000-000","10/20/2017 9:36:39 AM","0000-00","0","no battery","V"
"10/20/2017","11:53:44","5","default","957498349","OXY5","44.101","min","158.522","μmol/L","Humid","20.924","deg","91149","µV","35.978","°C","1018.000","hPa","37.0","pmil","0","55.500","deg","20.000","°C","100.000","%a.s.","22.500","deg","20.000","°C","1013.000","hPa","0.861","-0.02056","0.00035","-0.00011","0","14.7","Humid","26.25","0","52.00","346172.99","SABD0000000001","AAV1.0.0.11","2.0.0.28","PSt7-10","000000-000","10/20/2017 9:36:39 AM","0000-00","0","no battery","V"
"10/20/2017","11:53:45","5","default","957498349","OXY5","44.118","min","158.588","μmol/L","Humid","20.924","deg","91153","µV","35.968","°C","1019.000","hPa","37.0","pmil","0","55.500","deg","20.000","°C","100.000","%a.s.","22.500","deg","20.000","°C","1013.000","hPa","0.861","-0.02056","0.00035","-0.00011","0","14.7","Humid","26.25","0","52.00","346170.57","SABD0000000001","AAV1.0.0.11","2.0.0.28","PSt7-10","000000-000","10/20/2017 9:36:39 AM","0000-00","0","no battery","V"
"10/20/2017","11:53:46","5","default","957498349","OXY5","44.135","min","158.617","μmol/L","Humid","20.921","deg","91154","µV","35.969","°C","1018.000","hPa","37.0","pmil","0","55.500","deg","20.000","°C","100.000","%a.s.","22.500","deg","20.000","°C","1013.000","hPa","0.861","-0.02056","0.00035","-0.00011","0","14.7","Humid","26.25","0","52.00","346168.20","SABD0000000001","AAV1.0.0.11","2.0.0.28","PSt7-10","000000-000","10/20/2017 9:36:39 AM","0000-00","0","no battery","V"
"10/20/2017","11:53:47","5","default","957498349","OXY5","44.151","min","158.550","μmol/L","Humid","20.926","deg","91152","µV","35.968","°C","1018.000","hPa","37.0","pmil","0","55.500","deg","20.000","°C","100.000","%a.s.","22.500","deg","20.000","°C","1013.000","hPa","0.861","-0.02056","0.00035","-0.00011","0","14.7","Humid","26.25","0","52.00","346178.59","SABD0000000001","AAV1.0.0.11","2.0.0.28","PSt7-10","000000-000","10/20/2017 9:36:39 AM","0000-00","0","no battery","V"
"10/20/2017","11:53:48","5","default","957498349","OXY5","44.168","min","158.532","μmol/L","Humid","20.925","deg","91150","µV","35.973","°C","1018.000","hPa","37.0","pmil","0","55.500","deg","20.000","°C","100.000","%a.s.","22.500","deg","20.000","°C","1013.000","hPa","0.861","-0.02056","0.00035","-0.00011","0","14.7","Humid","26.25","0","52.00","346163.20","SABD0000000001","AAV1.0.0.11","2.0.0.28","PSt7-10","000000-000","10/20/2017 9:36:39 AM","0000-00","0","no battery","V"
"10/20/2017","11:53:49","5","default","957498349","OXY5","44.185","min","158.690","μmol/L","Humid","20.920","deg","91144","µV","35.959","°C","1018.000","hPa","37.0","pmil","0","55.500","deg","20.000","°C","100.000","%a.s.","22.500","deg","20.000","°C","1013.000","hPa","0.861","-0.02056","0.00035","-0.00011","0","14.7","Humid","26.25","0","52.00","346172.76","SABD0000000001","AAV1.0.0.11","2.0.0.28","PSt7-10","000000-000","10/20/2017 9:36:39 AM","0000-00","0","no battery","V"
"10/20/2017","11:53:50","5","default","957498349","OXY5","44.201","min","158.707","μmol/L","Humid","20.920","deg","91149","µV","35.958","°C","1019.000","hPa","37.0","pmil","0","55.500","deg","20.000","°C","100.000","%a.s.","22.500","deg","20.000","°C","1013.000","hPa","0.861","-0.02056","0.00035","-0.00011","0","14.7","Humid","26.25","0","52.00","346173.90","SABD0000000001","AAV1.0.0.11","2.0.0.28","PSt7-10","000000-000","10/20/2017 9:36:39 AM","0000-00","0","no battery","V"
"10/20/2017","11:53:51","5","default","957498349","OXY5","44.218","min","158.467","μmol/L","Humid","20.924","deg","91145","µV","35.987","°C","1018.000","hPa","37.0","pmil","0","55.500","deg","20.000","°C","100.000","%a.s.","22.500","deg","20.000","°C","1013.000","hPa","0.861","-0.02056","0.00035","-0.00011","0","14.7","Humid","26.25","0","52.00","346171.49","SABD0000000001","AAV1.0.0.11","2.0.0.28","PSt7-10","000000-000","10/20/2017 9:36:39 AM","0000-00","0","no battery","V"
"10/20/2017","11:53:52","5","default","957498349","OXY5","44.235","min","158.489","μmol/L","Humid","20.926","deg","91145","µV","35.980","°C","1019.000","hPa","37.0","pmil","0","55.500","deg","20.000","°C","100.000","%a.s.","22.500","deg","20.000","°C","1013.000","hPa","0.861","-0.02056","0.00035","-0.00011","0","14.7","Humid","26.25","0","52.00","346173.88","SABD0000000001","AAV1.0.0.11","2.0.0.28","PSt7-10","000000-000","10/20/2017 9:36:39 AM","0000-00","0","no battery","V"
"10/20/2017","11:53:53","5","default","957498349","OXY5","44.251","min","158.535","μmol/L","Humid","20.926","deg","91142","µV","35.971","°C","1018.000","hPa","37.0","pmil","0","55.500","deg","20.000","°C","100.000","%a.s.","22.500","deg","20.000","°C","1013.000","hPa","0.861","-0.02056","0.00035","-0.00011","0","14.7","Humid","26.25","0","52.00","346167.16","SABD0000000001","AAV1.0.0.11","2.0.0.28","PSt7-10","000000-000","10/20/2017 9:36:39 AM","0000-00","0","no battery","V"
"10/20/2017","11:53:54","5","default","957498349","OXY5","44.268","min","158.523","μmol/L","Humid","20.922","deg","91138","µV","35.982","°C","1018.000","hPa","37.0","pmil","0","55.500","deg","20.000","°C","100.000","%a.s.","22.500","deg","20.000","°C","1013.000","hPa","0.861","-0.02056","0.00035","-0.00011","0","14.7","Humid","26.25","0","52.00","346175.60","SABD0000000001","AAV1.0.0.11","2.0.0.28","PSt7-10","000000-000","10/20/2017 9:36:39 AM","0000-00","0","no battery","V"
"10/20/2017","11:53:55","5","default","957498349","OXY5","44.285","min","158.449","μmol/L","Humid","20.925","deg","91139","µV","35.989","°C","1019.000","hPa","37.0","pmil","0","55.500","deg","20.000","°C","100.000","%a.s.","22.500","deg","20.000","°C","1013.000","hPa","0.861","-0.02056","0.00035","-0.00011","0","14.7","Humid","26.25","0","52.00","346169.18","SABD0000000001","AAV1.0.0.11","2.0.0.28","PSt7-10","000000-000","10/20/2017 9:36:39 AM","0000-00","0","no battery","V"
"10/20/2017","11:53:56","5","default","957498349","OXY5","44.301","min","158.454","μmol/L","Humid","20.928","deg","91145","µV","35.981","°C","1019.000","hPa","37.0","pmil","0","55.500","deg","20.000","°C","100.000","%a.s.","22.500","deg","20.000","°C","1013.000","hPa","0.861","-0.02056","0.00035","-0.00011","0","14.7","Humid","26.25","0","52.00","346156.10","SABD0000000001","AAV1.0.0.11","2.0.0.28","PSt7-10","000000-000","10/20/2017 9:36:39 AM","0000-00","0","no battery","V"
"10/20/2017","11:53:57","5","default","957498349","OXY5","44.318","min","158.592","μmol/L","Humid","20.924","deg","91131","µV","35.968","°C","1019.000","hPa","37.0","pmil","0","55.500","deg","20.000","°C","100.000","%a.s.","22.500","deg","20.000","°C","1013.000","hPa","0.861","-0.02056","0.00035","-0.00011","0","14.7","Humid","26.25","0","52.00","346148.42","SABD0000000001","AAV1.0.0.11","2.0.0.28","PSt7-10","000000-000","10/20/2017 9:36:39 AM","0000-00","0","no battery","V"
"10/20/2017","11:53:58","5","default","957498349","OXY5","44.335","min","158.538","μmol/L","Humid","20.923","deg","91134","µV","35.977","°C","1018.000","hPa","37.0","pmil","0","55.500","deg","20.000","°C","100.000","%a.s.","22.500","deg","20.000","°C","1013.000","hPa","0.861","-0.02056","0.00035","-0.00011","0","14.7","Humid","26.25","0","52.00","346154.08","SABD0000000001","AAV1.0.0.11","2.0.0.28","PSt7-10","000000-000","10/20/2017 9:36:39 AM","0000-00","0","no battery","V"
"10/20/2017","11:53:59","5","default","957498349","OXY5","44.351","min","158.550","μmol/L","Humid","20.927","deg","91130","µV","35.967","°C","1019.000","hPa","37.0","pmil","0","55.500","deg","20.000","°C","100.000","%a.s.","22.500","deg","20.000","°C","1013.000","hPa","0.861","-0.02056","0.00035","-0.00011","0","14.7","Humid","26.25","0","52.00","346146.03","SABD0000000001","AAV1.0.0.11","2.0.0.28","PSt7-10","000000-000","10/20/2017 9:36:39 AM","0000-00","0","no battery","V"
"10/20/2017","11:54:00","5","default","957498349","OXY5","44.368","min","158.420","μmol/L","Humid","20.927","deg","91134","µV","35.989","°C","1019.000","hPa","37.0","pmil","0","55.500","deg","20.000","°C","100.000","%a.s.","22.500","deg","20.000","°C","1013.000","hPa","0.861","-0.02056","0.00035","-0.00011","0","14.7","Humid","26.25","0","52.00","346156.97","SABD0000000001","AAV1.0.0.11","2.0.0.28","PSt7-10","000000-000","10/20/2017 9:36:39 AM","0000-00","0","no battery","V"
"10/20/2017","11:54:01","5","default","957498349","OXY5","44.385","min","158.486","μmol/L","Humid","20.926","deg","91128","µV","35.980","°C","1019.000","hPa","37.0","pmil","0","55.500","deg","20.000","°C","100.000","%a.s.","22.500","deg","20.000","°C","1013.000","hPa","0.861","-0.02056","0.00035","-0.00011","0","14.7","Humid","26.25","0","52.00","346159.71","SABD0000000001","AAV1.0.0.11","2.0.0.28","PSt7-10","000000-000","10/20/2017 9:36:39 AM","0000-00","0","no battery","V"
"10/20/2017","11:54:02","5","default","957498349","OXY5","44.401","min","158.555","μmol/L","Humid","20.921","deg","91134","µV","35.979","°C","1018.000","hPa","37.0","pmil","0","55.500","deg","20.000","°C","100.000","%a.s.","22.500","deg","20.000","°C","1013.000","hPa","0.861","-0.02056","0.00035","-0.00011","0","14.7","Humid","26.25","0","52.00","346159.78","SABD0000000001","AAV1.0.0.11","2.0.0.28","PSt7-10","000000-000","10/20/2017 9:36:39 AM","0000-00","0","no battery","V"
"10/20/2017","11:54:03","5","default","957498349","OXY5","44.418","min","158.553","μmol/L","Humid","20.922","deg","91119","µV","35.977","°C","1018.000","hPa","37.0","pmil","0","55.500","deg","20.000","°C","100.000","%a.s.","22.500","deg","20.000","°C","1013.000","hPa","0.861","-0.02056","0.00035","-0.00011","0","14.7","Humid","26.25","0","52.00","346148.34","SABD0000000001","AAV1.0.0.11","2.0.0.28","PSt7-10","000000-000","10/20/2017 9:36:39 AM","0000-00","0","no battery","V"
"10/20/2017","11:54:04","5","default","957498349","OXY5","44.435","min","158.654","μmol/L","Humid","20.921","deg","91124","µV","35.964","°C","1019.000","hPa","37.0","pmil","0","55.500","deg","20.000","°C","100.000","%a.s.","22.500","deg","20.000","°C","1013.000","hPa","0.861","-0.02056","0.00035","-0.00011","0","14.7","Humid","26.25","0","52.00","346162.43","SABD0000000001","AAV1.0.0.11","2.0.0.28","PSt7-10","000000-000","10/20/2017 9:36:39 AM","0000-00","0","no battery","V"
"10/20/2017","11:54:05","5","default","957498349","OXY5","44.451","min","158.572","μmol/L","Humid","20.924","deg","91121","µV","35.969","°C","1018.000","hPa","37.0","pmil","0","55.500","deg","20.000","°C","100.000","%a.s.","22.500","deg","20.000","°C","1013.000","hPa","0.861","-0.02056","0.00035","-0.00011","0","14.7","Humid","26.25","0","52.00","346142.97","SABD0000000001","AAV1.0.0.11","2.0.0.28","PSt7-10","000000-000","10/20/2017 9:36:39 AM","0000-00","0","no battery","V"
"10/20/2017","11:54:06","5","default","957498349","OXY5","44.468","min","158.619","μmol/L","Humid","20.923","deg","91120","µV","35.964","°C","1018.000","hPa","37.0","pmil","0","55.500","deg","20.000","°C","100.000","%a.s.","22.500","deg","20.000","°C","1013.000","hPa","0.861","-0.02056","0.00035","-0.00011","0","14.7","Humid","26.25","0","52.00","346143.27","SABD0000000001","AAV1.0.0.11","2.0.0.28","PSt7-10","000000-000","10/20/2017 9:36:39 AM","0000-00","0","no battery","V"
"10/20/2017","11:54:07","5","default","957498349","OXY5","44.485","min","158.541","μmol/L","Humid","20.923","deg","91116","µV","35.977","°C","1018.000","hPa","37.0","pmil","0","55.500","deg","20.000","°C","100.000","%a.s.","22.500","deg","20.000","°C","1013.000","hPa","0.861","-0.02056","0.00035","-0.00011","0","14.7","Humid","26.25","0","52.00","346139.44","SABD0000000001","AAV1.0.0.11","2.0.0.28","PSt7-10","000000-000","10/20/2017 9:36:39 AM","0000-00","0","no battery","V"
"10/20/2017","11:54:08","5","default","957498349","OXY5","44.502","min","158.662","μmol/L","Humid","20.923","deg","91117","µV","35.957","°C","1018.000","hPa","37.0","pmil","0","55.500","deg","20.000","°C","100.000","%a.s.","22.500","deg","20.000","°C","1013.000","hPa","0.861","-0.02056","0.00035","-0.00011","0","14.7","Humid","26.25","0","52.00","346147.85","SABD0000000001","AAV1.0.0.11","2.0.0.28","PSt7-10","000000-000","10/20/2017 9:36:39 AM","0000-00","0","no battery","V"
"10/20/2017","11:54:09","5","default","957498349","OXY5","44.518","min","158.530","μmol/L","Humid","20.923","deg","91112","µV","35.980","°C","1019.000","hPa","37.0","pmil","0","55.500","deg","20.000","°C","100.000","%a.s.","22.500","deg","20.000","°C","1013.000","hPa","0.861","-0.02056","0.00035","-0.00011","0","14.7","Humid","26.25","0","52.00","346139.74","SABD0000000001","AAV1.0.0.11","2.0.0.28","PSt7-10","000000-000","10/20/2017 9:36:39 AM","0000-00","0","no battery","V"
"10/20/2017","11:54:10","5","default","957498349","OXY5","44.535","min","158.432","μmol/L","Humid","20.925","deg","91108","µV","35.990","°C","1018.000","hPa","37.0","pmil","0","55.500","deg","20.000","°C","100.000","%a.s.","22.500","deg","20.000","°C","1013.000","hPa","0.861","-0.02056","0.00035","-0.00011","0","14.7","Humid","26.25","0","52.00","346150.59","SABD0000000001","AAV1.0.0.11","2.0.0.28","PSt7-10","000000-000","10/20/2017 9:36:39 AM","0000-00","0","no battery","V"
"10/20/2017","11:54:11","5","default","957498349","OXY5","44.552","min","158.611","μmol/L","Humid","20.923","deg","91113","µV","35.965","°C","1018.000","hPa","37.0","pmil","0","55.500","deg","20.000","°C","100.000","%a.s.","22.500","deg","20.000","°C","1013.000","hPa","0.861","-0.02056","0.00035","-0.00011","0","14.7","Humid","26.25","0","52.00","346140.41","SABD0000000001","AAV1.0.0.11","2.0.0.28","PSt7-10","000000-000","10/20/2017 9:36:39 AM","0000-00","0","no battery","V"
"10/20/2017","11:54:12","5","default","957498349","OXY5","44.568","min","158.690","μmol/L","Humid","20.922","deg","91110","µV","35.956","°C","1019.000","hPa","37.0","pmil","0","55.500","deg","20.000","°C","100.000","%a.s.","22.500","deg","20.000","°C","1013.000","hPa","0.861","-0.02056","0.00035","-0.00011","0","14.7","Humid","26.25","0","52.00","346144.89","SABD0000000001","AAV1.0.0.11","2.0.0.28","PSt7-10","000000-000","10/20/2017 9:36:39 AM","0000-00","0","no battery","V"
"10/20/2017","11:54:13","5","default","957498349","OXY5","44.585","min","158.455","μmol/L","Humid","20.921","deg","91099","µV","35.997","°C","1019.000","hPa","37.0","pmil","0","55.500","deg","20.000","°C","100.000","%a.s.","22.500","deg","20.000","°C","1013.000","hPa","0.861","-0.02056","0.00035","-0.00011","0","14.7","Humid","26.25","0","52.00","346145.71","SABD0000000001","AAV1.0.0.11","2.0.0.28","PSt7-10","000000-000","10/20/2017 9:36:39 AM","0000-00","0","no battery","V"
"10/20/2017","11:54:14","5","default","957498349","OXY5","44.602","min","158.528","μmol/L","Humid","20.920","deg","91106","µV","35.986","°C","1018.000","hPa","37.0","pmil","0","55.500","deg","20.000","°C","100.000","%a.s.","22.500","deg","20.000","°C","1013.000","hPa","0.861","-0.02056","0.00035","-0.00011","0","14.7","Humid","26.25","0","52.00","346139.19","SABD0000000001","AAV1.0.0.11","2.0.0.28","PSt7-10","000000-000","10/20/2017 9:36:39 AM","0000-00","0","no battery","V"
"10/20/2017","11:54:15","5","default","957498349","OXY5","44.618","min","158.454","μmol/L","Humid","20.923","deg","91095","µV","35.991","°C","1018.000","hPa","37.0","pmil","0","55.500","deg","20.000","°C","100.000","%a.s.","22.500","deg","20.000","°C","1013.000","hPa","0.861","-0.02056","0.00035","-0.00011","0","14.7","Humid","26.25","0","52.00","346137.15","SABD0000000001","AAV1.0.0.11","2.0.0.28","PSt7-10","000000-000","10/20/2017 9:36:39 AM","0000-00","0","no battery","V"
"10/20/2017","11:54:16","5","default","957498349","OXY5","44.635","min","158.607","μmol/L","Humid","20.920","deg","91105","µV","35.973","°C","1018.000","hPa","37.0","pmil","0","55.500","deg","20.000","°C","100.000","%a.s.","22.500","deg","20.000","°C","1013.000","hPa","0.861","-0.02056","0.00035","-0.00011","0","14.7","Humid","26.25","0","52.00","346136.78","SABD0000000001","AAV1.0.0.11","2.0.0.28","PSt7-10","000000-000","10/20/2017 9:36:39 AM","0000-00","0","no battery","V"
"10/20/2017","11:54:17","5","default","957498349","OXY5","44.652","min","158.530","μmol/L","Humid","20.924","deg","91103","µV","35.976","°C","1018.000","hPa","37.0","pmil","0","55.500","deg","20.000","°C","100.000","%a.s.","22.500","deg","20.000","°C","1013.000","hPa","0.861","-0.02056","0.00035","-0.00011","0","14.7","Humid","26.25","0","52.00","346142.28","SABD0000000001","AAV1.0.0.11","2.0.0.28","PSt7-10","000000-000","10/20/2017 9:36:39 AM","0000-00","0","no battery","V"
"10/20/2017","11:54:18","5","default","957498349","OXY5","44.668","min","158.489","μmol/L","Humid","20.923","deg","91102","µV","35.987","°C","1019.000","hPa","37.0","pmil","0","55.500","deg","20.000","°C","100.000","%a.s.","22.500","deg","20.000","°C","1013.000","hPa","0.861","-0.02056","0.00035","-0.00011","0","14.7","Humid","26.25","0","52.00","346148.60","SABD0000000001","AAV1.0.0.11","2.0.0.28","PSt7-10","000000-000","10/20/2017 9:36:39 AM","0000-00","0","no battery","V"
"10/20/2017","11:54:19","5","default","957498349","OXY5","44.685","min","158.545","μmol/L","Humid","20.921","deg","91099","µV","35.982","°C","1019.000","hPa","37.0","pmil","0","55.500","deg","20.000","°C","100.000","%a.s.","22.500","deg","20.000","°C","1013.000","hPa","0.861","-0.02056","0.00035","-0.00011","0","14.7","Humid","26.25","0","52.00","346143.37","SABD0000000001","AAV1.0.0.11","2.0.0.28","PSt7-10","000000-000","10/20/2017 9:36:39 AM","0000-00","0","no battery","V"
"10/20/2017","11:54:20","5","default","957498349","OXY5","44.702","min","158.540","μmol/L","Humid","20.922","deg","91093","µV","35.981","°C","1019.000","hPa","37.0","pmil","0","55.500","deg","20.000","°C","100.000","%a.s.","22.500","deg","20.000","°C","1013.000","hPa","0.861","-0.02056","0.00035","-0.00011","0","14.7","Humid","26.25","0","52.00","346135.61","SABD0000000001","AAV1.0.0.11","2.0.0.28","PSt7-10","000000-000","10/20/2017 9:36:39 AM","0000-00","0","no battery","V"
"10/20/2017","11:54:21","5","default","957498349","OXY5","44.718","min","158.607","μmol/L","Humid","20.920","deg","91096","µV","35.974","°C","1019.000","hPa","37.0","pmil","0","55.500","deg","20.000","°C","100.000","%a.s.","22.500","deg","20.000","°C","1013.000","hPa","0.861","-0.02056","0.00035","-0.00011","0","14.7","Humid","26.25","0","52.00","346132.81","SABD0000000001","AAV1.0.0.11","2.0.0.28","PSt7-10","000000-000","10/20/2017 9:36:39 AM","0000-00","0","no battery","V"
"10/20/2017","11:54:22","5","default","957498349","OXY5","44.735","min","158.543","μmol/L","Humid","20.924","deg","91092","µV","35.976","°C","1019.000","hPa","37.0","pmil","0","55.500","deg","20.000","°C","100.000","%a.s.","22.500","deg","20.000","°C","1013.000","hPa","0.861","-0.02056","0.00035","-0.00011","0","14.7","Humid","26.25","0","52.00","346128.13","SABD0000000001","AAV1.0.0.11","2.0.0.28","PSt7-10","000000-000","10/20/2017 9:36:39 AM","0000-00","0","no battery","V"
"10/20/2017","11:54:23","5","default","957498349","OXY5","44.752","min","158.574","μmol/L","Humid","20.925","deg","91092","µV","35.968","°C","1019.000","hPa","37.0","pmil","0","55.500","deg","20.000","°C","100.000","%a.s.","22.500","deg","20.000","°C","1013.000","hPa","0.861","-0.02056","0.00035","-0.00011","0","14.7","Humid","26.25","0","52.00","346130.08","SABD0000000001","AAV1.0.0.11","2.0.0.28","PSt7-10","000000-000","10/20/2017 9:36:39 AM","0000-00","0","no battery","V"
"10/20/2017","11:54:24","5","default","957498349","OXY5","44.768","min","158.610","μmol/L","Humid","20.922","deg","91093","µV","35.968","°C","1018.000","hPa","37.0","pmil","0","55.500","deg","20.000","°C","100.000","%a.s.","22.500","deg","20.000","°C","1013.000","hPa","0.861","-0.02056","0.00035","-0.00011","0","14.7","Humid","26.25","0","52.00","346146.97","SABD0000000001","AAV1.0.0.11","2.0.0.28","PSt7-10","000000-000","10/20/2017 9:36:39 AM","0000-00","0","no battery","V"
"10/20/2017","11:54:25","5","default","957498349","OXY5","44.785","min","158.511","μmol/L","Humid","20.925","deg","91089","µV","35.979","°C","1019.000","hPa","37.0","pmil","0","55.500","deg","20.000","°C","100.000","%a.s.","22.500","deg","20.000","°C","1013.000","hPa","0.861","-0.02056","0.00035","-0.00011","0","14.7","Humid","26.25","0","52.00","346133.87","SABD0000000001","AAV1.0.0.11","2.0.0.28","PSt7-10","000000-000","10/20/2017 9:36:39 AM","0000-00","0","no battery","V"
"10/20/2017","11:54:26","5","default","957498349","OXY5","44.802","min","158.658","μmol/L","Humid","20.922","deg","91088","µV","35.961","°C","1019.000","hPa","37.0","pmil","0","55.500","deg","20.000","°C","100.000","%a.s.","22.500","deg","20.000","°C","1013.000","hPa","0.861","-0.02056","0.00035","-0.00011","0","14.7","Humid","26.25","0","52.00","346130.83","SABD0000000001","AAV1.0.0.11","2.0.0.28","PSt7-10","000000-000","10/20/2017 9:36:39 AM","0000-00","0","no battery","V"
"10/20/2017","11:54:27","5","default","957498349","OXY5","44.818","min","158.608","μmol/L","Humid","20.921","deg","91082","µV","35.972","°C","1019.000","hPa","37.0","pmil","0","55.500","deg","20.000","°C","100.000","%a.s.","22.500","deg","20.000","°C","1013.000","hPa","0.861","-0.02056","0.00035","-0.00011","0","14.7","Humid","26.25","0","52.00","346120.77","SABD0000000001","AAV1.0.0.11","2.0.0.28","PSt7-10","000000-000","10/20/2017 9:36:39 AM","0000-00","0","no battery","V"
"10/20/2017","11:54:28","5","default","957498349","OXY5","44.835","min","158.476","μmol/L","Humid","20.923","deg","91082","µV","35.989","°C","1019.000","hPa","37.0","pmil","0","55.500","deg","20.000","°C","100.000","%a.s.","22.500","deg","20.000","°C","1013.000","hPa","0.861","-0.02056","0.00035","-0.00011","0","14.7","Humid","26.25","0","52.00","346130.92","SABD0000000001","AAV1.0.0.11","2.0.0.28","PSt7-10","000000-000","10/20/2017 9:36:39 AM","0000-00","0","no battery","V"
"10/20/2017","11:54:29","5","default","957498349","OXY5","44.852","min","158.581","μmol/L","Humid","20.919","deg","91078","µV","35.980","°C","1018.000","hPa","37.0","pmil","0","55.500","deg","20.000","°C","100.000","%a.s.","22.500","deg","20.000","°C","1013.000","hPa","0.861","-0.02056","0.00035","-0.00011","0","14.7","Humid","26.25","0","52.00","346129.49","SABD0000000001","AAV1.0.0.11","2.0.0.28","PSt7-10","000000-000","10/20/2017 9:36:39 AM","0000-00","0","no battery","V"
"10/20/2017","11:54:30","5","default","957498349","OXY5","44.868","min","158.579","μmol/L","Humid","20.919","deg","91085","µV","35.980","°C","1018.000","hPa","37.0","pmil","0","55.500","deg","20.000","°C","100.000","%a.s.","22.500","deg","20.000","°C","1013.000","hPa","0.861","-0.02056","0.00035","-0.00011","0","14.7","Humid","26.25","0","52.00","346136.72","SABD0000000001","AAV1.0.0.11","2.0.0.28","PSt7-10","000000-000","10/20/2017 9:36:39 AM","0000-00","0","no battery","V"
"10/20/2017","11:54:31","5","default","957498349","OXY5","44.885","min","158.538","μmol/L","Humid","20.923","deg","91079","µV","35.979","°C","1019.000","hPa","37.0","pmil","0","55.500","deg","20.000","°C","100.000","%a.s.","22.500","deg","20.000","°C","1013.000","hPa","0.861","-0.02056","0.00035","-0.00011","0","14.7","Humid","26.25","0","52.00","346152.27","SABD0000000001","AAV1.0.0.11","2.0.0.28","PSt7-10","000000-000","10/20/2017 9:36:39 AM","0000-00","0","no battery","V"
"10/20/2017","11:54:32","5","default","957498349","OXY5","44.902","min","158.513","μmol/L","Humid","20.921","deg","91074","µV","35.988","°C","1019.000","hPa","37.0","pmil","0","55.500","deg","20.000","°C","100.000","%a.s.","22.500","deg","20.000","°C","1013.000","hPa","0.861","-0.02056","0.00035","-0.00011","0","14.7","Humid","26.25","0","52.00","346147.39","SABD0000000001","AAV1.0.0.11","2.0.0.28","PSt7-10","000000-000","10/20/2017 9:36:39 AM","0000-00","0","no battery","V"
"10/20/2017","11:54:33","5","default","957498349","OXY5","44.918","min","158.592","μmol/L","Humid","20.921","deg","91072","µV","35.973","°C","1018.000","hPa","37.0","pmil","0","55.500","deg","20.000","°C","100.000","%a.s.","22.500","deg","20.000","°C","1013.000","hPa","0.861","-0.02056","0.00035","-0.00011","0","14.7","Humid","26.25","0","52.00","346139.36","SABD0000000001","AAV1.0.0.11","2.0.0.28","PSt7-10","000000-000","10/20/2017 9:36:39 AM","0000-00","0","no battery","V"
"10/20/2017","11:54:34","5","default","957498349","OXY5","44.934","min","158.632","μmol/L","Humid","20.920","deg","91069","µV","35.970","°C","1019.000","hPa","37.0","pmil","0","55.500","deg","20.000","°C","100.000","%a.s.","22.500","deg","20.000","°C","1013.000","hPa","0.861","-0.02056","0.00035","-0.00011","0","14.7","Humid","26.25","0","52.00","346121.55","SABD0000000001","AAV1.0.0.11","2.0.0.28","PSt7-10","000000-000","10/20/2017 9:36:39 AM","0000-00","0","no battery","V"
"10/20/2017","11:54:35","5","default","957498349","OXY5","44.951","min","158.462","μmol/L","Humid","20.927","deg","91069","µV","35.982","°C","1019.000","hPa","37.0","pmil","0","55.500","deg","20.000","°C","100.000","%a.s.","22.500","deg","20.000","°C","1013.000","hPa","0.861","-0.02056","0.00035","-0.00011","0","14.7","Humid","26.25","0","52.00","346123.48","SABD0000000001","AAV1.0.0.11","2.0.0.28","PSt7-10","000000-000","10/20/2017 9:36:39 AM","0000-00","0","no battery","V"
"10/20/2017","11:54:36","5","default","957498349","OXY5","44.968","min","158.616","μmol/L","Humid","20.919","deg","91065","µV","35.974","°C","1018.000","hPa","37.0","pmil","0","55.500","deg","20.000","°C","100.000","%a.s.","22.500","deg","20.000","°C","1013.000","hPa","0.861","-0.02056","0.00035","-0.00011","0","14.7","Humid","26.25","0","52.00","346130.65","SABD0000000001","AAV1.0.0.11","2.0.0.28","PSt7-10","000000-000","10/20/2017 9:36:39 AM","0000-00","0","no battery","V"
"10/20/2017","11:54:37","5","default","957498349","OXY5","44.984","min","158.569","μmol/L","Humid","20.925","deg","91070","µV","35.969","°C","1019.000","hPa","37.0","pmil","0","55.500","deg","20.000","°C","100.000","%a.s.","22.500","deg","20.000","°C","1013.000","hPa","0.861","-0.02056","0.00035","-0.00011","0","14.7","Humid","26.25","0","52.00","346135.11","SABD0000000001","AAV1.0.0.11","2.0.0.28","PSt7-10","000000-000","10/20/2017 9:36:39 AM","0000-00","0","no battery","V"
"10/20/2017","11:54:38","5","default","957498349","OXY5","45.001","min","158.518","μmol/L","Humid","20.920","deg","91070","µV","35.989","°C","1019.000","hPa","37.0","pmil","0","55.500","deg","20.000","°C","100.000","%a.s.","22.500","deg","20.000","°C","1013.000","hPa","0.861","-0.02056","0.00035","-0.00011","0","14.7","Humid","26.25","0","52.00","346116.75","SABD0000000001","AAV1.0.0.11","2.0.0.28","PSt7-10","000000-000","10/20/2017 9:36:39 AM","0000-00","0","no battery","V"
"10/20/2017","11:54:39","5","default","957498349","OXY5","45.018","min","158.427","μmol/L","Humid","20.922","deg","91063","µV","35.998","°C","1018.000","hPa","37.0","pmil","0","55.500","deg","20.000","°C","100.000","%a.s.","22.500","deg","20.000","°C","1013.000","hPa","0.861","-0.02056","0.00035","-0.00011","0","14.7","Humid","26.25","0","52.00","346113.36","SABD0000000001","AAV1.0.0.11","2.0.0.28","PSt7-10","000000-000","10/20/2017 9:36:39 AM","0000-00","0","no battery","V"
"10/20/2017","11:54:40","5","default","957498349","OXY5","45.034","min","158.527","μmol/L","Humid","20.923","deg","91055","µV","35.981","°C","1019.000","hPa","37.0","pmil","0","55.500","deg","20.000","°C","100.000","%a.s.","22.500","deg","20.000","°C","1013.000","hPa","0.861","-0.02056","0.00035","-0.00011","0","14.7","Humid","26.25","0","52.00","346119.08","SABD0000000001","AAV1.0.0.11","2.0.0.28","PSt7-10","000000-000","10/20/2017 9:36:39 AM","0000-00","0","no battery","V"
"10/20/2017","11:54:41","5","default","957498349","OXY5","45.051","min","158.584","μmol/L","Humid","20.923","deg","91061","µV","35.971","°C","1019.000","hPa","37.0","pmil","0","55.500","deg","20.000","°C","100.000","%a.s.","22.500","deg","20.000","°C","1013.000","hPa","0.861","-0.02056","0.00035","-0.00011","0","14.7","Humid","26.25","0","52.00","346117.45","SABD0000000001","AAV1.0.0.11","2.0.0.28","PSt7-10","000000-000","10/20/2017 9:36:39 AM","0000-00","0","no battery","V"
"10/20/2017","11:54:42","5","default","957498349","OXY5","45.068","min","158.550","μmol/L","Humid","20.923","deg","91060","µV","35.975","°C","1018.000","hPa","37.0","pmil","0","55.500","deg","20.000","°C","100.000","%a.s.","22.500","deg","20.000","°C","1013.000","hPa","0.861","-0.02056","0.00035","-0.00011","0","14.7","Humid","26.25","0","52.00","346127.76","SABD0000000001","AAV1.0.0.11","2.0.0.28","PSt7-10","000000-000","10/20/2017 9:36:39 AM","0000-00","0","no battery","V"
"10/20/2017","11:54:43","5","default","957498349","OXY5","45.084","min","158.575","μmol/L","Humid","20.921","deg","91066","µV","35.976","°C","1018.000","hPa","37.0","pmil","0","55.500","deg","20.000","°C","100.000","%a.s.","22.500","deg","20.000","°C","1013.000","hPa","0.861","-0.02056","0.00035","-0.00011","0","14.7","Humid","26.25","0","52.00","346119.46","SABD0000000001","AAV1.0.0.11","2.0.0.28","PSt7-10","000000-000","10/20/2017 9:36:39 AM","0000-00","0","no battery","V"
"10/20/2017","11:54:44","5","default","957498349","OXY5","45.101","min","158.550","μmol/L","Humid","20.923","deg","91049","µV","35.977","°C","1019.000","hPa","37.0","pmil","0","55.500","deg","20.000","°C","100.000","%a.s.","22.500","deg","20.000","°C","1013.000","hPa","0.861","-0.02056","0.00035","-0.00011","0","14.7","Humid","26.25","0","52.00","346105.89","SABD0000000001","AAV1.0.0.11","2.0.0.28","PSt7-10","000000-000","10/20/2017 9:36:39 AM","0000-00","0","no battery","V"
"10/20/2017","11:54:45","5","default","957498349","OXY5","45.118","min","158.533","μmol/L","Humid","20.924","deg","91050","µV","35.976","°C","1018.000","hPa","37.0","pmil","0","55.500","deg","20.000","°C","100.000","%a.s.","22.500","deg","20.000","°C","1013.000","hPa","0.861","-0.02056","0.00035","-0.00011","0","14.7","Humid","26.25","0","52.00","346113.55","SABD0000000001","AAV1.0.0.11","2.0.0.28","PSt7-10","000000-000","10/20/2017 9:36:39 AM","0000-00","0","no battery","V"
"10/20/2017","11:54:46","5","default","957498349","OXY5","45.135","min","158.650","μmol/L","Humid","20.922","deg","91050","µV","35.963","°C","1019.000","hPa","37.0","pmil","0","55.500","deg","20.000","°C","100.000","%a.s.","22.500","deg","20.000","°C","1013.000","hPa","0.861","-0.02056","0.00035","-0.00011","0","14.7","Humid","26.25","0","52.00","346114.51","SABD0000000001","AAV1.0.0.11","2.0.0.28","PSt7-10","000000-000","10/20/2017 9:36:39 AM","0000-00","0","no battery","V"
"10/20/2017","11:54:47","5","default","957498349","OXY5","45.151","min","158.485","μmol/L","Humid","20.923","deg","91044","µV","35.986","°C","1018.000","hPa","37.0","pmil","0","55.500","deg","20.000","°C","100.000","%a.s.","22.500","deg","20.000","°C","1013.000","hPa","0.861","-0.02056","0.00035","-0.00011","0","14.7","Humid","26.25","0","52.00","346102.60","SABD0000000001","AAV1.0.0.11","2.0.0.28","PSt7-10","000000-000","10/20/2017 9:36:39 AM","0000-00","0","no battery","V"
"10/20/2017","11:54:48","5","default","957498349","OXY5","45.168","min","158.407","μmol/L","Humid","20.924","deg","91043","µV","35.997","°C","1018.000","hPa","37.0","pmil","0","55.500","deg","20.000","°C","100.000","%a.s.","22.500","deg","20.000","°C","1013.000","hPa","0.861","-0.02056","0.00035","-0.00011","0","14.7","Humid","26.25","0","52.00","346110.21","SABD0000000001","AAV1.0.0.11","2.0.0.28","PSt7-10","000000-000","10/20/2017 9:36:39 AM","0000-00","0","no battery","V"
"10/20/2017","11:54:49","5","default","957498349","OXY5","45.184","min","158.551","μmol/L","Humid","20.922","deg","91051","µV","35.979","°C","1019.000","hPa","37.0","pmil","0","55.500","deg","20.000","°C","100.000","%a.s.","22.500","deg","20.000","°C","1013.000","hPa","0.861","-0.02056","0.00035","-0.00011","0","14.7","Humid","26.25","0","52.00","346115.71","SABD0000000001","AAV1.0.0.11","2.0.0.28","PSt7-10","000000-000","10/20/2017 9:36:39 AM","0000-00","0","no battery","V"
"10/20/2017","11:54:50","5","default","957498349","OXY5","45.201","min","158.445","μmol/L","Humid","20.924","deg","91044","µV","35.992","°C","1019.000","hPa","37.0","pmil","0","55.500","deg","20.000","°C","100.000","%a.s.","22.500","deg","20.000","°C","1013.000","hPa","0.861","-0.02056","0.00035","-0.00011","0","14.7","Humid","26.25","0","52.00","346101.89","SABD0000000001","AAV1.0.0.11","2.0.0.28","PSt7-10","000000-000","10/20/2017 9:36:39 AM","0000-00","0","no battery","V"
"10/20/2017","11:54:51","5","default","957498349","OXY5","45.218","min","158.451","μmol/L","Humid","20.921","deg","91038","µV","35.998","°C","1019.000","hPa","37.0","pmil","0","55.500","deg","20.000","°C","100.000","%a.s.","22.500","deg","20.000","°C","1013.000","hPa","0.861","-0.02056","0.00035","-0.00011","0","14.7","Humid","26.25","0","52.00","346105.91","SABD0000000001","AAV1.0.0.11","2.0.0.28","PSt7-10","000000-000","10/20/2017 9:36:39 AM","0000-00","0","no battery","V"
"10/20/2017","11:54:52","5","default","957498349","OXY5","45.234","min","158.503","μmol/L","Humid","20.923","deg","91039","µV","35.985","°C","1019.000","hPa","37.0","pmil","0","55.500","deg","20.000","°C","100.000","%a.s.","22.500","deg","20.000","°C","1013.000","hPa","0.861","-0.02056","0.00035","-0.00011","0","14.7","Humid","26.25","0","52.00","346107.69","SABD0000000001","AAV1.0.0.11","2.0.0.28","PSt7-10","000000-000","10/20/2017 9:36:39 AM","0000-00","0","no battery","V"
"10/20/2017","11:54:53","5","default","957498349","OXY5","45.251","min","158.375","μmol/L","Humid","20.930","deg","91037","µV","35.989","°C","1019.000","hPa","37.0","pmil","0","55.500","deg","20.000","°C","100.000","%a.s.","22.500","deg","20.000","°C","1013.000","hPa","0.861","-0.02056","0.00035","-0.00011","0","14.7","Humid","26.25","0","52.00","346113.47","SABD0000000001","AAV1.0.0.11","2.0.0.28","PSt7-10","000000-000","10/20/2017 9:36:39 AM","0000-00","0","no battery","V"
"10/20/2017","11:54:54","5","default","957498349","OXY5","45.268","min","158.477","μmol/L","Humid","20.927","deg","91039","µV","35.979","°C","1019.000","hPa","37.0","pmil","0","55.500","deg","20.000","°C","100.000","%a.s.","22.500","deg","20.000","°C","1013.000","hPa","0.861","-0.02056","0.00035","-0.00011","0","14.7","Humid","26.25","0","52.00","346106.65","SABD0000000001","AAV1.0.0.11","2.0.0.28","PSt7-10","000000-000","10/20/2017 9:36:39 AM","0000-00","0","no battery","V"
"10/20/2017","11:54:55","5","default","957498349","OXY5","45.285","min","158.647","μmol/L","Humid","20.920","deg","91031","µV","35.966","°C","1018.000","hPa","37.0","pmil","0","55.500","deg","20.000","°C","100.000","%a.s.","22.500","deg","20.000","°C","1013.000","hPa","0.861","-0.02056","0.00035","-0.00011","0","14.7","Humid","26.25","0","52.00","346091.30","SABD0000000001","AAV1.0.0.11","2.0.0.28","PSt7-10","000000-000","10/20/2017 9:36:39 AM","0000-00","0","no battery","V"
"10/20/2017","11:54:56","5","default","957498349","OXY5","45.301","min","158.586","μmol/L","Humid","20.922","deg","91037","µV","35.973","°C","1019.000","hPa","37.0","pmil","0","55.500","deg","20.000","°C","100.000","%a.s.","22.500","deg","20.000","°C","1013.000","hPa","0.861","-0.02056","0.00035","-0.00011","0","14.7","Humid","26.25","0","52.00","346112.47","SABD0000000001","AAV1.0.0.11","2.0.0.28","PSt7-10","000000-000","10/20/2017 9:36:39 AM","0000-00","0","no battery","V"
"10/20/2017","11:54:57","5","default","957498349","OXY5","45.318","min","158.540","μmol/L","Humid","20.923","deg","91017","µV","35.978","°C","1019.000","hPa","37.0","pmil","0","55.500","deg","20.000","°C","100.000","%a.s.","22.500","deg","20.000","°C","1013.000","hPa","0.861","-0.02056","0.00035","-0.00011","0","14.7","Humid","26.25","0","52.00","346089.50","SABD0000000001","AAV1.0.0.11","2.0.0.28","PSt7-10","000000-000","10/20/2017 9:36:39 AM","0000-00","0","no battery","V"
"10/20/2017","11:54:58","5","default","957498349","OXY5","45.335","min","158.539","μmol/L","Humid","20.919","deg","91032","µV","35.988","°C","1019.000","hPa","37.0","pmil","0","55.500","deg","20.000","°C","100.000","%a.s.","22.500","deg","20.000","°C","1013.000","hPa","0.861","-0.02056","0.00035","-0.00011","0","14.7","Humid","26.25","0","52.00","346108.39","SABD0000000001","AAV1.0.0.11","2.0.0.28","PSt7-10","000000-000","10/20/2017 9:36:39 AM","0000-00","0","no battery","V"
"10/20/2017","11:54:59","5","default","957498349","OXY5","45.351","min","158.524","μmol/L","Humid","20.925","deg","91029","µV","35.976","°C","1019.000","hPa","37.0","pmil","0","55.500","deg","20.000","°C","100.000","%a.s.","22.500","deg","20.000","°C","1013.000","hPa","0.861","-0.02056","0.00035","-0.00011","0","14.7","Humid","26.25","0","52.00","346102.48","SABD0000000001","AAV1.0.0.11","2.0.0.28","PSt7-10","000000-000","10/20/2017 9:36:39 AM","0000-00","0","no battery","V"
"10/20/2017","11:55:00","5","default","957498349","OXY5","45.368","min","158.543","μmol/L","Humid","20.922","deg","91019","µV","35.980","°C","1019.000","hPa","37.0","pmil","0","55.500","deg","20.000","°C","100.000","%a.s.","22.500","deg","20.000","°C","1013.000","hPa","0.861","-0.02056","0.00035","-0.00011","0","14.7","Humid","26.25","0","52.00","346101.55","SABD0000000001","AAV1.0.0.11","2.0.0.28","PSt7-10","000000-000","10/20/2017 9:36:39 AM","0000-00","0","no battery","V"
"10/20/2017","11:55:01","5","default","957498349","OXY5","45.385","min","158.526","μmol/L","Humid","20.920","deg","91018","µV","35.988","°C","1019.000","hPa","37.0","pmil","0","55.500","deg","20.000","°C","100.000","%a.s.","22.500","deg","20.000","°C","1013.000","hPa","0.861","-0.02056","0.00035","-0.00011","0","14.7","Humid","26.25","0","52.00","346084.51","SABD0000000001","AAV1.0.0.11","2.0.0.28","PSt7-10","000000-000","10/20/2017 9:36:39 AM","0000-00","0","no battery","V"
"10/20/2017","11:55:02","5","default","957498349","OXY5","45.401","min","158.558","μmol/L","Humid","20.919","deg","91022","µV","35.983","°C","1018.000","hPa","37.0","pmil","0","55.500","deg","20.000","°C","100.000","%a.s.","22.500","deg","20.000","°C","1013.000","hPa","0.861","-0.02056","0.00035","-0.00011","0","14.7","Humid","26.25","0","52.00","346106.29","SABD0000000001","AAV1.0.0.11","2.0.0.28","PSt7-10","000000-000","10/20/2017 9:36:39 AM","0000-00","0","no battery","V"
"10/20/2017","11:55:03","5","default","957498349","OXY5","45.418","min","158.521","μmol/L","Humid","20.926","deg","91019","µV","35.975","°C","1019.000","hPa","37.0","pmil","0","55.500","deg","20.000","°C","100.000","%a.s.","22.500","deg","20.000","°C","1013.000","hPa","0.861","-0.02056","0.00035","-0.00011","0","14.7","Humid","26.25","0","52.00","346110.34","SABD0000000001","AAV1.0.0.11","2.0.0.28","PSt7-10","000000-000","10/20/2017 9:36:39 AM","0000-00","0","no battery","V"
"10/20/2017","11:55:04","5","default","957498349","OXY5","45.435","min","158.645","μmol/L","Humid","20.922","deg","91023","µV","35.964","°C","1019.000","hPa","37.0","pmil","0","55.500","deg","20.000","°C","100.000","%a.s.","22.500","deg","20.000","°C","1013.000","hPa","0.861","-0.02056","0.00035","-0.00011","0","14.7","Humid","26.25","0","52.00","346093.88","SABD0000000001","AAV1.0.0.11","2.0.0.28","PSt7-10","000000-000","10/20/2017 9:36:39 AM","0000-00","0","no battery","V"
"10/20/2017","11:55:05","5","default","957498349","OXY5","45.451","min","158.563","μmol/L","Humid","20.922","deg","91011","µV","35.977","°C","1019.000","hPa","37.0","pmil","0","55.500","deg","20.000","°C","100.000","%a.s.","22.500","deg","20.000","°C","1013.000","hPa","0.861","-0.02056","0.00035","-0.00011","0","14.7","Humid","26.25","0","52.00","346105.85","SABD0000000001","AAV1.0.0.11","2.0.0.28","PSt7-10","000000-000","10/20/2017 9:36:39 AM","0000-00","0","no battery","V"
"10/20/2017","11:55:06","5","default","957498349","OXY5","45.468","min","158.527","μmol/L","Humid","20.922","deg","91013","µV","35.981","°C","1018.000","hPa","37.0","pmil","0","55.500","deg","20.000","°C","100.000","%a.s.","22.500","deg","20.000","°C","1013.000","hPa","0.861","-0.02056","0.00035","-0.00011","0","14.7","Humid","26.25","0","52.00","346095.04","SABD0000000001","AAV1.0.0.11","2.0.0.28","PSt7-10","000000-000","10/20/2017 9:36:39 AM","0000-00","0","no battery","V"
"10/20/2017","11:55:07","5","default","957498349","OXY5","45.485","min","158.510","μmol/L","Humid","20.923","deg","91014","µV","35.983","°C","1019.000","hPa","37.0","pmil","0","55.500","deg","20.000","°C","100.000","%a.s.","22.500","deg","20.000","°C","1013.000","hPa","0.861","-0.02056","0.00035","-0.00011","0","14.7","Humid","26.25","0","52.00","346101.60","SABD0000000001","AAV1.0.0.11","2.0.0.28","PSt7-10","000000-000","10/20/2017 9:36:39 AM","0000-00","0","no battery","V"
"10/20/2017","11:55:08","5","default","957498349","OXY5","45.501","min","158.493","μmol/L","Humid","20.918","deg","91014","µV","35.998","°C","1019.000","hPa","37.0","pmil","0","55.500","deg","20.000","°C","100.000","%a.s.","22.500","deg","20.000","°C","1013.000","hPa","0.861","-0.02056","0.00035","-0.00011","0","14.7","Humid","26.25","0","52.00","346089.54","SABD0000000001","AAV1.0.0.11","2.0.0.28","PSt7-10","000000-000","10/20/2017 9:36:39 AM","0000-00","0","no battery","V"
"10/20/2017","11:55:09","5","default","957498349","OXY5","45.518","min","158.505","μmol/L","Humid","20.923","deg","91008","µV","35.983","°C","1018.000","hPa","37.0","pmil","0","55.500","deg","20.000","°C","100.000","%a.s.","22.500","deg","20.000","°C","1013.000","hPa","0.861","-0.02056","0.00035","-0.00011","0","14.7","Humid","26.25","0","52.00","346099.21","SABD0000000001","AAV1.0.0.11","2.0.0.28","PSt7-10","000000-000","10/20/2017 9:36:39 AM","0000-00","0","no battery","V"
"10/20/2017","11:55:10","5","default","957498349","OXY5","45.535","min","158.508","μmol/L","Humid","20.924","deg","91004","µV","35.980","°C","1018.000","hPa","37.0","pmil","0","55.500","deg","20.000","°C","100.000","%a.s.","22.500","deg","20.000","°C","1013.000","hPa","0.861","-0.02056","0.00035","-0.00011","0","14.7","Humid","26.25","0","52.00","346080.50","SABD0000000001","AAV1.0.0.11","2.0.0.28","PSt7-10","000000-000","10/20/2017 9:36:39 AM","0000-00","0","no battery","V"
"10/20/2017","11:55:11","5","default","957498349","OXY5","45.551","min","158.497","μmol/L","Humid","20.922","deg","90998","µV","35.988","°C","1019.000","hPa","37.0","pmil","0","55.500","deg","20.000","°C","100.000","%a.s.","22.500","deg","20.000","°C","1013.000","hPa","0.861","-0.02056","0.00035","-0.00011","0","14.7","Humid","26.25","0","52.00","346094.79","SABD0000000001","AAV1.0.0.11","2.0.0.28","PSt7-10","000000-000","10/20/2017 9:36:39 AM","0000-00","0","no battery","V"
"10/20/2017","11:55:12","5","default","957498349","OXY5","45.568","min","158.526","μmol/L","Humid","20.924","deg","91006","µV","35.978","°C","1019.000","hPa","37.0","pmil","0","55.500","deg","20.000","°C","100.000","%a.s.","22.500","deg","20.000","°C","1013.000","hPa","0.861","-0.02056","0.00035","-0.00011","0","14.7","Humid","26.25","0","52.00","346091.82","SABD0000000001","AAV1.0.0.11","2.0.0.28","PSt7-10","000000-000","10/20/2017 9:36:39 AM","0000-00","0","no battery","V"
"10/20/2017","11:55:13","5","default","957498349","OXY5","45.585","min","158.547","μmol/L","Humid","20.925","deg","91006","µV","35.973","°C","1019.000","hPa","37.0","pmil","0","55.500","deg","20.000","°C","100.000","%a.s.","22.500","deg","20.000","°C","1013.000","hPa","0.861","-0.02056","0.00035","-0.00011","0","14.7","Humid","26.25","0","52.00","346075.81","SABD0000000001","AAV1.0.0.11","2.0.0.28","PSt7-10","000000-000","10/20/2017 9:36:39 AM","0000-00","0","no battery","V"
"10/20/2017","11:55:14","5","default","957498349","OXY5","45.601","min","158.559","μmol/L","Humid","20.923","deg","91005","µV","35.975","°C","1019.000","hPa","37.0","pmil","0","55.500","deg","20.000","°C","100.000","%a.s.","22.500","deg","20.000","°C","1013.000","hPa","0.861","-0.02056","0.00035","-0.00011","0","14.7","Humid","26.25","0","52.00","346090.47","SABD0000000001","AAV1.0.0.11","2.0.0.28","PSt7-10","000000-000","10/20/2017 9:36:39 AM","0000-00","0","no battery","V"
"10/20/2017","11:55:15","5","default","957498349","OXY5","45.618","min","158.609","μmol/L","Humid","20.923","deg","91004","µV","35.967","°C","1019.000","hPa","37.0","pmil","0","55.500","deg","20.000","°C","100.000","%a.s.","22.500","deg","20.000","°C","1013.000","hPa","0.861","-0.02056","0.00035","-0.00011","0","14.7","Humid","26.25","0","52.00","346072.31","SABD0000000001","AAV1.0.0.11","2.0.0.28","PSt7-10","000000-000","10/20/2017 9:36:39 AM","0000-00","0","no battery","V"
"10/20/2017","11:55:16","5","default","957498349","OXY5","45.635","min","158.478","μmol/L","Humid","20.920","deg","91003","µV","35.996","°C","1019.000","hPa","37.0","pmil","0","55.500","deg","20.000","°C","100.000","%a.s.","22.500","deg","20.000","°C","1013.000","hPa","0.861","-0.02056","0.00035","-0.00011","0","14.7","Humid","26.25","0","52.00","346090.76","SABD0000000001","AAV1.0.0.11","2.0.0.28","PSt7-10","000000-000","10/20/2017 9:36:39 AM","0000-00","0","no battery","V"
"10/20/2017","11:55:17","5","default","957498349","OXY5","45.651","min","158.468","μmol/L","Humid","20.924","deg","90990","µV","35.988","°C","1019.000","hPa","37.0","pmil","0","55.500","deg","20.000","°C","100.000","%a.s.","22.500","deg","20.000","°C","1013.000","hPa","0.861","-0.02056","0.00035","-0.00011","0","14.7","Humid","26.25","0","52.00","346079.66","SABD0000000001","AAV1.0.0.11","2.0.0.28","PSt7-10","000000-000","10/20/2017 9:36:39 AM","0000-00","0","no battery","V"
"10/20/2017","11:55:18","5","default","957498349","OXY5","45.668","min","158.575","μmol/L","Humid","20.922","deg","90995","µV","35.975","°C","1019.000","hPa","37.0","pmil","0","55.500","deg","20.000","°C","100.000","%a.s.","22.500","deg","20.000","°C","1013.000","hPa","0.861","-0.02056","0.00035","-0.00011","0","14.7","Humid","26.25","0","52.00","346075.81","SABD0000000001","AAV1.0.0.11","2.0.0.28","PSt7-10","000000-000","10/20/2017 9:36:39 AM","0000-00","0","no battery","V"
"10/20/2017","11:55:19","5","default","957498349","OXY5","45.685","min","158.661","μmol/L","Humid","20.920","deg","90999","µV","35.966","°C","1019.000","hPa","37.0","pmil","0","55.500","deg","20.000","°C","100.000","%a.s.","22.500","deg","20.000","°C","1013.000","hPa","0.861","-0.02056","0.00035","-0.00011","0","14.7","Humid","26.25","0","52.00","346072.13","SABD0000000001","AAV1.0.0.11","2.0.0.28","PSt7-10","000000-000","10/20/2017 9:36:39 AM","0000-00","0","no battery","V"
"10/20/2017","11:55:20","5","default","957498349","OXY5","45.701","min","158.542","μmol/L","Humid","20.922","deg","90992","µV","35.980","°C","1019.000","hPa","37.0","pmil","0","55.500","deg","20.000","°C","100.000","%a.s.","22.500","deg","20.000","°C","1013.000","hPa","0.861","-0.02056","0.00035","-0.00011","0","14.7","Humid","26.25","0","52.00","346079.45","SABD0000000001","AAV1.0.0.11","2.0.0.28","PSt7-10","000000-000","10/20/2017 9:36:39 AM","0000-00","0","no battery","V"
"10/20/2017","11:55:21","5","default","957498349","OXY5","45.718","min","158.665","μmol/L","Humid","20.919","deg","90991","µV","35.967","°C","1019.000","hPa","37.0","pmil","0","55.500","deg","20.000","°C","100.000","%a.s.","22.500","deg","20.000","°C","1013.000","hPa","0.861","-0.02056","0.00035","-0.00011","0","14.7","Humid","26.25","0","52.00","346072.91","SABD0000000001","AAV1.0.0.11","2.0.0.28","PSt7-10","000000-000","10/20/2017 9:36:39 AM","0000-00","0","no battery","V"
"10/20/2017","11:55:22","5","default","957498349","OXY5","45.735","min","158.514","μmol/L","Humid","20.925","deg","90990","µV","35.978","°C","1019.000","hPa","37.0","pmil","0","55.500","deg","20.000","°C","100.000","%a.s.","22.500","deg","20.000","°C","1013.000","hPa","0.861","-0.02056","0.00035","-0.00011","0","14.7","Humid","26.25","0","52.00","346074.92","SABD0000000001","AAV1.0.0.11","2.0.0.28","PSt7-10","000000-000","10/20/2017 9:36:39 AM","0000-00","0","no battery","V"
"10/20/2017","11:55:23","5","default","957498349","OXY5","45.751","min","158.573","μmol/L","Humid","20.922","deg","90990","µV","35.975","°C","1019.000","hPa","37.0","pmil","0","55.500","deg","20.000","°C","100.000","%a.s.","22.500","deg","20.000","°C","1013.000","hPa","0.861","-0.02056","0.00035","-0.00011","0","14.7","Humid","26.25","0","52.00","346074.78","SABD0000000001","AAV1.0.0.11","2.0.0.28","PSt7-10","000000-000","10/20/2017 9:36:39 AM","0000-00","0","no battery","V"
"10/20/2017","11:55:24","5","default","957498349","OXY5","45.768","min","158.489","μmol/L","Humid","20.926","deg","90987","µV","35.978","°C","1018.000","hPa","37.0","pmil","0","55.500","deg","20.000","°C","100.000","%a.s.","22.500","deg","20.000","°C","1013.000","hPa","0.861","-0.02056","0.00035","-0.00011","0","14.7","Humid","26.25","0","52.00","346078.46","SABD0000000001","AAV1.0.0.11","2.0.0.28","PSt7-10","000000-000","10/20/2017 9:36:39 AM","0000-00","0","no battery","V"
"10/20/2017","11:55:25","5","default","957498349","OXY5","45.785","min","158.662","μmol/L","Humid","20.921","deg","90992","µV","35.963","°C","1019.000","hPa","37.0","pmil","0","55.500","deg","20.000","°C","100.000","%a.s.","22.500","deg","20.000","°C","1013.000","hPa","0.861","-0.02056","0.00035","-0.00011","0","14.7","Humid","26.25","0","52.00","346072.90","SABD0000000001","AAV1.0.0.11","2.0.0.28","PSt7-10","000000-000","10/20/2017 9:36:39 AM","0000-00","0","no battery","V"
"10/20/2017","11:55:26","5","default","957498349","OXY5","45.802","min","158.532","μmol/L","Humid","20.919","deg","90981","µV","35.989","°C","1019.000","hPa","37.0","pmil","0","55.500","deg","20.000","°C","100.000","%a.s.","22.500","deg","20.000","°C","1013.000","hPa","0.861","-0.02056","0.00035","-0.00011","0","14.7","Humid","26.25","0","52.00","346065.03","SABD0000000001","AAV1.0.0.11","2.0.0.28","PSt7-10","000000-000","10/20/2017 9:36:39 AM","0000-00","0","no battery","V"
"10/20/2017","11:55:27","5","default","957498349","OXY5","45.818","min","158.362","μmol/L","Humid","20.924","deg","90982","µV","36.006","°C","1019.000","hPa","37.0","pmil","0","55.500","deg","20.000","°C","100.000","%a.s.","22.500","deg","20.000","°C","1013.000","hPa","0.861","-0.02056","0.00035","-0.00011","0","14.7","Humid","26.25","0","52.00","346061.98","SABD0000000001","AAV1.0.0.11","2.0.0.28","PSt7-10","000000-000","10/20/2017 9:36:39 AM","0000-00","0","no battery","V"
"10/20/2017","11:55:28","5","default","957498349","OXY5","45.835","min","158.565","μmol/L","Humid","20.923","deg","90979","µV","35.974","°C","1019.000","hPa","37.0","pmil","0","55.500","deg","20.000","°C","100.000","%a.s.","22.500","deg","20.000","°C","1013.000","hPa","0.861","-0.02056","0.00035","-0.00011","0","14.7","Humid","26.25","0","52.00","346056.99","SABD0000000001","AAV1.0.0.11","2.0.0.28","PSt7-10","000000-000","10/20/2017 9:36:39 AM","0000-00","0","no battery","V"
"10/20/2017","11:55:29","5","default","957498349","OXY5","45.852","min","158.525","μmol/L","Humid","20.919","deg","90982","µV","35.990","°C","1019.000","hPa","37.0","pmil","0","55.500","deg","20.000","°C","100.000","%a.s.","22.500","deg","20.000","°C","1013.000","hPa","0.861","-0.02056","0.00035","-0.00011","0","14.7","Humid","26.25","0","52.00","346067.73","SABD0000000001","AAV1.0.0.11","2.0.0.28","PSt7-10","000000-000","10/20/2017 9:36:39 AM","0000-00","0","no battery","V"
"10/20/2017","11:55:30","5","default","957498349","OXY5","45.868","min","158.508","μmol/L","Humid","20.919","deg","90984","µV","35.993","°C","1019.000","hPa","37.0","pmil","0","55.500","deg","20.000","°C","100.000","%a.s.","22.500","deg","20.000","°C","1013.000","hPa","0.861","-0.02056","0.00035","-0.00011","0","14.7","Humid","26.25","0","52.00","346072.54","SABD0000000001","AAV1.0.0.11","2.0.0.28","PSt7-10","000000-000","10/20/2017 9:36:39 AM","0000-00","0","no battery","V"
"10/20/2017","11:55:31","5","default","957498349","OXY5","45.885","min","158.613","μmol/L","Humid","20.922","deg","90974","µV","35.969","°C","1019.000","hPa","37.0","pmil","0","55.500","deg","20.000","°C","100.000","%a.s.","22.500","deg","20.000","°C","1013.000","hPa","0.861","-0.02056","0.00035","-0.00011","0","14.7","Humid","26.25","0","52.00","346062.75","SABD0000000001","AAV1.0.0.11","2.0.0.28","PSt7-10","000000-000","10/20/2017 9:36:39 AM","0000-00","0","no battery","V"
"10/20/2017","11:55:32","5","default","957498349","OXY5","45.902","min","158.505","μmol/L","Humid","20.924","deg","90972","µV","35.982","°C","1019.000","hPa","37.0","pmil","0","55.500","deg","20.000","°C","100.000","%a.s.","22.500","deg","20.000","°C","1013.000","hPa","0.861","-0.02056","0.00035","-0.00011","0","14.7","Humid","26.25","0","52.00","346056.09","SABD0000000001","AAV1.0.0.11","2.0.0.28","PSt7-10","000000-000","10/20/2017 9:36:39 AM","0000-00","0","no battery","V"
"10/20/2017","11:55:33","5","default","957498349","OXY5","45.918","min","158.542","μmol/L","Humid","20.921","deg","90974","µV","35.981","°C","1018.000","hPa","37.0","pmil","0","55.500","deg","20.000","°C","100.000","%a.s.","22.500","deg","20.000","°C","1013.000","hPa","0.861","-0.02056","0.00035","-0.00011","0","14.7","Humid","26.25","0","52.00","346060.84","SABD0000000001","AAV1.0.0.11","2.0.0.28","PSt7-10","000000-000","10/20/2017 9:36:39 AM","0000-00","0","no battery","V"
"10/20/2017","11:55:34","5","default","957498349","OXY5","45.935","min","158.553","μmol/L","Humid","20.920","deg","90973","µV","35.984","°C","1019.000","hPa","37.0","pmil","0","55.500","deg","20.000","°C","100.000","%a.s.","22.500","deg","20.000","°C","1013.000","hPa","0.861","-0.02056","0.00035","-0.00011","0","14.7","Humid","26.25","0","52.00","346053.81","SABD0000000001","AAV1.0.0.11","2.0.0.28","PSt7-10","000000-000","10/20/2017 9:36:39 AM","0000-00","0","no battery","V"
"10/20/2017","11:55:35","5","default","957498349","OXY5","45.952","min","158.451","μmol/L","Humid","20.928","deg","90971","µV","35.981","°C","1019.000","hPa","37.0","pmil","0","55.500","deg","20.000","°C","100.000","%a.s.","22.500","deg","20.000","°C","1013.000","hPa","0.861","-0.02056","0.00035","-0.00011","0","14.7","Humid","26.25","0","52.00","346054.76","SABD0000000001","AAV1.0.0.11","2.0.0.28","PSt7-10","000000-000","10/20/2017 9:36:39 AM","0000-00","0","no battery","V"
"10/20/2017","11:55:36","5","default","957498349","OXY5","45.968","min","158.405","μmol/L","Humid","20.925","deg","90962","µV","35.996","°C","1019.000","hPa","37.0","pmil","0","55.500","deg","20.000","°C","100.000","%a.s.","22.500","deg","20.000","°C","1013.000","hPa","0.861","-0.02056","0.00035","-0.00011","0","14.7","Humid","26.25","0","52.00","346050.51","SABD0000000001","AAV1.0.0.11","2.0.0.28","PSt7-10","000000-000","10/20/2017 9:36:39 AM","0000-00","0","no battery","V"
"10/20/2017","11:55:37","5","default","957498349","OXY5","45.985","min","158.611","μmol/L","Humid","20.920","deg","90966","µV","35.972","°C","1018.000","hPa","37.0","pmil","0","55.500","deg","20.000","°C","100.000","%a.s.","22.500","deg","20.000","°C","1013.000","hPa","0.861","-0.02056","0.00035","-0.00011","0","14.7","Humid","26.25","0","52.00","346059.42","SABD0000000001","AAV1.0.0.11","2.0.0.28","PSt7-10","000000-000","10/20/2017 9:36:39 AM","0000-00","0","no battery","V"
"10/20/2017","11:55:38","5","default","957498349","OXY5","46.002","min","158.553","μmol/L","Humid","20.919","deg","90961","µV","35.986","°C","1019.000","hPa","37.0","pmil","0","55.500","deg","20.000","°C","100.000","%a.s.","22.500","deg","20.000","°C","1013.000","hPa","0.861","-0.02056","0.00035","-0.00011","0","14.7","Humid","26.25","0","52.00","346054.29","SABD0000000001","AAV1.0.0.11","2.0.0.28","PSt7-10","000000-000","10/20/2017 9:36:39 AM","0000-00","0","no battery","V"
"10/20/2017","11:55:39","5","default","957498349","OXY5","46.018","min","158.454","μmol/L","Humid","20.921","deg","90961","µV","35.998","°C","1019.000","hPa","37.0","pmil","0","55.500","deg","20.000","°C","100.000","%a.s.","22.500","deg","20.000","°C","1013.000","hPa","0.861","-0.02056","0.00035","-0.00011","0","14.7","Humid","26.25","0","52.00","346042.15","SABD0000000001","AAV1.0.0.11","2.0.0.28","PSt7-10","000000-000","10/20/2017 9:36:39 AM","0000-00","0","no battery","V"
"10/20/2017","11:55:40","5","default","957498349","OXY5","46.035","min","158.604","μmol/L","Humid","20.920","deg","90957","µV","35.975","°C","1019.000","hPa","37.0","pmil","0","55.500","deg","20.000","°C","100.000","%a.s.","22.500","deg","20.000","°C","1013.000","hPa","0.861","-0.02056","0.00035","-0.00011","0","14.7","Humid","26.25","0","52.00","346033.19","SABD0000000001","AAV1.0.0.11","2.0.0.28","PSt7-10","000000-000","10/20/2017 9:36:39 AM","0000-00","0","no battery","V"
"10/20/2017","11:55:41","5","default","957498349","OXY5","46.052","min","158.587","μmol/L","Humid","20.920","deg","90960","µV","35.978","°C","1019.000","hPa","37.0","pmil","0","55.500","deg","20.000","°C","100.000","%a.s.","22.500","deg","20.000","°C","1013.000","hPa","0.861","-0.02056","0.00035","-0.00011","0","14.7","Humid","26.25","0","52.00","346048.81","SABD0000000001","AAV1.0.0.11","2.0.0.28","PSt7-10","000000-000","10/20/2017 9:36:39 AM","0000-00","0","no battery","V"
"10/20/2017","11:55:42","5","default","957498349","OXY5","46.068","min","158.549","μmol/L","Humid","20.925","deg","90953","µV","35.972","°C","1019.000","hPa","37.0","pmil","0","55.500","deg","20.000","°C","100.000","%a.s.","22.500","deg","20.000","°C","1013.000","hPa","0.861","-0.02056","0.00035","-0.00011","0","14.7","Humid","26.25","0","52.00","346038.27","SABD0000000001","AAV1.0.0.11","2.0.0.28","PSt7-10","000000-000","10/20/2017 9:36:39 AM","0000-00","0","no battery","V"
"10/20/2017","11:55:43","5","default","957498349","OXY5","46.085","min","158.690","μmol/L","Humid","20.918","deg","90957","µV","35.965","°C","1019.000","hPa","37.0","pmil","0","55.500","deg","20.000","°C","100.000","%a.s.","22.500","deg","20.000","°C","1013.000","hPa","0.861","-0.02056","0.00035","-0.00011","0","14.7","Humid","26.25","0","52.00","346033.63","SABD0000000001","AAV1.0.0.11","2.0.0.28","PSt7-10","000000-000","10/20/2017 9:36:39 AM","0000-00","0","no battery","V"
"10/20/2017","11:55:44","5","default","957498349","OXY5","46.102","min","158.502","μmol/L","Humid","20.921","deg","90946","µV","35.990","°C","1019.000","hPa","37.0","pmil","0","55.500","deg","20.000","°C","100.000","%a.s.","22.500","deg","20.000","°C","1013.000","hPa","0.861","-0.02056","0.00035","-0.00011","0","14.7","Humid","26.25","0","52.00","346034.05","SABD0000000001","AAV1.0.0.11","2.0.0.28","PSt7-10","000000-000","10/20/2017 9:36:39 AM","0000-00","0","no battery","V"
"10/20/2017","11:55:45","5","default","957498349","OXY5","46.118","min","158.453","μmol/L","Humid","20.921","deg","90950","µV","35.998","°C","1019.000","hPa","37.0","pmil","0","55.500","deg","20.000","°C","100.000","%a.s.","22.500","deg","20.000","°C","1013.000","hPa","0.861","-0.02056","0.00035","-0.00011","0","14.7","Humid","26.25","0","52.00","346028.25","SABD0000000001","AAV1.0.0.11","2.0.0.28","PSt7-10","000000-000","10/20/2017 9:36:39 AM","0000-00","0","no battery","V"
"10/20/2017","11:55:46","5","default","957498349","OXY5","46.135","min","158.506","μmol/L","Humid","20.920","deg","90948","µV","35.991","°C","1019.000","hPa","37.0","pmil","0","55.500","deg","20.000","°C","100.000","%a.s.","22.500","deg","20.000","°C","1013.000","hPa","0.861","-0.02056","0.00035","-0.00011","0","14.7","Humid","26.25","0","52.00","346045.53","SABD0000000001","AAV1.0.0.11","2.0.0.28","PSt7-10","000000-000","10/20/2017 9:36:39 AM","0000-00","0","no battery","V"
"10/20/2017","11:55:47","5","default","957498349","OXY5","46.152","min","158.525","μmol/L","Humid","20.921","deg","90949","µV","35.986","°C","1019.000","hPa","37.0","pmil","0","55.500","deg","20.000","°C","100.000","%a.s.","22.500","deg","20.000","°C","1013.000","hPa","0.861","-0.02056","0.00035","-0.00011","0","14.7","Humid","26.25","0","52.00","346046.59","SABD0000000001","AAV1.0.0.11","2.0.0.28","PSt7-10","000000-000","10/20/2017 9:36:39 AM","0000-00","0","no battery","V"
"10/20/2017","11:55:48","5","default","957498349","OXY5","46.168","min","158.500","μmol/L","Humid","20.922","deg","90948","µV","35.988","°C","1019.000","hPa","37.0","pmil","0","55.500","deg","20.000","°C","100.000","%a.s.","22.500","deg","20.000","°C","1013.000","hPa","0.861","-0.02056","0.00035","-0.00011","0","14.7","Humid","26.25","0","52.00","346034.00","SABD0000000001","AAV1.0.0.11","2.0.0.28","PSt7-10","000000-000","10/20/2017 9:36:39 AM","0000-00","0","no battery","V"
"10/20/2017","11:55:49","5","default","957498349","OXY5","46.185","min","158.503","μmol/L","Humid","20.922","deg","90938","µV","35.987","°C","1019.000","hPa","37.0","pmil","0","55.500","deg","20.000","°C","100.000","%a.s.","22.500","deg","20.000","°C","1013.000","hPa","0.861","-0.02056","0.00035","-0.00011","0","14.7","Humid","26.25","0","52.00","346036.07","SABD0000000001","AAV1.0.0.11","2.0.0.28","PSt7-10","000000-000","10/20/2017 9:36:39 AM","0000-00","0","no battery","V"
"10/20/2017","11:55:50","5","default","957498349","OXY5","46.202","min","158.492","μmol/L","Humid","20.918","deg","90941","µV","35.998","°C","1019.000","hPa","37.0","pmil","0","55.500","deg","20.000","°C","100.000","%a.s.","22.500","deg","20.000","°C","1013.000","hPa","0.861","-0.02056","0.00035","-0.00011","0","14.7","Humid","26.25","0","52.00","346033.47","SABD0000000001","AAV1.0.0.11","2.0.0.28","PSt7-10","000000-000","10/20/2017 9:36:39 AM","0000-00","0","no battery","V"
"10/20/2017","11:55:51","5","default","957498349","OXY5","46.218","min","158.624","μmol/L","Humid","20.918","deg","90941","µV","35.976","°C","1019.000","hPa","37.0","pmil","0","55.500","deg","20.000","°C","100.000","%a.s.","22.500","deg","20.000","°C","1013.000","hPa","0.861","-0.02056","0.00035","-0.00011","0","14.7","Humid","26.25","0","52.00","346048.99","SABD0000000001","AAV1.0.0.11","2.0.0.28","PSt7-10","000000-000","10/20/2017 9:36:39 AM","0000-00","0","no battery","V"
"10/20/2017","11:55:52","5","default","957498349","OXY5","46.235","min","158.610","μmol/L","Humid","20.919","deg","90944","µV","35.976","°C","1019.000","hPa","37.0","pmil","0","55.500","deg","20.000","°C","100.000","%a.s.","22.500","deg","20.000","°C","1013.000","hPa","0.861","-0.02056","0.00035","-0.00011","0","14.7","Humid","26.25","0","52.00","346032.48","SABD0000000001","AAV1.0.0.11","2.0.0.28","PSt7-10","000000-000","10/20/2017 9:36:39 AM","0000-00","0","no battery","V"
"10/20/2017","11:55:53","5","default","957498349","OXY5","46.251","min","158.562","μmol/L","Humid","20.921","deg","90932","µV","35.978","°C","1018.000","hPa","37.0","pmil","0","55.500","deg","20.000","°C","100.000","%a.s.","22.500","deg","20.000","°C","1013.000","hPa","0.861","-0.02056","0.00035","-0.00011","0","14.7","Humid","26.25","0","52.00","346027.09","SABD0000000001","AAV1.0.0.11","2.0.0.28","PSt7-10","000000-000","10/20/2017 9:36:39 AM","0000-00","0","no battery","V"
"10/20/2017","11:55:54","5","default","957498349","OXY5","46.268","min","158.534","μmol/L","Humid","20.920","deg","90941","µV","35.987","°C","1019.000","hPa","37.0","pmil","0","55.500","deg","20.000","°C","100.000","%a.s.","22.500","deg","20.000","°C","1013.000","hPa","0.861","-0.02056","0.00035","-0.00011","0","14.7","Humid","26.25","0","52.00","346028.09","SABD0000000001","AAV1.0.0.11","2.0.0.28","PSt7-10","000000-000","10/20/2017 9:36:39 AM","0000-00","0","no battery","V"
"10/20/2017","11:55:55","5","default","957498349","OXY5","46.285","min","158.527","μmol/L","Humid","20.923","deg","90923","µV","35.981","°C","1019.000","hPa","37.0","pmil","0","55.500","deg","20.000","°C","100.000","%a.s.","22.500","deg","20.000","°C","1013.000","hPa","0.861","-0.02056","0.00035","-0.00011","0","14.7","Humid","26.25","0","52.00","346022.52","SABD0000000001","AAV1.0.0.11","2.0.0.28","PSt7-10","000000-000","10/20/2017 9:36:39 AM","0000-00","0","no battery","V"
"10/20/2017","11:55:56","5","default","957498349","OXY5","46.301","min","158.498","μmol/L","Humid","20.922","deg","90937","µV","35.988","°C","1019.000","hPa","37.0","pmil","0","55.500","deg","20.000","°C","100.000","%a.s.","22.500","deg","20.000","°C","1013.000","hPa","0.861","-0.02056","0.00035","-0.00011","0","14.7","Humid","26.25","0","52.00","346023.91","SABD0000000001","AAV1.0.0.11","2.0.0.28","PSt7-10","000000-000","10/20/2017 9:36:39 AM","0000-00","0","no battery","V"
"10/20/2017","11:55:57","5","default","957498349","OXY5","46.318","min","158.497","μmol/L","Humid","20.922","deg","90934","µV","35.986","°C","1018.000","hPa","37.0","pmil","0","55.500","deg","20.000","°C","100.000","%a.s.","22.500","deg","20.000","°C","1013.000","hPa","0.861","-0.02056","0.00035","-0.00011","0","14.7","Humid","26.25","0","52.00","346041.09","SABD0000000001","AAV1.0.0.11","2.0.0.28","PSt7-10","000000-000","10/20/2017 9:36:39 AM","0000-00","0","no battery","V"
"10/20/2017","11:55:58","5","default","957498349","OXY5","46.335","min","158.517","μmol/L","Humid","20.922","deg","90924","µV","35.985","°C","1019.000","hPa","37.0","pmil","0","55.500","deg","20.000","°C","100.000","%a.s.","22.500","deg","20.000","°C","1013.000","hPa","0.861","-0.02056","0.00035","-0.00011","0","14.7","Humid","26.25","0","52.00","346018.04","SABD0000000001","AAV1.0.0.11","2.0.0.28","PSt7-10","000000-000","10/20/2017 9:36:39 AM","0000-00","0","no battery","V"
"10/20/2017","11:55:59","5","default","957498349","OXY5","46.352","min","158.560","μmol/L","Humid","20.920","deg","90932","µV","35.982","°C","1019.000","hPa","37.0","pmil","0","55.500","deg","20.000","°C","100.000","%a.s.","22.500","deg","20.000","°C","1013.000","hPa","0.861","-0.02056","0.00035","-0.00011","0","14.7","Humid","26.25","0","52.00","346022.59","SABD0000000001","AAV1.0.0.11","2.0.0.28","PSt7-10","000000-000","10/20/2017 9:36:39 AM","0000-00","0","no battery","V"
"10/20/2017","11:56:00","5","default","957498349","OXY5","46.370","min","158.528","μmol/L","Humid","20.922","deg","90934","µV","35.983","°C","1019.000","hPa","37.0","pmil","0","55.500","deg","20.000","°C","100.000","%a.s.","22.500","deg","20.000","°C","1013.000","hPa","0.861","-0.02056","0.00035","-0.00011","0","14.7","Humid","26.25","0","52.00","346019.16","SABD0000000001","AAV1.0.0.11","2.0.0.28","PSt7-10","000000-000","10/20/2017 9:36:39 AM","0000-00","0","no battery","V"
"10/20/2017","11:56:01","5","default","957498349","OXY5","46.385","min","158.502","μmol/L","Humid","20.922","deg","90930","µV","35.987","°C","1019.000","hPa","37.0","pmil","0","55.500","deg","20.000","°C","100.000","%a.s.","22.500","deg","20.000","°C","1013.000","hPa","0.861","-0.02056","0.00035","-0.00011","0","14.7","Humid","26.25","0","52.00","346027.74","SABD0000000001","AAV1.0.0.11","2.0.0.28","PSt7-10","000000-000","10/20/2017 9:36:39 AM","0000-00","0","no battery","V"
"10/20/2017","11:56:02","5","default","957498349","OXY5","46.401","min","158.626","μmol/L","Humid","20.920","deg","90908","µV","35.971","°C","1019.000","hPa","37.0","pmil","0","55.500","deg","20.000","°C","100.000","%a.s.","22.500","deg","20.000","°C","1013.000","hPa","0.861","-0.02056","0.00035","-0.00011","0","14.7","Humid","26.25","0","52.00","346024.64","SABD0000000001","AAV1.0.0.11","2.0.0.28","PSt7-10","000000-000","10/20/2017 9:36:39 AM","0000-00","0","no battery","V"
"10/20/2017","11:56:03","5","default","957498349","OXY5","46.418","min","158.573","μmol/L","Humid","20.922","deg","90922","µV","35.975","°C","1019.000","hPa","37.0","pmil","0","55.500","deg","20.000","°C","100.000","%a.s.","22.500","deg","20.000","°C","1013.000","hPa","0.861","-0.02056","0.00035","-0.00011","0","14.7","Humid","26.25","0","52.00","346019.05","SABD0000000001","AAV1.0.0.11","2.0.0.28","PSt7-10","000000-000","10/20/2017 9:36:39 AM","0000-00","0","no battery","V"
"10/20/2017","11:56:04","5","default","957498349","OXY5","46.438","min","158.418","μmol/L","Humid","20.926","deg","90924","µV","35.992","°C","1019.000","hPa","37.0","pmil","0","55.500","deg","20.000","°C","100.000","%a.s.","22.500","deg","20.000","°C","1013.000","hPa","0.861","-0.02056","0.00035","-0.00011","0","14.7","Humid","26.25","0","52.00","346039.43","SABD0000000001","AAV1.0.0.11","2.0.0.28","PSt7-10","000000-000","10/20/2017 9:36:39 AM","0000-00","0","no battery","V"
"10/20/2017","11:56:05","5","default","957498349","OXY5","46.451","min","158.474","μmol/L","Humid","20.921","deg","90915","µV","35.994","°C","1019.000","hPa","37.0","pmil","0","55.500","deg","20.000","°C","100.000","%a.s.","22.500","deg","20.000","°C","1013.000","hPa","0.861","-0.02056","0.00035","-0.00011","0","14.7","Humid","26.25","0","52.00","346014.66","SABD0000000001","AAV1.0.0.11","2.0.0.28","PSt7-10","000000-000","10/20/2017 9:36:39 AM","0000-00","0","no battery","V"
"10/20/2017","11:56:06","5","default","957498349","OXY5","46.469","min","158.540","μmol/L","Humid","20.921","deg","90913","µV","35.983","°C","1019.000","hPa","37.0","pmil","0","55.500","deg","20.000","°C","100.000","%a.s.","22.500","deg","20.000","°C","1013.000","hPa","0.861","-0.02056","0.00035","-0.00011","0","14.7","Humid","26.25","0","52.00","346015.01","SABD0000000001","AAV1.0.0.11","2.0.0.28","PSt7-10","000000-000","10/20/2017 9:36:39 AM","0000-00","0","no battery","V"
"10/20/2017","11:56:07","5","default","957498349","OXY5","46.484","min","158.482","μmol/L","Humid","20.921","deg","90913","µV","35.993","°C","1019.000","hPa","37.0","pmil","0","55.500","deg","20.000","°C","100.000","%a.s.","22.500","deg","20.000","°C","1013.000","hPa","0.861","-0.02056","0.00035","-0.00011","0","14.7","Humid","26.25","0","52.00","346003.71","SABD0000000001","AAV1.0.0.11","2.0.0.28","PSt7-10","000000-000","10/20/2017 9:36:39 AM","0000-00","0","no battery","V"
"10/20/2017","11:56:08","5","default","957498349","OXY5","46.501","min","158.501","μmol/L","Humid","20.920","deg","90911","µV","35.992","°C","1019.000","hPa","37.0","pmil","0","55.500","deg","20.000","°C","100.000","%a.s.","22.500","deg","20.000","°C","1013.000","hPa","0.861","-0.02056","0.00035","-0.00011","0","14.7","Humid","26.25","0","52.00","346009.60","SABD0000000001","AAV1.0.0.11","2.0.0.28","PSt7-10","000000-000","10/20/2017 9:36:39 AM","0000-00","0","no battery","V"
"10/20/2017","11:56:09","5","default","957498349","OXY5","46.518","min","158.508","μmol/L","Humid","20.918","deg","90905","µV","35.994","°C","1018.000","hPa","37.0","pmil","0","55.500","deg","20.000","°C","100.000","%a.s.","22.500","deg","20.000","°C","1013.000","hPa","0.861","-0.02056","0.00035","-0.00011","0","14.7","Humid","26.25","0","52.00","346005.40","SABD0000000001","AAV1.0.0.11","2.0.0.28","PSt7-10","000000-000","10/20/2017 9:36:39 AM","0000-00","0","no battery","V"
"10/20/2017","11:56:10","5","default","957498349","OXY5","46.534","min","158.483","μmol/L","Humid","20.927","deg","90902","µV","35.978","°C","1019.000","hPa","37.0","pmil","0","55.500","deg","20.000","°C","100.000","%a.s.","22.500","deg","20.000","°C","1013.000","hPa","0.861","-0.02056","0.00035","-0.00011","0","14.7","Humid","26.25","0","52.00","346018.90","SABD0000000001","AAV1.0.0.11","2.0.0.28","PSt7-10","000000-000","10/20/2017 9:36:39 AM","0000-00","0","no battery","V"
"10/20/2017","11:56:11","5","default","957498349","OXY5","46.552","min","158.651","μmol/L","Humid","20.919","deg","90904","µV","35.970","°C","1019.000","hPa","37.0","pmil","0","55.500","deg","20.000","°C","100.000","%a.s.","22.500","deg","20.000","°C","1013.000","hPa","0.861","-0.02056","0.00035","-0.00011","0","14.7","Humid","26.25","0","52.00","346020.81","SABD0000000001","AAV1.0.0.11","2.0.0.28","PSt7-10","000000-000","10/20/2017 9:36:39 AM","0000-00","0","no battery","V"
"10/20/2017","11:56:12","5","default","957498349","OXY5","46.568","min","158.562","μmol/L","Humid","20.918","deg","90899","µV","35.987","°C","1019.000","hPa","37.0","pmil","0","55.500","deg","20.000","°C","100.000","%a.s.","22.500","deg","20.000","°C","1013.000","hPa","0.861","-0.02056","0.00035","-0.00011","0","14.7","Humid","26.25","0","52.00","346012.93","SABD0000000001","AAV1.0.0.11","2.0.0.28","PSt7-10","000000-000","10/20/2017 9:36:39 AM","0000-00","0","no battery","V"
"10/20/2017","11:56:13","5","default","957498349","OXY5","46.585","min","158.422","μmol/L","Humid","20.925","deg","90901","µV","35.993","°C","1019.000","hPa","37.0","pmil","0","55.500","deg","20.000","°C","100.000","%a.s.","22.500","deg","20.000","°C","1013.000","hPa","0.861","-0.02056","0.00035","-0.00011","0","14.7","Humid","26.25","0","52.00","346023.28","SABD0000000001","AAV1.0.0.11","2.0.0.28","PSt7-10","000000-000","10/20/2017 9:36:39 AM","0000-00","0","no battery","V"
"10/20/2017","11:56:14","5","default","957498349","OXY5","46.602","min","158.460","μmol/L","Humid","20.925","deg","90902","µV","35.987","°C","1019.000","hPa","37.0","pmil","0","55.500","deg","20.000","°C","100.000","%a.s.","22.500","deg","20.000","°C","1013.000","hPa","0.861","-0.02056","0.00035","-0.00011","0","14.7","Humid","26.25","0","52.00","346013.51","SABD0000000001","AAV1.0.0.11","2.0.0.28","PSt7-10","000000-000","10/20/2017 9:36:39 AM","0000-00","0","no battery","V"
"10/20/2017","11:56:15","5","default","957498349","OXY5","46.618","min","158.532","μmol/L","Humid","20.920","deg","90894","µV","35.987","°C","1019.000","hPa","37.0","pmil","0","55.500","deg","20.000","°C","100.000","%a.s.","22.500","deg","20.000","°C","1013.000","hPa","0.861","-0.02056","0.00035","-0.00011","0","14.7","Humid","26.25","0","52.00","346013.19","SABD0000000001","AAV1.0.0.11","2.0.0.28","PSt7-10","000000-000","10/20/2017 9:36:39 AM","0000-00","0","no battery","V"
"10/20/2017","11:56:16","5","default","957498349","OXY5","46.635","min","158.492","μmol/L","Humid","20.922","deg","90893","µV","35.989","°C","1019.000","hPa","37.0","pmil","0","55.500","deg","20.000","°C","100.000","%a.s.","22.500","deg","20.000","°C","1013.000","hPa","0.861","-0.02056","0.00035","-0.00011","0","14.7","Humid","26.25","0","52.00","346013.26","SABD0000000001","AAV1.0.0.11","2.0.0.28","PSt7-10","000000-000","10/20/2017 9:36:39 AM","0000-00","0","no battery","V"
"10/20/2017","11:56:17","5","default","957498349","OXY5","46.652","min","158.488","μmol/L","Humid","20.920","deg","90912","µV","35.994","°C","1019.000","hPa","37.0","pmil","0","55.500","deg","20.000","°C","100.000","%a.s.","22.500","deg","20.000","°C","1013.000","hPa","0.861","-0.02056","0.00035","-0.00011","0","14.7","Humid","26.25","0","52.00","346018.36","SABD0000000001","AAV1.0.0.11","2.0.0.28","PSt7-10","000000-000","10/20/2017 9:36:39 AM","0000-00","0","no battery","V"
"10/20/2017","11:56:18","5","default","957498349","OXY5","46.668","min","158.571","μmol/L","Humid","20.919","deg","90826","µV","35.983","°C","1019.000","hPa","37.0","pmil","0","55.500","deg","20.000","°C","100.000","%a.s.","22.500","deg","20.000","°C","1013.000","hPa","0.861","-0.02056","0.00035","-0.00011","0","14.7","Humid","26.25","0","52.00","346019.25","SABD0000000001","AAV1.0.0.11","2.0.0.28","PSt7-10","000000-000","10/20/2017 9:36:39 AM","0000-00","0","no battery","V"
"10/20/2017","11:56:19","5","default","957498349","OXY5","46.685","min","158.672","μmol/L","Humid","20.915","deg","90823","µV","35.976","°C","1019.000","hPa","37.0","pmil","0","55.500","deg","20.000","°C","100.000","%a.s.","22.500","deg","20.000","°C","1013.000","hPa","0.861","-0.02056","0.00035","-0.00011","0","14.7","Humid","26.25","0","52.00","346016.70","SABD0000000001","AAV1.0.0.11","2.0.0.28","PSt7-10","000000-000","10/20/2017 9:36:39 AM","0000-00","0","no battery","V"
"10/20/2017","11:56:20","5","default","957498349","OXY5","46.702","min","158.567","μmol/L","Humid","20.923","deg","90828","µV","35.974","°C","1019.000","hPa","37.0","pmil","0","55.500","deg","20.000","°C","100.000","%a.s.","22.500","deg","20.000","°C","1013.000","hPa","0.861","-0.02056","0.00035","-0.00011","0","14.7","Humid","26.25","0","52.00","346013.01","SABD0000000001","AAV1.0.0.11","2.0.0.28","PSt7-10","000000-000","10/20/2017 9:36:39 AM","0000-00","0","no battery","V"
"10/20/2017","11:56:21","5","default","957498349","OXY5","46.718","min","158.627","μmol/L","Humid","20.920","deg","90883","µV","35.971","°C","1019.000","hPa","37.0","pmil","0","55.500","deg","20.000","°C","100.000","%a.s.","22.500","deg","20.000","°C","1013.000","hPa","0.861","-0.02056","0.00035","-0.00011","0","14.7","Humid","26.25","0","52.00","346008.26","SABD0000000001","AAV1.0.0.11","2.0.0.28","PSt7-10","000000-000","10/20/2017 9:36:39 AM","0000-00","0","no battery","V"
"10/20/2017","11:56:22","5","default","957498349","OXY5","46.735","min","158.470","μmol/L","Humid","20.918","deg","90882","µV","36.002","°C","1019.000","hPa","37.0","pmil","0","55.500","deg","20.000","°C","100.000","%a.s.","22.500","deg","20.000","°C","1013.000","hPa","0.861","-0.02056","0.00035","-0.00011","0","14.7","Humid","26.25","0","52.00","346004.94","SABD0000000001","AAV1.0.0.11","2.0.0.28","PSt7-10","000000-000","10/20/2017 9:36:39 AM","0000-00","0","no battery","V"
"10/20/2017","11:56:23","5","default","957498349","OXY5","46.752","min","158.570","μmol/L","Humid","20.918","deg","90877","µV","35.985","°C","1019.000","hPa","37.0","pmil","0","55.500","deg","20.000","°C","100.000","%a.s.","22.500","deg","20.000","°C","1013.000","hPa","0.861","-0.02056","0.00035","-0.00011","0","14.7","Humid","26.25","0","52.00","346004.55","SABD0000000001","AAV1.0.0.11","2.0.0.28","PSt7-10","000000-000","10/20/2017 9:36:39 AM","0000-00","0","no battery","V"
"10/20/2017","11:56:24","5","default","957498349","OXY5","46.768","min","158.601","μmol/L","Humid","20.918","deg","90878","µV","35.980","°C","1019.000","hPa","37.0","pmil","0","55.500","deg","20.000","°C","100.000","%a.s.","22.500","deg","20.000","°C","1013.000","hPa","0.861","-0.02056","0.00035","-0.00011","0","14.7","Humid","26.25","0","52.00","346004.40","SABD0000000001","AAV1.0.0.11","2.0.0.28","PSt7-10","000000-000","10/20/2017 9:36:39 AM","0000-00","0","no battery","V"
"10/20/2017","11:56:25","5","default","957498349","OXY5","46.785","min","158.547","μmol/L","Humid","20.919","deg","90874","µV","35.987","°C","1019.000","hPa","37.0","pmil","0","55.500","deg","20.000","°C","100.000","%a.s.","22.500","deg","20.000","°C","1013.000","hPa","0.861","-0.02056","0.00035","-0.00011","0","14.7","Humid","26.25","0","52.00","346001.62","SABD0000000001","AAV1.0.0.11","2.0.0.28","PSt7-10","000000-000","10/20/2017 9:36:39 AM","0000-00","0","no battery","V"
"10/20/2017","11:56:26","5","default","957498349","OXY5","46.802","min","158.478","μmol/L","Humid","20.922","deg","90879","µV","35.991","°C","1019.000","hPa","37.0","pmil","0","55.500","deg","20.000","°C","100.000","%a.s.","22.500","deg","20.000","°C","1013.000","hPa","0.861","-0.02056","0.00035","-0.00011","0","14.7","Humid","26.25","0","52.00","346010.47","SABD0000000001","AAV1.0.0.11","2.0.0.28","PSt7-10","000000-000","10/20/2017 9:36:39 AM","0000-00","0","no battery","V"
"10/20/2017","11:56:27","5","default","957498349","OXY5","46.818","min","158.519","μmol/L","Humid","20.922","deg","90871","µV","35.984","°C","1019.000","hPa","37.0","pmil","0","55.500","deg","20.000","°C","100.000","%a.s.","22.500","deg","20.000","°C","1013.000","hPa","0.861","-0.02056","0.00035","-0.00011","0","14.7","Humid","26.25","0","52.00","346013.44","SABD0000000001","AAV1.0.0.11","2.0.0.28","PSt7-10","000000-000","10/20/2017 9:36:39 AM","0000-00","0","no battery","V"
"10/20/2017","11:56:28","5","default","957498349","OXY5","46.835","min","158.535","μmol/L","Humid","20.920","deg","90867","µV","35.986","°C","1019.000","hPa","37.0","pmil","0","55.500","deg","20.000","°C","100.000","%a.s.","22.500","deg","20.000","°C","1013.000","hPa","0.861","-0.02056","0.00035","-0.00011","0","14.7","Humid","26.25","0","52.00","345990.68","SABD0000000001","AAV1.0.0.11","2.0.0.28","PSt7-10","000000-000","10/20/2017 9:36:39 AM","0000-00","0","no battery","V"
"10/20/2017","11:56:29","5","default","957498349","OXY5","46.852","min","158.507","μmol/L","Humid","20.920","deg","90877","µV","35.991","°C","1019.000","hPa","37.0","pmil","0","55.500","deg","20.000","°C","100.000","%a.s.","22.500","deg","20.000","°C","1013.000","hPa","0.861","-0.02056","0.00035","-0.00011","0","14.7","Humid","26.25","0","52.00","345999.65","SABD0000000001","AAV1.0.0.11","2.0.0.28","PSt7-10","000000-000","10/20/2017 9:36:39 AM","0000-00","0","no battery","V"
"10/20/2017","11:56:30","5","default","957498349","OXY5","46.868","min","158.557","μmol/L","Humid","20.921","deg","90873","µV","35.980","°C","1019.000","hPa","37.0","pmil","0","55.500","deg","20.000","°C","100.000","%a.s.","22.500","deg","20.000","°C","1013.000","hPa","0.861","-0.02056","0.00035","-0.00011","0","14.7","Humid","26.25","0","52.00","346000.10","SABD0000000001","AAV1.0.0.11","2.0.0.28","PSt7-10","000000-000","10/20/2017 9:36:39 AM","0000-00","0","no battery","V"
"10/20/2017","11:56:31","5","default","957498349","OXY5","46.885","min","158.534","μmol/L","Humid","20.923","deg","90866","µV","35.980","°C","1019.000","hPa","37.0","pmil","0","55.500","deg","20.000","°C","100.000","%a.s.","22.500","deg","20.000","°C","1013.000","hPa","0.861","-0.02056","0.00035","-0.00011","0","14.7","Humid","26.25","0","52.00","346009.07","SABD0000000001","AAV1.0.0.11","2.0.0.28","PSt7-10","000000-000","10/20/2017 9:36:39 AM","0000-00","0","no battery","V"
"10/20/2017","11:56:32","5","default","957498349","OXY5","46.902","min","158.468","μmol/L","Humid","20.922","deg","90871","µV","35.993","°C","1019.000","hPa","37.0","pmil","0","55.500","deg","20.000","°C","100.000","%a.s.","22.500","deg","20.000","°C","1013.000","hPa","0.861","-0.02056","0.00035","-0.00011","0","14.7","Humid","26.25","0","52.00","346001.53","SABD0000000001","AAV1.0.0.11","2.0.0.28","PSt7-10","000000-000","10/20/2017 9:36:39 AM","0000-00","0","no battery","V"
"10/20/2017","11:56:33","5","default","957498349","OXY5","46.918","min","158.479","μmol/L","Humid","20.920","deg","90865","µV","35.996","°C","1019.000","hPa","37.0","pmil","0","55.500","deg","20.000","°C","100.000","%a.s.","22.500","deg","20.000","°C","1013.000","hPa","0.861","-0.02056","0.00035","-0.00011","0","14.7","Humid","26.25","0","52.00","346002.46","SABD0000000001","AAV1.0.0.11","2.0.0.28","PSt7-10","000000-000","10/20/2017 9:36:39 AM","0000-00","0","no battery","V"
"10/20/2017","11:56:34","5","default","957498349","OXY5","46.935","min","158.545","μmol/L","Humid","20.923","deg","90860","µV","35.978","°C","1019.000","hPa","37.0","pmil","0","55.500","deg","20.000","°C","100.000","%a.s.","22.500","deg","20.000","°C","1013.000","hPa","0.861","-0.02056","0.00035","-0.00011","0","14.7","Humid","26.25","0","52.00","346002.00","SABD0000000001","AAV1.0.0.11","2.0.0.28","PSt7-10","000000-000","10/20/2017 9:36:39 AM","0000-00","0","no battery","V"
"10/20/2017","11:56:35","5","default","957498349","OXY5","46.952","min","158.631","μmol/L","Humid","20.915","deg","90863","µV","35.982","°C","1019.000","hPa","37.0","pmil","0","55.500","deg","20.000","°C","100.000","%a.s.","22.500","deg","20.000","°C","1013.000","hPa","0.861","-0.02056","0.00035","-0.00011","0","14.7","Humid","26.25","0","52.00","345993.68","SABD0000000001","AAV1.0.0.11","2.0.0.28","PSt7-10","000000-000","10/20/2017 9:36:39 AM","0000-00","0","no battery","V"
"10/20/2017","11:56:36","5","default","957498349","OXY5","46.968","min","158.594","μmol/L","Humid","20.919","deg","90861","µV","35.979","°C","1019.000","hPa","37.0","pmil","0","55.500","deg","20.000","°C","100.000","%a.s.","22.500","deg","20.000","°C","1013.000","hPa","0.861","-0.02056","0.00035","-0.00011","0","14.7","Humid","26.25","0","52.00","346015.64","SABD0000000001","AAV1.0.0.11","2.0.0.28","PSt7-10","000000-000","10/20/2017 9:36:39 AM","0000-00","0","no battery","V"
"10/20/2017","11:56:37","5","default","957498349","OXY5","46.985","min","158.460","μmol/L","Humid","20.921","deg","90866","µV","35.996","°C","1019.000","hPa","37.0","pmil","0","55.500","deg","20.000","°C","100.000","%a.s.","22.500","deg","20.000","°C","1013.000","hPa","0.861","-0.02056","0.00035","-0.00011","0","14.7","Humid","26.25","0","52.00","345997.14","SABD0000000001","AAV1.0.0.11","2.0.0.28","PSt7-10","000000-000","10/20/2017 9:36:39 AM","0000-00","0","no battery","V"
"10/20/2017","11:56:38","5","default","957498349","OXY5","47.002","min","158.552","μmol/L","Humid","20.918","deg","90862","µV","35.988","°C","1019.000","hPa","37.0","pmil","0","55.500","deg","20.000","°C","100.000","%a.s.","22.500","deg","20.000","°C","1013.000","hPa","0.861","-0.02056","0.00035","-0.00011","0","14.7","Humid","26.25","0","52.00","346009.42","SABD0000000001","AAV1.0.0.11","2.0.0.28","PSt7-10","000000-000","10/20/2017 9:36:39 AM","0000-00","0","no battery","V"
"10/20/2017","11:56:39","5","default","957498349","OXY5","47.018","min","158.537","μmol/L","Humid","20.923","deg","90852","µV","35.979","°C","1019.000","hPa","37.0","pmil","0","55.500","deg","20.000","°C","100.000","%a.s.","22.500","deg","20.000","°C","1013.000","hPa","0.861","-0.02056","0.00035","-0.00011","0","14.7","Humid","26.25","0","52.00","345988.44","SABD0000000001","AAV1.0.0.11","2.0.0.28","PSt7-10","000000-000","10/20/2017 9:36:39 AM","0000-00","0","no battery","V"
"10/20/2017","11:56:40","5","default","957498349","OXY5","47.035","min","158.551","μmol/L","Humid","20.921","deg","90857","µV","35.981","°C","1019.000","hPa","37.0","pmil","0","55.500","deg","20.000","°C","100.000","%a.s.","22.500","deg","20.000","°C","1013.000","hPa","0.861","-0.02056","0.00035","-0.00011","0","14.7","Humid","26.25","0","52.00","345990.38","SABD0000000001","AAV1.0.0.11","2.0.0.28","PSt7-10","000000-000","10/20/2017 9:36:39 AM","0000-00","0","no battery","V"
"10/20/2017","11:56:41","5","default","957498349","OXY5","47.052","min","158.398","μmol/L","Humid","20.922","deg","90841","µV","36.004","°C","1019.000","hPa","37.0","pmil","0","55.500","deg","20.000","°C","100.000","%a.s.","22.500","deg","20.000","°C","1013.000","hPa","0.861","-0.02056","0.00035","-0.00011","0","14.7","Humid","26.25","0","52.00","345979.34","SABD0000000001","AAV1.0.0.11","2.0.0.28","PSt7-10","000000-000","10/20/2017 9:36:39 AM","0000-00","0","no battery","V"
"10/20/2017","11:56:42","5","default","957498349","OXY5","47.068","min","158.386","μmol/L","Humid","20.920","deg","90850","µV","36.011","°C","1019.000","hPa","37.0","pmil","0","55.500","deg","20.000","°C","100.000","%a.s.","22.500","deg","20.000","°C","1013.000","hPa","0.861","-0.02056","0.00035","-0.00011","0","14.7","Humid","26.25","0","52.00","345988.16","SABD0000000001","AAV1.0.0.11","2.0.0.28","PSt7-10","000000-000","10/20/2017 9:36:39 AM","0000-00","0","no battery","V"
"10/20/2017","11:56:43","5","default","957498349","OXY5","47.085","min","158.533","μmol/L","Humid","20.920","deg","90853","µV","35.987","°C","1019.000","hPa","37.0","pmil","0","55.500","deg","20.000","°C","100.000","%a.s.","22.500","deg","20.000","°C","1013.000","hPa","0.861","-0.02056","0.00035","-0.00011","0","14.7","Humid","26.25","0","52.00","345994.20","SABD0000000001","AAV1.0.0.11","2.0.0.28","PSt7-10","000000-000","10/20/2017 9:36:39 AM","0000-00","0","no battery","V"
"10/20/2017","11:56:44","5","default","957498349","OXY5","47.102","min","158.389","μmol/L","Humid","20.923","deg","90850","µV","36.003","°C","1019.000","hPa","37.0","pmil","0","55.500","deg","20.000","°C","100.000","%a.s.","22.500","deg","20.000","°C","1013.000","hPa","0.861","-0.02056","0.00035","-0.00011","0","14.7","Humid","26.25","0","52.00","345984.27","SABD0000000001","AAV1.0.0.11","2.0.0.28","PSt7-10","000000-000","10/20/2017 9:36:39 AM","0000-00","0","no battery","V"
"10/20/2017","11:56:45","5","default","957498349","OXY5","47.118","min","158.509","μmol/L","Humid","20.920","deg","90844","µV","35.991","°C","1019.000","hPa","37.0","pmil","0","55.500","deg","20.000","°C","100.000","%a.s.","22.500","deg","20.000","°C","1013.000","hPa","0.861","-0.02056","0.00035","-0.00011","0","14.7","Humid","26.25","0","52.00","345980.25","SABD0000000001","AAV1.0.0.11","2.0.0.28","PSt7-10","000000-000","10/20/2017 9:36:39 AM","0000-00","0","no battery","V"
"10/20/2017","11:56:46","5","default","957498349","OXY5","47.135","min","158.448","μmol/L","Humid","20.922","deg","90838","µV","35.996","°C","1019.000","hPa","37.0","pmil","0","55.500","deg","20.000","°C","100.000","%a.s.","22.500","deg","20.000","°C","1013.000","hPa","0.861","-0.02056","0.00035","-0.00011","0","14.7","Humid","26.25","0","52.00","345968.02","SABD0000000001","AAV1.0.0.11","2.0.0.28","PSt7-10","000000-000","10/20/2017 9:36:39 AM","0000-00","0","no battery","V"
"10/20/2017","11:56:47","5","default","957498349","OXY5","47.152","min","158.461","μmol/L","Humid","20.919","deg","90844","µV","36.001","°C","1019.000","hPa","37.0","pmil","0","55.500","deg","20.000","°C","100.000","%a.s.","22.500","deg","20.000","°C","1013.000","hPa","0.861","-0.02056","0.00035","-0.00011","0","14.7","Humid","26.25","0","52.00","345989.77","SABD0000000001","AAV1.0.0.11","2.0.0.28","PSt7-10","000000-000","10/20/2017 9:36:39 AM","0000-00","0","no battery","V"
"10/20/2017","11:56:48","5","default","957498349","OXY5","47.168","min","158.504","μmol/L","Humid","20.920","deg","90842","µV","35.992","°C","1019.000","hPa","37.0","pmil","0","55.500","deg","20.000","°C","100.000","%a.s.","22.500","deg","20.000","°C","1013.000","hPa","0.861","-0.02056","0.00035","-0.00011","0","14.7","Humid","26.25","0","52.00","345979.78","SABD0000000001","AAV1.0.0.11","2.0.0.28","PSt7-10","000000-000","10/20/2017 9:36:39 AM","0000-00","0","no battery","V"
"10/20/2017","11:56:49","5","default","957498349","OXY5","47.185","min","158.564","μmol/L","Humid","20.921","deg","90840","µV","35.979","°C","1019.000","hPa","37.0","pmil","0","55.500","deg","20.000","°C","100.000","%a.s.","22.500","deg","20.000","°C","1013.000","hPa","0.861","-0.02056","0.00035","-0.00011","0","14.7","Humid","26.25","0","52.00","345980.45","SABD0000000001","AAV1.0.0.11","2.0.0.28","PSt7-10","000000-000","10/20/2017 9:36:39 AM","0000-00","0","no battery","V"
"10/20/2017","11:56:50","5","default","957498349","OXY5","47.202","min","158.559","μmol/L","Humid","20.920","deg","90837","µV","35.982","°C","1019.000","hPa","37.0","pmil","0","55.500","deg","20.000","°C","100.000","%a.s.","22.500","deg","20.000","°C","1013.000","hPa","0.861","-0.02056","0.00035","-0.00011","0","14.7","Humid","26.25","0","52.00","345997.17","SABD0000000001","AAV1.0.0.11","2.0.0.28","PSt7-10","000000-000","10/20/2017 9:36:39 AM","0000-00","0","no battery","V"
"10/20/2017","11:56:51","5","default","957498349","OXY5","47.218","min","158.429","μmol/L","Humid","20.924","deg","90838","µV","35.995","°C","1019.000","hPa","37.0","pmil","0","55.500","deg","20.000","°C","100.000","%a.s.","22.500","deg","20.000","°C","1013.000","hPa","0.861","-0.02056","0.00035","-0.00011","0","14.7","Humid","26.25","0","52.00","345986.80","SABD0000000001","AAV1.0.0.11","2.0.0.28","PSt7-10","000000-000","10/20/2017 9:36:39 AM","0000-00","0","no battery","V"
"10/20/2017","11:56:52","5","default","957498349","OXY5","47.235","min","158.459","μmol/L","Humid","20.920","deg","90835","µV","35.999","°C","1019.000","hPa","37.0","pmil","0","55.500","deg","20.000","°C","100.000","%a.s.","22.500","deg","20.000","°C","1013.000","hPa","0.861","-0.02056","0.00035","-0.00011","0","14.7","Humid","26.25","0","52.00","345984.98","SABD0000000001","AAV1.0.0.11","2.0.0.28","PSt7-10","000000-000","10/20/2017 9:36:39 AM","0000-00","0","no battery","V"
"10/20/2017","11:56:53","5","default","957498349","OXY5","47.252","min","158.420","μmol/L","Humid","20.922","deg","90827","µV","36.001","°C","1019.000","hPa","37.0","pmil","0","55.500","deg","20.000","°C","100.000","%a.s.","22.500","deg","20.000","°C","1013.000","hPa","0.861","-0.02056","0.00035","-0.00011","0","14.7","Humid","26.25","0","52.00","345980.69","SABD0000000001","AAV1.0.0.11","2.0.0.28","PSt7-10","000000-000","10/20/2017 9:36:39 AM","0000-00","0","no battery","V"
"10/20/2017","11:56:54","5","default","957498349","OXY5","47.268","min","158.517","μmol/L","Humid","20.918","deg","90824","µV","35.994","°C","1019.000","hPa","37.0","pmil","0","55.500","deg","20.000","°C","100.000","%a.s.","22.500","deg","20.000","°C","1013.000","hPa","0.861","-0.02056","0.00035","-0.00011","0","14.7","Humid","26.25","0","52.00","345984.30","SABD0000000001","AAV1.0.0.11","2.0.0.28","PSt7-10","000000-000","10/20/2017 9:36:39 AM","0000-00","0","no battery","V"
"10/20/2017","11:56:55","5","default","957498349","OXY5","47.285","min","158.591","μmol/L","Humid","20.922","deg","90819","µV","35.972","°C","1019.000","hPa","37.0","pmil","0","55.500","deg","20.000","°C","100.000","%a.s.","22.500","deg","20.000","°C","1013.000","hPa","0.861","-0.02056","0.00035","-0.00011","0","14.7","Humid","26.25","0","52.00","345970.34","SABD0000000001","AAV1.0.0.11","2.0.0.28","PSt7-10","000000-000","10/20/2017 9:36:39 AM","0000-00","0","no battery","V"
"10/20/2017","11:56:56","5","default","957498349","OXY5","47.302","min","158.469","μmol/L","Humid","20.922","deg","90829","µV","35.993","°C","1019.000","hPa","37.0","pmil","0","55.500","deg","20.000","°C","100.000","%a.s.","22.500","deg","20.000","°C","1013.000","hPa","0.861","-0.02056","0.00035","-0.00011","0","14.7","Humid","26.25","0","52.00","345982.93","SABD0000000001","AAV1.0.0.11","2.0.0.28","PSt7-10","000000-000","10/20/2017 9:36:39 AM","0000-00","0","no battery","V"
"10/20/2017","11:56:57","5","default","957498349","OXY5","47.318","min","158.471","μmol/L","Humid","20.920","deg","90828","µV","35.997","°C","1019.000","hPa","37.0","pmil","0","55.500","deg","20.000","°C","100.000","%a.s.","22.500","deg","20.000","°C","1013.000","hPa","0.861","-0.02056","0.00035","-0.00011","0","14.7","Humid","26.25","0","52.00","345983.20","SABD0000000001","AAV1.0.0.11","2.0.0.28","PSt7-10","000000-000","10/20/2017 9:36:39 AM","0000-00","0","no battery","V"
"10/20/2017","11:56:58","5","default","957498349","OXY5","47.335","min","158.603","μmol/L","Humid","20.918","deg","90831","µV","35.980","°C","1019.000","hPa","37.0","pmil","0","55.500","deg","20.000","°C","100.000","%a.s.","22.500","deg","20.000","°C","1013.000","hPa","0.861","-0.02056","0.00035","-0.00011","0","14.7","Humid","26.25","0","52.00","345987.22","SABD0000000001","AAV1.0.0.11","2.0.0.28","PSt7-10","000000-000","10/20/2017 9:36:39 AM","0000-00","0","no battery","V"
"10/20/2017","11:56:59","5","default","957498349","OXY5","47.352","min","158.509","μmol/L","Humid","20.921","deg","90821","µV","35.988","°C","1019.000","hPa","37.0","pmil","0","55.500","deg","20.000","°C","100.000","%a.s.","22.500","deg","20.000","°C","1013.000","hPa","0.861","-0.02056","0.00035","-0.00011","0","14.7","Humid","26.25","0","52.00","345974.52","SABD0000000001","AAV1.0.0.11","2.0.0.28","PSt7-10","000000-000","10/20/2017 9:36:39 AM","0000-00","0","no battery","V"
"10/20/2017","11:57:00","5","default","957498349","OXY5","47.368","min","158.563","μmol/L","Humid","20.917","deg","90825","µV","35.989","°C","1019.000","hPa","37.0","pmil","0","55.500","deg","20.000","°C","100.000","%a.s.","22.500","deg","20.000","°C","1013.000","hPa","0.861","-0.02056","0.00035","-0.00011","0","14.7","Humid","26.25","0","52.00","345973.37","SABD0000000001","AAV1.0.0.11","2.0.0.28","PSt7-10","000000-000","10/20/2017 9:36:39 AM","0000-00","0","no battery","V"
"10/20/2017","11:57:01","5","default","957498349","OXY5","47.385","min","158.442","μmol/L","Humid","20.921","deg","90814","µV","35.999","°C","1019.000","hPa","37.0","pmil","0","55.500","deg","20.000","°C","100.000","%a.s.","22.500","deg","20.000","°C","1013.000","hPa","0.861","-0.02056","0.00035","-0.00011","0","14.7","Humid","26.25","0","52.00","345975.27","SABD0000000001","AAV1.0.0.11","2.0.0.28","PSt7-10","000000-000","10/20/2017 9:36:39 AM","0000-00","0","no battery","V"
"10/20/2017","11:57:02","5","default","957498349","OXY5","47.402","min","158.314","μmol/L","Humid","20.924","deg","90818","µV","36.014","°C","1019.000","hPa","37.0","pmil","0","55.500","deg","20.000","°C","100.000","%a.s.","22.500","deg","20.000","°C","1013.000","hPa","0.861","-0.02056","0.00035","-0.00011","0","14.7","Humid","26.25","0","52.00","345987.65","SABD0000000001","AAV1.0.0.11","2.0.0.28","PSt7-10","000000-000","10/20/2017 9:36:39 AM","0000-00","0","no battery","V"
"10/20/2017","11:57:03","5","default","957498349","OXY5","47.418","min","158.401","μmol/L","Humid","20.922","deg","90818","µV","36.004","°C","1019.000","hPa","37.0","pmil","0","55.500","deg","20.000","°C","100.000","%a.s.","22.500","deg","20.000","°C","1013.000","hPa","0.861","-0.02056","0.00035","-0.00011","0","14.7","Humid","26.25","0","52.00","345980.03","SABD0000000001","AAV1.0.0.11","2.0.0.28","PSt7-10","000000-000","10/20/2017 9:36:39 AM","0000-00","0","no battery","V"
"10/20/2017","11:57:04","5","default","957498349","OXY5","47.435","min","158.430","μmol/L","Humid","20.917","deg","90809","µV","36.011","°C","1019.000","hPa","37.0","pmil","0","55.500","deg","20.000","°C","100.000","%a.s.","22.500","deg","20.000","°C","1013.000","hPa","0.861","-0.02056","0.00035","-0.00011","0","14.7","Humid","26.25","0","52.00","345980.13","SABD0000000001","AAV1.0.0.11","2.0.0.28","PSt7-10","000000-000","10/20/2017 9:36:39 AM","0000-00","0","no battery","V"
"10/20/2017","11:57:05","5","default","957498349","OXY5","47.452","min","158.548","μmol/L","Humid","20.917","deg","90815","µV","35.991","°C","1019.000","hPa","37.0","pmil","0","55.500","deg","20.000","°C","100.000","%a.s.","22.500","deg","20.000","°C","1013.000","hPa","0.861","-0.02056","0.00035","-0.00011","0","14.7","Humid","26.25","0","52.00","345971.15","SABD0000000001","AAV1.0.0.11","2.0.0.28","PSt7-10","000000-000","10/20/2017 9:36:39 AM","0000-00","0","no battery","V"
"10/20/2017","11:57:06","5","default","957498349","OXY5","47.468","min","158.542","μmol/L","Humid","20.917","deg","90808","µV","35.992","°C","1019.000","hPa","37.0","pmil","0","55.500","deg","20.000","°C","100.000","%a.s.","22.500","deg","20.000","°C","1013.000","hPa","0.861","-0.02056","0.00035","-0.00011","0","14.7","Humid","26.25","0","52.00","345966.95","SABD0000000001","AAV1.0.0.11","2.0.0.28","PSt7-10","000000-000","10/20/2017 9:36:39 AM","0000-00","0","no battery","V"
"10/20/2017","11:57:07","5","default","957498349","OXY5","47.485","min","158.571","μmol/L","Humid","20.922","deg","90804","µV","35.976","°C","1019.000","hPa","37.0","pmil","0","55.500","deg","20.000","°C","100.000","%a.s.","22.500","deg","20.000","°C","1013.000","hPa","0.861","-0.02056","0.00035","-0.00011","0","14.7","Humid","26.25","0","52.00","345975.73","SABD0000000001","AAV1.0.0.11","2.0.0.28","PSt7-10","000000-000","10/20/2017 9:36:39 AM","0000-00","0","no battery","V"
"10/20/2017","11:57:08","5","default","957498349","OXY5","47.502","min","158.511","μmol/L","Humid","20.920","deg","90808","µV","35.990","°C","1019.000","hPa","37.0","pmil","0","55.500","deg","20.000","°C","100.000","%a.s.","22.500","deg","20.000","°C","1013.000","hPa","0.861","-0.02056","0.00035","-0.00011","0","14.7","Humid","26.25","0","52.00","345979.61","SABD0000000001","AAV1.0.0.11","2.0.0.28","PSt7-10","000000-000","10/20/2017 9:36:39 AM","0000-00","0","no battery","V"
"10/20/2017","11:57:09","5","default","957498349","OXY5","47.518","min","158.557","μmol/L","Humid","20.920","deg","90760","µV","35.983","°C","1019.000","hPa","37.0","pmil","0","55.500","deg","20.000","°C","100.000","%a.s.","22.500","deg","20.000","°C","1013.000","hPa","0.861","-0.02056","0.00035","-0.00011","0","14.7","Humid","26.25","0","52.00","345970.11","SABD0000000001","AAV1.0.0.11","2.0.0.28","PSt7-10","000000-000","10/20/2017 9:36:39 AM","0000-00","0","no battery","V"
"10/20/2017","11:57:10","5","default","957498349","OXY5","47.535","min","158.522","μmol/L","Humid","20.923","deg","90768","µV","35.981","°C","1019.000","hPa","37.0","pmil","0","55.500","deg","20.000","°C","100.000","%a.s.","22.500","deg","20.000","°C","1013.000","hPa","0.861","-0.02056","0.00035","-0.00011","0","14.7","Humid","26.25","0","52.00","345978.55","SABD0000000001","AAV1.0.0.11","2.0.0.28","PSt7-10","000000-000","10/20/2017 9:36:39 AM","0000-00","0","no battery","V"
"10/20/2017","11:57:11","5","default","957498349","OXY5","47.552","min","158.535","μmol/L","Humid","20.919","deg","90874","µV","35.989","°C","1019.000","hPa","37.0","pmil","0","55.500","deg","20.000","°C","100.000","%a.s.","22.500","deg","20.000","°C","1013.000","hPa","0.861","-0.02056","0.00035","-0.00011","0","14.7","Humid","26.25","0","52.00","345963.39","SABD0000000001","AAV1.0.0.11","2.0.0.28","PSt7-10","000000-000","10/20/2017 9:36:39 AM","0000-00","0","no battery","V"
"10/20/2017","11:57:12","5","default","957498349","OXY5","47.568","min","158.495","μmol/L","Humid","20.923","deg","90896","µV","35.986","°C","1019.000","hPa","37.0","pmil","0","55.500","deg","20.000","°C","100.000","%a.s.","22.500","deg","20.000","°C","1013.000","hPa","0.861","-0.02056","0.00035","-0.00011","0","14.7","Humid","26.25","0","52.00","345959.08","SABD0000000001","AAV1.0.0.11","2.0.0.28","PSt7-10","000000-000","10/20/2017 9:36:39 AM","0000-00","0","no battery","V"
"10/20/2017","11:57:13","5","default","957498349","OXY5","47.585","min","158.544","μmol/L","Humid","20.919","deg","90914","µV","35.987","°C","1019.000","hPa","37.0","pmil","0","55.500","deg","20.000","°C","100.000","%a.s.","22.500","deg","20.000","°C","1013.000","hPa","0.861","-0.02056","0.00035","-0.00011","0","14.7","Humid","26.25","0","52.00","345971.36","SABD0000000001","AAV1.0.0.11","2.0.0.28","PSt7-10","000000-000","10/20/2017 9:36:39 AM","0000-00","0","no battery","V"
"10/20/2017","11:57:14","5","default","957498349","OXY5","47.602","min","158.484","μmol/L","Humid","20.921","deg","90937","µV","35.992","°C","1019.000","hPa","37.0","pmil","0","55.500","deg","20.000","°C","100.000","%a.s.","22.500","deg","20.000","°C","1013.000","hPa","0.861","-0.02056","0.00035","-0.00011","0","14.7","Humid","26.25","0","52.00","345955.82","SABD0000000001","AAV1.0.0.11","2.0.0.28","PSt7-10","000000-000","10/20/2017 9:36:39 AM","0000-00","0","no battery","V"
"10/20/2017","11:57:15","5","default","957498349","OXY5","47.618","min","158.552","μmol/L","Humid","20.915","deg","90969","µV","35.995","°C","1019.000","hPa","37.0","pmil","0","55.500","deg","20.000","°C","100.000","%a.s.","22.500","deg","20.000","°C","1013.000","hPa","0.861","-0.02056","0.00035","-0.00011","0","14.7","Humid","26.25","0","52.00","345957.30","SABD0000000001","AAV1.0.0.11","2.0.0.28","PSt7-10","000000-000","10/20/2017 9:36:39 AM","0000-00","0","no battery","V"
"10/20/2017","11:57:16","5","default","957498349","OXY5","47.635","min","158.567","μmol/L","Humid","20.922","deg","91016","µV","35.976","°C","1019.000","hPa","37.0","pmil","0","55.500","deg","20.000","°C","100.000","%a.s.","22.500","deg","20.000","°C","1013.000","hPa","0.861","-0.02056","0.00035","-0.00011","0","14.7","Humid","26.25","0","52.00","345960.23","SABD0000000001","AAV1.0.0.11","2.0.0.28","PSt7-10","000000-000","10/20/2017 9:36:39 AM","0000-00","0","no battery","V"
"10/20/2017","11:57:17","5","default","957498349","OXY5","47.652","min","158.609","μmol/L","Humid","20.920","deg","90271","µV","35.974","°C","1019.000","hPa","37.0","pmil","0","55.500","deg","20.000","°C","100.000","%a.s.","22.500","deg","20.000","°C","1013.000","hPa","0.861","-0.02056","0.00035","-0.00011","0","14.7","Humid","26.25","0","52.00","345960.80","SABD0000000001","AAV1.0.0.11","2.0.0.28","PSt7-10","000000-000","10/20/2017 9:36:39 AM","0000-00","0","no battery","V"
"10/20/2017","11:57:18","5","default","957498349","OXY5","47.668","min","158.600","μmol/L","Humid","20.919","deg","90708","µV","35.978","°C","1019.000","hPa","37.0","pmil","0","55.500","deg","20.000","°C","100.000","%a.s.","22.500","deg","20.000","°C","1013.000","hPa","0.861","-0.02056","0.00035","-0.00011","0","14.7","Humid","26.25","0","52.00","345968.07","SABD0000000001","AAV1.0.0.11","2.0.0.28","PSt7-10","000000-000","10/20/2017 9:36:39 AM","0000-00","0","no battery","V"
"10/20/2017","11:57:19","5","default","957498349","OXY5","47.685","min","158.399","μmol/L","Humid","20.922","deg","90747","µV","36.004","°C","1019.000","hPa","37.0","pmil","0","55.500","deg","20.000","°C","100.000","%a.s.","22.500","deg","20.000","°C","1013.000","hPa","0.861","-0.02056","0.00035","-0.00011","0","14.7","Humid","26.25","0","52.00","345960.15","SABD0000000001","AAV1.0.0.11","2.0.0.28","PSt7-10","000000-000","10/20/2017 9:36:39 AM","0000-00","0","no battery","V"
"10/20/2017","11:57:20","5","default","957498349","OXY5","47.702","min","158.461","μmol/L","Humid","20.920","deg","90762","µV","35.999","°C","1019.000","hPa","37.0","pmil","0","55.500","deg","20.000","°C","100.000","%a.s.","22.500","deg","20.000","°C","1013.000","hPa","0.861","-0.02056","0.00035","-0.00011","0","14.7","Humid","26.25","0","52.00","345949.91","SABD0000000001","AAV1.0.0.11","2.0.0.28","PSt7-10","000000-000","10/20/2017 9:36:39 AM","0000-00","0","no battery","V"
"10/20/2017","11:57:21","5","default","957498349","OXY5","47.718","min","158.466","μmol/L","Humid","20.918","deg","90798","µV","36.003","°C","1019.000","hPa","37.0","pmil","0","55.500","deg","20.000","°C","100.000","%a.s.","22.500","deg","20.000","°C","1013.000","hPa","0.861","-0.02056","0.00035","-0.00011","0","14.7","Humid","26.25","0","52.00","345952.87","SABD0000000001","AAV1.0.0.11","2.0.0.28","PSt7-10","000000-000","10/20/2017 9:36:39 AM","0000-00","0","no battery","V"
"10/20/2017","11:57:22","5","default","957498349","OXY5","47.735","min","158.436","μmol/L","Humid","20.919","deg","90832","µV","36.005","°C","1019.000","hPa","37.0","pmil","0","55.500","deg","20.000","°C","100.000","%a.s.","22.500","deg","20.000","°C","1013.000","hPa","0.861","-0.02056","0.00035","-0.00011","0","14.7","Humid","26.25","0","52.00","345959.56","SABD0000000001","AAV1.0.0.11","2.0.0.28","PSt7-10","000000-000","10/20/2017 9:36:39 AM","0000-00","0","no battery","V"
"10/20/2017","11:57:23","5","default","957498349","OXY5","47.752","min","158.560","μmol/L","Humid","20.919","deg","90851","µV","35.985","°C","1019.000","hPa","37.0","pmil","0","55.500","deg","20.000","°C","100.000","%a.s.","22.500","deg","20.000","°C","1013.000","hPa","0.861","-0.02056","0.00035","-0.00011","0","14.7","Humid","26.25","0","52.00","345940.23","SABD0000000001","AAV1.0.0.11","2.0.0.28","PSt7-10","000000-000","10/20/2017 9:36:39 AM","0000-00","0","no battery","V"
"10/20/2017","11:57:24","5","default","957498349","OXY5","47.768","min","158.544","μmol/L","Humid","20.920","deg","90856","µV","35.985","°C","1019.000","hPa","37.0","pmil","0","55.500","deg","20.000","°C","100.000","%a.s.","22.500","deg","20.000","°C","1013.000","hPa","0.861","-0.02056","0.00035","-0.00011","0","14.7","Humid","26.25","0","52.00","345942.60","SABD0000000001","AAV1.0.0.11","2.0.0.28","PSt7-10","000000-000","10/20/2017 9:36:39 AM","0000-00","0","no battery","V"
"10/20/2017","11:57:25","5","default","957498349","OXY5","47.785","min","158.421","μmol/L","Humid","20.921","deg","90803","µV","36.003","°C","1019.000","hPa","37.0","pmil","0","55.500","deg","20.000","°C","100.000","%a.s.","22.500","deg","20.000","°C","1013.000","hPa","0.861","-0.02056","0.00035","-0.00011","0","14.7","Humid","26.25","0","52.00","345946.59","SABD0000000001","AAV1.0.0.11","2.0.0.28","PSt7-10","000000-000","10/20/2017 9:36:39 AM","0000-00","0","no battery","V"
"10/20/2017","11:57:26","5","default","957498349","OXY5","47.802","min","158.554","μmol/L","Humid","20.915","deg","90688","µV","35.995","°C","1019.000","hPa","37.0","pmil","0","55.500","deg","20.000","°C","100.000","%a.s.","22.500","deg","20.000","°C","1013.000","hPa","0.861","-0.02056","0.00035","-0.00011","0","14.7","Humid","26.25","0","52.00","345949.36","SABD0000000001","AAV1.0.0.11","2.0.0.28","PSt7-10","000000-000","10/20/2017 9:36:39 AM","0000-00","0","no battery","V"
"10/20/2017","11:57:27","5","default","957498349","OXY5","47.818","min","158.556","μmol/L","Humid","20.919","deg","90112","µV","35.985","°C","1019.000","hPa","37.0","pmil","0","55.500","deg","20.000","°C","100.000","%a.s.","22.500","deg","20.000","°C","1013.000","hPa","0.861","-0.02056","0.00035","-0.00011","0","14.7","Humid","26.25","0","52.00","345944.41","SABD0000000001","AAV1.0.0.11","2.0.0.28","PSt7-10","000000-000","10/20/2017 9:36:39 AM","0000-00","0","no battery","V"
"10/20/2017","11:57:28","5","default","957498349","OXY5","47.835","min","158.504","μmol/L","Humid","20.921","deg","90412","µV","35.989","°C","1019.000","hPa","37.0","pmil","0","55.500","deg","20.000","°C","100.000","%a.s.","22.500","deg","20.000","°C","1013.000","hPa","0.861","-0.02056","0.00035","-0.00011","0","14.7","Humid","26.25","0","52.00","345950.38","SABD0000000001","AAV1.0.0.11","2.0.0.28","PSt7-10","000000-000","10/20/2017 9:36:39 AM","0000-00","0","no battery","V"
"10/20/2017","11:57:29","5","default","957498349","OXY5","47.852","min","158.413","μmol/L","Humid","20.919","deg","90648","µV","36.009","°C","1019.000","hPa","37.0","pmil","0","55.500","deg","20.000","°C","100.000","%a.s.","22.500","deg","20.000","°C","1013.000","hPa","0.861","-0.02056","0.00035","-0.00011","0","14.7","Humid","26.25","0","52.00","345935.47","SABD0000000001","AAV1.0.0.11","2.0.0.28","PSt7-10","000000-000","10/20/2017 9:36:39 AM","0000-00","0","no battery","V"
"10/20/2017","11:57:30","5","default","957498349","OXY5","47.868","min","158.500","μmol/L","Humid","20.917","deg","91130","µV","35.999","°C","1019.000","hPa","37.0","pmil","0","55.500","deg","20.000","°C","100.000","%a.s.","22.500","deg","20.000","°C","1013.000","hPa","0.861","-0.02056","0.00035","-0.00011","0","14.7","Humid","26.25","0","52.00","345939.82","SABD0000000001","AAV1.0.0.11","2.0.0.28","PSt7-10","000000-000","10/20/2017 9:36:39 AM","0000-00","0","no battery","V"
"10/20/2017","11:57:31","5","default","957498349","OXY5","47.885","min","158.559","μmol/L","Humid","20.916","deg","91059","µV","35.992","°C","1019.000","hPa","37.0","pmil","0","55.500","deg","20.000","°C","100.000","%a.s.","22.500","deg","20.000","°C","1013.000","hPa","0.861","-0.02056","0.00035","-0.00011","0","14.7","Humid","26.25","0","52.00","345945.92","SABD0000000001","AAV1.0.0.11","2.0.0.28","PSt7-10","000000-000","10/20/2017 9:36:39 AM","0000-00","0","no battery","V"
"10/20/2017","11:57:32","5","default","957498349","OXY5","47.902","min","158.510","μmol/L","Humid","20.920","deg","91188","µV","35.991","°C","1019.000","hPa","37.0","pmil","0","55.500","deg","20.000","°C","100.000","%a.s.","22.500","deg","20.000","°C","1013.000","hPa","0.861","-0.02056","0.00035","-0.00011","0","14.7","Humid","26.25","0","52.00","345941.32","SABD0000000001","AAV1.0.0.11","2.0.0.28","PSt7-10","000000-000","10/20/2017 9:36:39 AM","0000-00","0","no battery","V"
"10/20/2017","11:57:33","5","default","957498349","OXY5","47.918","min","158.455","μmol/L","Humid","20.922","deg","91182","µV","35.995","°C","1019.000","hPa","37.0","pmil","0","55.500","deg","20.000","°C","100.000","%a.s.","22.500","deg","20.000","°C","1013.000","hPa","0.861","-0.02056","0.00035","-0.00011","0","14.7","Humid","26.25","0","52.00","345948.28","SABD0000000001","AAV1.0.0.11","2.0.0.28","PSt7-10","000000-000","10/20/2017 9:36:39 AM","0000-00","0","no battery","V"
"10/20/2017","11:57:34","5","default","957498349","OXY5","47.935","min","158.512","μmol/L","Humid","20.920","deg","91188","µV","35.990","°C","1019.000","hPa","37.0","pmil","0","55.500","deg","20.000","°C","100.000","%a.s.","22.500","deg","20.000","°C","1013.000","hPa","0.861","-0.02056","0.00035","-0.00011","0","14.7","Humid","26.25","0","52.00","345937.32","SABD0000000001","AAV1.0.0.11","2.0.0.28","PSt7-10","000000-000","10/20/2017 9:36:39 AM","0000-00","0","no battery","V"
"10/20/2017","11:57:35","5","default","957498349","OXY5","47.952","min","158.491","μmol/L","Humid","20.918","deg","91183","µV","35.998","°C","1019.000","hPa","37.0","pmil","0","55.500","deg","20.000","°C","100.000","%a.s.","22.500","deg","20.000","°C","1013.000","hPa","0.861","-0.02056","0.00035","-0.00011","0","14.7","Humid","26.25","0","52.00","345942.42","SABD0000000001","AAV1.0.0.11","2.0.0.28","PSt7-10","000000-000","10/20/2017 9:36:39 AM","0000-00","0","no battery","V"
"10/20/2017","11:57:36","5","default","957498349","OXY5","47.968","min","158.593","μmol/L","Humid","20.921","deg","91180","µV","35.974","°C","1019.000","hPa","37.0","pmil","0","55.500","deg","20.000","°C","100.000","%a.s.","22.500","deg","20.000","°C","1013.000","hPa","0.861","-0.02056","0.00035","-0.00011","0","14.7","Humid","26.25","0","52.00","345929.90","SABD0000000001","AAV1.0.0.11","2.0.0.28","PSt7-10","000000-000","10/20/2017 9:36:39 AM","0000-00","0","no battery","V"
"10/20/2017","11:57:37","5","default","957498349","OXY5","47.985","min","158.533","μmol/L","Humid","20.923","deg","91180","µV","35.980","°C","1019.000","hPa","37.0","pmil","0","55.500","deg","20.000","°C","100.000","%a.s.","22.500","deg","20.000","°C","1013.000","hPa","0.861","-0.02056","0.00035","-0.00011","0","14.7","Humid","26.25","0","52.00","345940.19","SABD0000000001","AAV1.0.0.11","2.0.0.28","PSt7-10","000000-000","10/20/2017 9:36:39 AM","0000-00","0","no battery","V"
"10/20/2017","11:57:38","5","default","957498349","OXY5","48.002","min","158.579","μmol/L","Humid","20.920","deg","91168","µV","35.979","°C","1019.000","hPa","37.0","pmil","0","55.500","deg","20.000","°C","100.000","%a.s.","22.500","deg","20.000","°C","1013.000","hPa","0.861","-0.02056","0.00035","-0.00011","0","14.7","Humid","26.25","0","52.00","345928.59","SABD0000000001","AAV1.0.0.11","2.0.0.28","PSt7-10","000000-000","10/20/2017 9:36:39 AM","0000-00","0","no battery","V"
"10/20/2017","11:57:39","5","default","957498349","OXY5","48.018","min","158.459","μmol/L","Humid","20.919","deg","91173","µV","36.001","°C","1019.000","hPa","37.0","pmil","0","55.500","deg","20.000","°C","100.000","%a.s.","22.500","deg","20.000","°C","1013.000","hPa","0.861","-0.02056","0.00035","-0.00011","0","14.7","Humid","26.25","0","52.00","345935.94","SABD0000000001","AAV1.0.0.11","2.0.0.28","PSt7-10","000000-000","10/20/2017 9:36:39 AM","0000-00","0","no battery","V"
"10/20/2017","11:57:40","5","default","957498349","OXY5","48.035","min","158.328","μmol/L","Humid","20.924","deg","91173","µV","36.011","°C","1019.000","hPa","37.0","pmil","0","55.500","deg","20.000","°C","100.000","%a.s.","22.500","deg","20.000","°C","1013.000","hPa","0.861","-0.02056","0.00035","-0.00011","0","14.7","Humid","26.25","0","52.00","345947.79","SABD0000000001","AAV1.0.0.11","2.0.0.28","PSt7-10","000000-000","10/20/2017 9:36:39 AM","0000-00","0","no battery","V"
"10/20/2017","11:57:41","5","default","957498349","OXY5","48.052","min","158.483","μmol/L","Humid","20.922","deg","91174","µV","35.990","°C","1019.000","hPa","37.0","pmil","0","55.500","deg","20.000","°C","100.000","%a.s.","22.500","deg","20.000","°C","1013.000","hPa","0.861","-0.02056","0.00035","-0.00011","0","14.7","Humid","26.25","0","52.00","345936.20","SABD0000000001","AAV1.0.0.11","2.0.0.28","PSt7-10","000000-000","10/20/2017 9:36:39 AM","0000-00","0","no battery","V"
"10/20/2017","11:57:42","5","default","957498349","OXY5","48.068","min","158.512","μmol/L","Humid","20.916","deg","91169","µV","36.000","°C","1019.000","hPa","37.0","pmil","0","55.500","deg","20.000","°C","100.000","%a.s.","22.500","deg","20.000","°C","1013.000","hPa","0.861","-0.02056","0.00035","-0.00011","0","14.7","Humid","26.25","0","52.00","345931.58","SABD0000000001","AAV1.0.0.11","2.0.0.28","PSt7-10","000000-000","10/20/2017 9:36:39 AM","0000-00","0","no battery","V"
"10/20/2017","11:57:43","5","default","957498349","OXY5","48.085","min","158.476","μmol/L","Humid","20.919","deg","91173","µV","35.999","°C","1019.000","hPa","37.0","pmil","0","55.500","deg","20.000","°C","100.000","%a.s.","22.500","deg","20.000","°C","1013.000","hPa","0.861","-0.02056","0.00035","-0.00011","0","14.7","Humid","26.25","0","52.00","345929.92","SABD0000000001","AAV1.0.0.11","2.0.0.28","PSt7-10","000000-000","10/20/2017 9:36:39 AM","0000-00","0","no battery","V"
"10/20/2017","11:57:44","5","default","957498349","OXY5","48.102","min","158.491","μmol/L","Humid","20.919","deg","91167","µV","35.996","°C","1019.000","hPa","37.0","pmil","0","55.500","deg","20.000","°C","100.000","%a.s.","22.500","deg","20.000","°C","1013.000","hPa","0.861","-0.02056","0.00035","-0.00011","0","14.7","Humid","26.25","0","52.00","345923.54","SABD0000000001","AAV1.0.0.11","2.0.0.28","PSt7-10","000000-000","10/20/2017 9:36:39 AM","0000-00","0","no battery","V"
"10/20/2017","11:57:45","5","default","957498349","OXY5","48.118","min","158.578","μmol/L","Humid","20.917","deg","91160","µV","35.986","°C","1019.000","hPa","37.0","pmil","0","55.500","deg","20.000","°C","100.000","%a.s.","22.500","deg","20.000","°C","1013.000","hPa","0.861","-0.02056","0.00035","-0.00011","0","14.7","Humid","26.25","0","52.00","345922.18","SABD0000000001","AAV1.0.0.11","2.0.0.28","PSt7-10","000000-000","10/20/2017 9:36:39 AM","0000-00","0","no battery","V"
"10/20/2017","11:57:46","5","default","957498349","OXY5","48.135","min","158.545","μmol/L","Humid","20.918","deg","91163","µV","35.990","°C","1019.000","hPa","37.0","pmil","0","55.500","deg","20.000","°C","100.000","%a.s.","22.500","deg","20.000","°C","1013.000","hPa","0.861","-0.02056","0.00035","-0.00011","0","14.7","Humid","26.25","0","52.00","345930.21","SABD0000000001","AAV1.0.0.11","2.0.0.28","PSt7-10","000000-000","10/20/2017 9:36:39 AM","0000-00","0","no battery","V"
"10/20/2017","11:57:47","5","default","957498349","OXY5","48.152","min","158.496","μmol/L","Humid","20.920","deg","91162","µV","35.993","°C","1019.000","hPa","37.0","pmil","0","55.500","deg","20.000","°C","100.000","%a.s.","22.500","deg","20.000","°C","1013.000","hPa","0.861","-0.02056","0.00035","-0.00011","0","14.7","Humid","26.25","0","52.00","345915.70","SABD0000000001","AAV1.0.0.11","2.0.0.28","PSt7-10","000000-000","10/20/2017 9:36:39 AM","0000-00","0","no battery","V"
"10/20/2017","11:57:48","5","default","957498349","OXY5","48.168","min","158.303","μmol/L","Humid","20.922","deg","91161","µV","36.020","°C","1019.000","hPa","37.0","pmil","0","55.500","deg","20.000","°C","100.000","%a.s.","22.500","deg","20.000","°C","1013.000","hPa","0.861","-0.02056","0.00035","-0.00011","0","14.7","Humid","26.25","0","52.00","345919.46","SABD0000000001","AAV1.0.0.11","2.0.0.28","PSt7-10","000000-000","10/20/2017 9:36:39 AM","0000-00","0","no battery","V"
"10/20/2017","11:57:49","5","default","957498349","OXY5","48.185","min","158.456","μmol/L","Humid","20.916","deg","91154","µV","36.009","°C","1019.000","hPa","37.0","pmil","0","55.500","deg","20.000","°C","100.000","%a.s.","22.500","deg","20.000","°C","1013.000","hPa","0.861","-0.02056","0.00035","-0.00011","0","14.7","Humid","26.25","0","52.00","345918.14","SABD0000000001","AAV1.0.0.11","2.0.0.28","PSt7-10","000000-000","10/20/2017 9:36:39 AM","0000-00","0","no battery","V"
"10/20/2017","11:57:50","5","default","957498349","OXY5","48.202","min","158.423","μmol/L","Humid","20.920","deg","91158","µV","36.005","°C","1019.000","hPa","37.0","pmil","0","55.500","deg","20.000","°C","100.000","%a.s.","22.500","deg","20.000","°C","1013.000","hPa","0.861","-0.02056","0.00035","-0.00011","0","14.7","Humid","26.25","0","52.00","345923.52","SABD0000000001","AAV1.0.0.11","2.0.0.28","PSt7-10","000000-000","10/20/2017 9:36:39 AM","0000-00","0","no battery","V"
"10/20/2017","11:57:51","5","default","957498349","OXY5","48.218","min","158.536","μmol/L","Humid","20.920","deg","91152","µV","35.986","°C","1019.000","hPa","37.0","pmil","0","55.500","deg","20.000","°C","100.000","%a.s.","22.500","deg","20.000","°C","1013.000","hPa","0.861","-0.02056","0.00035","-0.00011","0","14.7","Humid","26.25","0","52.00","345933.70","SABD0000000001","AAV1.0.0.11","2.0.0.28","PSt7-10","000000-000","10/20/2017 9:36:39 AM","0000-00","0","no battery","V"
"10/20/2017","11:57:52","5","default","957498349","OXY5","48.235","min","158.436","μmol/L","Humid","20.921","deg","91148","µV","36.001","°C","1019.000","hPa","37.0","pmil","0","55.500","deg","20.000","°C","100.000","%a.s.","22.500","deg","20.000","°C","1013.000","hPa","0.861","-0.02056","0.00035","-0.00011","0","14.7","Humid","26.25","0","52.00","345919.26","SABD0000000001","AAV1.0.0.11","2.0.0.28","PSt7-10","000000-000","10/20/2017 9:36:39 AM","0000-00","0","no battery","V"
"10/20/2017","11:57:53","5","default","957498349","OXY5","48.252","min","158.429","μmol/L","Humid","20.923","deg","91150","µV","35.997","°C","1019.000","hPa","37.0","pmil","0","55.500","deg","20.000","°C","100.000","%a.s.","22.500","deg","20.000","°C","1013.000","hPa","0.861","-0.02056","0.00035","-0.00011","0","14.7","Humid","26.25","0","52.00","345930.82","SABD0000000001","AAV1.0.0.11","2.0.0.28","PSt7-10","000000-000","10/20/2017 9:36:39 AM","0000-00","0","no battery","V"
"10/20/2017","11:57:54","5","default","957498349","OXY5","48.268","min","158.515","μmol/L","Humid","20.921","deg","91152","µV","35.987","°C","1019.000","hPa","37.0","pmil","0","55.500","deg","20.000","°C","100.000","%a.s.","22.500","deg","20.000","°C","1013.000","hPa","0.861","-0.02056","0.00035","-0.00011","0","14.7","Humid","26.25","0","52.00","345914.03","SABD0000000001","AAV1.0.0.11","2.0.0.28","PSt7-10","000000-000","10/20/2017 9:36:39 AM","0000-00","0","no battery","V"
"10/20/2017","11:57:55","5","default","957498349","OXY5","48.285","min","158.455","μmol/L","Humid","20.923","deg","91152","µV","35.993","°C","1019.000","hPa","37.0","pmil","0","55.500","deg","20.000","°C","100.000","%a.s.","22.500","deg","20.000","°C","1013.000","hPa","0.861","-0.02056","0.00035","-0.00011","0","14.7","Humid","26.25","0","52.00","345933.81","SABD0000000001","AAV1.0.0.11","2.0.0.28","PSt7-10","000000-000","10/20/2017 9:36:39 AM","0000-00","0","no battery","V"
"10/20/2017","11:57:56","5","default","957498349","OXY5","48.302","min","158.601","μmol/L","Humid","20.917","deg","91140","µV","35.983","°C","1019.000","hPa","37.0","pmil","0","55.500","deg","20.000","°C","100.000","%a.s.","22.500","deg","20.000","°C","1013.000","hPa","0.861","-0.02056","0.00035","-0.00011","0","14.7","Humid","26.25","0","52.00","345916.54","SABD0000000001","AAV1.0.0.11","2.0.0.28","PSt7-10","000000-000","10/20/2017 9:36:39 AM","0000-00","0","no battery","V"
"10/20/2017","11:57:57","5","default","957498349","OXY5","48.318","min","158.381","μmol/L","Humid","20.921","deg","91142","µV","36.010","°C","1019.000","hPa","37.0","pmil","0","55.500","deg","20.000","°C","100.000","%a.s.","22.500","deg","20.000","°C","1013.000","hPa","0.861","-0.02056","0.00035","-0.00011","0","14.7","Humid","26.25","0","52.00","345913.03","SABD0000000001","AAV1.0.0.11","2.0.0.28","PSt7-10","000000-000","10/20/2017 9:36:39 AM","0000-00","0","no battery","V"
"10/20/2017","11:57:58","5","default","957498349","OXY5","48.334","min","158.421","μmol/L","Humid","20.918","deg","91142","µV","36.010","°C","1019.000","hPa","37.0","pmil","0","55.500","deg","20.000","°C","100.000","%a.s.","22.500","deg","20.000","°C","1013.000","hPa","0.861","-0.02056","0.00035","-0.00011","0","14.7","Humid","26.25","0","52.00","345911.80","SABD0000000001","AAV1.0.0.11","2.0.0.28","PSt7-10","000000-000","10/20/2017 9:36:39 AM","0000-00","0","no battery","V"
"10/20/2017","11:57:59","5","default","957498349","OXY5","48.351","min","158.461","μmol/L","Humid","20.920","deg","91143","µV","35.999","°C","1019.000","hPa","37.0","pmil","0","55.500","deg","20.000","°C","100.000","%a.s.","22.500","deg","20.000","°C","1013.000","hPa","0.861","-0.02056","0.00035","-0.00011","0","14.7","Humid","26.25","0","52.00","345928.24","SABD0000000001","AAV1.0.0.11","2.0.0.28","PSt7-10","000000-000","10/20/2017 9:36:39 AM","0000-00","0","no battery","V"
"10/20/2017","11:58:00","5","default","957498349","OXY5","48.368","min","158.414","μmol/L","Humid","20.921","deg","91145","µV","36.004","°C","1019.000","hPa","37.0","pmil","0","55.500","deg","20.000","°C","100.000","%a.s.","22.500","deg","20.000","°C","1013.000","hPa","0.861","-0.02056","0.00035","-0.00011","0","14.7","Humid","26.25","0","52.00","345909.81","SABD0000000001","AAV1.0.0.11","2.0.0.28","PSt7-10","000000-000","10/20/2017 9:36:39 AM","0000-00","0","no battery","V"
"10/20/2017","11:58:01","5","default","957498349","OXY5","48.384","min","158.447","μmol/L","Humid","20.919","deg","91134","µV","36.003","°C","1019.000","hPa","37.0","pmil","0","55.500","deg","20.000","°C","100.000","%a.s.","22.500","deg","20.000","°C","1013.000","hPa","0.861","-0.02056","0.00035","-0.00011","0","14.7","Humid","26.25","0","52.00","345919.92","SABD0000000001","AAV1.0.0.11","2.0.0.28","PSt7-10","000000-000","10/20/2017 9:36:39 AM","0000-00","0","no battery","V"
"10/20/2017","11:58:02","5","default","957498349","OXY5","48.401","min","158.469","μmol/L","Humid","20.918","deg","91135","µV","36.002","°C","1019.000","hPa","37.0","pmil","0","55.500","deg","20.000","°C","100.000","%a.s.","22.500","deg","20.000","°C","1013.000","hPa","0.861","-0.02056","0.00035","-0.00011","0","14.7","Humid","26.25","0","52.00","345914.66","SABD0000000001","AAV1.0.0.11","2.0.0.28","PSt7-10","000000-000","10/20/2017 9:36:39 AM","0000-00","0","no battery","V"
"10/20/2017","11:58:03","5","default","957498349","OXY5","48.418","min","158.474","μmol/L","Humid","20.918","deg","91132","µV","36.001","°C","1019.000","hPa","37.0","pmil","0","55.500","deg","20.000","°C","100.000","%a.s.","22.500","deg","20.000","°C","1013.000","hPa","0.861","-0.02056","0.00035","-0.00011","0","14.7","Humid","26.25","0","52.00","345922.54","SABD0000000001","AAV1.0.0.11","2.0.0.28","PSt7-10","000000-000","10/20/2017 9:36:39 AM","0000-00","0","no battery","V"
"10/20/2017","11:58:04","5","default","957498349","OXY5","48.434","min","158.598","μmol/L","Humid","20.914","deg","91134","µV","35.990","°C","1019.000","hPa","37.0","pmil","0","55.500","deg","20.000","°C","100.000","%a.s.","22.500","deg","20.000","°C","1013.000","hPa","0.861","-0.02056","0.00035","-0.00011","0","14.7","Humid","26.25","0","52.00","345917.87","SABD0000000001","AAV1.0.0.11","2.0.0.28","PSt7-10","000000-000","10/20/2017 9:36:39 AM","0000-00","0","no battery","V"
"10/20/2017","11:58:05","5","default","957498349","OXY5","48.451","min","158.616","μmol/L","Humid","20.916","deg","91135","µV","35.983","°C","1019.000","hPa","37.0","pmil","0","55.500","deg","20.000","°C","100.000","%a.s.","22.500","deg","20.000","°C","1013.000","hPa","0.861","-0.02056","0.00035","-0.00011","0","14.7","Humid","26.25","0","52.00","345916.56","SABD0000000001","AAV1.0.0.11","2.0.0.28","PSt7-10","000000-000","10/20/2017 9:36:39 AM","0000-00","0","no battery","V"
"10/20/2017","11:58:06","5","default","957498349","OXY5","48.468","min","158.583","μmol/L","Humid","20.919","deg","91135","µV","35.981","°C","1019.000","hPa","37.0","pmil","0","55.500","deg","20.000","°C","100.000","%a.s.","22.500","deg","20.000","°C","1013.000","hPa","0.861","-0.02056","0.00035","-0.00011","0","14.7","Humid","26.25","0","52.00","345916.35","SABD0000000001","AAV1.0.0.11","2.0.0.28","PSt7-10","000000-000","10/20/2017 9:36:39 AM","0000-00","0","no battery","V"
"10/20/2017","11:58:07","5","default","957498349","OXY5","48.484","min","158.496","μmol/L","Humid","20.921","deg","91130","µV","35.991","°C","1019.000","hPa","37.0","pmil","0","55.500","deg","20.000","°C","100.000","%a.s.","22.500","deg","20.000","°C","1013.000","hPa","0.861","-0.02056","0.00035","-0.00011","0","14.7","Humid","26.25","0","52.00","345906.87","SABD0000000001","AAV1.0.0.11","2.0.0.28","PSt7-10","000000-000","10/20/2017 9:36:39 AM","0000-00","0","no battery","V"
"10/20/2017","11:58:08","5","default","957498349","OXY5","48.501","min","158.387","μmol/L","Humid","20.920","deg","91122","µV","36.011","°C","1019.000","hPa","37.0","pmil","0","55.500","deg","20.000","°C","100.000","%a.s.","22.500","deg","20.000","°C","1013.000","hPa","0.861","-0.02056","0.00035","-0.00011","0","14.7","Humid","26.25","0","52.00","345907.38","SABD0000000001","AAV1.0.0.11","2.0.0.28","PSt7-10","000000-000","10/20/2017 9:36:39 AM","0000-00","0","no battery","V"
"10/20/2017","11:58:09","5","default","957498349","OXY5","48.518","min","158.436","μmol/L","Humid","20.919","deg","91122","µV","36.005","°C","1019.000","hPa","37.0","pmil","0","55.500","deg","20.000","°C","100.000","%a.s.","22.500","deg","20.000","°C","1013.000","hPa","0.861","-0.02056","0.00035","-0.00011","0","14.7","Humid","26.25","0","52.00","345902.18","SABD0000000001","AAV1.0.0.11","2.0.0.28","PSt7-10","000000-000","10/20/2017 9:36:39 AM","0000-00","0","no battery","V"
"10/20/2017","11:58:10","5","default","957498349","OXY5","48.534","min","158.484","μmol/L","Humid","20.921","deg","91128","µV","35.993","°C","1019.000","hPa","37.0","pmil","0","55.500","deg","20.000","°C","100.000","%a.s.","22.500","deg","20.000","°C","1013.000","hPa","0.861","-0.02056","0.00035","-0.00011","0","14.7","Humid","26.25","0","52.00","345890.01","SABD0000000001","AAV1.0.0.11","2.0.0.28","PSt7-10","000000-000","10/20/2017 9:36:39 AM","0000-00","0","no battery","V"
"10/20/2017","11:58:11","5","default","957498349","OXY5","48.551","min","158.534","μmol/L","Humid","20.918","deg","91121","µV","35.991","°C","1019.000","hPa","37.0","pmil","0","55.500","deg","20.000","°C","100.000","%a.s.","22.500","deg","20.000","°C","1013.000","hPa","0.861","-0.02056","0.00035","-0.00011","0","14.7","Humid","26.25","0","52.00","345893.11","SABD0000000001","AAV1.0.0.11","2.0.0.28","PSt7-10","000000-000","10/20/2017 9:36:39 AM","0000-00","0","no battery","V"
"10/20/2017","11:58:12","5","default","957498349","OXY5","48.568","min","158.483","μmol/L","Humid","20.920","deg","91118","µV","35.995","°C","1019.000","hPa","37.0","pmil","0","55.500","deg","20.000","°C","100.000","%a.s.","22.500","deg","20.000","°C","1013.000","hPa","0.861","-0.02056","0.00035","-0.00011","0","14.7","Humid","26.25","0","52.00","345901.74","SABD0000000001","AAV1.0.0.11","2.0.0.28","PSt7-10","000000-000","10/20/2017 9:36:39 AM","0000-00","0","no battery","V"
"10/20/2017","11:58:13","5","default","957498349","OXY5","48.584","min","158.521","μmol/L","Humid","20.919","deg","91120","µV","35.991","°C","1019.000","hPa","37.0","pmil","0","55.500","deg","20.000","°C","100.000","%a.s.","22.500","deg","20.000","°C","1013.000","hPa","0.861","-0.02056","0.00035","-0.00011","0","14.7","Humid","26.25","0","52.00","345898.70","SABD0000000001","AAV1.0.0.11","2.0.0.28","PSt7-10","000000-000","10/20/2017 9:36:39 AM","0000-00","0","no battery","V"
"10/20/2017","11:58:14","5","default","957498349","OXY5","48.601","min","158.449","μmol/L","Humid","20.922","deg","91123","µV","35.996","°C","1019.000","hPa","37.0","pmil","0","55.500","deg","20.000","°C","100.000","%a.s.","22.500","deg","20.000","°C","1013.000","hPa","0.861","-0.02056","0.00035","-0.00011","0","14.7","Humid","26.25","0","52.00","345897.81","SABD0000000001","AAV1.0.0.11","2.0.0.28","PSt7-10","000000-000","10/20/2017 9:36:39 AM","0000-00","0","no battery","V"
"10/20/2017","11:58:15","5","default","957498349","OXY5","48.618","min","158.544","μmol/L","Humid","20.920","deg","91116","µV","35.985","°C","1019.000","hPa","37.0","pmil","0","55.500","deg","20.000","°C","100.000","%a.s.","22.500","deg","20.000","°C","1013.000","hPa","0.861","-0.02056","0.00035","-0.00011","0","14.7","Humid","26.25","0","52.00","345895.13","SABD0000000001","AAV1.0.0.11","2.0.0.28","PSt7-10","000000-000","10/20/2017 9:36:39 AM","0000-00","0","no battery","V"
"10/20/2017","11:58:16","5","default","957498349","OXY5","48.634","min","158.400","μmol/L","Humid","20.922","deg","91111","µV","36.004","°C","1019.000","hPa","37.0","pmil","0","55.500","deg","20.000","°C","100.000","%a.s.","22.500","deg","20.000","°C","1013.000","hPa","0.861","-0.02056","0.00035","-0.00011","0","14.7","Humid","26.25","0","52.00","345898.13","SABD0000000001","AAV1.0.0.11","2.0.0.28","PSt7-10","000000-000","10/20/2017 9:36:39 AM","0000-00","0","no battery","V"
"10/20/2017","11:58:17","5","default","957498349","OXY5","48.651","min","158.402","μmol/L","Humid","20.923","deg","91118","µV","36.001","°C","1019.000","hPa","37.0","pmil","0","55.500","deg","20.000","°C","100.000","%a.s.","22.500","deg","20.000","°C","1013.000","hPa","0.861","-0.02056","0.00035","-0.00011","0","14.7","Humid","26.25","0","52.00","345896.26","SABD0000000001","AAV1.0.0.11","2.0.0.28","PSt7-10","000000-000","10/20/2017 9:36:39 AM","0000-00","0","no battery","V"
"10/20/2017","11:58:18","5","default","957498349","OXY5","48.668","min","158.457","μmol/L","Humid","20.917","deg","91113","µV","36.007","°C","1019.000","hPa","37.0","pmil","0","55.500","deg","20.000","°C","100.000","%a.s.","22.500","deg","20.000","°C","1013.000","hPa","0.861","-0.02056","0.00035","-0.00011","0","14.7","Humid","26.25","0","52.00","345884.73","SABD0000000001","AAV1.0.0.11","2.0.0.28","PSt7-10","000000-000","10/20/2017 9:36:39 AM","0000-00","0","no battery","V"
"10/20/2017","11:58:19","5","default","957498349","OXY5","48.684","min","158.457","μmol/L","Humid","20.917","deg","91115","µV","36.006","°C","1019.000","hPa","37.0","pmil","0","55.500","deg","20.000","°C","100.000","%a.s.","22.500","deg","20.000","°C","1013.000","hPa","0.861","-0.02056","0.00035","-0.00011","0","14.7","Humid","26.25","0","52.00","345887.02","SABD0000000001","AAV1.0.0.11","2.0.0.28","PSt7-10","000000-000","10/20/2017 9:36:39 AM","0000-00","0","no battery","V"
"10/20/2017","11:58:20","5","default","957498349","OXY5","48.701","min","158.456","μmol/L","Humid","20.918","deg","91112","µV","36.004","°C","1019.000","hPa","37.0","pmil","0","55.500","deg","20.000","°C","100.000","%a.s.","22.500","deg","20.000","°C","1013.000","hPa","0.861","-0.02056","0.00035","-0.00011","0","14.7","Humid","26.25","0","52.00","345896.45","SABD0000000001","AAV1.0.0.11","2.0.0.28","PSt7-10","000000-000","10/20/2017 9:36:39 AM","0000-00","0","no battery","V"
"10/20/2017","11:58:21","5","default","957498349","OXY5","48.718","min","158.441","μmol/L","Humid","20.921","deg","91103","µV","36.000","°C","1019.000","hPa","37.0","pmil","0","55.500","deg","20.000","°C","100.000","%a.s.","22.500","deg","20.000","°C","1013.000","hPa","0.861","-0.02056","0.00035","-0.00011","0","14.7","Humid","26.25","0","52.00","345891.91","SABD0000000001","AAV1.0.0.11","2.0.0.28","PSt7-10","000000-000","10/20/2017 9:36:39 AM","0000-00","0","no battery","V"
"10/20/2017","11:58:22","5","default","957498349","OXY5","48.735","min","158.432","μmol/L","Humid","20.919","deg","91106","µV","36.006","°C","1019.000","hPa","37.0","pmil","0","55.500","deg","20.000","°C","100.000","%a.s.","22.500","deg","20.000","°C","1013.000","hPa","0.861","-0.02056","0.00035","-0.00011","0","14.7","Humid","26.25","0","52.00","345891.46","SABD0000000001","AAV1.0.0.11","2.0.0.28","PSt7-10","000000-000","10/20/2017 9:36:39 AM","0000-00","0","no battery","V"
"10/20/2017","11:58:23","5","default","957498349","OXY5","48.751","min","158.486","μmol/L","Humid","20.920","deg","91100","µV","35.995","°C","1019.000","hPa","37.0","pmil","0","55.500","deg","20.000","°C","100.000","%a.s.","22.500","deg","20.000","°C","1013.000","hPa","0.861","-0.02056","0.00035","-0.00011","0","14.7","Humid","26.25","0","52.00","345883.74","SABD0000000001","AAV1.0.0.11","2.0.0.28","PSt7-10","000000-000","10/20/2017 9:36:39 AM","0000-00","0","no battery","V"
"10/20/2017","11:58:24","5","default","957498349","OXY5","48.768","min","158.466","μmol/L","Humid","20.923","deg","91100","µV","35.991","°C","1019.000","hPa","37.0","pmil","0","55.500","deg","20.000","°C","100.000","%a.s.","22.500","deg","20.000","°C","1013.000","hPa","0.861","-0.02056","0.00035","-0.00011","0","14.7","Humid","26.25","0","52.00","345876.14","SABD0000000001","AAV1.0.0.11","2.0.0.28","PSt7-10","000000-000","10/20/2017 9:36:39 AM","0000-00","0","no battery","V"
"10/20/2017","11:58:25","5","default","957498349","OXY5","48.785","min","158.487","μmol/L","Humid","20.919","deg","91095","µV","35.997","°C","1019.000","hPa","37.0","pmil","0","55.500","deg","20.000","°C","100.000","%a.s.","22.500","deg","20.000","°C","1013.000","hPa","0.861","-0.02056","0.00035","-0.00011","0","14.7","Humid","26.25","0","52.00","345896.04","SABD0000000001","AAV1.0.0.11","2.0.0.28","PSt7-10","000000-000","10/20/2017 9:36:39 AM","0000-00","0","no battery","V"
"10/20/2017","11:58:26","5","default","957498349","OXY5","48.801","min","158.380","μmol/L","Humid","20.923","deg","91089","µV","36.005","°C","1019.000","hPa","37.0","pmil","0","55.500","deg","20.000","°C","100.000","%a.s.","22.500","deg","20.000","°C","1013.000","hPa","0.861","-0.02056","0.00035","-0.00011","0","14.7","Humid","26.25","0","52.00","345880.09","SABD0000000001","AAV1.0.0.11","2.0.0.28","PSt7-10","000000-000","10/20/2017 9:36:39 AM","0000-00","0","no battery","V"
"10/20/2017","11:58:27","5","default","957498349","OXY5","48.818","min","158.394","μmol/L","Humid","20.922","deg","91091","µV","36.005","°C","1019.000","hPa","37.0","pmil","0","55.500","deg","20.000","°C","100.000","%a.s.","22.500","deg","20.000","°C","1013.000","hPa","0.861","-0.02056","0.00035","-0.00011","0","14.7","Humid","26.25","0","52.00","345880.90","SABD0000000001","AAV1.0.0.11","2.0.0.28","PSt7-10","000000-000","10/20/2017 9:36:39 AM","0000-00","0","no battery","V"
"10/20/2017","11:58:28","5","default","957498349","OXY5","48.835","min","158.412","μmol/L","Humid","20.921","deg","91092","µV","36.004","°C","1019.000","hPa","37.0","pmil","0","55.500","deg","20.000","°C","100.000","%a.s.","22.500","deg","20.000","°C","1013.000","hPa","0.861","-0.02056","0.00035","-0.00011","0","14.7","Humid","26.25","0","52.00","345888.56","SABD0000000001","AAV1.0.0.11","2.0.0.28","PSt7-10","000000-000","10/20/2017 9:36:39 AM","0000-00","0","no battery","V"
"10/20/2017","11:58:29","5","default","957498349","OXY5","48.851","min","158.486","μmol/L","Humid","20.921","deg","91089","µV","35.992","°C","1019.000","hPa","37.0","pmil","0","55.500","deg","20.000","°C","100.000","%a.s.","22.500","deg","20.000","°C","1013.000","hPa","0.861","-0.02056","0.00035","-0.00011","0","14.7","Humid","26.25","0","52.00","345894.08","SABD0000000001","AAV1.0.0.11","2.0.0.28","PSt7-10","000000-000","10/20/2017 9:36:39 AM","0000-00","0","no battery","V"
"10/20/2017","11:58:30","5","default","957498349","OXY5","48.868","min","158.463","μmol/L","Humid","20.921","deg","91079","µV","35.996","°C","1019.000","hPa","37.0","pmil","0","55.500","deg","20.000","°C","100.000","%a.s.","22.500","deg","20.000","°C","1013.000","hPa","0.861","-0.02056","0.00035","-0.00011","0","14.7","Humid","26.25","0","52.00","345875.80","SABD0000000001","AAV1.0.0.11","2.0.0.28","PSt7-10","000000-000","10/20/2017 9:36:39 AM","0000-00","0","no battery","V"
"10/20/2017","11:58:31","5","default","957498349","OXY5","48.885","min","158.442","μmol/L","Humid","20.921","deg","91090","µV","35.999","°C","1019.000","hPa","37.0","pmil","0","55.500","deg","20.000","°C","100.000","%a.s.","22.500","deg","20.000","°C","1013.000","hPa","0.861","-0.02056","0.00035","-0.00011","0","14.7","Humid","26.25","0","52.00","345880.22","SABD0000000001","AAV1.0.0.11","2.0.0.28","PSt7-10","000000-000","10/20/2017 9:36:39 AM","0000-00","0","no battery","V"
"10/20/2017","11:58:32","5","default","957498349","OXY5","48.901","min","158.472","μmol/L","Humid","20.920","deg","91081","µV","35.997","°C","1019.000","hPa","37.0","pmil","0","55.500","deg","20.000","°C","100.000","%a.s.","22.500","deg","20.000","°C","1013.000","hPa","0.861","-0.02056","0.00035","-0.00011","0","14.7","Humid","26.25","0","52.00","345881.86","SABD0000000001","AAV1.0.0.11","2.0.0.28","PSt7-10","000000-000","10/20/2017 9:36:39 AM","0000-00","0","no battery","V"
"10/20/2017","11:58:33","5","default","957498349","OXY5","48.918","min","158.540","μmol/L","Humid","20.917","deg","91087","µV","35.993","°C","1019.000","hPa","37.0","pmil","0","55.500","deg","20.000","°C","100.000","%a.s.","22.500","deg","20.000","°C","1013.000","hPa","0.861","-0.02056","0.00035","-0.00011","0","14.7","Humid","26.25","0","52.00","345885.33","SABD0000000001","AAV1.0.0.11","2.0.0.28","PSt7-10","000000-000","10/20/2017 9:36:39 AM","0000-00","0","no battery","V"
"10/20/2017","11:58:34","5","default","957498349","OXY5","48.935","min","158.494","μmol/L","Humid","20.920","deg","91081","µV","35.993","°C","1019.000","hPa","37.0","pmil","0","55.500","deg","20.000","°C","100.000","%a.s.","22.500","deg","20.000","°C","1013.000","hPa","0.861","-0.02056","0.00035","-0.00011","0","14.7","Humid","26.25","0","52.00","345881.82","SABD0000000001","AAV1.0.0.11","2.0.0.28","PSt7-10","000000-000","10/20/2017 9:36:39 AM","0000-00","0","no battery","V"
"10/20/2017","11:58:35","5","default","957498349","OXY5","48.951","min","158.391","μmol/L","Humid","20.920","deg","91081","µV","36.010","°C","1019.000","hPa","37.0","pmil","0","55.500","deg","20.000","°C","100.000","%a.s.","22.500","deg","20.000","°C","1013.000","hPa","0.861","-0.02056","0.00035","-0.00011","0","14.7","Humid","26.25","0","52.00","345863.59","SABD0000000001","AAV1.0.0.11","2.0.0.28","PSt7-10","000000-000","10/20/2017 9:36:39 AM","0000-00","0","no battery","V"
"10/20/2017","11:58:36","5","default","957498349","OXY5","48.968","min","158.425","μmol/L","Humid","20.916","deg","91079","µV","36.014","°C","1019.000","hPa","37.0","pmil","0","55.500","deg","20.000","°C","100.000","%a.s.","22.500","deg","20.000","°C","1013.000","hPa","0.861","-0.02056","0.00035","-0.00011","0","14.7","Humid","26.25","0","52.00","345878.08","SABD0000000001","AAV1.0.0.11","2.0.0.28","PSt7-10","000000-000","10/20/2017 9:36:39 AM","0000-00","0","no battery","V"
"10/20/2017","11:58:37","5","default","957498349","OXY5","48.985","min","158.491","μmol/L","Humid","20.917","deg","91081","µV","36.001","°C","1019.000","hPa","37.0","pmil","0","55.500","deg","20.000","°C","100.000","%a.s.","22.500","deg","20.000","°C","1013.000","hPa","0.861","-0.02056","0.00035","-0.00011","0","14.7","Humid","26.25","0","52.00","345887.55","SABD0000000001","AAV1.0.0.11","2.0.0.28","PSt7-10","000000-000","10/20/2017 9:36:39 AM","0000-00","0","no battery","V"
"10/20/2017","11:58:38","5","default","957498349","OXY5","49.001","min","158.542","μmol/L","Humid","20.921","deg","91078","µV","35.983","°C","1019.000","hPa","37.0","pmil","0","55.500","deg","20.000","°C","100.000","%a.s.","22.500","deg","20.000","°C","1013.000","hPa","0.861","-0.02056","0.00035","-0.00011","0","14.7","Humid","26.25","0","52.00","345883.94","SABD0000000001","AAV1.0.0.11","2.0.0.28","PSt7-10","000000-000","10/20/2017 9:36:39 AM","0000-00","0","no battery","V"
"10/20/2017","11:58:39","5","default","957498349","OXY5","49.018","min","158.468","μmol/L","Humid","20.922","deg","91083","µV","35.993","°C","1019.000","hPa","37.0","pmil","0","55.500","deg","20.000","°C","100.000","%a.s.","22.500","deg","20.000","°C","1013.000","hPa","0.861","-0.02056","0.00035","-0.00011","0","14.7","Humid","26.25","0","52.00","345881.70","SABD0000000001","AAV1.0.0.11","2.0.0.28","PSt7-10","000000-000","10/20/2017 9:36:39 AM","0000-00","0","no battery","V"
"10/20/2017","11:58:40","5","default","957498349","OXY5","49.035","min","158.537","μmol/L","Humid","20.919","deg","91077","µV","35.988","°C","1019.000","hPa","37.0","pmil","0","55.500","deg","20.000","°C","100.000","%a.s.","22.500","deg","20.000","°C","1013.000","hPa","0.861","-0.02056","0.00035","-0.00011","0","14.7","Humid","26.25","0","52.00","345881.04","SABD0000000001","AAV1.0.0.11","2.0.0.28","PSt7-10","000000-000","10/20/2017 9:36:39 AM","0000-00","0","no battery","V"
"10/20/2017","11:58:41","5","default","957498349","OXY5","49.051","min","158.443","μmol/L","Humid","20.920","deg","91075","µV","36.002","°C","1019.000","hPa","37.0","pmil","0","55.500","deg","20.000","°C","100.000","%a.s.","22.500","deg","20.000","°C","1013.000","hPa","0.861","-0.02056","0.00035","-0.00011","0","14.7","Humid","26.25","0","52.00","345882.63","SABD0000000001","AAV1.0.0.11","2.0.0.28","PSt7-10","000000-000","10/20/2017 9:36:39 AM","0000-00","0","no battery","V"
"10/20/2017","11:58:42","5","default","957498349","OXY5","49.068","min","158.458","μmol/L","Humid","20.920","deg","91080","µV","35.999","°C","1019.000","hPa","37.0","pmil","0","55.500","deg","20.000","°C","100.000","%a.s.","22.500","deg","20.000","°C","1013.000","hPa","0.861","-0.02056","0.00035","-0.00011","0","14.7","Humid","26.25","0","52.00","345872.86","SABD0000000001","AAV1.0.0.11","2.0.0.28","PSt7-10","000000-000","10/20/2017 9:36:39 AM","0000-00","0","no battery","V"
"10/20/2017","11:58:43","5","default","957498349","OXY5","49.085","min","158.423","μmol/L","Humid","20.918","deg","91073","µV","36.010","°C","1019.000","hPa","37.0","pmil","0","55.500","deg","20.000","°C","100.000","%a.s.","22.500","deg","20.000","°C","1013.000","hPa","0.861","-0.02056","0.00035","-0.00011","0","14.7","Humid","26.25","0","52.00","345883.06","SABD0000000001","AAV1.0.0.11","2.0.0.28","PSt7-10","000000-000","10/20/2017 9:36:39 AM","0000-00","0","no battery","V"
"10/20/2017","11:58:44","5","default","957498349","OXY5","49.101","min","158.457","μmol/L","Humid","20.919","deg","91070","µV","36.002","°C","1019.000","hPa","37.0","pmil","0","55.500","deg","20.000","°C","100.000","%a.s.","22.500","deg","20.000","°C","1013.000","hPa","0.861","-0.02056","0.00035","-0.00011","0","14.7","Humid","26.25","0","52.00","345875.79","SABD0000000001","AAV1.0.0.11","2.0.0.28","PSt7-10","000000-000","10/20/2017 9:36:39 AM","0000-00","0","no battery","V"
"10/20/2017","11:58:45","5","default","957498349","OXY5","49.118","min","158.391","μmol/L","Humid","20.922","deg","91074","µV","36.006","°C","1019.000","hPa","37.0","pmil","0","55.500","deg","20.000","°C","100.000","%a.s.","22.500","deg","20.000","°C","1013.000","hPa","0.861","-0.02056","0.00035","-0.00011","0","14.7","Humid","26.25","0","52.00","345874.44","SABD0000000001","AAV1.0.0.11","2.0.0.28","PSt7-10","000000-000","10/20/2017 9:36:39 AM","0000-00","0","no battery","V"
"10/20/2017","11:58:46","5","default","957498349","OXY5","49.135","min","158.406","μmol/L","Humid","20.919","deg","91067","µV","36.010","°C","1019.000","hPa","37.0","pmil","0","55.500","deg","20.000","°C","100.000","%a.s.","22.500","deg","20.000","°C","1013.000","hPa","0.861","-0.02056","0.00035","-0.00011","0","14.7","Humid","26.25","0","52.00","345875.48","SABD0000000001","AAV1.0.0.11","2.0.0.28","PSt7-10","000000-000","10/20/2017 9:36:39 AM","0000-00","0","no battery","V"
"10/20/2017","11:58:47","5","default","957498349","OXY5","49.151","min","158.455","μmol/L","Humid","20.921","deg","91074","µV","35.997","°C","1019.000","hPa","37.0","pmil","0","55.500","deg","20.000","°C","100.000","%a.s.","22.500","deg","20.000","°C","1013.000","hPa","0.861","-0.02056","0.00035","-0.00011","0","14.7","Humid","26.25","0","52.00","345872.05","SABD0000000001","AAV1.0.0.11","2.0.0.28","PSt7-10","000000-000","10/20/2017 9:36:39 AM","0000-00","0","no battery","V"
"10/20/2017","11:58:48","5","default","957498349","OXY5","49.168","min","158.512","μmol/L","Humid","20.918","deg","91070","µV","35.995","°C","1019.000","hPa","37.0","pmil","0","55.500","deg","20.000","°C","100.000","%a.s.","22.500","deg","20.000","°C","1013.000","hPa","0.861","-0.02056","0.00035","-0.00011","0","14.7","Humid","26.25","0","52.00","345876.33","SABD0000000001","AAV1.0.0.11","2.0.0.28","PSt7-10","000000-000","10/20/2017 9:36:39 AM","0000-00","0","no battery","V"
"10/20/2017","11:58:49","5","default","957498349","OXY5","49.185","min","158.625","μmol/L","Humid","20.915","deg","91065","µV","35.983","°C","1019.000","hPa","37.0","pmil","0","55.500","deg","20.000","°C","100.000","%a.s.","22.500","deg","20.000","°C","1013.000","hPa","0.861","-0.02056","0.00035","-0.00011","0","14.7","Humid","26.25","0","52.00","345857.75","SABD0000000001","AAV1.0.0.11","2.0.0.28","PSt7-10","000000-000","10/20/2017 9:36:39 AM","0000-00","0","no battery","V"
"10/20/2017","11:58:50","5","default","957498349","OXY5","49.201","min","158.577","μmol/L","Humid","20.921","deg","91064","µV","35.977","°C","1019.000","hPa","37.0","pmil","0","55.500","deg","20.000","°C","100.000","%a.s.","22.500","deg","20.000","°C","1013.000","hPa","0.861","-0.02056","0.00035","-0.00011","0","14.7","Humid","26.25","0","52.00","345859.90","SABD0000000001","AAV1.0.0.11","2.0.0.28","PSt7-10","000000-000","10/20/2017 9:36:39 AM","0000-00","0","no battery","V"
"10/20/2017","11:58:51","5","default","957498349","OXY5","49.218","min","158.530","μmol/L","Humid","20.916","deg","91058","µV","35.997","°C","1019.000","hPa","37.0","pmil","0","55.500","deg","20.000","°C","100.000","%a.s.","22.500","deg","20.000","°C","1013.000","hPa","0.861","-0.02056","0.00035","-0.00011","0","14.7","Humid","26.25","0","52.00","345854.62","SABD0000000001","AAV1.0.0.11","2.0.0.28","PSt7-10","000000-000","10/20/2017 9:36:39 AM","0000-00","0","no battery","V"
"10/20/2017","11:58:52","5","default","957498349","OXY5","49.235","min","158.496","μmol/L","Humid","20.922","deg","91058","µV","35.988","°C","1019.000","hPa","37.0","pmil","0","55.500","deg","20.000","°C","100.000","%a.s.","22.500","deg","20.000","°C","1013.000","hPa","0.861","-0.02056","0.00035","-0.00011","0","14.7","Humid","26.25","0","52.00","345856.53","SABD0000000001","AAV1.0.0.11","2.0.0.28","PSt7-10","000000-000","10/20/2017 9:36:39 AM","0000-00","0","no battery","V"
"10/20/2017","11:58:53","5","default","957498349","OXY5","49.251","min","158.509","μmol/L","Humid","20.922","deg","91062","µV","35.986","°C","1019.000","hPa","37.0","pmil","0","55.500","deg","20.000","°C","100.000","%a.s.","22.500","deg","20.000","°C","1013.000","hPa","0.861","-0.02056","0.00035","-0.00011","0","14.7","Humid","26.25","0","52.00","345860.74","SABD0000000001","AAV1.0.0.11","2.0.0.28","PSt7-10","000000-000","10/20/2017 9:36:39 AM","0000-00","0","no battery","V"
"10/20/2017","11:58:54","5","default","957498349","OXY5","49.268","min","158.469","μmol/L","Humid","20.919","deg","91054","µV","36.000","°C","1019.000","hPa","37.0","pmil","0","55.500","deg","20.000","°C","100.000","%a.s.","22.500","deg","20.000","°C","1013.000","hPa","0.861","-0.02056","0.00035","-0.00011","0","14.7","Humid","26.25","0","52.00","345858.56","SABD0000000001","AAV1.0.0.11","2.0.0.28","PSt7-10","000000-000","10/20/2017 9:36:39 AM","0000-00","0","no battery","V"
"10/20/2017","11:58:55","5","default","957498349","OXY5","49.285","min","158.414","μmol/L","Humid","20.919","deg","91054","µV","36.009","°C","1019.000","hPa","37.0","pmil","0","55.500","deg","20.000","°C","100.000","%a.s.","22.500","deg","20.000","°C","1013.000","hPa","0.861","-0.02056","0.00035","-0.00011","0","14.7","Humid","26.25","0","52.00","345860.82","SABD0000000001","AAV1.0.0.11","2.0.0.28","PSt7-10","000000-000","10/20/2017 9:36:39 AM","0000-00","0","no battery","V"
"10/20/2017","11:58:56","5","default","957498349","OXY5","49.301","min","158.450","μmol/L","Humid","20.919","deg","91053","µV","36.003","°C","1019.000","hPa","37.0","pmil","0","55.500","deg","20.000","°C","100.000","%a.s.","22.500","deg","20.000","°C","1013.000","hPa","0.861","-0.02056","0.00035","-0.00011","0","14.7","Humid","26.25","0","52.00","345863.36","SABD0000000001","AAV1.0.0.11","2.0.0.28","PSt7-10","000000-000","10/20/2017 9:36:39 AM","0000-00","0","no battery","V"
"10/20/2017","11:58:57","5","default","957498349","OXY5","49.318","min","158.536","μmol/L","Humid","20.918","deg","91047","µV","35.991","°C","1019.000","hPa","37.0","pmil","0","55.500","deg","20.000","°C","100.000","%a.s.","22.500","deg","20.000","°C","1013.000","hPa","0.861","-0.02056","0.00035","-0.00011","0","14.7","Humid","26.25","0","52.00","345851.45","SABD0000000001","AAV1.0.0.11","2.0.0.28","PSt7-10","000000-000","10/20/2017 9:36:39 AM","0000-00","0","no battery","V"
"10/20/2017","11:58:58","5","default","957498349","OXY5","49.335","min","158.479","μmol/L","Humid","20.921","deg","91055","µV","35.993","°C","1019.000","hPa","37.0","pmil","0","55.500","deg","20.000","°C","100.000","%a.s.","22.500","deg","20.000","°C","1013.000","hPa","0.861","-0.02056","0.00035","-0.00011","0","14.7","Humid","26.25","0","52.00","345858.32","SABD0000000001","AAV1.0.0.11","2.0.0.28","PSt7-10","000000-000","10/20/2017 9:36:39 AM","0000-00","0","no battery","V"
"10/20/2017","11:58:59","5","default","957498349","OXY5","49.351","min","158.434","μmol/L","Humid","20.922","deg","91050","µV","35.998","°C","1019.000","hPa","37.0","pmil","0","55.500","deg","20.000","°C","100.000","%a.s.","22.500","deg","20.000","°C","1013.000","hPa","0.861","-0.02056","0.00035","-0.00011","0","14.7","Humid","26.25","0","52.00","345865.63","SABD0000000001","AAV1.0.0.11","2.0.0.28","PSt7-10","000000-000","10/20/2017 9:36:39 AM","0000-00","0","no battery","V"
"10/20/2017","11:59:00","5","default","957498349","OXY5","49.368","min","158.450","μmol/L","Humid","20.918","deg","91050","µV","36.005","°C","1019.000","hPa","37.0","pmil","0","55.500","deg","20.000","°C","100.000","%a.s.","22.500","deg","20.000","°C","1013.000","hPa","0.861","-0.02056","0.00035","-0.00011","0","14.7","Humid","26.25","0","52.00","345853.11","SABD0000000001","AAV1.0.0.11","2.0.0.28","PSt7-10","000000-000","10/20/2017 9:36:39 AM","0000-00","0","no battery","V"
"10/20/2017","11:59:01","5","default","957498349","OXY5","49.385","min","158.412","μmol/L","Humid","20.920","deg","91047","µV","36.007","°C","1019.000","hPa","37.0","pmil","0","55.500","deg","20.000","°C","100.000","%a.s.","22.500","deg","20.000","°C","1013.000","hPa","0.861","-0.02056","0.00035","-0.00011","0","14.7","Humid","26.25","0","52.00","345846.37","SABD0000000001","AAV1.0.0.11","2.0.0.28","PSt7-10","000000-000","10/20/2017 9:36:39 AM","0000-00","0","no battery","V"
"10/20/2017","11:59:02","5","default","957498349","OXY5","49.401","min","158.486","μmol/L","Humid","20.920","deg","91051","µV","35.995","°C","1019.000","hPa","37.0","pmil","0","55.500","deg","20.000","°C","100.000","%a.s.","22.500","deg","20.000","°C","1013.000","hPa","0.861","-0.02056","0.00035","-0.00011","0","14.7","Humid","26.25","0","52.00","345856.51","SABD0000000001","AAV1.0.0.11","2.0.0.28","PSt7-10","000000-000","10/20/2017 9:36:39 AM","0000-00","0","no battery","V"
"10/20/2017","11:59:03","5","default","957498349","OXY5","49.418","min","158.508","μmol/L","Humid","20.920","deg","91044","µV","35.991","°C","1019.000","hPa","37.0","pmil","0","55.500","deg","20.000","°C","100.000","%a.s.","22.500","deg","20.000","°C","1013.000","hPa","0.861","-0.02056","0.00035","-0.00011","0","14.7","Humid","26.25","0","52.00","345859.64","SABD0000000001","AAV1.0.0.11","2.0.0.28","PSt7-10","000000-000","10/20/2017 9:36:39 AM","0000-00","0","no battery","V"
"10/20/2017","11:59:04","5","default","957498349","OXY5","49.435","min","158.465","μmol/L","Humid","20.924","deg","91039","µV","35.989","°C","1019.000","hPa","37.0","pmil","0","55.500","deg","20.000","°C","100.000","%a.s.","22.500","deg","20.000","°C","1013.000","hPa","0.861","-0.02056","0.00035","-0.00011","0","14.7","Humid","26.25","0","52.00","345853.69","SABD0000000001","AAV1.0.0.11","2.0.0.28","PSt7-10","000000-000","10/20/2017 9:36:39 AM","0000-00","0","no battery","V"
"10/20/2017","11:59:05","5","default","957498349","OXY5","49.452","min","158.399","μmol/L","Humid","20.922","deg","91038","µV","36.004","°C","1019.000","hPa","37.0","pmil","0","55.500","deg","20.000","°C","100.000","%a.s.","22.500","deg","20.000","°C","1013.000","hPa","0.861","-0.02056","0.00035","-0.00011","0","14.7","Humid","26.25","0","52.00","345840.12","SABD0000000001","AAV1.0.0.11","2.0.0.28","PSt7-10","000000-000","10/20/2017 9:36:39 AM","0000-00","0","no battery","V"
"10/20/2017","11:59:06","5","default","957498349","OXY5","49.468","min","158.491","μmol/L","Humid","20.919","deg","91047","µV","35.996","°C","1019.000","hPa","37.0","pmil","0","55.500","deg","20.000","°C","100.000","%a.s.","22.500","deg","20.000","°C","1013.000","hPa","0.861","-0.02056","0.00035","-0.00011","0","14.7","Humid","26.25","0","52.00","345847.09","SABD0000000001","AAV1.0.0.11","2.0.0.28","PSt7-10","000000-000","10/20/2017 9:36:39 AM","0000-00","0","no battery","V"
"10/20/2017","11:59:07","5","default","957498349","OXY5","49.485","min","158.527","μmol/L","Humid","20.917","deg","91038","µV","35.995","°C","1019.000","hPa","37.0","pmil","0","55.500","deg","20.000","°C","100.000","%a.s.","22.500","deg","20.000","°C","1013.000","hPa","0.861","-0.02056","0.00035","-0.00011","0","14.7","Humid","26.25","0","52.00","345848.56","SABD0000000001","AAV1.0.0.11","2.0.0.28","PSt7-10","000000-000","10/20/2017 9:36:39 AM","0000-00","0","no battery","V"
"10/20/2017","11:59:08","5","default","957498349","OXY5","49.502","min","158.509","μmol/L","Humid","20.920","deg","91043","µV","35.991","°C","1019.000","hPa","37.0","pmil","0","55.500","deg","20.000","°C","100.000","%a.s.","22.500","deg","20.000","°C","1013.000","hPa","0.861","-0.02056","0.00035","-0.00011","0","14.7","Humid","26.25","0","52.00","345842.00","SABD0000000001","AAV1.0.0.11","2.0.0.28","PSt7-10","000000-000","10/20/2017 9:36:39 AM","0000-00","0","no battery","V"
"10/20/2017","11:59:09","5","default","957498349","OXY5","49.518","min","158.534","μmol/L","Humid","20.921","deg","91036","µV","35.984","°C","1019.000","hPa","37.0","pmil","0","55.500","deg","20.000","°C","100.000","%a.s.","22.500","deg","20.000","°C","1013.000","hPa","0.861","-0.02056","0.00035","-0.00011","0","14.7","Humid","26.25","0","52.00","345831.13","SABD0000000001","AAV1.0.0.11","2.0.0.28","PSt7-10","000000-000","10/20/2017 9:36:39 AM","0000-00","0","no battery","V"
"10/20/2017","11:59:10","5","default","957498349","OXY5","49.535","min","158.487","μmol/L","Humid","20.919","deg","91038","µV","35.997","°C","1019.000","hPa","37.0","pmil","0","55.500","deg","20.000","°C","100.000","%a.s.","22.500","deg","20.000","°C","1013.000","hPa","0.861","-0.02056","0.00035","-0.00011","0","14.7","Humid","26.25","0","52.00","345838.33","SABD0000000001","AAV1.0.0.11","2.0.0.28","PSt7-10","000000-000","10/20/2017 9:36:39 AM","0000-00","0","no battery","V"
"10/20/2017","11:59:11","5","default","957498349","OXY5","49.552","min","158.469","μmol/L","Humid","20.923","deg","91036","µV","35.990","°C","1019.000","hPa","37.0","pmil","0","55.500","deg","20.000","°C","100.000","%a.s.","22.500","deg","20.000","°C","1013.000","hPa","0.861","-0.02056","0.00035","-0.00011","0","14.7","Humid","26.25","0","52.00","345836.27","SABD0000000001","AAV1.0.0.11","2.0.0.28","PSt7-10","000000-000","10/20/2017 9:36:39 AM","0000-00","0","no battery","V"
"10/20/2017","11:59:12","5","default","957498349","OXY5","49.568","min","158.484","μmol/L","Humid","20.921","deg","91034","µV","35.992","°C","1019.000","hPa","37.0","pmil","0","55.500","deg","20.000","°C","100.000","%a.s.","22.500","deg","20.000","°C","1013.000","hPa","0.861","-0.02056","0.00035","-0.00011","0","14.7","Humid","26.25","0","52.00","345848.89","SABD0000000001","AAV1.0.0.11","2.0.0.28","PSt7-10","000000-000","10/20/2017 9:36:39 AM","0000-00","0","no battery","V"
"10/20/2017","11:59:13","5","default","957498349","OXY5","49.585","min","158.502","μmol/L","Humid","20.920","deg","91029","µV","35.992","°C","1019.000","hPa","37.0","pmil","0","55.500","deg","20.000","°C","100.000","%a.s.","22.500","deg","20.000","°C","1013.000","hPa","0.861","-0.02056","0.00035","-0.00011","0","14.7","Humid","26.25","0","52.00","345846.56","SABD0000000001","AAV1.0.0.11","2.0.0.28","PSt7-10","000000-000","10/20/2017 9:36:39 AM","0000-00","0","no battery","V"
"10/20/2017","11:59:14","5","default","957498349","OXY5","49.602","min","158.387","μmol/L","Humid","20.918","deg","91027","µV","36.016","°C","1019.000","hPa","37.0","pmil","0","55.500","deg","20.000","°C","100.000","%a.s.","22.500","deg","20.000","°C","1013.000","hPa","0.861","-0.02056","0.00035","-0.00011","0","14.7","Humid","26.25","0","52.00","345840.44","SABD0000000001","AAV1.0.0.11","2.0.0.28","PSt7-10","000000-000","10/20/2017 9:36:39 AM","0000-00","0","no battery","V"
"10/20/2017","11:59:15","5","default","957498349","OXY5","49.618","min","158.392","μmol/L","Humid","20.919","deg","91026","µV","36.012","°C","1019.000","hPa","37.0","pmil","0","55.500","deg","20.000","°C","100.000","%a.s.","22.500","deg","20.000","°C","1013.000","hPa","0.861","-0.02056","0.00035","-0.00011","0","14.7","Humid","26.25","0","52.00","345835.00","SABD0000000001","AAV1.0.0.11","2.0.0.28","PSt7-10","000000-000","10/20/2017 9:36:39 AM","0000-00","0","no battery","V"
"10/20/2017","11:59:16","5","default","957498349","OXY5","49.635","min","158.385","μmol/L","Humid","20.920","deg","91026","µV","36.011","°C","1019.000","hPa","37.0","pmil","0","55.500","deg","20.000","°C","100.000","%a.s.","22.500","deg","20.000","°C","1013.000","hPa","0.861","-0.02056","0.00035","-0.00011","0","14.7","Humid","26.25","0","52.00","345844.95","SABD0000000001","AAV1.0.0.11","2.0.0.28","PSt7-10","000000-000","10/20/2017 9:36:39 AM","0000-00","0","no battery","V"
"10/20/2017","11:59:17","5","default","957498349","OXY5","49.652","min","158.336","μmol/L","Humid","20.921","deg","91029","µV","36.017","°C","1019.000","hPa","37.0","pmil","0","55.500","deg","20.000","°C","100.000","%a.s.","22.500","deg","20.000","°C","1013.000","hPa","0.861","-0.02056","0.00035","-0.00011","0","14.7","Humid","26.25","0","52.00","345829.05","SABD0000000001","AAV1.0.0.11","2.0.0.28","PSt7-10","000000-000","10/20/2017 9:36:39 AM","0000-00","0","no battery","V"
"10/20/2017","11:59:18","5","default","957498349","OXY5","49.668","min","158.481","μmol/L","Humid","20.914","deg","91020","µV","36.010","°C","1019.000","hPa","37.0","pmil","0","55.500","deg","20.000","°C","100.000","%a.s.","22.500","deg","20.000","°C","1013.000","hPa","0.861","-0.02056","0.00035","-0.00011","0","14.7","Humid","26.25","0","52.00","345825.54","SABD0000000001","AAV1.0.0.11","2.0.0.28","PSt7-10","000000-000","10/20/2017 9:36:39 AM","0000-00","0","no battery","V"
"10/20/2017","11:59:19","5","default","957498349","OXY5","49.685","min","158.478","μmol/L","Humid","20.915","deg","91024","µV","36.008","°C","1019.000","hPa","37.0","pmil","0","55.500","deg","20.000","°C","100.000","%a.s.","22.500","deg","20.000","°C","1013.000","hPa","0.861","-0.02056","0.00035","-0.00011","0","14.7","Humid","26.25","0","52.00","345819.20","SABD0000000001","AAV1.0.0.11","2.0.0.28","PSt7-10","000000-000","10/20/2017 9:36:39 AM","0000-00","0","no battery","V"
"10/20/2017","11:59:20","5","default","957498349","OXY5","49.702","min","158.530","μmol/L","Humid","20.916","deg","91020","µV","35.997","°C","1019.000","hPa","37.0","pmil","0","55.500","deg","20.000","°C","100.000","%a.s.","22.500","deg","20.000","°C","1013.000","hPa","0.861","-0.02056","0.00035","-0.00011","0","14.7","Humid","26.25","0","52.00","345817.79","SABD0000000001","AAV1.0.0.11","2.0.0.28","PSt7-10","000000-000","10/20/2017 9:36:39 AM","0000-00","0","no battery","V"
"10/20/2017","11:59:21","5","default","957498349","OXY5","49.718","min","158.503","μmol/L","Humid","20.916","deg","91022","µV","36.001","°C","1019.000","hPa","37.0","pmil","0","55.500","deg","20.000","°C","100.000","%a.s.","22.500","deg","20.000","°C","1013.000","hPa","0.861","-0.02056","0.00035","-0.00011","0","14.7","Humid","26.25","0","52.00","345830.20","SABD0000000001","AAV1.0.0.11","2.0.0.28","PSt7-10","000000-000","10/20/2017 9:36:39 AM","0000-00","0","no battery","V"
"10/20/2017","11:59:22","5","default","957498349","OXY5","49.735","min","158.409","μmol/L","Humid","20.920","deg","91022","µV","36.007","°C","1019.000","hPa","37.0","pmil","0","55.500","deg","20.000","°C","100.000","%a.s.","22.500","deg","20.000","°C","1013.000","hPa","0.861","-0.02056","0.00035","-0.00011","0","14.7","Humid","26.25","0","52.00","345812.28","SABD0000000001","AAV1.0.0.11","2.0.0.28","PSt7-10","000000-000","10/20/2017 9:36:39 AM","0000-00","0","no battery","V"
"10/20/2017","11:59:23","5","default","957498349","OXY5","49.752","min","158.337","μmol/L","Humid","20.922","deg","91018","µV","36.014","°C","1019.000","hPa","37.0","pmil","0","55.500","deg","20.000","°C","100.000","%a.s.","22.500","deg","20.000","°C","1013.000","hPa","0.861","-0.02056","0.00035","-0.00011","0","14.7","Humid","26.25","0","52.00","345831.61","SABD0000000001","AAV1.0.0.11","2.0.0.28","PSt7-10","000000-000","10/20/2017 9:36:39 AM","0000-00","0","no battery","V"
"10/20/2017","11:59:24","5","default","957498349","OXY5","49.768","min","158.393","μmol/L","Humid","20.916","deg","91022","µV","36.020","°C","1019.000","hPa","37.0","pmil","0","55.500","deg","20.000","°C","100.000","%a.s.","22.500","deg","20.000","°C","1013.000","hPa","0.861","-0.02056","0.00035","-0.00011","0","14.7","Humid","26.25","0","52.00","345817.18","SABD0000000001","AAV1.0.0.11","2.0.0.28","PSt7-10","000000-000","10/20/2017 9:36:39 AM","0000-00","0","no battery","V"
"10/20/2017","11:59:25","5","default","957498349","OXY5","49.785","min","158.483","μmol/L","Humid","20.920","deg","91016","µV","35.995","°C","1019.000","hPa","37.0","pmil","0","55.500","deg","20.000","°C","100.000","%a.s.","22.500","deg","20.000","°C","1013.000","hPa","0.861","-0.02056","0.00035","-0.00011","0","14.7","Humid","26.25","0","52.00","345831.06","SABD0000000001","AAV1.0.0.11","2.0.0.28","PSt7-10","000000-000","10/20/2017 9:36:39 AM","0000-00","0","no battery","V"
"10/20/2017","11:59:26","5","default","957498349","OXY5","49.802","min","158.510","μmol/L","Humid","20.918","deg","91013","µV","35.995","°C","1019.000","hPa","37.0","pmil","0","55.500","deg","20.000","°C","100.000","%a.s.","22.500","deg","20.000","°C","1013.000","hPa","0.861","-0.02056","0.00035","-0.00011","0","14.7","Humid","26.25","0","52.00","345824.33","SABD0000000001","AAV1.0.0.11","2.0.0.28","PSt7-10","000000-000","10/20/2017 9:36:39 AM","0000-00","0","no battery","V"
"10/20/2017","11:59:27","5","default","957498349","OXY5","49.818","min","158.475","μmol/L","Humid","20.920","deg","91021","µV","35.996","°C","1019.000","hPa","37.0","pmil","0","55.500","deg","20.000","°C","100.000","%a.s.","22.500","deg","20.000","°C","1013.000","hPa","0.861","-0.02056","0.00035","-0.00011","0","14.7","Humid","26.25","0","52.00","345822.10","SABD0000000001","AAV1.0.0.11","2.0.0.28","PSt7-10","000000-000","10/20/2017 9:36:39 AM","0000-00","0","no battery","V"
"10/20/2017","11:59:28","5","default","957498349","OXY5","49.835","min","158.551","μmol/L","Humid","20.917","deg","91010","µV","35.991","°C","1019.000","hPa","37.0","pmil","0","55.500","deg","20.000","°C","100.000","%a.s.","22.500","deg","20.000","°C","1013.000","hPa","0.861","-0.02056","0.00035","-0.00011","0","14.7","Humid","26.25","0","52.00","345798.33","SABD0000000001","AAV1.0.0.11","2.0.0.28","PSt7-10","000000-000","10/20/2017 9:36:39 AM","0000-00","0","no battery","V"
"10/20/2017","11:59:29","5","default","957498349","OXY5","49.852","min","158.495","μmol/L","Humid","20.920","deg","91015","µV","35.993","°C","1019.000","hPa","37.0","pmil","0","55.500","deg","20.000","°C","100.000","%a.s.","22.500","deg","20.000","°C","1013.000","hPa","0.861","-0.02056","0.00035","-0.00011","0","14.7","Humid","26.25","0","52.00","345811.87","SABD0000000001","AAV1.0.0.11","2.0.0.28","PSt7-10","000000-000","10/20/2017 9:36:39 AM","0000-00","0","no battery","V"
"10/20/2017","11:59:30","5","default","957498349","OXY5","49.868","min","158.520","μmol/L","Humid","20.920","deg","91004","µV","35.989","°C","1019.000","hPa","37.0","pmil","0","55.500","deg","20.000","°C","100.000","%a.s.","22.500","deg","20.000","°C","1013.000","hPa","0.861","-0.02056","0.00035","-0.00011","0","14.7","Humid","26.25","0","52.00","345812.87","SABD0000000001","AAV1.0.0.11","2.0.0.28","PSt7-10","000000-000","10/20/2017 9:36:39 AM","0000-00","0","no battery","V"
"10/20/2017","11:59:31","5","default","957498349","OXY5","49.885","min","158.509","μmol/L","Humid","20.919","deg","91010","µV","35.993","°C","1019.000","hPa","37.0","pmil","0","55.500","deg","20.000","°C","100.000","%a.s.","22.500","deg","20.000","°C","1013.000","hPa","0.861","-0.02056","0.00035","-0.00011","0","14.7","Humid","26.25","0","52.00","345807.02","SABD0000000001","AAV1.0.0.11","2.0.0.28","PSt7-10","000000-000","10/20/2017 9:36:39 AM","0000-00","0","no battery","V"
"10/20/2017","11:59:32","5","default","957498349","OXY5","49.902","min","158.346","μmol/L","Humid","20.919","deg","91008","µV","36.020","°C","1019.000","hPa","37.0","pmil","0","55.500","deg","20.000","°C","100.000","%a.s.","22.500","deg","20.000","°C","1013.000","hPa","0.861","-0.02056","0.00035","-0.00011","0","14.7","Humid","26.25","0","52.00","345812.40","SABD0000000001","AAV1.0.0.11","2.0.0.28","PSt7-10","000000-000","10/20/2017 9:36:39 AM","0000-00","0","no battery","V"
"10/20/2017","11:59:33","5","default","957498349","OXY5","49.918","min","158.370","μmol/L","Humid","20.923","deg","91007","µV","36.007","°C","1019.000","hPa","37.0","pmil","0","55.500","deg","20.000","°C","100.000","%a.s.","22.500","deg","20.000","°C","1013.000","hPa","0.861","-0.02056","0.00035","-0.00011","0","14.7","Humid","26.25","0","52.00","345808.54","SABD0000000001","AAV1.0.0.11","2.0.0.28","PSt7-10","000000-000","10/20/2017 9:36:39 AM","0000-00","0","no battery","V"
"10/20/2017","11:59:34","5","default","957498349","OXY5","49.935","min","158.486","μmol/L","Humid","20.916","deg","91006","µV","36.004","°C","1019.000","hPa","37.0","pmil","0","55.500","deg","20.000","°C","100.000","%a.s.","22.500","deg","20.000","°C","1013.000","hPa","0.861","-0.02056","0.00035","-0.00011","0","14.7","Humid","26.25","0","52.00","345799.36","SABD0000000001","AAV1.0.0.11","2.0.0.28","PSt7-10","000000-000","10/20/2017 9:36:39 AM","0000-00","0","no battery","V"
"10/20/2017","11:59:35","5","default","957498349","OXY5","49.952","min","158.429","μmol/L","Humid","20.922","deg","91009","µV","35.999","°C","1019.000","hPa","37.0","pmil","0","55.500","deg","20.000","°C","100.000","%a.s.","22.500","deg","20.000","°C","1013.000","hPa","0.861","-0.02056","0.00035","-0.00011","0","14.7","Humid","26.25","0","52.00","345810.69","SABD0000000001","AAV1.0.0.11","2.0.0.28","PSt7-10","000000-000","10/20/2017 9:36:39 AM","0000-00","0","no battery","V"
"10/20/2017","11:59:36","5","default","957498349","OXY5","49.968","min","158.481","μmol/L","Humid","20.919","deg","91001","µV","35.998","°C","1019.000","hPa","37.0","pmil","0","55.500","deg","20.000","°C","100.000","%a.s.","22.500","deg","20.000","°C","1013.000","hPa","0.861","-0.02056","0.00035","-0.00011","0","14.7","Humid","26.25","0","52.00","345803.01","SABD0000000001","AAV1.0.0.11","2.0.0.28","PSt7-10","000000-000","10/20/2017 9:36:39 AM","0000-00","0","no battery","V"
"10/20/2017","11:59:37","5","default","957498349","OXY5","49.985","min","158.404","μmol/L","Humid","20.920","deg","91005","µV","36.008","°C","1019.000","hPa","37.0","pmil","0","55.500","deg","20.000","°C","100.000","%a.s.","22.500","deg","20.000","°C","1013.000","hPa","0.861","-0.02056","0.00035","-0.00011","0","14.7","Humid","26.25","0","52.00","345793.60","SABD0000000001","AAV1.0.0.11","2.0.0.28","PSt7-10","000000-000","10/20/2017 9:36:39 AM","0000-00","0","no battery","V"
"10/20/2017","11:59:38","5","default","957498349","OXY5","50.002","min","158.513","μmol/L","Humid","20.918","deg","91000","µV","35.995","°C","1019.000","hPa","37.0","pmil","0","55.500","deg","20.000","°C","100.000","%a.s.","22.500","deg","20.000","°C","1013.000","hPa","0.861","-0.02056","0.00035","-0.00011","0","14.7","Humid","26.25","0","52.00","345795.74","SABD0000000001","AAV1.0.0.11","2.0.0.28","PSt7-10","000000-000","10/20/2017 9:36:39 AM","0000-00","0","no battery","V"
"10/20/2017","11:59:39","5","default","957498349","OXY5","50.018","min","158.498","μmol/L","Humid","20.912","deg","90999","µV","36.012","°C","1019.000","hPa","37.0","pmil","0","55.500","deg","20.000","°C","100.000","%a.s.","22.500","deg","20.000","°C","1013.000","hPa","0.861","-0.02056","0.00035","-0.00011","0","14.7","Humid","26.25","0","52.00","345792.89","SABD0000000001","AAV1.0.0.11","2.0.0.28","PSt7-10","000000-000","10/20/2017 9:36:39 AM","0000-00","0","no battery","V"
"10/20/2017","11:59:40","5","default","957498349","OXY5","50.035","min","158.499","μmol/L","Humid","20.915","deg","91002","µV","36.004","°C","1019.000","hPa","37.0","pmil","0","55.500","deg","20.000","°C","100.000","%a.s.","22.500","deg","20.000","°C","1013.000","hPa","0.861","-0.02056","0.00035","-0.00011","0","14.7","Humid","26.25","0","52.00","345795.11","SABD0000000001","AAV1.0.0.11","2.0.0.28","PSt7-10","000000-000","10/20/2017 9:36:39 AM","0000-00","0","no battery","V"
"10/20/2017","11:59:41","5","default","957498349","OXY5","50.052","min","158.477","μmol/L","Humid","20.919","deg","91004","µV","35.998","°C","1019.000","hPa","37.0","pmil","0","55.500","deg","20.000","°C","100.000","%a.s.","22.500","deg","20.000","°C","1013.000","hPa","0.861","-0.02056","0.00035","-0.00011","0","14.7","Humid","26.25","0","52.00","345794.97","SABD0000000001","AAV1.0.0.11","2.0.0.28","PSt7-10","000000-000","10/20/2017 9:36:39 AM","0000-00","0","no battery","V"
"10/20/2017","11:59:42","5","default","957498349","OXY5","50.068","min","158.458","μmol/L","Humid","20.916","deg","90998","µV","36.009","°C","1019.000","hPa","37.0","pmil","0","55.500","deg","20.000","°C","100.000","%a.s.","22.500","deg","20.000","°C","1013.000","hPa","0.861","-0.02056","0.00035","-0.00011","0","14.7","Humid","26.25","0","52.00","345796.61","SABD0000000001","AAV1.0.0.11","2.0.0.28","PSt7-10","000000-000","10/20/2017 9:36:39 AM","0000-00","0","no battery","V"
"10/20/2017","11:59:43","5","default","957498349","OXY5","50.085","min","158.429","μmol/L","Humid","20.922","deg","90996","µV","35.999","°C","1019.000","hPa","37.0","pmil","0","55.500","deg","20.000","°C","100.000","%a.s.","22.500","deg","20.000","°C","1013.000","hPa","0.861","-0.02056","0.00035","-0.00011","0","14.7","Humid","26.25","0","52.00","345796.38","SABD0000000001","AAV1.0.0.11","2.0.0.28","PSt7-10","000000-000","10/20/2017 9:36:39 AM","0000-00","0","no battery","V"
"10/20/2017","11:59:44","5","default","957498349","OXY5","50.101","min","158.531","μmol/L","Humid","20.917","deg","90992","µV","35.994","°C","1019.000","hPa","37.0","pmil","0","55.500","deg","20.000","°C","100.000","%a.s.","22.500","deg","20.000","°C","1013.000","hPa","0.861","-0.02056","0.00035","-0.00011","0","14.7","Humid","26.25","0","52.00","345795.17","SABD0000000001","AAV1.0.0.11","2.0.0.28","PSt7-10","000000-000","10/20/2017 9:36:39 AM","0000-00","0","no battery","V"
"10/20/2017","11:59:45","5","default","957498349","OXY5","50.118","min","158.470","μmol/L","Humid","20.919","deg","90991","µV","36.000","°C","1019.000","hPa","37.0","pmil","0","55.500","deg","20.000","°C","100.000","%a.s.","22.500","deg","20.000","°C","1013.000","hPa","0.861","-0.02056","0.00035","-0.00011","0","14.7","Humid","26.25","0","52.00","345794.33","SABD0000000001","AAV1.0.0.11","2.0.0.28","PSt7-10","000000-000","10/20/2017 9:36:39 AM","0000-00","0","no battery","V"
"10/20/2017","11:59:46","5","default","957498349","OXY5","50.134","min","158.500","μmol/L","Humid","20.918","deg","90987","µV","35.997","°C","1019.000","hPa","37.0","pmil","0","55.500","deg","20.000","°C","100.000","%a.s.","22.500","deg","20.000","°C","1013.000","hPa","0.861","-0.02056","0.00035","-0.00011","0","14.7","Humid","26.25","0","52.00","345785.37","SABD0000000001","AAV1.0.0.11","2.0.0.28","PSt7-10","000000-000","10/20/2017 9:36:39 AM","0000-00","0","no battery","V"
"10/20/2017","11:59:47","5","default","957498349","OXY5","50.151","min","158.452","μmol/L","Humid","20.920","deg","90992","µV","36.000","°C","1019.000","hPa","37.0","pmil","0","55.500","deg","20.000","°C","100.000","%a.s.","22.500","deg","20.000","°C","1013.000","hPa","0.861","-0.02056","0.00035","-0.00011","0","14.7","Humid","26.25","0","52.00","345793.26","SABD0000000001","AAV1.0.0.11","2.0.0.28","PSt7-10","000000-000","10/20/2017 9:36:39 AM","0000-00","0","no battery","V"
"10/20/2017","11:59:48","5","default","957498349","OXY5","50.168","min","158.543","μmol/L","Humid","20.916","deg","90987","µV","35.995","°C","1019.000","hPa","37.0","pmil","0","55.500","deg","20.000","°C","100.000","%a.s.","22.500","deg","20.000","°C","1013.000","hPa","0.861","-0.02056","0.00035","-0.00011","0","14.7","Humid","26.25","0","52.00","345780.46","SABD0000000001","AAV1.0.0.11","2.0.0.28","PSt7-10","000000-000","10/20/2017 9:36:39 AM","0000-00","0","no battery","V"
"10/20/2017","11:59:49","5","default","957498349","OXY5","50.184","min","158.483","μmol/L","Humid","20.922","deg","90988","µV","35.990","°C","1019.000","hPa","37.0","pmil","0","55.500","deg","20.000","°C","100.000","%a.s.","22.500","deg","20.000","°C","1013.000","hPa","0.861","-0.02056","0.00035","-0.00011","0","14.7","Humid","26.25","0","52.00","345783.45","SABD0000000001","AAV1.0.0.11","2.0.0.28","PSt7-10","000000-000","10/20/2017 9:36:39 AM","0000-00","0","no battery","V"
"10/20/2017","11:59:50","5","default","957498349","OXY5","50.201","min","158.614","μmol/L","Humid","20.919","deg","90994","µV","35.976","°C","1019.000","hPa","37.0","pmil","0","55.500","deg","20.000","°C","100.000","%a.s.","22.500","deg","20.000","°C","1013.000","hPa","0.861","-0.02056","0.00035","-0.00011","0","14.7","Humid","26.25","0","52.00","345792.33","SABD0000000001","AAV1.0.0.11","2.0.0.28","PSt7-10","000000-000","10/20/2017 9:36:39 AM","0000-00","0","no battery","V"
"10/20/2017","11:59:51","5","default","957498349","OXY5","50.218","min","158.676","μmol/L","Humid","20.917","deg","90984","µV","35.970","°C","1019.000","hPa","37.0","pmil","0","55.500","deg","20.000","°C","100.000","%a.s.","22.500","deg","20.000","°C","1013.000","hPa","0.861","-0.02056","0.00035","-0.00011","0","14.7","Humid","26.25","0","52.00","345776.52","SABD0000000001","AAV1.0.0.11","2.0.0.28","PSt7-10","000000-000","10/20/2017 9:36:39 AM","0000-00","0","no battery","V"
"10/20/2017","11:59:52","5","default","957498349","OXY5","50.234","min","158.358","μmol/L","Humid","20.920","deg","90984","µV","36.016","°C","1019.000","hPa","37.0","pmil","0","55.500","deg","20.000","°C","100.000","%a.s.","22.500","deg","20.000","°C","1013.000","hPa","0.861","-0.02056","0.00035","-0.00011","0","14.7","Humid","26.25","0","52.00","345789.01","SABD0000000001","AAV1.0.0.11","2.0.0.28","PSt7-10","000000-000","10/20/2017 9:36:39 AM","0000-00","0","no battery","V"
"10/20/2017","11:59:53","5","default","957498349","OXY5","50.251","min","158.450","μmol/L","Humid","20.915","deg","90982","µV","36.012","°C","1019.000","hPa","37.0","pmil","0","55.500","deg","20.000","°C","100.000","%a.s.","22.500","deg","20.000","°C","1013.000","hPa","0.861","-0.02056","0.00035","-0.00011","0","14.7","Humid","26.25","0","52.00","345783.98","SABD0000000001","AAV1.0.0.11","2.0.0.28","PSt7-10","000000-000","10/20/2017 9:36:39 AM","0000-00","0","no battery","V"
"10/20/2017","11:59:54","5","default","957498349","OXY5","50.268","min","158.424","μmol/L","Humid","20.921","deg","90988","µV","36.002","°C","1019.000","hPa","37.0","pmil","0","55.500","deg","20.000","°C","100.000","%a.s.","22.500","deg","20.000","°C","1013.000","hPa","0.861","-0.02056","0.00035","-0.00011","0","14.7","Humid","26.25","0","52.00","345795.88","SABD0000000001","AAV1.0.0.11","2.0.0.28","PSt7-10","000000-000","10/20/2017 9:36:39 AM","0000-00","0","no battery","V"
"10/20/2017","11:59:55","5","default","957498349","OXY5","50.284","min","158.495","μmol/L","Humid","20.916","deg","90980","µV","36.003","°C","1019.000","hPa","37.0","pmil","0","55.500","deg","20.000","°C","100.000","%a.s.","22.500","deg","20.000","°C","1013.000","hPa","0.861","-0.02056","0.00035","-0.00011","0","14.7","Humid","26.25","0","52.00","345781.38","SABD0000000001","AAV1.0.0.11","2.0.0.28","PSt7-10","000000-000","10/20/2017 9:36:39 AM","0000-00","0","no battery","V"
"10/20/2017","11:59:56","5","default","957498349","OXY5","50.301","min","158.389","μmol/L","Humid","20.921","deg","90982","µV","36.008","°C","1019.000","hPa","37.0","pmil","0","55.500","deg","20.000","°C","100.000","%a.s.","22.500","deg","20.000","°C","1013.000","hPa","0.861","-0.02056","0.00035","-0.00011","0","14.7","Humid","26.25","0","52.00","345783.49","SABD0000000001","AAV1.0.0.11","2.0.0.28","PSt7-10","000000-000","10/20/2017 9:36:39 AM","0000-00","0","no battery","V"
"10/20/2017","11:59:57","5","default","957498349","OXY5","50.318","min","158.433","μmol/L","Humid","20.918","deg","90983","µV","36.008","°C","1019.000","hPa","37.0","pmil","0","55.500","deg","20.000","°C","100.000","%a.s.","22.500","deg","20.000","°C","1013.000","hPa","0.861","-0.02056","0.00035","-0.00011","0","14.7","Humid","26.25","0","52.00","345781.96","SABD0000000001","AAV1.0.0.11","2.0.0.28","PSt7-10","000000-000","10/20/2017 9:36:39 AM","0000-00","0","no battery","V"
"10/20/2017","11:59:58","5","default","957498349","OXY5","50.334","min","158.551","μmol/L","Humid","20.918","deg","90978","µV","35.989","°C","1019.000","hPa","37.0","pmil","0","55.500","deg","20.000","°C","100.000","%a.s.","22.500","deg","20.000","°C","1013.000","hPa","0.861","-0.02056","0.00035","-0.00011","0","14.7","Humid","26.25","0","52.00","345769.71","SABD0000000001","AAV1.0.0.11","2.0.0.28","PSt7-10","000000-000","10/20/2017 9:36:39 AM","0000-00","0","no battery","V"
"10/20/2017","11:59:59","5","default","957498349","OXY5","50.351","min","158.391","μmol/L","Humid","20.918","deg","90982","µV","36.015","°C","1019.000","hPa","37.0","pmil","0","55.500","deg","20.000","°C","100.000","%a.s.","22.500","deg","20.000","°C","1013.000","hPa","0.861","-0.02056","0.00035","-0.00011","0","14.7","Humid","26.25","0","52.00","345778.02","SABD0000000001","AAV1.0.0.11","2.0.0.28","PSt7-10","000000-000","10/20/2017 9:36:39 AM","0000-00","0","no battery","V"
"10/20/2017","12:00:00","5","default","957498349","OXY5","50.368","min","158.499","μmol/L","Humid","20.917","deg","90980","µV","35.999","°C","1019.000","hPa","37.0","pmil","0","55.500","deg","20.000","°C","100.000","%a.s.","22.500","deg","20.000","°C","1013.000","hPa","0.861","-0.02056","0.00035","-0.00011","0","14.7","Humid","26.25","0","52.00","345781.17","SABD0000000001","AAV1.0.0.11","2.0.0.28","PSt7-10","000000-000","10/20/2017 9:36:39 AM","0000-00","0","no battery","V"
"10/20/2017","12:00:01","5","default","957498349","OXY5","50.384","min","158.343","μmol/L","Humid","20.922","deg","90980","µV","36.014","°C","1019.000","hPa","37.0","pmil","0","55.500","deg","20.000","°C","100.000","%a.s.","22.500","deg","20.000","°C","1013.000","hPa","0.861","-0.02056","0.00035","-0.00011","0","14.7","Humid","26.25","0","52.00","345782.89","SABD0000000001","AAV1.0.0.11","2.0.0.28","PSt7-10","000000-000","10/20/2017 9:36:39 AM","0000-00","0","no battery","V"
"10/20/2017","12:00:02","5","default","957498349","OXY5","50.401","min","158.457","μmol/L","Humid","20.915","deg","90974","µV","36.011","°C","1019.000","hPa","37.0","pmil","0","55.500","deg","20.000","°C","100.000","%a.s.","22.500","deg","20.000","°C","1013.000","hPa","0.861","-0.02056","0.00035","-0.00011","0","14.7","Humid","26.25","0","52.00","345769.48","SABD0000000001","AAV1.0.0.11","2.0.0.28","PSt7-10","000000-000","10/20/2017 9:36:39 AM","0000-00","0","no battery","V"
"10/20/2017","12:00:03","5","default","957498349","OXY5","50.418","min","158.491","μmol/L","Humid","20.916","deg","90977","µV","36.003","°C","1019.000","hPa","37.0","pmil","0","55.500","deg","20.000","°C","100.000","%a.s.","22.500","deg","20.000","°C","1013.000","hPa","0.861","-0.02056","0.00035","-0.00011","0","14.7","Humid","26.25","0","52.00","345770.91","SABD0000000001","AAV1.0.0.11","2.0.0.28","PSt7-10","000000-000","10/20/2017 9:36:39 AM","0000-00","0","no battery","V"
"10/20/2017","12:00:04","5","default","957498349","OXY5","50.435","min","158.470","μmol/L","Humid","20.919","deg","90969","µV","36.000","°C","1019.000","hPa","37.0","pmil","0","55.500","deg","20.000","°C","100.000","%a.s.","22.500","deg","20.000","°C","1013.000","hPa","0.861","-0.02056","0.00035","-0.00011","0","14.7","Humid","26.25","0","52.00","345765.52","SABD0000000001","AAV1.0.0.11","2.0.0.28","PSt7-10","000000-000","10/20/2017 9:36:39 AM","0000-00","0","no battery","V"
"10/20/2017","12:00:05","5","default","957498349","OXY5","50.451","min","158.435","μmol/L","Humid","20.919","deg","90974","µV","36.005","°C","1019.000","hPa","37.0","pmil","0","55.500","deg","20.000","°C","100.000","%a.s.","22.500","deg","20.000","°C","1013.000","hPa","0.861","-0.02056","0.00035","-0.00011","0","14.7","Humid","26.25","0","52.00","345762.07","SABD0000000001","AAV1.0.0.11","2.0.0.28","PSt7-10","000000-000","10/20/2017 9:36:39 AM","0000-00","0","no battery","V"
"10/20/2017","12:00:06","5","default","957498349","OXY5","50.468","min","158.522","μmol/L","Humid","20.917","deg","90971","µV","35.996","°C","1019.000","hPa","37.0","pmil","0","55.500","deg","20.000","°C","100.000","%a.s.","22.500","deg","20.000","°C","1013.000","hPa","0.861","-0.02056","0.00035","-0.00011","0","14.7","Humid","26.25","0","52.00","345770.68","SABD0000000001","AAV1.0.0.11","2.0.0.28","PSt7-10","000000-000","10/20/2017 9:36:39 AM","0000-00","0","no battery","V"
"10/20/2017","12:00:07","5","default","957498349","OXY5","50.485","min","158.484","μmol/L","Humid","20.923","deg","90975","µV","35.988","°C","1019.000","hPa","37.0","pmil","0","55.500","deg","20.000","°C","100.000","%a.s.","22.500","deg","20.000","°C","1013.000","hPa","0.861","-0.02056","0.00035","-0.00011","0","14.7","Humid","26.25","0","52.00","345765.79","SABD0000000001","AAV1.0.0.11","2.0.0.28","PSt7-10","000000-000","10/20/2017 9:36:39 AM","0000-00","0","no battery","V"
"10/20/2017","12:00:08","5","default","957498349","OXY5","50.501","min","158.565","μmol/L","Humid","20.915","deg","90970","µV","35.993","°C","1019.000","hPa","37.0","pmil","0","55.500","deg","20.000","°C","100.000","%a.s.","22.500","deg","20.000","°C","1013.000","hPa","0.861","-0.02056","0.00035","-0.00011","0","14.7","Humid","26.25","0","52.00","345758.16","SABD0000000001","AAV1.0.0.11","2.0.0.28","PSt7-10","000000-000","10/20/2017 9:36:39 AM","0000-00","0","no battery","V"
"10/20/2017","12:00:09","5","default","957498349","OXY5","50.518","min","158.464","μmol/L","Humid","20.919","deg","90963","µV","36.001","°C","1019.000","hPa","37.0","pmil","0","55.500","deg","20.000","°C","100.000","%a.s.","22.500","deg","20.000","°C","1013.000","hPa","0.861","-0.02056","0.00035","-0.00011","0","14.7","Humid","26.25","0","52.00","345757.25","SABD0000000001","AAV1.0.0.11","2.0.0.28","PSt7-10","000000-000","10/20/2017 9:36:39 AM","0000-00","0","no battery","V"
"10/20/2017","12:00:10","5","default","957498349","OXY5","50.535","min","158.380","μmol/L","Humid","20.922","deg","90969","µV","36.007","°C","1019.000","hPa","37.0","pmil","0","55.500","deg","20.000","°C","100.000","%a.s.","22.500","deg","20.000","°C","1013.000","hPa","0.861","-0.02056","0.00035","-0.00011","0","14.7","Humid","26.25","0","52.00","345758.77","SABD0000000001","AAV1.0.0.11","2.0.0.28","PSt7-10","000000-000","10/20/2017 9:36:39 AM","0000-00","0","no battery","V"
"10/20/2017","12:00:11","5","default","957498349","OXY5","50.551","min","158.351","μmol/L","Humid","20.918","deg","90963","µV","36.022","°C","1019.000","hPa","37.0","pmil","0","55.500","deg","20.000","°C","100.000","%a.s.","22.500","deg","20.000","°C","1013.000","hPa","0.861","-0.02056","0.00035","-0.00011","0","14.7","Humid","26.25","0","52.00","345759.14","SABD0000000001","AAV1.0.0.11","2.0.0.28","PSt7-10","000000-000","10/20/2017 9:36:39 AM","0000-00","0","no battery","V"
"10/20/2017","12:00:12","5","default","957498349","OXY5","50.568","min","158.368","μmol/L","Humid","20.917","deg","90969","µV","36.021","°C","1019.000","hPa","37.0","pmil","0","55.500","deg","20.000","°C","100.000","%a.s.","22.500","deg","20.000","°C","1013.000","hPa","0.861","-0.02056","0.00035","-0.00011","0","14.7","Humid","26.25","0","52.00","345769.42","SABD0000000001","AAV1.0.0.11","2.0.0.28","PSt7-10","000000-000","10/20/2017 9:36:39 AM","0000-00","0","no battery","V"
"10/20/2017","12:00:13","5","default","957498349","OXY5","50.585","min","158.509","μmol/L","Humid","20.916","deg","90967","µV","36.000","°C","1019.000","hPa","37.0","pmil","0","55.500","deg","20.000","°C","100.000","%a.s.","22.500","deg","20.000","°C","1013.000","hPa","0.861","-0.02056","0.00035","-0.00011","0","14.7","Humid","26.25","0","52.00","345765.16","SABD0000000001","AAV1.0.0.11","2.0.0.28","PSt7-10","000000-000","10/20/2017 9:36:39 AM","0000-00","0","no battery","V"
"10/20/2017","12:00:14","5","default","957498349","OXY5","50.601","min","158.451","μmol/L","Humid","20.921","deg","90973","µV","35.998","°C","1019.000","hPa","37.0","pmil","0","55.500","deg","20.000","°C","100.000","%a.s.","22.500","deg","20.000","°C","1013.000","hPa","0.861","-0.02056","0.00035","-0.00011","0","14.7","Humid","26.25","0","52.00","345760.23","SABD0000000001","AAV1.0.0.11","2.0.0.28","PSt7-10","000000-000","10/20/2017 9:36:39 AM","0000-00","0","no battery","V"
"10/20/2017","12:00:15","5","default","957498349","OXY5","50.618","min","158.430","μmol/L","Humid","20.917","deg","90960","µV","36.011","°C","1019.000","hPa","37.0","pmil","0","55.500","deg","20.000","°C","100.000","%a.s.","22.500","deg","20.000","°C","1013.000","hPa","0.861","-0.02056","0.00035","-0.00011","0","14.7","Humid","26.25","0","52.00","345752.91","SABD0000000001","AAV1.0.0.11","2.0.0.28","PSt7-10","000000-000","10/20/2017 9:36:39 AM","0000-00","0","no battery","V"
"10/20/2017","12:00:16","5","default","957498349","OXY5","50.635","min","158.491","μmol/L","Humid","20.916","deg","90963","µV","36.003","°C","1019.000","hPa","37.0","pmil","0","55.500","deg","20.000","°C","100.000","%a.s.","22.500","deg","20.000","°C","1013.000","hPa","0.861","-0.02056","0.00035","-0.00011","0","14.7","Humid","26.25","0","52.00","345752.94","SABD0000000001","AAV1.0.0.11","2.0.0.28","PSt7-10","000000-000","10/20/2017 9:36:39 AM","0000-00","0","no battery","V"
"10/20/2017","12:00:17","5","default","957498349","OXY5","50.651","min","158.510","μmol/L","Humid","20.918","deg","90961","µV","35.995","°C","1019.000","hPa","37.0","pmil","0","55.500","deg","20.000","°C","100.000","%a.s.","22.500","deg","20.000","°C","1013.000","hPa","0.861","-0.02056","0.00035","-0.00011","0","14.7","Humid","26.25","0","52.00","345763.77","SABD0000000001","AAV1.0.0.11","2.0.0.28","PSt7-10","000000-000","10/20/2017 9:36:39 AM","0000-00","0","no battery","V"
"10/20/2017","12:00:18","5","default","957498349","OXY5","50.668","min","158.463","μmol/L","Humid","20.921","deg","90953","µV","35.996","°C","1019.000","hPa","37.0","pmil","0","55.500","deg","20.000","°C","100.000","%a.s.","22.500","deg","20.000","°C","1013.000","hPa","0.861","-0.02056","0.00035","-0.00011","0","14.7","Humid","26.25","0","52.00","345758.30","SABD0000000001","AAV1.0.0.11","2.0.0.28","PSt7-10","000000-000","10/20/2017 9:36:39 AM","0000-00","0","no battery","V"
"10/20/2017","12:00:19","5","default","957498349","OXY5","50.685","min","158.487","μmol/L","Humid","20.917","deg","90959","µV","36.001","°C","1019.000","hPa","37.0","pmil","0","55.500","deg","20.000","°C","100.000","%a.s.","22.500","deg","20.000","°C","1013.000","hPa","0.861","-0.02056","0.00035","-0.00011","0","14.7","Humid","26.25","0","52.00","345740.35","SABD0000000001","AAV1.0.0.11","2.0.0.28","PSt7-10","000000-000","10/20/2017 9:36:39 AM","0000-00","0","no battery","V"
"10/20/2017","12:00:20","5","default","957498349","OXY5","50.701","min","158.533","μmol/L","Humid","20.915","deg","90960","µV","35.999","°C","1019.000","hPa","37.0","pmil","0","55.500","deg","20.000","°C","100.000","%a.s.","22.500","deg","20.000","°C","1013.000","hPa","0.861","-0.02056","0.00035","-0.00011","0","14.7","Humid","26.25","0","52.00","345741.45","SABD0000000001","AAV1.0.0.11","2.0.0.28","PSt7-10","000000-000","10/20/2017 9:36:39 AM","0000-00","0","no battery","V"
"10/20/2017","12:00:21","5","default","957498349","OXY5","50.718","min","158.486","μmol/L","Humid","20.919","deg","90944","µV","35.997","°C","1019.000","hPa","37.0","pmil","0","55.500","deg","20.000","°C","100.000","%a.s.","22.500","deg","20.000","°C","1013.000","hPa","0.861","-0.02056","0.00035","-0.00011","0","14.7","Humid","26.25","0","52.00","345739.20","SABD0000000001","AAV1.0.0.11","2.0.0.28","PSt7-10","000000-000","10/20/2017 9:36:39 AM","0000-00","0","no battery","V"
"10/20/2017","12:00:22","5","default","957498349","OXY5","50.735","min","158.407","μmol/L","Humid","20.922","deg","90948","µV","36.003","°C","1019.000","hPa","37.0","pmil","0","55.500","deg","20.000","°C","100.000","%a.s.","22.500","deg","20.000","°C","1013.000","hPa","0.861","-0.02056","0.00035","-0.00011","0","14.7","Humid","26.25","0","52.00","345744.57","SABD0000000001","AAV1.0.0.11","2.0.0.28","PSt7-10","000000-000","10/20/2017 9:36:39 AM","0000-00","0","no battery","V"
"10/20/2017","12:00:23","5","default","957498349","OXY5","50.751","min","158.506","μmol/L","Humid","20.917","deg","90949","µV","35.998","°C","1019.000","hPa","37.0","pmil","0","55.500","deg","20.000","°C","100.000","%a.s.","22.500","deg","20.000","°C","1013.000","hPa","0.861","-0.02056","0.00035","-0.00011","0","14.7","Humid","26.25","0","52.00","345744.67","SABD0000000001","AAV1.0.0.11","2.0.0.28","PSt7-10","000000-000","10/20/2017 9:36:39 AM","0000-00","0","no battery","V"
"10/20/2017","12:00:24","5","default","957498349","OXY5","50.768","min","158.409","μmol/L","Humid","20.919","deg","90951","µV","36.010","°C","1019.000","hPa","37.0","pmil","0","55.500","deg","20.000","°C","100.000","%a.s.","22.500","deg","20.000","°C","1013.000","hPa","0.861","-0.02056","0.00035","-0.00011","0","14.7","Humid","26.25","0","52.00","345749.50","SABD0000000001","AAV1.0.0.11","2.0.0.28","PSt7-10","000000-000","10/20/2017 9:36:39 AM","0000-00","0","no battery","V"
"10/20/2017","12:00:25","5","default","957498349","OXY5","50.785","min","158.463","μmol/L","Humid","20.917","deg","90945","µV","36.005","°C","1019.000","hPa","37.0","pmil","0","55.500","deg","20.000","°C","100.000","%a.s.","22.500","deg","20.000","°C","1013.000","hPa","0.861","-0.02056","0.00035","-0.00011","0","14.7","Humid","26.25","0","52.00","345751.91","SABD0000000001","AAV1.0.0.11","2.0.0.28","PSt7-10","000000-000","10/20/2017 9:36:39 AM","0000-00","0","no battery","V"
"10/20/2017","12:00:26","5","default","957498349","OXY5","50.801","min","158.517","μmol/L","Humid","20.917","deg","90949","µV","35.997","°C","1019.000","hPa","37.0","pmil","0","55.500","deg","20.000","°C","100.000","%a.s.","22.500","deg","20.000","°C","1013.000","hPa","0.861","-0.02056","0.00035","-0.00011","0","14.7","Humid","26.25","0","52.00","345750.80","SABD0000000001","AAV1.0.0.11","2.0.0.28","PSt7-10","000000-000","10/20/2017 9:36:39 AM","0000-00","0","no battery","V"
"10/20/2017","12:00:28","5","default","957498349","OXY5","50.835","min","158.573","μmol/L","Humid","20.917","deg","90945","µV","35.987","°C","1019.000","hPa","37.0","pmil","0","55.500","deg","20.000","°C","100.000","%a.s.","22.500","deg","20.000","°C","1013.000","hPa","0.861","-0.02056","0.00035","-0.00011","0","14.7","Humid","26.25","0","52.00","345750.42","SABD0000000001","AAV1.0.0.11","2.0.0.28","PSt7-10","000000-000","10/20/2017 9:36:39 AM","0000-00","0","no battery","V"
"10/20/2017","12:00:29","5","default","957498349","OXY5","50.852","min","158.375","μmol/L","Humid","20.918","deg","90943","µV","36.018","°C","1019.000","hPa","37.0","pmil","0","55.500","deg","20.000","°C","100.000","%a.s.","22.500","deg","20.000","°C","1013.000","hPa","0.861","-0.02056","0.00035","-0.00011","0","14.7","Humid","26.25","0","52.00","345741.79","SABD0000000001","AAV1.0.0.11","2.0.0.28","PSt7-10","000000-000","10/20/2017 9:36:39 AM","0000-00","0","no battery","V"
"10/20/2017","12:00:30","5","default","957498349","OXY5","50.868","min","158.444","μmol/L","Humid","20.918","deg","90933","µV","36.006","°C","1019.000","hPa","37.0","pmil","0","55.500","deg","20.000","°C","100.000","%a.s.","22.500","deg","20.000","°C","1013.000","hPa","0.861","-0.02056","0.00035","-0.00011","0","14.7","Humid","26.25","0","52.00","345740.75","SABD0000000001","AAV1.0.0.11","2.0.0.28","PSt7-10","000000-000","10/20/2017 9:36:39 AM","0000-00","0","no battery","V"
"10/20/2017","12:00:31","5","default","957498349","OXY5","50.885","min","158.452","μmol/L","Humid","20.920","deg","90938","µV","36.000","°C","1019.000","hPa","37.0","pmil","0","55.500","deg","20.000","°C","100.000","%a.s.","22.500","deg","20.000","°C","1013.000","hPa","0.861","-0.02056","0.00035","-0.00011","0","14.7","Humid","26.25","0","52.00","345763.49","SABD0000000001","AAV1.0.0.11","2.0.0.28","PSt7-10","000000-000","10/20/2017 9:36:39 AM","0000-00","0","no battery","V"
"10/20/2017","12:00:32","5","default","957498349","OXY5","50.902","min","158.370","μmol/L","Humid","20.922","deg","90940","µV","36.009","°C","1019.000","hPa","37.0","pmil","0","55.500","deg","20.000","°C","100.000","%a.s.","22.500","deg","20.000","°C","1013.000","hPa","0.861","-0.02056","0.00035","-0.00011","0","14.7","Humid","26.25","0","52.00","345739.33","SABD0000000001","AAV1.0.0.11","2.0.0.28","PSt7-10","000000-000","10/20/2017 9:36:39 AM","0000-00","0","no battery","V"
"10/20/2017","12:00:33","5","default","957498349","OXY5","50.918","min","158.460","μmol/L","Humid","20.917","deg","90941","µV","36.006","°C","1019.000","hPa","37.0","pmil","0","55.500","deg","20.000","°C","100.000","%a.s.","22.500","deg","20.000","°C","1013.000","hPa","0.861","-0.02056","0.00035","-0.00011","0","14.7","Humid","26.25","0","52.00","345745.37","SABD0000000001","AAV1.0.0.11","2.0.0.28","PSt7-10","000000-000","10/20/2017 9:36:39 AM","0000-00","0","no battery","V"
"10/20/2017","12:00:34","5","default","957498349","OXY5","50.935","min","158.408","μmol/L","Humid","20.919","deg","90937","µV","36.010","°C","1019.000","hPa","37.0","pmil","0","55.500","deg","20.000","°C","100.000","%a.s.","22.500","deg","20.000","°C","1013.000","hPa","0.861","-0.02056","0.00035","-0.00011","0","14.7","Humid","26.25","0","52.00","345744.85","SABD0000000001","AAV1.0.0.11","2.0.0.28","PSt7-10","000000-000","10/20/2017 9:36:39 AM","0000-00","0","no battery","V"
"10/20/2017","12:00:35","5","default","957498349","OXY5","50.952","min","158.434","μmol/L","Humid","20.916","deg","90934","µV","36.013","°C","1019.000","hPa","37.0","pmil","0","55.500","deg","20.000","°C","100.000","%a.s.","22.500","deg","20.000","°C","1013.000","hPa","0.861","-0.02056","0.00035","-0.00011","0","14.7","Humid","26.25","0","52.00","345739.26","SABD0000000001","AAV1.0.0.11","2.0.0.28","PSt7-10","000000-000","10/20/2017 9:36:39 AM","0000-00","0","no battery","V"
"10/20/2017","12:00:36","5","default","957498349","OXY5","50.968","min","158.445","μmol/L","Humid","20.917","deg","90938","µV","36.008","°C","1019.000","hPa","37.0","pmil","0","55.500","deg","20.000","°C","100.000","%a.s.","22.500","deg","20.000","°C","1013.000","hPa","0.861","-0.02056","0.00035","-0.00011","0","14.7","Humid","26.25","0","52.00","345750.86","SABD0000000001","AAV1.0.0.11","2.0.0.28","PSt7-10","000000-000","10/20/2017 9:36:39 AM","0000-00","0","no battery","V"
"10/20/2017","12:00:37","5","default","957498349","OXY5","50.985","min","158.451","μmol/L","Humid","20.923","deg","90933","µV","35.993","°C","1019.000","hPa","37.0","pmil","0","55.500","deg","20.000","°C","100.000","%a.s.","22.500","deg","20.000","°C","1013.000","hPa","0.861","-0.02056","0.00035","-0.00011","0","14.7","Humid","26.25","0","52.00","345725.01","SABD0000000001","AAV1.0.0.11","2.0.0.28","PSt7-10","000000-000","10/20/2017 9:36:39 AM","0000-00","0","no battery","V"
"10/20/2017","12:00:38","5","default","957498349","OXY5","51.002","min","158.532","μmol/L","Humid","20.914","deg","90930","µV","36.001","°C","1019.000","hPa","37.0","pmil","0","55.500","deg","20.000","°C","100.000","%a.s.","22.500","deg","20.000","°C","1013.000","hPa","0.861","-0.02056","0.00035","-0.00011","0","14.7","Humid","26.25","0","52.00","345726.17","SABD0000000001","AAV1.0.0.11","2.0.0.28","PSt7-10","000000-000","10/20/2017 9:36:39 AM","0000-00","0","no battery","V"
"10/20/2017","12:00:39","5","default","957498349","OXY5","51.018","min","158.353","μmol/L","Humid","20.921","deg","90928","µV","36.014","°C","1019.000","hPa","37.0","pmil","0","55.500","deg","20.000","°C","100.000","%a.s.","22.500","deg","20.000","°C","1013.000","hPa","0.861","-0.02056","0.00035","-0.00011","0","14.7","Humid","26.25","0","52.00","345736.82","SABD0000000001","AAV1.0.0.11","2.0.0.28","PSt7-10","000000-000","10/20/2017 9:36:39 AM","0000-00","0","no battery","V"
"10/20/2017","12:00:40","5","default","957498349","OXY5","51.035","min","158.455","μmol/L","Humid","20.917","deg","90926","µV","36.007","°C","1019.000","hPa","37.0","pmil","0","55.500","deg","20.000","°C","100.000","%a.s.","22.500","deg","20.000","°C","1013.000","hPa","0.861","-0.02056","0.00035","-0.00011","0","14.7","Humid","26.25","0","52.00","345737.82","SABD0000000001","AAV1.0.0.11","2.0.0.28","PSt7-10","000000-000","10/20/2017 9:36:39 AM","0000-00","0","no battery","V"
"10/20/2017","12:00:41","5","default","957498349","OXY5","51.052","min","158.457","μmol/L","Humid","20.920","deg","90928","µV","35.999","°C","1019.000","hPa","37.0","pmil","0","55.500","deg","20.000","°C","100.000","%a.s.","22.500","deg","20.000","°C","1013.000","hPa","0.861","-0.02056","0.00035","-0.00011","0","14.7","Humid","26.25","0","52.00","345728.68","SABD0000000001","AAV1.0.0.11","2.0.0.28","PSt7-10","000000-000","10/20/2017 9:36:39 AM","0000-00","0","no battery","V"
"10/20/2017","12:00:42","5","default","957498349","OXY5","51.068","min","158.452","μmol/L","Humid","20.917","deg","90926","µV","36.007","°C","1019.000","hPa","37.0","pmil","0","55.500","deg","20.000","°C","100.000","%a.s.","22.500","deg","20.000","°C","1013.000","hPa","0.861","-0.02056","0.00035","-0.00011","0","14.7","Humid","26.25","0","52.00","345734.54","SABD0000000001","AAV1.0.0.11","2.0.0.28","PSt7-10","000000-000","10/20/2017 9:36:39 AM","0000-00","0","no battery","V"
"10/20/2017","12:00:43","5","default","957498349","OXY5","51.085","min","158.537","μmol/L","Humid","20.918","deg","90924","µV","35.991","°C","1019.000","hPa","37.0","pmil","0","55.500","deg","20.000","°C","100.000","%a.s.","22.500","deg","20.000","°C","1013.000","hPa","0.861","-0.02056","0.00035","-0.00011","0","14.7","Humid","26.25","0","52.00","345729.87","SABD0000000001","AAV1.0.0.11","2.0.0.28","PSt7-10","000000-000","10/20/2017 9:36:39 AM","0000-00","0","no battery","V"
"10/20/2017","12:00:44","5","default","957498349","OXY5","51.102","min","158.517","μmol/L","Humid","20.917","deg","90918","µV","35.997","°C","1019.000","hPa","37.0","pmil","0","55.500","deg","20.000","°C","100.000","%a.s.","22.500","deg","20.000","°C","1013.000","hPa","0.861","-0.02056","0.00035","-0.00011","0","14.7","Humid","26.25","0","52.00","345710.83","SABD0000000001","AAV1.0.0.11","2.0.0.28","PSt7-10","000000-000","10/20/2017 9:36:39 AM","0000-00","0","no battery","V"
"10/20/2017","12:00:45","5","default","957498349","OXY5","51.118","min","158.445","μmol/L","Humid","20.920","deg","90921","µV","36.001","°C","1019.000","hPa","37.0","pmil","0","55.500","deg","20.000","°C","100.000","%a.s.","22.500","deg","20.000","°C","1013.000","hPa","0.861","-0.02056","0.00035","-0.00011","0","14.7","Humid","26.25","0","52.00","345722.50","SABD0000000001","AAV1.0.0.11","2.0.0.28","PSt7-10","000000-000","10/20/2017 9:36:39 AM","0000-00","0","no battery","V"
"10/20/2017","12:00:46","5","default","957498349","OXY5","51.135","min","158.447","μmol/L","Humid","20.919","deg","90928","µV","36.003","°C","1019.000","hPa","37.0","pmil","0","55.500","deg","20.000","°C","100.000","%a.s.","22.500","deg","20.000","°C","1013.000","hPa","0.861","-0.02056","0.00035","-0.00011","0","14.7","Humid","26.25","0","52.00","345729.72","SABD0000000001","AAV1.0.0.11","2.0.0.28","PSt7-10","000000-000","10/20/2017 9:36:39 AM","0000-00","0","no battery","V"
"10/20/2017","12:00:47","5","default","957498349","OXY5","51.152","min","158.475","μmol/L","Humid","20.916","deg","90914","µV","36.006","°C","1019.000","hPa","37.0","pmil","0","55.500","deg","20.000","°C","100.000","%a.s.","22.500","deg","20.000","°C","1013.000","hPa","0.861","-0.02056","0.00035","-0.00011","0","14.7","Humid","26.25","0","52.00","345725.08","SABD0000000001","AAV1.0.0.11","2.0.0.28","PSt7-10","000000-000","10/20/2017 9:36:39 AM","0000-00","0","no battery","V"
"10/20/2017","12:00:48","5","default","957498349","OXY5","51.168","min","158.493","μmol/L","Humid","20.918","deg","90926","µV","35.998","°C","1019.000","hPa","37.0","pmil","0","55.500","deg","20.000","°C","100.000","%a.s.","22.500","deg","20.000","°C","1013.000","hPa","0.861","-0.02056","0.00035","-0.00011","0","14.7","Humid","26.25","0","52.00","345722.92","SABD0000000001","AAV1.0.0.11","2.0.0.28","PSt7-10","000000-000","10/20/2017 9:36:39 AM","0000-00","0","no battery","V"
"10/20/2017","12:00:49","5","default","957498349","OXY5","51.185","min","158.399","μmol/L","Humid","20.922","deg","90917","µV","36.004","°C","1019.000","hPa","37.0","pmil","0","55.500","deg","20.000","°C","100.000","%a.s.","22.500","deg","20.000","°C","1013.000","hPa","0.861","-0.02056","0.00035","-0.00011","0","14.7","Humid","26.25","0","52.00","345736.92","SABD0000000001","AAV1.0.0.11","2.0.0.28","PSt7-10","000000-000","10/20/2017 9:36:39 AM","0000-00","0","no battery","V"
"10/20/2017","12:00:50","5","default","957498349","OXY5","51.202","min","158.461","μmol/L","Humid","20.918","deg","90917","µV","36.003","°C","1019.000","hPa","37.0","pmil","0","55.500","deg","20.000","°C","100.000","%a.s.","22.500","deg","20.000","°C","1013.000","hPa","0.861","-0.02056","0.00035","-0.00011","0","14.7","Humid","26.25","0","52.00","345714.23","SABD0000000001","AAV1.0.0.11","2.0.0.28","PSt7-10","000000-000","10/20/2017 9:36:39 AM","0000-00","0","no battery","V"
"10/20/2017","12:00:51","5","default","957498349","OXY5","51.218","min","158.440","μmol/L","Humid","20.918","deg","90922","µV","36.007","°C","1019.000","hPa","37.0","pmil","0","55.500","deg","20.000","°C","100.000","%a.s.","22.500","deg","20.000","°C","1013.000","hPa","0.861","-0.02056","0.00035","-0.00011","0","14.7","Humid","26.25","0","52.00","345719.91","SABD0000000001","AAV1.0.0.11","2.0.0.28","PSt7-10","000000-000","10/20/2017 9:36:39 AM","0000-00","0","no battery","V"
"10/20/2017","12:00:52","5","default","957498349","OXY5","51.235","min","158.424","μmol/L","Humid","20.921","deg","90916","µV","36.003","°C","1019.000","hPa","37.0","pmil","0","55.500","deg","20.000","°C","100.000","%a.s.","22.500","deg","20.000","°C","1013.000","hPa","0.861","-0.02056","0.00035","-0.00011","0","14.7","Humid","26.25","0","52.00","345730.26","SABD0000000001","AAV1.0.0.11","2.0.0.28","PSt7-10","000000-000","10/20/2017 9:36:39 AM","0000-00","0","no battery","V"
"10/20/2017","12:00:53","5","default","957498349","OXY5","51.252","min","158.457","μmol/L","Humid","20.918","deg","90913","µV","36.004","°C","1019.000","hPa","37.0","pmil","0","55.500","deg","20.000","°C","100.000","%a.s.","22.500","deg","20.000","°C","1013.000","hPa","0.861","-0.02056","0.00035","-0.00011","0","14.7","Humid","26.25","0","52.00","345714.59","SABD0000000001","AAV1.0.0.11","2.0.0.28","PSt7-10","000000-000","10/20/2017 9:36:39 AM","0000-00","0","no battery","V"
"10/20/2017","12:00:54","5","default","957498349","OXY5","51.268","min","158.409","μmol/L","Humid","20.920","deg","90920","µV","36.007","°C","1019.000","hPa","37.0","pmil","0","55.500","deg","20.000","°C","100.000","%a.s.","22.500","deg","20.000","°C","1013.000","hPa","0.861","-0.02056","0.00035","-0.00011","0","14.7","Humid","26.25","0","52.00","345724.43","SABD0000000001","AAV1.0.0.11","2.0.0.28","PSt7-10","000000-000","10/20/2017 9:36:39 AM","0000-00","0","no battery","V"
"10/20/2017","12:00:55","5","default","957498349","OXY5","51.285","min","158.456","μmol/L","Humid","20.918","deg","90909","µV","36.004","°C","1019.000","hPa","37.0","pmil","0","55.500","deg","20.000","°C","100.000","%a.s.","22.500","deg","20.000","°C","1013.000","hPa","0.861","-0.02056","0.00035","-0.00011","0","14.7","Humid","26.25","0","52.00","345706.09","SABD0000000001","AAV1.0.0.11","2.0.0.28","PSt7-10","000000-000","10/20/2017 9:36:39 AM","0000-00","0","no battery","V"
"10/20/2017","12:00:56","5","default","957498349","OXY5","51.302","min","158.443","μmol/L","Humid","20.920","deg","90915","µV","36.002","°C","1019.000","hPa","37.0","pmil","0","55.500","deg","20.000","°C","100.000","%a.s.","22.500","deg","20.000","°C","1013.000","hPa","0.861","-0.02056","0.00035","-0.00011","0","14.7","Humid","26.25","0","52.00","345710.46","SABD0000000001","AAV1.0.0.11","2.0.0.28","PSt7-10","000000-000","10/20/2017 9:36:39 AM","0000-00","0","no battery","V"
"10/20/2017","12:00:57","5","default","957498349","OXY5","51.318","min","158.415","μmol/L","Humid","20.921","deg","90913","µV","36.004","°C","1019.000","hPa","37.0","pmil","0","55.500","deg","20.000","°C","100.000","%a.s.","22.500","deg","20.000","°C","1013.000","hPa","0.861","-0.02056","0.00035","-0.00011","0","14.7","Humid","26.25","0","52.00","345710.23","SABD0000000001","AAV1.0.0.11","2.0.0.28","PSt7-10","000000-000","10/20/2017 9:36:39 AM","0000-00","0","no battery","V"
"10/20/2017","12:00:58","5","default","957498349","OXY5","51.335","min","158.442","μmol/L","Humid","20.915","deg","90910","µV","36.014","°C","1019.000","hPa","37.0","pmil","0","55.500","deg","20.000","°C","100.000","%a.s.","22.500","deg","20.000","°C","1013.000","hPa","0.861","-0.02056","0.00035","-0.00011","0","14.7","Humid","26.25","0","52.00","345716.50","SABD0000000001","AAV1.0.0.11","2.0.0.28","PSt7-10","000000-000","10/20/2017 9:36:39 AM","0000-00","0","no battery","V"
"10/20/2017","12:00:59","5","default","957498349","OXY5","51.352","min","158.435","μmol/L","Humid","20.919","deg","90913","µV","36.005","°C","1019.000","hPa","37.0","pmil","0","55.500","deg","20.000","°C","100.000","%a.s.","22.500","deg","20.000","°C","1013.000","hPa","0.861","-0.02056","0.00035","-0.00011","0","14.7","Humid","26.25","0","52.00","345722.89","SABD0000000001","AAV1.0.0.11","2.0.0.28","PSt7-10","000000-000","10/20/2017 9:36:39 AM","0000-00","0","no battery","V"
"10/20/2017","12:01:00","5","default","957498349","OXY5","51.368","min","158.440","μmol/L","Humid","20.922","deg","90915","µV","35.998","°C","1019.000","hPa","37.0","pmil","0","55.500","deg","20.000","°C","100.000","%a.s.","22.500","deg","20.000","°C","1013.000","hPa","0.861","-0.02056","0.00035","-0.00011","0","14.7","Humid","26.25","0","52.00","345712.66","SABD0000000001","AAV1.0.0.11","2.0.0.28","PSt7-10","000000-000","10/20/2017 9:36:39 AM","0000-00","0","no battery","V"
"10/20/2017","12:01:01","5","default","957498349","OXY5","51.385","min","158.481","μmol/L","Humid","20.917","deg","90903","µV","36.003","°C","1019.000","hPa","37.0","pmil","0","55.500","deg","20.000","°C","100.000","%a.s.","22.500","deg","20.000","°C","1013.000","hPa","0.861","-0.02056","0.00035","-0.00011","0","14.7","Humid","26.25","0","52.00","345711.61","SABD0000000001","AAV1.0.0.11","2.0.0.28","PSt7-10","000000-000","10/20/2017 9:36:39 AM","0000-00","0","no battery","V"
"10/20/2017","12:01:02","5","default","957498349","OXY5","51.402","min","158.454","μmol/L","Humid","20.921","deg","90905","µV","35.998","°C","1019.000","hPa","37.0","pmil","0","55.500","deg","20.000","°C","100.000","%a.s.","22.500","deg","20.000","°C","1013.000","hPa","0.861","-0.02056","0.00035","-0.00011","0","14.7","Humid","26.25","0","52.00","345714.58","SABD0000000001","AAV1.0.0.11","2.0.0.28","PSt7-10","000000-000","10/20/2017 9:36:39 AM","0000-00","0","no battery","V"
"10/20/2017","12:01:03","5","default","957498349","OXY5","51.418","min","158.431","μmol/L","Humid","20.919","deg","90907","µV","36.006","°C","1019.000","hPa","37.0","pmil","0","55.500","deg","20.000","°C","100.000","%a.s.","22.500","deg","20.000","°C","1013.000","hPa","0.861","-0.02056","0.00035","-0.00011","0","14.7","Humid","26.25","0","52.00","345706.95","SABD0000000001","AAV1.0.0.11","2.0.0.28","PSt7-10","000000-000","10/20/2017 9:36:39 AM","0000-00","0","no battery","V"
"10/20/2017","12:01:04","5","default","957498349","OXY5","51.435","min","158.472","μmol/L","Humid","20.918","deg","90897","µV","36.002","°C","1019.000","hPa","37.0","pmil","0","55.500","deg","20.000","°C","100.000","%a.s.","22.500","deg","20.000","°C","1013.000","hPa","0.861","-0.02056","0.00035","-0.00011","0","14.7","Humid","26.25","0","52.00","345700.24","SABD0000000001","AAV1.0.0.11","2.0.0.28","PSt7-10","000000-000","10/20/2017 9:36:39 AM","0000-00","0","no battery","V"
"10/20/2017","12:01:05","5","default","957498349","OXY5","51.452","min","158.541","μmol/L","Humid","20.917","deg","90903","µV","35.993","°C","1019.000","hPa","37.0","pmil","0","55.500","deg","20.000","°C","100.000","%a.s.","22.500","deg","20.000","°C","1013.000","hPa","0.861","-0.02056","0.00035","-0.00011","0","14.7","Humid","26.25","0","52.00","345719.48","SABD0000000001","AAV1.0.0.11","2.0.0.28","PSt7-10","000000-000","10/20/2017 9:36:39 AM","0000-00","0","no battery","V"
"10/20/2017","12:01:06","5","default","957498349","OXY5","51.468","min","158.510","μmol/L","Humid","20.918","deg","90902","µV","35.995","°C","1019.000","hPa","37.0","pmil","0","55.500","deg","20.000","°C","100.000","%a.s.","22.500","deg","20.000","°C","1013.000","hPa","0.861","-0.02056","0.00035","-0.00011","0","14.7","Humid","26.25","0","52.00","345712.87","SABD0000000001","AAV1.0.0.11","2.0.0.28","PSt7-10","000000-000","10/20/2017 9:36:39 AM","0000-00","0","no battery","V"
"10/20/2017","12:01:07","5","default","957498349","OXY5","51.485","min","158.370","μmol/L","Humid","20.918","deg","90898","µV","36.019","°C","1019.000","hPa","37.0","pmil","0","55.500","deg","20.000","°C","100.000","%a.s.","22.500","deg","20.000","°C","1013.000","hPa","0.861","-0.02056","0.00035","-0.00011","0","14.7","Humid","26.25","0","52.00","345720.29","SABD0000000001","AAV1.0.0.11","2.0.0.28","PSt7-10","000000-000","10/20/2017 9:36:39 AM","0000-00","0","no battery","V"
"10/20/2017","12:01:08","5","default","957498349","OXY5","51.502","min","158.274","μmol/L","Humid","20.924","deg","90896","µV","36.020","°C","1019.000","hPa","37.0","pmil","0","55.500","deg","20.000","°C","100.000","%a.s.","22.500","deg","20.000","°C","1013.000","hPa","0.861","-0.02056","0.00035","-0.00011","0","14.7","Humid","26.25","0","52.00","345710.00","SABD0000000001","AAV1.0.0.11","2.0.0.28","PSt7-10","000000-000","10/20/2017 9:36:39 AM","0000-00","0","no battery","V"
"10/20/2017","12:01:09","5","default","957498349","OXY5","51.518","min","158.326","μmol/L","Humid","20.920","deg","90900","µV","36.021","°C","1019.000","hPa","37.0","pmil","0","55.500","deg","20.000","°C","100.000","%a.s.","22.500","deg","20.000","°C","1013.000","hPa","0.861","-0.02056","0.00035","-0.00011","0","14.7","Humid","26.25","0","52.00","345689.57","SABD0000000001","AAV1.0.0.11","2.0.0.28","PSt7-10","000000-000","10/20/2017 9:36:39 AM","0000-00","0","no battery","V"
"10/20/2017","12:01:10","5","default","957498349","OXY5","51.535","min","158.474","μmol/L","Humid","20.918","deg","90892","µV","36.001","°C","1019.000","hPa","37.0","pmil","0","55.500","deg","20.000","°C","100.000","%a.s.","22.500","deg","20.000","°C","1013.000","hPa","0.861","-0.02056","0.00035","-0.00011","0","14.7","Humid","26.25","0","52.00","345704.28","SABD0000000001","AAV1.0.0.11","2.0.0.28","PSt7-10","000000-000","10/20/2017 9:36:39 AM","0000-00","0","no battery","V"
"10/20/2017","12:01:11","5","default","957498349","OXY5","51.552","min","158.477","μmol/L","Humid","20.917","deg","90891","µV","36.003","°C","1019.000","hPa","37.0","pmil","0","55.500","deg","20.000","°C","100.000","%a.s.","22.500","deg","20.000","°C","1013.000","hPa","0.861","-0.02056","0.00035","-0.00011","0","14.7","Humid","26.25","0","52.00","345678.72","SABD0000000001","AAV1.0.0.11","2.0.0.28","PSt7-10","000000-000","10/20/2017 9:36:39 AM","0000-00","0","no battery","V"
"10/20/2017","12:01:12","5","default","957498349","OXY5","51.568","min","158.332","μmol/L","Humid","20.924","deg","90888","µV","36.011","°C","1019.000","hPa","37.0","pmil","0","55.500","deg","20.000","°C","100.000","%a.s.","22.500","deg","20.000","°C","1013.000","hPa","0.861","-0.02056","0.00035","-0.00011","0","14.7","Humid","26.25","0","52.00","345692.13","SABD0000000001","AAV1.0.0.11","2.0.0.28","PSt7-10","000000-000","10/20/2017 9:36:39 AM","0000-00","0","no battery","V"
"10/20/2017","12:01:13","5","default","957498349","OXY5","51.585","min","158.420","μmol/L","Humid","20.923","deg","90890","µV","35.998","°C","1019.000","hPa","37.0","pmil","0","55.500","deg","20.000","°C","100.000","%a.s.","22.500","deg","20.000","°C","1013.000","hPa","0.861","-0.02056","0.00035","-0.00011","0","14.7","Humid","26.25","0","52.00","345690.70","SABD0000000001","AAV1.0.0.11","2.0.0.28","PSt7-10","000000-000","10/20/2017 9:36:39 AM","0000-00","0","no battery","V"
"10/20/2017","12:01:14","5","default","957498349","OXY5","51.602","min","158.440","μmol/L","Humid","20.920","deg","90891","µV","36.002","°C","1019.000","hPa","37.0","pmil","0","55.500","deg","20.000","°C","100.000","%a.s.","22.500","deg","20.000","°C","1013.000","hPa","0.861","-0.02056","0.00035","-0.00011","0","14.7","Humid","26.25","0","52.00","345687.28","SABD0000000001","AAV1.0.0.11","2.0.0.28","PSt7-10","000000-000","10/20/2017 9:36:39 AM","0000-00","0","no battery","V"
"10/20/2017","12:01:15","5","default","957498349","OXY5","51.618","min","158.459","μmol/L","Humid","20.920","deg","90884","µV","35.999","°C","1019.000","hPa","37.0","pmil","0","55.500","deg","20.000","°C","100.000","%a.s.","22.500","deg","20.000","°C","1013.000","hPa","0.861","-0.02056","0.00035","-0.00011","0","14.7","Humid","26.25","0","52.00","345690.01","SABD0000000001","AAV1.0.0.11","2.0.0.28","PSt7-10","000000-000","10/20/2017 9:36:39 AM","0000-00","0","no battery","V"
"10/20/2017","12:01:16","5","default","957498349","OXY5","51.635","min","158.393","μmol/L","Humid","20.920","deg","90896","µV","36.010","°C","1019.000","hPa","37.0","pmil","0","55.500","deg","20.000","°C","100.000","%a.s.","22.500","deg","20.000","°C","1013.000","hPa","0.861","-0.02056","0.00035","-0.00011","0","14.7","Humid","26.25","0","52.00","345696.75","SABD0000000001","AAV1.0.0.11","2.0.0.28","PSt7-10","000000-000","10/20/2017 9:36:39 AM","0000-00","0","no battery","V"
"10/20/2017","12:01:17","5","default","957498349","OXY5","51.652","min","158.486","μmol/L","Humid","20.919","deg","90893","µV","35.997","°C","1019.000","hPa","37.0","pmil","0","55.500","deg","20.000","°C","100.000","%a.s.","22.500","deg","20.000","°C","1013.000","hPa","0.861","-0.02056","0.00035","-0.00011","0","14.7","Humid","26.25","0","52.00","345695.44","SABD0000000001","AAV1.0.0.11","2.0.0.28","PSt7-10","000000-000","10/20/2017 9:36:39 AM","0000-00","0","no battery","V"
"10/20/2017","12:01:18","5","default","957498349","OXY5","51.668","min","158.501","μmol/L","Humid","20.917","deg","90883","µV","35.999","°C","1019.000","hPa","37.0","pmil","0","55.500","deg","20.000","°C","100.000","%a.s.","22.500","deg","20.000","°C","1013.000","hPa","0.861","-0.02056","0.00035","-0.00011","0","14.7","Humid","26.25","0","52.00","345688.25","SABD0000000001","AAV1.0.0.11","2.0.0.28","PSt7-10","000000-000","10/20/2017 9:36:39 AM","0000-00","0","no battery","V"
"10/20/2017","12:01:19","5","default","957498349","OXY5","51.685","min","158.529","μmol/L","Humid","20.916","deg","90881","µV","35.997","°C","1019.000","hPa","37.0","pmil","0","55.500","deg","20.000","°C","100.000","%a.s.","22.500","deg","20.000","°C","1013.000","hPa","0.861","-0.02056","0.00035","-0.00011","0","14.7","Humid","26.25","0","52.00","345675.17","SABD0000000001","AAV1.0.0.11","2.0.0.28","PSt7-10","000000-000","10/20/2017 9:36:39 AM","0000-00","0","no battery","V"
"10/20/2017","12:01:20","5","default","957498349","OXY5","51.702","min","158.475","μmol/L","Humid","20.917","deg","90881","µV","36.003","°C","1019.000","hPa","37.0","pmil","0","55.500","deg","20.000","°C","100.000","%a.s.","22.500","deg","20.000","°C","1013.000","hPa","0.861","-0.02056","0.00035","-0.00011","0","14.7","Humid","26.25","0","52.00","345690.43","SABD0000000001","AAV1.0.0.11","2.0.0.28","PSt7-10","000000-000","10/20/2017 9:36:39 AM","0000-00","0","no battery","V"
"10/20/2017","12:01:21","5","default","957498349","OXY5","51.718","min","158.424","μmol/L","Humid","20.918","deg","90886","µV","36.010","°C","1019.000","hPa","37.0","pmil","0","55.500","deg","20.000","°C","100.000","%a.s.","22.500","deg","20.000","°C","1013.000","hPa","0.861","-0.02056","0.00035","-0.00011","0","14.7","Humid","26.25","0","52.00","345684.99","SABD0000000001","AAV1.0.0.11","2.0.0.28","PSt7-10","000000-000","10/20/2017 9:36:39 AM","0000-00","0","no battery","V"
"10/20/2017","12:01:22","5","default","957498349","OXY5","51.735","min","158.463","μmol/L","Humid","20.919","deg","90873","µV","36.001","°C","1019.000","hPa","37.0","pmil","0","55.500","deg","20.000","°C","100.000","%a.s.","22.500","deg","20.000","°C","1013.000","hPa","0.861","-0.02056","0.00035","-0.00011","0","14.7","Humid","26.25","0","52.00","345681.42","SABD0000000001","AAV1.0.0.11","2.0.0.28","PSt7-10","000000-000","10/20/2017 9:36:39 AM","0000-00","0","no battery","V"
"10/20/2017","12:01:23","5","default","957498349","OXY5","51.752","min","158.540","μmol/L","Humid","20.915","deg","90882","µV","35.997","°C","1019.000","hPa","37.0","pmil","0","55.500","deg","20.000","°C","100.000","%a.s.","22.500","deg","20.000","°C","1013.000","hPa","0.861","-0.02056","0.00035","-0.00011","0","14.7","Humid","26.25","0","52.00","345691.22","SABD0000000001","AAV1.0.0.11","2.0.0.28","PSt7-10","000000-000","10/20/2017 9:36:39 AM","0000-00","0","no battery","V"
"10/20/2017","12:01:24","5","default","957498349","OXY5","51.768","min","158.525","μmol/L","Humid","20.919","deg","90875","µV","35.990","°C","1019.000","hPa","37.0","pmil","0","55.500","deg","20.000","°C","100.000","%a.s.","22.500","deg","20.000","°C","1013.000","hPa","0.861","-0.02056","0.00035","-0.00011","0","14.7","Humid","26.25","0","52.00","345683.58","SABD0000000001","AAV1.0.0.11","2.0.0.28","PSt7-10","000000-000","10/20/2017 9:36:39 AM","0000-00","0","no battery","V"
"10/20/2017","12:01:25","5","default","957498349","OXY5","51.785","min","158.442","μmol/L","Humid","20.923","deg","90887","µV","35.995","°C","1019.000","hPa","37.0","pmil","0","55.500","deg","20.000","°C","100.000","%a.s.","22.500","deg","20.000","°C","1013.000","hPa","0.861","-0.02056","0.00035","-0.00011","0","14.7","Humid","26.25","0","52.00","345693.52","SABD0000000001","AAV1.0.0.11","2.0.0.28","PSt7-10","000000-000","10/20/2017 9:36:39 AM","0000-00","0","no battery","V"
"10/20/2017","12:01:26","5","default","957498349","OXY5","51.801","min","158.452","μmol/L","Humid","20.921","deg","90877","µV","35.998","°C","1019.000","hPa","37.0","pmil","0","55.500","deg","20.000","°C","100.000","%a.s.","22.500","deg","20.000","°C","1013.000","hPa","0.861","-0.02056","0.00035","-0.00011","0","14.7","Humid","26.25","0","52.00","345677.62","SABD0000000001","AAV1.0.0.11","2.0.0.28","PSt7-10","000000-000","10/20/2017 9:36:39 AM","0000-00","0","no battery","V"
"10/20/2017","12:01:27","5","default","957498349","OXY5","51.818","min","158.415","μmol/L","Humid","20.918","deg","90880","µV","36.011","°C","1019.000","hPa","37.0","pmil","0","55.500","deg","20.000","°C","100.000","%a.s.","22.500","deg","20.000","°C","1013.000","hPa","0.861","-0.02056","0.00035","-0.00011","0","14.7","Humid","26.25","0","52.00","345686.19","SABD0000000001","AAV1.0.0.11","2.0.0.28","PSt7-10","000000-000","10/20/2017 9:36:39 AM","0000-00","0","no battery","V"
"10/20/2017","12:01:28","5","default","957498349","OXY5","51.834","min","158.323","μmol/L","Humid","20.920","deg","90875","µV","36.022","°C","1019.000","hPa","37.0","pmil","0","55.500","deg","20.000","°C","100.000","%a.s.","22.500","deg","20.000","°C","1013.000","hPa","0.861","-0.02056","0.00035","-0.00011","0","14.7","Humid","26.25","0","52.00","345669.37","SABD0000000001","AAV1.0.0.11","2.0.0.28","PSt7-10","000000-000","10/20/2017 9:36:39 AM","0000-00","0","no battery","V"
"10/20/2017","12:01:29","5","default","957498349","OXY5","51.851","min","158.400","μmol/L","Humid","20.919","deg","90879","µV","36.011","°C","1019.000","hPa","37.0","pmil","0","55.500","deg","20.000","°C","100.000","%a.s.","22.500","deg","20.000","°C","1013.000","hPa","0.861","-0.02056","0.00035","-0.00011","0","14.7","Humid","26.25","0","52.00","345675.24","SABD0000000001","AAV1.0.0.11","2.0.0.28","PSt7-10","000000-000","10/20/2017 9:36:39 AM","0000-00","0","no battery","V"
"10/20/2017","12:01:30","5","default","957498349","OXY5","51.868","min","158.410","μmol/L","Humid","20.918","deg","90874","µV","36.012","°C","1019.000","hPa","37.0","pmil","0","55.500","deg","20.000","°C","100.000","%a.s.","22.500","deg","20.000","°C","1013.000","hPa","0.861","-0.02056","0.00035","-0.00011","0","14.7","Humid","26.25","0","52.00","345693.95","SABD0000000001","AAV1.0.0.11","2.0.0.28","PSt7-10","000000-000","10/20/2017 9:36:39 AM","0000-00","0","no battery","V"
"10/20/2017","12:01:31","5","default","957498349","OXY5","51.884","min","158.486","μmol/L","Humid","20.917","deg","90876","µV","36.002","°C","1019.000","hPa","37.0","pmil","0","55.500","deg","20.000","°C","100.000","%a.s.","22.500","deg","20.000","°C","1013.000","hPa","0.861","-0.02056","0.00035","-0.00011","0","14.7","Humid","26.25","0","52.00","345685.95","SABD0000000001","AAV1.0.0.11","2.0.0.28","PSt7-10","000000-000","10/20/2017 9:36:39 AM","0000-00","0","no battery","V"
"10/20/2017","12:01:32","5","default","957498349","OXY5","51.901","min","158.470","μmol/L","Humid","20.919","deg","90873","µV","36.000","°C","1019.000","hPa","37.0","pmil","0","55.500","deg","20.000","°C","100.000","%a.s.","22.500","deg","20.000","°C","1013.000","hPa","0.861","-0.02056","0.00035","-0.00011","0","14.7","Humid","26.25","0","52.00","345687.05","SABD0000000001","AAV1.0.0.11","2.0.0.28","PSt7-10","000000-000","10/20/2017 9:36:39 AM","0000-00","0","no battery","V"
"10/20/2017","12:01:33","5","default","957498349","OXY5","51.918","min","158.494","μmol/L","Humid","20.915","deg","90875","µV","36.005","°C","1019.000","hPa","37.0","pmil","0","55.500","deg","20.000","°C","100.000","%a.s.","22.500","deg","20.000","°C","1013.000","hPa","0.861","-0.02056","0.00035","-0.00011","0","14.7","Humid","26.25","0","52.00","345689.51","SABD0000000001","AAV1.0.0.11","2.0.0.28","PSt7-10","000000-000","10/20/2017 9:36:39 AM","0000-00","0","no battery","V"
"10/20/2017","12:01:34","5","default","957498349","OXY5","51.934","min","158.396","μmol/L","Humid","20.921","deg","90872","µV","36.007","°C","1019.000","hPa","37.0","pmil","0","55.500","deg","20.000","°C","100.000","%a.s.","22.500","deg","20.000","°C","1013.000","hPa","0.861","-0.02056","0.00035","-0.00011","0","14.7","Humid","26.25","0","52.00","345681.73","SABD0000000001","AAV1.0.0.11","2.0.0.28","PSt7-10","000000-000","10/20/2017 9:36:39 AM","0000-00","0","no battery","V"
"10/20/2017","12:01:35","5","default","957498349","OXY5","51.951","min","158.450","μmol/L","Humid","20.917","deg","90871","µV","36.008","°C","1019.000","hPa","37.0","pmil","0","55.500","deg","20.000","°C","100.000","%a.s.","22.500","deg","20.000","°C","1013.000","hPa","0.861","-0.02056","0.00035","-0.00011","0","14.7","Humid","26.25","0","52.00","345680.85","SABD0000000001","AAV1.0.0.11","2.0.0.28","PSt7-10","000000-000","10/20/2017 9:36:39 AM","0000-00","0","no battery","V"
"10/20/2017","12:01:36","5","default","957498349","OXY5","51.968","min","158.408","μmol/L","Humid","20.919","deg","90873","µV","36.010","°C","1019.000","hPa","37.0","pmil","0","55.500","deg","20.000","°C","100.000","%a.s.","22.500","deg","20.000","°C","1013.000","hPa","0.861","-0.02056","0.00035","-0.00011","0","14.7","Humid","26.25","0","52.00","345666.70","SABD0000000001","AAV1.0.0.11","2.0.0.28","PSt7-10","000000-000","10/20/2017 9:36:39 AM","0000-00","0","no battery","V"
"10/20/2017","12:01:37","5","default","957498349","OXY5","51.984","min","158.390","μmol/L","Humid","20.919","deg","90876","µV","36.013","°C","1019.000","hPa","37.0","pmil","0","55.500","deg","20.000","°C","100.000","%a.s.","22.500","deg","20.000","°C","1013.000","hPa","0.861","-0.02056","0.00035","-0.00011","0","14.7","Humid","26.25","0","52.00","345669.42","SABD0000000001","AAV1.0.0.11","2.0.0.28","PSt7-10","000000-000","10/20/2017 9:36:39 AM","0000-00","0","no battery","V"
"10/20/2017","12:01:38","5","default","957498349","OXY5","52.001","min","158.349","μmol/L","Humid","20.923","deg","90870","µV","36.010","°C","1019.000","hPa","37.0","pmil","0","55.500","deg","20.000","°C","100.000","%a.s.","22.500","deg","20.000","°C","1013.000","hPa","0.861","-0.02056","0.00035","-0.00011","0","14.7","Humid","26.25","0","52.00","345669.82","SABD0000000001","AAV1.0.0.11","2.0.0.28","PSt7-10","000000-000","10/20/2017 9:36:39 AM","0000-00","0","no battery","V"
"10/20/2017","12:01:39","5","default","957498349","OXY5","52.018","min","158.470","μmol/L","Humid","20.917","deg","90868","µV","36.004","°C","1019.000","hPa","37.0","pmil","0","55.500","deg","20.000","°C","100.000","%a.s.","22.500","deg","20.000","°C","1013.000","hPa","0.861","-0.02056","0.00035","-0.00011","0","14.7","Humid","26.25","0","52.00","345674.78","SABD0000000001","AAV1.0.0.11","2.0.0.28","PSt7-10","000000-000","10/20/2017 9:36:39 AM","0000-00","0","no battery","V"
"10/20/2017","12:01:40","5","default","957498349","OXY5","52.035","min","158.366","μmol/L","Humid","20.923","deg","90872","µV","36.007","°C","1019.000","hPa","37.0","pmil","0","55.500","deg","20.000","°C","100.000","%a.s.","22.500","deg","20.000","°C","1013.000","hPa","0.861","-0.02056","0.00035","-0.00011","0","14.7","Humid","26.25","0","52.00","345672.61","SABD0000000001","AAV1.0.0.11","2.0.0.28","PSt7-10","000000-000","10/20/2017 9:36:39 AM","0000-00","0","no battery","V"
"10/20/2017","12:01:41","5","default","957498349","OXY5","52.051","min","158.447","μmol/L","Humid","20.919","deg","90871","µV","36.003","°C","1019.000","hPa","37.0","pmil","0","55.500","deg","20.000","°C","100.000","%a.s.","22.500","deg","20.000","°C","1013.000","hPa","0.861","-0.02056","0.00035","-0.00011","0","14.7","Humid","26.25","0","52.00","345682.74","SABD0000000001","AAV1.0.0.11","2.0.0.28","PSt7-10","000000-000","10/20/2017 9:36:39 AM","0000-00","0","no battery","V"
"10/20/2017","12:01:42","5","default","957498349","OXY5","52.068","min","158.434","μmol/L","Humid","20.920","deg","90866","µV","36.003","°C","1019.000","hPa","37.0","pmil","0","55.500","deg","20.000","°C","100.000","%a.s.","22.500","deg","20.000","°C","1013.000","hPa","0.861","-0.02056","0.00035","-0.00011","0","14.7","Humid","26.25","0","52.00","345670.86","SABD0000000001","AAV1.0.0.11","2.0.0.28","PSt7-10","000000-000","10/20/2017 9:36:39 AM","0000-00","0","no battery","V"
"10/20/2017","12:01:43","5","default","957498349","OXY5","52.085","min","158.535","μmol/L","Humid","20.919","deg","90877","µV","35.989","°C","1019.000","hPa","37.0","pmil","0","55.500","deg","20.000","°C","100.000","%a.s.","22.500","deg","20.000","°C","1013.000","hPa","0.861","-0.02056","0.00035","-0.00011","0","14.7","Humid","26.25","0","52.00","345667.57","SABD0000000001","AAV1.0.0.11","2.0.0.28","PSt7-10","000000-000","10/20/2017 9:36:39 AM","0000-00","0","no battery","V"
"10/20/2017","12:01:44","5","default","957498349","OXY5","52.101","min","158.507","μmol/L","Humid","20.916","deg","90858","µV","36.001","°C","1019.000","hPa","37.0","pmil","0","55.500","deg","20.000","°C","100.000","%a.s.","22.500","deg","20.000","°C","1013.000","hPa","0.861","-0.02056","0.00035","-0.00011","0","14.7","Humid","26.25","0","52.00","345668.97","SABD0000000001","AAV1.0.0.11","2.0.0.28","PSt7-10","000000-000","10/20/2017 9:36:39 AM","0000-00","0","no battery","V"
"10/20/2017","12:01:45","5","default","957498349","OXY5","52.118","min","158.409","μmol/L","Humid","20.919","deg","90865","µV","36.010","°C","1019.000","hPa","37.0","pmil","0","55.500","deg","20.000","°C","100.000","%a.s.","22.500","deg","20.000","°C","1013.000","hPa","0.861","-0.02056","0.00035","-0.00011","0","14.7","Humid","26.25","0","52.00","345665.36","SABD0000000001","AAV1.0.0.11","2.0.0.28","PSt7-10","000000-000","10/20/2017 9:36:39 AM","0000-00","0","no battery","V"
"10/20/2017","12:01:46","5","default","957498349","OXY5","52.135","min","158.349","μmol/L","Humid","20.918","deg","90870","µV","36.022","°C","1019.000","hPa","37.0","pmil","0","55.500","deg","20.000","°C","100.000","%a.s.","22.500","deg","20.000","°C","1013.000","hPa","0.861","-0.02056","0.00035","-0.00011","0","14.7","Humid","26.25","0","52.00","345671.03","SABD0000000001","AAV1.0.0.11","2.0.0.28","PSt7-10","000000-000","10/20/2017 9:36:39 AM","0000-00","0","no battery","V"
"10/20/2017","12:01:47","5","default","957498349","OXY5","52.151","min","158.478","μmol/L","Humid","20.918","deg","90867","µV","36.001","°C","1019.000","hPa","37.0","pmil","0","55.500","deg","20.000","°C","100.000","%a.s.","22.500","deg","20.000","°C","1013.000","hPa","0.861","-0.02056","0.00035","-0.00011","0","14.7","Humid","26.25","0","52.00","345680.89","SABD0000000001","AAV1.0.0.11","2.0.0.28","PSt7-10","000000-000","10/20/2017 9:36:39 AM","0000-00","0","no battery","V"
"10/20/2017","12:01:48","5","default","957498349","OXY5","52.168","min","158.468","μmol/L","Humid","20.919","deg","90870","µV","36.000","°C","1019.000","hPa","37.0","pmil","0","55.500","deg","20.000","°C","100.000","%a.s.","22.500","deg","20.000","°C","1013.000","hPa","0.861","-0.02056","0.00035","-0.00011","0","14.7","Humid","26.25","0","52.00","345668.73","SABD0000000001","AAV1.0.0.11","2.0.0.28","PSt7-10","000000-000","10/20/2017 9:36:39 AM","0000-00","0","no battery","V"
"10/20/2017","12:01:49","5","default","957498349","OXY5","52.185","min","158.416","μmol/L","Humid","20.921","deg","90869","µV","36.004","°C","1019.000","hPa","37.0","pmil","0","55.500","deg","20.000","°C","100.000","%a.s.","22.500","deg","20.000","°C","1013.000","hPa","0.861","-0.02056","0.00035","-0.00011","0","14.7","Humid","26.25","0","52.00","345686.28","SABD0000000001","AAV1.0.0.11","2.0.0.28","PSt7-10","000000-000","10/20/2017 9:36:39 AM","0000-00","0","no battery","V"
"10/20/2017","12:01:50","5","default","957498349","OXY5","52.201","min","158.535","μmol/L","Humid","20.914","deg","90862","µV","36.001","°C","1019.000","hPa","37.0","pmil","0","55.500","deg","20.000","°C","100.000","%a.s.","22.500","deg","20.000","°C","1013.000","hPa","0.861","-0.02056","0.00035","-0.00011","0","14.7","Humid","26.25","0","52.00","345668.46","SABD0000000001","AAV1.0.0.11","2.0.0.28","PSt7-10","000000-000","10/20/2017 9:36:39 AM","0000-00","0","no battery","V"
"10/20/2017","12:01:51","5","default","957498349","OXY5","52.218","min","158.354","μmol/L","Humid","20.919","deg","90867","µV","36.019","°C","1019.000","hPa","37.0","pmil","0","55.500","deg","20.000","°C","100.000","%a.s.","22.500","deg","20.000","°C","1013.000","hPa","0.861","-0.02056","0.00035","-0.00011","0","14.7","Humid","26.25","0","52.00","345668.63","SABD0000000001","AAV1.0.0.11","2.0.0.28","PSt7-10","000000-000","10/20/2017 9:36:39 AM","0000-00","0","no battery","V"
"10/20/2017","12:01:52","5","default","957498349","OXY5","52.235","min","158.376","μmol/L","Humid","20.922","deg","90859","µV","36.008","°C","1019.000","hPa","37.0","pmil","0","55.500","deg","20.000","°C","100.000","%a.s.","22.500","deg","20.000","°C","1013.000","hPa","0.861","-0.02056","0.00035","-0.00011","0","14.7","Humid","26.25","0","52.00","345674.04","SABD0000000001","AAV1.0.0.11","2.0.0.28","PSt7-10","000000-000","10/20/2017 9:36:39 AM","0000-00","0","no battery","V"
"10/20/2017","12:01:53","5","default","957498349","OXY5","52.251","min","158.401","μmol/L","Humid","20.918","deg","90857","µV","36.013","°C","1019.000","hPa","37.0","pmil","0","55.500","deg","20.000","°C","100.000","%a.s.","22.500","deg","20.000","°C","1013.000","hPa","0.861","-0.02056","0.00035","-0.00011","0","14.7","Humid","26.25","0","52.00","345670.00","SABD0000000001","AAV1.0.0.11","2.0.0.28","PSt7-10","000000-000","10/20/2017 9:36:39 AM","0000-00","0","no battery","V"
"10/20/2017","12:01:54","5","default","957498349","OXY5","52.268","min","158.447","μmol/L","Humid","20.916","deg","90859","µV","36.011","°C","1019.000","hPa","37.0","pmil","0","55.500","deg","20.000","°C","100.000","%a.s.","22.500","deg","20.000","°C","1013.000","hPa","0.861","-0.02056","0.00035","-0.00011","0","14.7","Humid","26.25","0","52.00","345669.23","SABD0000000001","AAV1.0.0.11","2.0.0.28","PSt7-10","000000-000","10/20/2017 9:36:39 AM","0000-00","0","no battery","V"
"10/20/2017","12:01:55","5","default","957498349","OXY5","52.285","min","158.369","μmol/L","Humid","20.919","deg","90866","µV","36.016","°C","1019.000","hPa","37.0","pmil","0","55.500","deg","20.000","°C","100.000","%a.s.","22.500","deg","20.000","°C","1013.000","hPa","0.861","-0.02056","0.00035","-0.00011","0","14.7","Humid","26.25","0","52.00","345678.31","SABD0000000001","AAV1.0.0.11","2.0.0.28","PSt7-10","000000-000","10/20/2017 9:36:39 AM","0000-00","0","no battery","V"
"10/20/2017","12:01:56","5","default","957498349","OXY5","52.301","min","158.427","μmol/L","Humid","20.921","deg","90853","µV","36.002","°C","1019.000","hPa","37.0","pmil","0","55.500","deg","20.000","°C","100.000","%a.s.","22.500","deg","20.000","°C","1013.000","hPa","0.861","-0.02056","0.00035","-0.00011","0","14.7","Humid","26.25","0","52.00","345663.57","SABD0000000001","AAV1.0.0.11","2.0.0.28","PSt7-10","000000-000","10/20/2017 9:36:39 AM","0000-00","0","no battery","V"
"10/20/2017","12:01:57","5","default","957498349","OXY5","52.318","min","158.530","μmol/L","Humid","20.919","deg","90857","µV","35.990","°C","1019.000","hPa","37.0","pmil","0","55.500","deg","20.000","°C","100.000","%a.s.","22.500","deg","20.000","°C","1013.000","hPa","0.861","-0.02056","0.00035","-0.00011","0","14.7","Humid","26.25","0","52.00","345670.77","SABD0000000001","AAV1.0.0.11","2.0.0.28","PSt7-10","000000-000","10/20/2017 9:36:39 AM","0000-00","0","no battery","V"
"10/20/2017","12:01:58","5","default","957498349","OXY5","52.335","min","158.460","μmol/L","Humid","20.919","deg","90854","µV","36.001","°C","1019.000","hPa","37.0","pmil","0","55.500","deg","20.000","°C","100.000","%a.s.","22.500","deg","20.000","°C","1013.000","hPa","0.861","-0.02056","0.00035","-0.00011","0","14.7","Humid","26.25","0","52.00","345671.04","SABD0000000001","AAV1.0.0.11","2.0.0.28","PSt7-10","000000-000","10/20/2017 9:36:39 AM","0000-00","0","no battery","V"
"10/20/2017","12:01:59","5","default","957498349","OXY5","52.351","min","158.477","μmol/L","Humid","20.917","deg","90858","µV","36.003","°C","1019.000","hPa","37.0","pmil","0","55.500","deg","20.000","°C","100.000","%a.s.","22.500","deg","20.000","°C","1013.000","hPa","0.861","-0.02056","0.00035","-0.00011","0","14.7","Humid","26.25","0","52.00","345661.85","SABD0000000001","AAV1.0.0.11","2.0.0.28","PSt7-10","000000-000","10/20/2017 9:36:39 AM","0000-00","0","no battery","V"
"10/20/2017","12:02:00","5","default","957498349","OXY5","52.368","min","158.435","μmol/L","Humid","20.920","deg","90848","µV","36.003","°C","1019.000","hPa","37.0","pmil","0","55.500","deg","20.000","°C","100.000","%a.s.","22.500","deg","20.000","°C","1013.000","hPa","0.861","-0.02056","0.00035","-0.00011","0","14.7","Humid","26.25","0","52.00","345667.58","SABD0000000001","AAV1.0.0.11","2.0.0.28","PSt7-10","000000-000","10/20/2017 9:36:39 AM","0000-00","0","no battery","V"
"10/20/2017","12:02:01","5","default","957498349","OXY5","52.385","min","158.408","μmol/L","Humid","20.922","deg","90855","µV","36.003","°C","1019.000","hPa","37.0","pmil","0","55.500","deg","20.000","°C","100.000","%a.s.","22.500","deg","20.000","°C","1013.000","hPa","0.861","-0.02056","0.00035","-0.00011","0","14.7","Humid","26.25","0","52.00","345655.03","SABD0000000001","AAV1.0.0.11","2.0.0.28","PSt7-10","000000-000","10/20/2017 9:36:39 AM","0000-00","0","no battery","V"
"10/20/2017","12:02:02","5","default","957498349","OXY5","52.401","min","158.509","μmol/L","Humid","20.920","deg","90852","µV","35.991","°C","1019.000","hPa","37.0","pmil","0","55.500","deg","20.000","°C","100.000","%a.s.","22.500","deg","20.000","°C","1013.000","hPa","0.861","-0.02056","0.00035","-0.00011","0","14.7","Humid","26.25","0","52.00","345655.95","SABD0000000001","AAV1.0.0.11","2.0.0.28","PSt7-10","000000-000","10/20/2017 9:36:39 AM","0000-00","0","no battery","V"
"10/20/2017","12:02:03","5","default","957498349","OXY5","52.418","min","158.551","μmol/L","Humid","20.918","deg","90853","µV","35.988","°C","1019.000","hPa","37.0","pmil","0","55.500","deg","20.000","°C","100.000","%a.s.","22.500","deg","20.000","°C","1013.000","hPa","0.861","-0.02056","0.00035","-0.00011","0","14.7","Humid","26.25","0","52.00","345660.99","SABD0000000001","AAV1.0.0.11","2.0.0.28","PSt7-10","000000-000","10/20/2017 9:36:39 AM","0000-00","0","no battery","V"
"10/20/2017","12:02:04","5","default","957498349","OXY5","52.435","min","158.347","μmol/L","Humid","20.918","deg","90850","µV","36.022","°C","1019.000","hPa","37.0","pmil","0","55.500","deg","20.000","°C","100.000","%a.s.","22.500","deg","20.000","°C","1013.000","hPa","0.861","-0.02056","0.00035","-0.00011","0","14.7","Humid","26.25","0","52.00","345657.09","SABD0000000001","AAV1.0.0.11","2.0.0.28","PSt7-10","000000-000","10/20/2017 9:36:39 AM","0000-00","0","no battery","V"
"10/20/2017","12:02:05","5","default","957498349","OXY5","52.451","min","158.364","μmol/L","Humid","20.917","deg","90855","µV","36.022","°C","1019.000","hPa","37.0","pmil","0","55.500","deg","20.000","°C","100.000","%a.s.","22.500","deg","20.000","°C","1013.000","hPa","0.861","-0.02056","0.00035","-0.00011","0","14.7","Humid","26.25","0","52.00","345654.73","SABD0000000001","AAV1.0.0.11","2.0.0.28","PSt7-10","000000-000","10/20/2017 9:36:39 AM","0000-00","0","no battery","V"
"10/20/2017","12:02:06","5","default","957498349","OXY5","52.468","min","158.481","μmol/L","Humid","20.917","deg","90850","µV","36.002","°C","1019.000","hPa","37.0","pmil","0","55.500","deg","20.000","°C","100.000","%a.s.","22.500","deg","20.000","°C","1013.000","hPa","0.861","-0.02056","0.00035","-0.00011","0","14.7","Humid","26.25","0","52.00","345667.94","SABD0000000001","AAV1.0.0.11","2.0.0.28","PSt7-10","000000-000","10/20/2017 9:36:39 AM","0000-00","0","no battery","V"
"10/20/2017","12:02:07","5","default","957498349","OXY5","52.485","min","158.428","μmol/L","Humid","20.921","deg","90850","µV","36.002","°C","1019.000","hPa","37.0","pmil","0","55.500","deg","20.000","°C","100.000","%a.s.","22.500","deg","20.000","°C","1013.000","hPa","0.861","-0.02056","0.00035","-0.00011","0","14.7","Humid","26.25","0","52.00","345649.47","SABD0000000001","AAV1.0.0.11","2.0.0.28","PSt7-10","000000-000","10/20/2017 9:36:39 AM","0000-00","0","no battery","V"
"10/20/2017","12:02:08","5","default","957498349","OXY5","52.501","min","158.401","μmol/L","Humid","20.919","deg","90849","µV","36.011","°C","1019.000","hPa","37.0","pmil","0","55.500","deg","20.000","°C","100.000","%a.s.","22.500","deg","20.000","°C","1013.000","hPa","0.861","-0.02056","0.00035","-0.00011","0","14.7","Humid","26.25","0","52.00","345646.20","SABD0000000001","AAV1.0.0.11","2.0.0.28","PSt7-10","000000-000","10/20/2017 9:36:39 AM","0000-00","0","no battery","V"
"10/20/2017","12:02:09","5","default","957498349","OXY5","52.518","min","158.425","μmol/L","Humid","20.918","deg","90845","µV","36.009","°C","1019.000","hPa","37.0","pmil","0","55.500","deg","20.000","°C","100.000","%a.s.","22.500","deg","20.000","°C","1013.000","hPa","0.861","-0.02056","0.00035","-0.00011","0","14.7","Humid","26.25","0","52.00","345644.61","SABD0000000001","AAV1.0.0.11","2.0.0.28","PSt7-10","000000-000","10/20/2017 9:36:39 AM","0000-00","0","no battery","V"
"10/20/2017","12:02:10","5","default","957498349","OXY5","52.535","min","158.380","μmol/L","Humid","20.915","deg","90847","µV","36.024","°C","1019.000","hPa","37.0","pmil","0","55.500","deg","20.000","°C","100.000","%a.s.","22.500","deg","20.000","°C","1013.000","hPa","0.861","-0.02056","0.00035","-0.00011","0","14.7","Humid","26.25","0","52.00","345654.53","SABD0000000001","AAV1.0.0.11","2.0.0.28","PSt7-10","000000-000","10/20/2017 9:36:39 AM","0000-00","0","no battery","V"
"10/20/2017","12:02:11","5","default","957498349","OXY5","52.551","min","158.367","μmol/L","Humid","20.919","deg","90843","µV","36.017","°C","1019.000","hPa","37.0","pmil","0","55.500","deg","20.000","°C","100.000","%a.s.","22.500","deg","20.000","°C","1013.000","hPa","0.861","-0.02056","0.00035","-0.00011","0","14.7","Humid","26.25","0","52.00","345648.34","SABD0000000001","AAV1.0.0.11","2.0.0.28","PSt7-10","000000-000","10/20/2017 9:36:39 AM","0000-00","0","no battery","V"
"10/20/2017","12:02:12","5","default","957498349","OXY5","52.568","min","158.504","μmol/L","Humid","20.917","deg","90846","µV","35.999","°C","1019.000","hPa","37.0","pmil","0","55.500","deg","20.000","°C","100.000","%a.s.","22.500","deg","20.000","°C","1013.000","hPa","0.861","-0.02056","0.00035","-0.00011","0","14.7","Humid","26.25","0","52.00","345639.26","SABD0000000001","AAV1.0.0.11","2.0.0.28","PSt7-10","000000-000","10/20/2017 9:36:39 AM","0000-00","0","no battery","V"
"10/20/2017","12:02:13","5","default","957498349","OXY5","52.585","min","158.536","μmol/L","Humid","20.919","deg","90845","µV","35.989","°C","1019.000","hPa","37.0","pmil","0","55.500","deg","20.000","°C","100.000","%a.s.","22.500","deg","20.000","°C","1013.000","hPa","0.861","-0.02056","0.00035","-0.00011","0","14.7","Humid","26.25","0","52.00","345638.90","SABD0000000001","AAV1.0.0.11","2.0.0.28","PSt7-10","000000-000","10/20/2017 9:36:39 AM","0000-00","0","no battery","V"
"10/20/2017","12:02:14","5","default","957498349","OXY5","52.601","min","158.370","μmol/L","Humid","20.921","deg","90848","µV","36.011","°C","1019.000","hPa","37.0","pmil","0","55.500","deg","20.000","°C","100.000","%a.s.","22.500","deg","20.000","°C","1013.000","hPa","0.861","-0.02056","0.00035","-0.00011","0","14.7","Humid","26.25","0","52.00","345645.16","SABD0000000001","AAV1.0.0.11","2.0.0.28","PSt7-10","000000-000","10/20/2017 9:36:39 AM","0000-00","0","no battery","V"
"10/20/2017","12:02:15","5","default","957498349","OXY5","52.618","min","158.413","μmol/L","Humid","20.922","deg","90841","µV","36.002","°C","1019.000","hPa","37.0","pmil","0","55.500","deg","20.000","°C","100.000","%a.s.","22.500","deg","20.000","°C","1013.000","hPa","0.861","-0.02056","0.00035","-0.00011","0","14.7","Humid","26.25","0","52.00","345649.41","SABD0000000001","AAV1.0.0.11","2.0.0.28","PSt7-10","000000-000","10/20/2017 9:36:39 AM","0000-00","0","no battery","V"
"10/20/2017","12:02:16","5","default","957498349","OXY5","52.635","min","158.585","μmol/L","Humid","20.913","deg","90836","µV","35.995","°C","1019.000","hPa","37.0","pmil","0","55.500","deg","20.000","°C","100.000","%a.s.","22.500","deg","20.000","°C","1013.000","hPa","0.861","-0.02056","0.00035","-0.00011","0","14.7","Humid","26.25","0","52.00","345620.47","SABD0000000001","AAV1.0.0.11","2.0.0.28","PSt7-10","000000-000","10/20/2017 9:36:39 AM","0000-00","0","no battery","V"
"10/20/2017","12:02:17","5","default","957498349","OXY5","52.651","min","158.494","μmol/L","Humid","20.918","deg","90839","µV","35.998","°C","1019.000","hPa","37.0","pmil","0","55.500","deg","20.000","°C","100.000","%a.s.","22.500","deg","20.000","°C","1013.000","hPa","0.861","-0.02056","0.00035","-0.00011","0","14.7","Humid","26.25","0","52.00","345633.04","SABD0000000001","AAV1.0.0.11","2.0.0.28","PSt7-10","000000-000","10/20/2017 9:36:39 AM","0000-00","0","no battery","V"
"10/20/2017","12:02:18","5","default","957498349","OXY5","52.668","min","158.472","μmol/L","Humid","20.920","deg","90834","µV","35.997","°C","1019.000","hPa","37.0","pmil","0","55.500","deg","20.000","°C","100.000","%a.s.","22.500","deg","20.000","°C","1013.000","hPa","0.861","-0.02056","0.00035","-0.00011","0","14.7","Humid","26.25","0","52.00","345640.83","SABD0000000001","AAV1.0.0.11","2.0.0.28","PSt7-10","000000-000","10/20/2017 9:36:39 AM","0000-00","0","no battery","V"
"10/20/2017","12:02:19","5","default","957498349","OXY5","52.685","min","158.470","μmol/L","Humid","20.919","deg","90829","µV","36.000","°C","1019.000","hPa","37.0","pmil","0","55.500","deg","20.000","°C","100.000","%a.s.","22.500","deg","20.000","°C","1013.000","hPa","0.861","-0.02056","0.00035","-0.00011","0","14.7","Humid","26.25","0","52.00","345639.38","SABD0000000001","AAV1.0.0.11","2.0.0.28","PSt7-10","000000-000","10/20/2017 9:36:39 AM","0000-00","0","no battery","V"
"10/20/2017","12:02:20","5","default","957498349","OXY5","52.701","min","158.476","μmol/L","Humid","20.920","deg","90836","µV","35.996","°C","1019.000","hPa","37.0","pmil","0","55.500","deg","20.000","°C","100.000","%a.s.","22.500","deg","20.000","°C","1013.000","hPa","0.861","-0.02056","0.00035","-0.00011","0","14.7","Humid","26.25","0","52.00","345627.27","SABD0000000001","AAV1.0.0.11","2.0.0.28","PSt7-10","000000-000","10/20/2017 9:36:39 AM","0000-00","0","no battery","V"
"10/20/2017","12:02:21","5","default","957498349","OXY5","52.718","min","158.506","μmol/L","Humid","20.921","deg","90834","µV","35.989","°C","1019.000","hPa","37.0","pmil","0","55.500","deg","20.000","°C","100.000","%a.s.","22.500","deg","20.000","°C","1013.000","hPa","0.861","-0.02056","0.00035","-0.00011","0","14.7","Humid","26.25","0","52.00","345637.31","SABD0000000001","AAV1.0.0.11","2.0.0.28","PSt7-10","000000-000","10/20/2017 9:36:39 AM","0000-00","0","no battery","V"
"10/20/2017","12:02:22","5","default","957498349","OXY5","52.735","min","158.548","μmol/L","Humid","20.920","deg","90838","µV","35.984","°C","1019.000","hPa","37.0","pmil","0","55.500","deg","20.000","°C","100.000","%a.s.","22.500","deg","20.000","°C","1013.000","hPa","0.861","-0.02056","0.00035","-0.00011","0","14.7","Humid","26.25","0","52.00","345630.25","SABD0000000001","AAV1.0.0.11","2.0.0.28","PSt7-10","000000-000","10/20/2017 9:36:39 AM","0000-00","0","no battery","V"
"10/20/2017","12:02:23","5","default","957498349","OXY5","52.751","min","158.380","μmol/L","Humid","20.920","deg","90837","µV","36.012","°C","1019.000","hPa","37.0","pmil","0","55.500","deg","20.000","°C","100.000","%a.s.","22.500","deg","20.000","°C","1013.000","hPa","0.861","-0.02056","0.00035","-0.00011","0","14.7","Humid","26.25","0","52.00","345633.66","SABD0000000001","AAV1.0.0.11","2.0.0.28","PSt7-10","000000-000","10/20/2017 9:36:39 AM","0000-00","0","no battery","V"
"10/20/2017","12:02:24","5","default","957498349","OXY5","52.768","min","158.324","μmol/L","Humid","20.920","deg","90834","µV","36.021","°C","1019.000","hPa","37.0","pmil","0","55.500","deg","20.000","°C","100.000","%a.s.","22.500","deg","20.000","°C","1013.000","hPa","0.861","-0.02056","0.00035","-0.00011","0","14.7","Humid","26.25","0","52.00","345639.64","SABD0000000001","AAV1.0.0.11","2.0.0.28","PSt7-10","000000-000","10/20/2017 9:36:39 AM","0000-00","0","no battery","V"
"10/20/2017","12:02:25","5","default","957498349","OXY5","52.785","min","158.369","μmol/L","Humid","20.918","deg","90835","µV","36.019","°C","1019.000","hPa","37.0","pmil","0","55.500","deg","20.000","°C","100.000","%a.s.","22.500","deg","20.000","°C","1013.000","hPa","0.861","-0.02056","0.00035","-0.00011","0","14.7","Humid","26.25","0","52.00","345634.89","SABD0000000001","AAV1.0.0.11","2.0.0.28","PSt7-10","000000-000","10/20/2017 9:36:39 AM","0000-00","0","no battery","V"
"10/20/2017","12:02:26","5","default","957498349","OXY5","52.801","min","158.483","μmol/L","Humid","20.919","deg","90829","µV","35.997","°C","1019.000","hPa","37.0","pmil","0","55.500","deg","20.000","°C","100.000","%a.s.","22.500","deg","20.000","°C","1013.000","hPa","0.861","-0.02056","0.00035","-0.00011","0","14.7","Humid","26.25","0","52.00","345626.46","SABD0000000001","AAV1.0.0.11","2.0.0.28","PSt7-10","000000-000","10/20/2017 9:36:39 AM","0000-00","0","no battery","V"
"10/20/2017","12:02:27","5","default","957498349","OXY5","52.818","min","158.513","μmol/L","Humid","20.916","deg","90834","µV","36.000","°C","1019.000","hPa","37.0","pmil","0","55.500","deg","20.000","°C","100.000","%a.s.","22.500","deg","20.000","°C","1013.000","hPa","0.861","-0.02056","0.00035","-0.00011","0","14.7","Humid","26.25","0","52.00","345640.13","SABD0000000001","AAV1.0.0.11","2.0.0.28","PSt7-10","000000-000","10/20/2017 9:36:39 AM","0000-00","0","no battery","V"
"10/20/2017","12:02:28","5","default","957498349","OXY5","52.835","min","158.392","μmol/L","Humid","20.922","deg","90836","µV","36.005","°C","1019.000","hPa","37.0","pmil","0","55.500","deg","20.000","°C","100.000","%a.s.","22.500","deg","20.000","°C","1013.000","hPa","0.861","-0.02056","0.00035","-0.00011","0","14.7","Humid","26.25","0","52.00","345640.62","SABD0000000001","AAV1.0.0.11","2.0.0.28","PSt7-10","000000-000","10/20/2017 9:36:39 AM","0000-00","0","no battery","V"
"10/20/2017","12:02:29","5","default","957498349","OXY5","52.851","min","158.476","μmol/L","Humid","20.918","deg","90830","µV","36.001","°C","1019.000","hPa","37.0","pmil","0","55.500","deg","20.000","°C","100.000","%a.s.","22.500","deg","20.000","°C","1013.000","hPa","0.861","-0.02056","0.00035","-0.00011","0","14.7","Humid","26.25","0","52.00","345644.43","SABD0000000001","AAV1.0.0.11","2.0.0.28","PSt7-10","000000-000","10/20/2017 9:36:39 AM","0000-00","0","no battery","V"
"10/20/2017","12:02:30","5","default","957498349","OXY5","52.868","min","158.458","μmol/L","Humid","20.919","deg","90833","µV","36.002","°C","1019.000","hPa","37.0","pmil","0","55.500","deg","20.000","°C","100.000","%a.s.","22.500","deg","20.000","°C","1013.000","hPa","0.861","-0.02056","0.00035","-0.00011","0","14.7","Humid","26.25","0","52.00","345635.56","SABD0000000001","AAV1.0.0.11","2.0.0.28","PSt7-10","000000-000","10/20/2017 9:36:39 AM","0000-00","0","no battery","V"
"10/20/2017","12:02:31","5","default","957498349","OXY5","52.885","min","158.545","μmol/L","Humid","20.917","deg","90823","µV","35.992","°C","1019.000","hPa","37.0","pmil","0","55.500","deg","20.000","°C","100.000","%a.s.","22.500","deg","20.000","°C","1013.000","hPa","0.861","-0.02056","0.00035","-0.00011","0","14.7","Humid","26.25","0","52.00","345619.94","SABD0000000001","AAV1.0.0.11","2.0.0.28","PSt7-10","000000-000","10/20/2017 9:36:39 AM","0000-00","0","no battery","V"
"10/20/2017","12:02:32","5","default","957498349","OXY5","52.901","min","158.445","μmol/L","Humid","20.917","deg","90826","µV","36.009","°C","1019.000","hPa","37.0","pmil","0","55.500","deg","20.000","°C","100.000","%a.s.","22.500","deg","20.000","°C","1013.000","hPa","0.861","-0.02056","0.00035","-0.00011","0","14.7","Humid","26.25","0","52.00","345623.19","SABD0000000001","AAV1.0.0.11","2.0.0.28","PSt7-10","000000-000","10/20/2017 9:36:39 AM","0000-00","0","no battery","V"
"10/20/2017","12:02:33","5","default","957498349","OXY5","52.918","min","158.399","μmol/L","Humid","20.917","deg","90824","µV","36.016","°C","1019.000","hPa","37.0","pmil","0","55.500","deg","20.000","°C","100.000","%a.s.","22.500","deg","20.000","°C","1013.000","hPa","0.861","-0.02056","0.00035","-0.00011","0","14.7","Humid","26.25","0","52.00","345632.36","SABD0000000001","AAV1.0.0.11","2.0.0.28","PSt7-10","000000-000","10/20/2017 9:36:39 AM","0000-00","0","no battery","V"
"10/20/2017","12:02:34","5","default","957498349","OXY5","52.935","min","158.438","μmol/L","Humid","20.920","deg","90833","µV","36.002","°C","1019.000","hPa","37.0","pmil","0","55.500","deg","20.000","°C","100.000","%a.s.","22.500","deg","20.000","°C","1013.000","hPa","0.861","-0.02056","0.00035","-0.00011","0","14.7","Humid","26.25","0","52.00","345635.97","SABD0000000001","AAV1.0.0.11","2.0.0.28","PSt7-10","000000-000","10/20/2017 9:36:39 AM","0000-00","0","no battery","V"
"10/20/2017","12:02:35","5","default","957498349","OXY5","52.951","min","158.544","μmol/L","Humid","20.919","deg","90838","µV","35.987","°C","1019.000","hPa","37.0","pmil","0","55.500","deg","20.000","°C","100.000","%a.s.","22.500","deg","20.000","°C","1013.000","hPa","0.861","-0.02056","0.00035","-0.00011","0","14.7","Humid","26.25","0","52.00","345629.94","SABD0000000001","AAV1.0.0.11","2.0.0.28","PSt7-10","000000-000","10/20/2017 9:36:39 AM","0000-00","0","no battery","V"
"10/20/2017","12:02:36","5","default","957498349","OXY5","52.968","min","158.513","μmol/L","Humid","20.917","deg","90828","µV","35.997","°C","1019.000","hPa","37.0","pmil","0","55.500","deg","20.000","°C","100.000","%a.s.","22.500","deg","20.000","°C","1013.000","hPa","0.861","-0.02056","0.00035","-0.00011","0","14.7","Humid","26.25","0","52.00","345627.13","SABD0000000001","AAV1.0.0.11","2.0.0.28","PSt7-10","000000-000","10/20/2017 9:36:39 AM","0000-00","0","no battery","V"
"10/20/2017","12:02:37","5","default","957498349","OXY5","52.985","min","158.482","μmol/L","Humid","20.920","deg","90826","µV","35.995","°C","1019.000","hPa","37.0","pmil","0","55.500","deg","20.000","°C","100.000","%a.s.","22.500","deg","20.000","°C","1013.000","hPa","0.861","-0.02056","0.00035","-0.00011","0","14.7","Humid","26.25","0","52.00","345626.06","SABD0000000001","AAV1.0.0.11","2.0.0.28","PSt7-10","000000-000","10/20/2017 9:36:39 AM","0000-00","0","no battery","V"
"10/20/2017","12:02:38","5","default","957498349","OXY5","53.002","min","158.538","μmol/L","Humid","20.916","deg","90832","µV","35.996","°C","1019.000","hPa","37.0","pmil","0","55.500","deg","20.000","°C","100.000","%a.s.","22.500","deg","20.000","°C","1013.000","hPa","0.861","-0.02056","0.00035","-0.00011","0","14.7","Humid","26.25","0","52.00","345614.93","SABD0000000001","AAV1.0.0.11","2.0.0.28","PSt7-10","000000-000","10/20/2017 9:36:39 AM","0000-00","0","no battery","V"
"10/20/2017","12:02:39","5","default","957498349","OXY5","53.018","min","158.428","μmol/L","Humid","20.916","deg","90820","µV","36.014","°C","1019.000","hPa","37.0","pmil","0","55.500","deg","20.000","°C","100.000","%a.s.","22.500","deg","20.000","°C","1013.000","hPa","0.861","-0.02056","0.00035","-0.00011","0","14.7","Humid","26.25","0","52.00","345607.10","SABD0000000001","AAV1.0.0.11","2.0.0.28","PSt7-10","000000-000","10/20/2017 9:36:39 AM","0000-00","0","no battery","V"
"10/20/2017","12:02:40","5","default","957498349","OXY5","53.035","min","158.479","μmol/L","Humid","20.925","deg","90825","µV","35.984","°C","1019.000","hPa","37.0","pmil","0","55.500","deg","20.000","°C","100.000","%a.s.","22.500","deg","20.000","°C","1013.000","hPa","0.861","-0.02056","0.00035","-0.00011","0","14.7","Humid","26.25","0","52.00","345609.79","SABD0000000001","AAV1.0.0.11","2.0.0.28","PSt7-10","000000-000","10/20/2017 9:36:39 AM","0000-00","0","no battery","V"
"10/20/2017","12:02:41","5","default","957498349","OXY5","53.052","min","158.530","μmol/L","Humid","20.915","deg","90823","µV","35.999","°C","1019.000","hPa","37.0","pmil","0","55.500","deg","20.000","°C","100.000","%a.s.","22.500","deg","20.000","°C","1013.000","hPa","0.861","-0.02056","0.00035","-0.00011","0","14.7","Humid","26.25","0","52.00","345615.31","SABD0000000001","AAV1.0.0.11","2.0.0.28","PSt7-10","000000-000","10/20/2017 9:36:39 AM","0000-00","0","no battery","V"
"10/20/2017","12:02:42","5","default","957498349","OXY5","53.068","min","158.341","μmol/L","Humid","20.921","deg","90818","µV","36.016","°C","1019.000","hPa","37.0","pmil","0","55.500","deg","20.000","°C","100.000","%a.s.","22.500","deg","20.000","°C","1013.000","hPa","0.861","-0.02056","0.00035","-0.00011","0","14.7","Humid","26.25","0","52.00","345601.22","SABD0000000001","AAV1.0.0.11","2.0.0.28","PSt7-10","000000-000","10/20/2017 9:36:39 AM","0000-00","0","no battery","V"
"10/20/2017","12:02:43","5","default","957498349","OXY5","53.085","min","158.316","μmol/L","Humid","20.921","deg","90830","µV","36.020","°C","1019.000","hPa","37.0","pmil","0","55.500","deg","20.000","°C","100.000","%a.s.","22.500","deg","20.000","°C","1013.000","hPa","0.861","-0.02056","0.00035","-0.00011","0","14.7","Humid","26.25","0","52.00","345607.41","SABD0000000001","AAV1.0.0.11","2.0.0.28","PSt7-10","000000-000","10/20/2017 9:36:39 AM","0000-00","0","no battery","V"
"10/20/2017","12:02:44","5","default","957498349","OXY5","53.102","min","158.320","μmol/L","Humid","20.921","deg","90824","µV","36.020","°C","1019.000","hPa","37.0","pmil","0","55.500","deg","20.000","°C","100.000","%a.s.","22.500","deg","20.000","°C","1013.000","hPa","0.861","-0.02056","0.00035","-0.00011","0","14.7","Humid","26.25","0","52.00","345615.66","SABD0000000001","AAV1.0.0.11","2.0.0.28","PSt7-10","000000-000","10/20/2017 9:36:39 AM","0000-00","0","no battery","V"
"10/20/2017","12:02:45","5","default","957498349","OXY5","53.118","min","158.385","μmol/L","Humid","20.920","deg","90825","µV","36.011","°C","1019.000","hPa","37.0","pmil","0","55.500","deg","20.000","°C","100.000","%a.s.","22.500","deg","20.000","°C","1013.000","hPa","0.861","-0.02056","0.00035","-0.00011","0","14.7","Humid","26.25","0","52.00","345598.53","SABD0000000001","AAV1.0.0.11","2.0.0.28","PSt7-10","000000-000","10/20/2017 9:36:39 AM","0000-00","0","no battery","V"
"10/20/2017","12:02:46","5","default","957498349","OXY5","53.135","min","158.394","μmol/L","Humid","20.917","deg","90817","µV","36.017","°C","1019.000","hPa","37.0","pmil","0","55.500","deg","20.000","°C","100.000","%a.s.","22.500","deg","20.000","°C","1013.000","hPa","0.861","-0.02056","0.00035","-0.00011","0","14.7","Humid","26.25","0","52.00","345601.61","SABD0000000001","AAV1.0.0.11","2.0.0.28","PSt7-10","000000-000","10/20/2017 9:36:39 AM","0000-00","0","no battery","V"
"10/20/2017","12:02:47","5","default","957498349","OXY5","53.152","min","158.430","μmol/L","Humid","20.916","deg","90825","µV","36.013","°C","1019.000","hPa","37.0","pmil","0","55.500","deg","20.000","°C","100.000","%a.s.","22.500","deg","20.000","°C","1013.000","hPa","0.861","-0.02056","0.00035","-0.00011","0","14.7","Humid","26.25","0","52.00","345610.86","SABD0000000001","AAV1.0.0.11","2.0.0.28","PSt7-10","000000-000","10/20/2017 9:36:39 AM","0000-00","0","no battery","V"
"10/20/2017","12:02:48","5","default","957498349","OXY5","53.168","min","158.294","μmol/L","Humid","20.920","deg","90824","µV","36.026","°C","1019.000","hPa","37.0","pmil","0","55.500","deg","20.000","°C","100.000","%a.s.","22.500","deg","20.000","°C","1013.000","hPa","0.861","-0.02056","0.00035","-0.00011","0","14.7","Humid","26.25","0","52.00","345607.00","SABD0000000001","AAV1.0.0.11","2.0.0.28","PSt7-10","000000-000","10/20/2017 9:36:39 AM","0000-00","0","no battery","V"
"10/20/2017","12:02:49","5","default","957498349","OXY5","53.185","min","158.357","μmol/L","Humid","20.916","deg","90812","µV","36.025","°C","1019.000","hPa","37.0","pmil","0","55.500","deg","20.000","°C","100.000","%a.s.","22.500","deg","20.000","°C","1013.000","hPa","0.861","-0.02056","0.00035","-0.00011","0","14.7","Humid","26.25","0","52.00","345601.08","SABD0000000001","AAV1.0.0.11","2.0.0.28","PSt7-10","000000-000","10/20/2017 9:36:39 AM","0000-00","0","no battery","V"
"10/20/2017","12:02:50","5","default","957498349","OXY5","53.202","min","158.570","μmol/L","Humid","20.917","deg","90814","µV","35.988","°C","1019.000","hPa","37.0","pmil","0","55.500","deg","20.000","°C","100.000","%a.s.","22.500","deg","20.000","°C","1013.000","hPa","0.861","-0.02056","0.00035","-0.00011","0","14.7","Humid","26.25","0","52.00","345597.38","SABD0000000001","AAV1.0.0.11","2.0.0.28","PSt7-10","000000-000","10/20/2017 9:36:39 AM","0000-00","0","no battery","V"
"10/20/2017","12:02:51","5","default","957498349","OXY5","53.218","min","158.434","μmol/L","Humid","20.919","deg","90816","µV","36.006","°C","1019.000","hPa","37.0","pmil","0","55.500","deg","20.000","°C","100.000","%a.s.","22.500","deg","20.000","°C","1013.000","hPa","0.861","-0.02056","0.00035","-0.00011","0","14.7","Humid","26.25","0","52.00","345609.39","SABD0000000001","AAV1.0.0.11","2.0.0.28","PSt7-10","000000-000","10/20/2017 9:36:39 AM","0000-00","0","no battery","V"
"10/20/2017","12:02:52","5","default","957498349","OXY5","53.234","min","158.374","μmol/L","Humid","20.919","deg","90815","µV","36.015","°C","1019.000","hPa","37.0","pmil","0","55.500","deg","20.000","°C","100.000","%a.s.","22.500","deg","20.000","°C","1013.000","hPa","0.861","-0.02056","0.00035","-0.00011","0","14.7","Humid","26.25","0","52.00","345587.49","SABD0000000001","AAV1.0.0.11","2.0.0.28","PSt7-10","000000-000","10/20/2017 9:36:39 AM","0000-00","0","no battery","V"
"10/20/2017","12:02:53","5","default","957498349","OXY5","53.251","min","158.427","μmol/L","Humid","20.919","deg","90812","µV","36.007","°C","1019.000","hPa","37.0","pmil","0","55.500","deg","20.000","°C","100.000","%a.s.","22.500","deg","20.000","°C","1013.000","hPa","0.861","-0.02056","0.00035","-0.00011","0","14.7","Humid","26.25","0","52.00","345594.94","SABD0000000001","AAV1.0.0.11","2.0.0.28","PSt7-10","000000-000","10/20/2017 9:36:39 AM","0000-00","0","no battery","V"
"10/20/2017","12:02:54","5","default","957498349","OXY5","53.268","min","158.426","μmol/L","Humid","20.920","deg","90819","µV","36.004","°C","1019.000","hPa","37.0","pmil","0","55.500","deg","20.000","°C","100.000","%a.s.","22.500","deg","20.000","°C","1013.000","hPa","0.861","-0.02056","0.00035","-0.00011","0","14.7","Humid","26.25","0","52.00","345597.49","SABD0000000001","AAV1.0.0.11","2.0.0.28","PSt7-10","000000-000","10/20/2017 9:36:39 AM","0000-00","0","no battery","V"
"10/20/2017","12:02:55","5","default","957498349","OXY5","53.284","min","158.521","μmol/L","Humid","20.917","deg","90813","µV","35.996","°C","1019.000","hPa","37.0","pmil","0","55.500","deg","20.000","°C","100.000","%a.s.","22.500","deg","20.000","°C","1013.000","hPa","0.861","-0.02056","0.00035","-0.00011","0","14.7","Humid","26.25","0","52.00","345591.49","SABD0000000001","AAV1.0.0.11","2.0.0.28","PSt7-10","000000-000","10/20/2017 9:36:39 AM","0000-00","0","no battery","V"
"10/20/2017","12:02:56","5","default","957498349","OXY5","53.301","min","158.350","μmol/L","Humid","20.924","deg","90813","µV","36.008","°C","1019.000","hPa","37.0","pmil","0","55.500","deg","20.000","°C","100.000","%a.s.","22.500","deg","20.000","°C","1013.000","hPa","0.861","-0.02056","0.00035","-0.00011","0","14.7","Humid","26.25","0","52.00","345591.44","SABD0000000001","AAV1.0.0.11","2.0.0.28","PSt7-10","000000-000","10/20/2017 9:36:39 AM","0000-00","0","no battery","V"
"10/20/2017","12:02:57","5","default","957498349","OXY5","53.318","min","158.485","μmol/L","Humid","20.918","deg","90813","µV","35.999","°C","1019.000","hPa","37.0","pmil","0","55.500","deg","20.000","°C","100.000","%a.s.","22.500","deg","20.000","°C","1013.000","hPa","0.861","-0.02056","0.00035","-0.00011","0","14.7","Humid","26.25","0","52.00","345578.86","SABD0000000001","AAV1.0.0.11","2.0.0.28","PSt7-10","000000-000","10/20/2017 9:36:39 AM","0000-00","0","no battery","V"
"10/20/2017","12:02:58","5","default","957498349","OXY5","53.334","min","158.554","μmol/L","Humid","20.917","deg","90814","µV","35.990","°C","1019.000","hPa","37.0","pmil","0","55.500","deg","20.000","°C","100.000","%a.s.","22.500","deg","20.000","°C","1013.000","hPa","0.861","-0.02056","0.00035","-0.00011","0","14.7","Humid","26.25","0","52.00","345580.01","SABD0000000001","AAV1.0.0.11","2.0.0.28","PSt7-10","000000-000","10/20/2017 9:36:39 AM","0000-00","0","no battery","V"
"10/20/2017","12:02:59","5","default","957498349","OXY5","53.351","min","158.405","μmol/L","Humid","20.920","deg","90815","µV","36.008","°C","1019.000","hPa","37.0","pmil","0","55.500","deg","20.000","°C","100.000","%a.s.","22.500","deg","20.000","°C","1013.000","hPa","0.861","-0.02056","0.00035","-0.00011","0","14.7","Humid","26.25","0","52.00","345589.86","SABD0000000001","AAV1.0.0.11","2.0.0.28","PSt7-10","000000-000","10/20/2017 9:36:39 AM","0000-00","0","no battery","V"
"10/20/2017","12:03:00","5","default","957498349","OXY5","53.368","min","158.372","μmol/L","Humid","20.922","deg","90810","µV","36.009","°C","1019.000","hPa","37.0","pmil","0","55.500","deg","20.000","°C","100.000","%a.s.","22.500","deg","20.000","°C","1013.000","hPa","0.861","-0.02056","0.00035","-0.00011","0","14.7","Humid","26.25","0","52.00","345576.23","SABD0000000001","AAV1.0.0.11","2.0.0.28","PSt7-10","000000-000","10/20/2017 9:36:39 AM","0000-00","0","no battery","V"
"10/20/2017","12:03:01","5","default","957498349","OXY5","53.384","min","158.373","μmol/L","Humid","20.923","deg","90815","µV","36.006","°C","1019.000","hPa","37.0","pmil","0","55.500","deg","20.000","°C","100.000","%a.s.","22.500","deg","20.000","°C","1013.000","hPa","0.861","-0.02056","0.00035","-0.00011","0","14.7","Humid","26.25","0","52.00","345571.99","SABD0000000001","AAV1.0.0.11","2.0.0.28","PSt7-10","000000-000","10/20/2017 9:36:39 AM","0000-00","0","no battery","V"
"10/20/2017","12:03:02","5","default","957498349","OXY5","53.401","min","158.327","μmol/L","Humid","20.921","deg","90810","µV","36.019","°C","1019.000","hPa","37.0","pmil","0","55.500","deg","20.000","°C","100.000","%a.s.","22.500","deg","20.000","°C","1013.000","hPa","0.861","-0.02056","0.00035","-0.00011","0","14.7","Humid","26.25","0","52.00","345577.05","SABD0000000001","AAV1.0.0.11","2.0.0.28","PSt7-10","000000-000","10/20/2017 9:36:39 AM","0000-00","0","no battery","V"
"10/20/2017","12:03:03","5","default","957498349","OXY5","53.418","min","158.397","μmol/L","Humid","20.919","deg","90815","µV","36.012","°C","1019.000","hPa","37.0","pmil","0","55.500","deg","20.000","°C","100.000","%a.s.","22.500","deg","20.000","°C","1013.000","hPa","0.861","-0.02056","0.00035","-0.00011","0","14.7","Humid","26.25","0","52.00","345584.48","SABD0000000001","AAV1.0.0.11","2.0.0.28","PSt7-10","000000-000","10/20/2017 9:36:39 AM","0000-00","0","no battery","V"
"10/20/2017","12:03:04","5","default","957498349","OXY5","53.434","min","158.319","μmol/L","Humid","20.923","deg","90809","µV","36.015","°C","1019.000","hPa","37.0","pmil","0","55.500","deg","20.000","°C","100.000","%a.s.","22.500","deg","20.000","°C","1013.000","hPa","0.861","-0.02056","0.00035","-0.00011","0","14.7","Humid","26.25","0","52.00","345570.94","SABD0000000001","AAV1.0.0.11","2.0.0.28","PSt7-10","000000-000","10/20/2017 9:36:39 AM","0000-00","0","no battery","V"
"10/20/2017","12:03:05","5","default","957498349","OXY5","53.451","min","158.396","μmol/L","Humid","20.917","deg","90805","µV","36.017","°C","1019.000","hPa","37.0","pmil","0","55.500","deg","20.000","°C","100.000","%a.s.","22.500","deg","20.000","°C","1013.000","hPa","0.861","-0.02056","0.00035","-0.00011","0","14.7","Humid","26.25","0","52.00","345573.21","SABD0000000001","AAV1.0.0.11","2.0.0.28","PSt7-10","000000-000","10/20/2017 9:36:39 AM","0000-00","0","no battery","V"
"10/20/2017","12:03:06","5","default","957498349","OXY5","53.468","min","158.371","μmol/L","Humid","20.919","deg","90800","µV","36.016","°C","1019.000","hPa","37.0","pmil","0","55.500","deg","20.000","°C","100.000","%a.s.","22.500","deg","20.000","°C","1013.000","hPa","0.861","-0.02056","0.00035","-0.00011","0","14.7","Humid","26.25","0","52.00","345567.88","SABD0000000001","AAV1.0.0.11","2.0.0.28","PSt7-10","000000-000","10/20/2017 9:36:39 AM","0000-00","0","no battery","V"
"10/20/2017","12:03:07","5","default","957498349","OXY5","53.484","min","158.360","μmol/L","Humid","20.921","deg","90805","µV","36.013","°C","1019.000","hPa","37.0","pmil","0","55.500","deg","20.000","°C","100.000","%a.s.","22.500","deg","20.000","°C","1013.000","hPa","0.861","-0.02056","0.00035","-0.00011","0","14.7","Humid","26.25","0","52.00","345578.40","SABD0000000001","AAV1.0.0.11","2.0.0.28","PSt7-10","000000-000","10/20/2017 9:36:39 AM","0000-00","0","no battery","V"
"10/20/2017","12:03:08","5","default","957498349","OXY5","53.501","min","158.464","μmol/L","Humid","20.916","deg","90802","µV","36.008","°C","1019.000","hPa","37.0","pmil","0","55.500","deg","20.000","°C","100.000","%a.s.","22.500","deg","20.000","°C","1013.000","hPa","0.861","-0.02056","0.00035","-0.00011","0","14.7","Humid","26.25","0","52.00","345580.83","SABD0000000001","AAV1.0.0.11","2.0.0.28","PSt7-10","000000-000","10/20/2017 9:36:39 AM","0000-00","0","no battery","V"
"10/20/2017","12:03:09","5","default","957498349","OXY5","53.518","min","158.493","μmol/L","Humid","20.920","deg","90802","µV","35.993","°C","1019.000","hPa","37.0","pmil","0","55.500","deg","20.000","°C","100.000","%a.s.","22.500","deg","20.000","°C","1013.000","hPa","0.861","-0.02056","0.00035","-0.00011","0","14.7","Humid","26.25","0","52.00","345567.67","SABD0000000001","AAV1.0.0.11","2.0.0.28","PSt7-10","000000-000","10/20/2017 9:36:39 AM","0000-00","0","no battery","V"
"10/20/2017","12:03:10","5","default","957498349","OXY5","53.534","min","158.329","μmol/L","Humid","20.921","deg","90805","µV","36.018","°C","1019.000","hPa","37.0","pmil","0","55.500","deg","20.000","°C","100.000","%a.s.","22.500","deg","20.000","°C","1013.000","hPa","0.861","-0.02056","0.00035","-0.00011","0","14.7","Humid","26.25","0","52.00","345572.43","SABD0000000001","AAV1.0.0.11","2.0.0.28","PSt7-10","000000-000","10/20/2017 9:36:39 AM","0000-00","0","no battery","V"
"10/20/2017","12:03:11","5","default","957498349","OXY5","53.551","min","158.407","μmol/L","Humid","20.918","deg","90800","µV","36.012","°C","1019.000","hPa","37.0","pmil","0","55.500","deg","20.000","°C","100.000","%a.s.","22.500","deg","20.000","°C","1013.000","hPa","0.861","-0.02056","0.00035","-0.00011","0","14.7","Humid","26.25","0","52.00","345568.52","SABD0000000001","AAV1.0.0.11","2.0.0.28","PSt7-10","000000-000","10/20/2017 9:36:39 AM","0000-00","0","no battery","V"
"10/20/2017","12:03:12","5","default","957498349","OXY5","53.568","min","158.422","μmol/L","Humid","20.918","deg","90807","µV","36.010","°C","1019.000","hPa","37.0","pmil","0","55.500","deg","20.000","°C","100.000","%a.s.","22.500","deg","20.000","°C","1013.000","hPa","0.861","-0.02056","0.00035","-0.00011","0","14.7","Humid","26.25","0","52.00","345573.37","SABD0000000001","AAV1.0.0.11","2.0.0.28","PSt7-10","000000-000","10/20/2017 9:36:39 AM","0000-00","0","no battery","V"
"10/20/2017","12:03:13","5","default","957498349","OXY5","53.584","min","158.511","μmol/L","Humid","20.920","deg","90807","µV","35.990","°C","1019.000","hPa","37.0","pmil","0","55.500","deg","20.000","°C","100.000","%a.s.","22.500","deg","20.000","°C","1013.000","hPa","0.861","-0.02056","0.00035","-0.00011","0","14.7","Humid","26.25","0","52.00","345562.57","SABD0000000001","AAV1.0.0.11","2.0.0.28","PSt7-10","000000-000","10/20/2017 9:36:39 AM","0000-00","0","no battery","V"
"10/20/2017","12:03:14","5","default","957498349","OXY5","53.601","min","158.454","μmol/L","Humid","20.920","deg","90802","µV","36.000","°C","1019.000","hPa","37.0","pmil","0","55.500","deg","20.000","°C","100.000","%a.s.","22.500","deg","20.000","°C","1013.000","hPa","0.861","-0.02056","0.00035","-0.00011","0","14.7","Humid","26.25","0","52.00","345569.22","SABD0000000001","AAV1.0.0.11","2.0.0.28","PSt7-10","000000-000","10/20/2017 9:36:39 AM","0000-00","0","no battery","V"
"10/20/2017","12:03:15","5","default","957498349","OXY5","53.618","min","158.492","μmol/L","Humid","20.921","deg","90800","µV","35.991","°C","1019.000","hPa","37.0","pmil","0","55.500","deg","20.000","°C","100.000","%a.s.","22.500","deg","20.000","°C","1013.000","hPa","0.861","-0.02056","0.00035","-0.00011","0","14.7","Humid","26.25","0","52.00","345568.93","SABD0000000001","AAV1.0.0.11","2.0.0.28","PSt7-10","000000-000","10/20/2017 9:36:39 AM","0000-00","0","no battery","V"
"10/20/2017","12:03:16","5","default","957498349","OXY5","53.634","min","158.530","μmol/L","Humid","20.921","deg","90804","µV","35.985","°C","1019.000","hPa","37.0","pmil","0","55.500","deg","20.000","°C","100.000","%a.s.","22.500","deg","20.000","°C","1013.000","hPa","0.861","-0.02056","0.00035","-0.00011","0","14.7","Humid","26.25","0","52.00","345574.02","SABD0000000001","AAV1.0.0.11","2.0.0.28","PSt7-10","000000-000","10/20/2017 9:36:39 AM","0000-00","0","no battery","V"
"10/20/2017","12:03:17","5","default","957498349","OXY5","53.651","min","158.533","μmol/L","Humid","20.918","deg","90804","µV","35.992","°C","1019.000","hPa","37.0","pmil","0","55.500","deg","20.000","°C","100.000","%a.s.","22.500","deg","20.000","°C","1013.000","hPa","0.861","-0.02056","0.00035","-0.00011","0","14.7","Humid","26.25","0","52.00","345553.13","SABD0000000001","AAV1.0.0.11","2.0.0.28","PSt7-10","000000-000","10/20/2017 9:36:39 AM","0000-00","0","no battery","V"
"10/20/2017","12:03:18","5","default","957498349","OXY5","53.668","min","158.469","μmol/L","Humid","20.920","deg","90796","µV","35.997","°C","1019.000","hPa","37.0","pmil","0","55.500","deg","20.000","°C","100.000","%a.s.","22.500","deg","20.000","°C","1013.000","hPa","0.861","-0.02056","0.00035","-0.00011","0","14.7","Humid","26.25","0","52.00","345562.57","SABD0000000001","AAV1.0.0.11","2.0.0.28","PSt7-10","000000-000","10/20/2017 9:36:39 AM","0000-00","0","no battery","V"
"10/20/2017","12:03:19","5","default","957498349","OXY5","53.684","min","158.561","μmol/L","Humid","20.917","deg","90796","µV","35.989","°C","1019.000","hPa","37.0","pmil","0","55.500","deg","20.000","°C","100.000","%a.s.","22.500","deg","20.000","°C","1013.000","hPa","0.861","-0.02056","0.00035","-0.00011","0","14.7","Humid","26.25","0","52.00","345553.13","SABD0000000001","AAV1.0.0.11","2.0.0.28","PSt7-10","000000-000","10/20/2017 9:36:39 AM","0000-00","0","no battery","V"
"10/20/2017","12:03:20","5","default","957498349","OXY5","53.701","min","158.319","μmol/L","Humid","20.918","deg","90790","µV","36.027","°C","1019.000","hPa","37.0","pmil","0","55.500","deg","20.000","°C","100.000","%a.s.","22.500","deg","20.000","°C","1013.000","hPa","0.861","-0.02056","0.00035","-0.00011","0","14.7","Humid","26.25","0","52.00","345550.57","SABD0000000001","AAV1.0.0.11","2.0.0.28","PSt7-10","000000-000","10/20/2017 9:36:39 AM","0000-00","0","no battery","V"
"10/20/2017","12:03:21","5","default","957498349","OXY5","53.718","min","158.425","μmol/L","Humid","20.917","deg","90796","µV","36.012","°C","1019.000","hPa","37.0","pmil","0","55.500","deg","20.000","°C","100.000","%a.s.","22.500","deg","20.000","°C","1013.000","hPa","0.861","-0.02056","0.00035","-0.00011","0","14.7","Humid","26.25","0","52.00","345563.40","SABD0000000001","AAV1.0.0.11","2.0.0.28","PSt7-10","000000-000","10/20/2017 9:36:39 AM","0000-00","0","no battery","V"
"10/20/2017","12:03:22","5","default","957498349","OXY5","53.734","min","158.414","μmol/L","Humid","20.921","deg","90797","µV","36.004","°C","1019.000","hPa","37.0","pmil","0","55.500","deg","20.000","°C","100.000","%a.s.","22.500","deg","20.000","°C","1013.000","hPa","0.861","-0.02056","0.00035","-0.00011","0","14.7","Humid","26.25","0","52.00","345559.64","SABD0000000001","AAV1.0.0.11","2.0.0.28","PSt7-10","000000-000","10/20/2017 9:36:39 AM","0000-00","0","no battery","V"
"10/20/2017","12:03:23","5","default","957498349","OXY5","53.751","min","158.440","μmol/L","Humid","20.920","deg","90795","µV","36.002","°C","1019.000","hPa","37.0","pmil","0","55.500","deg","20.000","°C","100.000","%a.s.","22.500","deg","20.000","°C","1013.000","hPa","0.861","-0.02056","0.00035","-0.00011","0","14.7","Humid","26.25","0","52.00","345556.49","SABD0000000001","AAV1.0.0.11","2.0.0.28","PSt7-10","000000-000","10/20/2017 9:36:39 AM","0000-00","0","no battery","V"
"10/20/2017","12:03:24","5","default","957498349","OXY5","53.768","min","158.431","μmol/L","Humid","20.923","deg","90793","µV","35.997","°C","1019.000","hPa","37.0","pmil","0","55.500","deg","20.000","°C","100.000","%a.s.","22.500","deg","20.000","°C","1013.000","hPa","0.861","-0.02056","0.00035","-0.00011","0","14.7","Humid","26.25","0","52.00","345544.94","SABD0000000001","AAV1.0.0.11","2.0.0.28","PSt7-10","000000-000","10/20/2017 9:36:39 AM","0000-00","0","no battery","V"
"10/20/2017","12:03:25","5","default","957498349","OXY5","53.787","min","158.454","μmol/L","Humid","20.920","deg","90801","µV","36.000","°C","1019.000","hPa","37.0","pmil","0","55.500","deg","20.000","°C","100.000","%a.s.","22.500","deg","20.000","°C","1013.000","hPa","0.861","-0.02056","0.00035","-0.00011","0","14.7","Humid","26.25","0","52.00","345566.06","SABD0000000001","AAV1.0.0.11","2.0.0.28","PSt7-10","000000-000","10/20/2017 9:36:39 AM","0000-00","0","no battery","V"
"10/20/2017","12:03:26","5","default","957498349","OXY5","53.801","min","158.367","μmol/L","Humid","20.920","deg","90795","µV","36.014","°C","1019.000","hPa","37.0","pmil","0","55.500","deg","20.000","°C","100.000","%a.s.","22.500","deg","20.000","°C","1013.000","hPa","0.861","-0.02056","0.00035","-0.00011","0","14.7","Humid","26.25","0","52.00","345555.25","SABD0000000001","AAV1.0.0.11","2.0.0.28","PSt7-10","000000-000","10/20/2017 9:36:39 AM","0000-00","0","no battery","V"
"10/20/2017","12:03:27","5","default","957498349","OXY5","53.818","min","158.453","μmol/L","Humid","20.920","deg","90790","µV","36.000","°C","1019.000","hPa","37.0","pmil","0","55.500","deg","20.000","°C","100.000","%a.s.","22.500","deg","20.000","°C","1013.000","hPa","0.861","-0.02056","0.00035","-0.00011","0","14.7","Humid","26.25","0","52.00","345548.81","SABD0000000001","AAV1.0.0.11","2.0.0.28","PSt7-10","000000-000","10/20/2017 9:36:39 AM","0000-00","0","no battery","V"
"10/20/2017","12:03:28","5","default","957498349","OXY5","53.835","min","158.469","μmol/L","Humid","20.919","deg","90793","µV","36.000","°C","1019.000","hPa","37.0","pmil","0","55.500","deg","20.000","°C","100.000","%a.s.","22.500","deg","20.000","°C","1013.000","hPa","0.861","-0.02056","0.00035","-0.00011","0","14.7","Humid","26.25","0","52.00","345550.76","SABD0000000001","AAV1.0.0.11","2.0.0.28","PSt7-10","000000-000","10/20/2017 9:36:39 AM","0000-00","0","no battery","V"
"10/20/2017","12:03:29","5","default","957498349","OXY5","53.851","min","158.448","μmol/L","Humid","20.920","deg","90793","µV","36.001","°C","1019.000","hPa","37.0","pmil","0","55.500","deg","20.000","°C","100.000","%a.s.","22.500","deg","20.000","°C","1013.000","hPa","0.861","-0.02056","0.00035","-0.00011","0","14.7","Humid","26.25","0","52.00","345538.03","SABD0000000001","AAV1.0.0.11","2.0.0.28","PSt7-10","000000-000","10/20/2017 9:36:39 AM","0000-00","0","no battery","V"
"10/20/2017","12:03:30","5","default","957498349","OXY5","53.868","min","158.437","μmol/L","Humid","20.917","deg","90798","µV","36.010","°C","1019.000","hPa","37.0","pmil","0","55.500","deg","20.000","°C","100.000","%a.s.","22.500","deg","20.000","°C","1013.000","hPa","0.861","-0.02056","0.00035","-0.00011","0","14.7","Humid","26.25","0","52.00","345549.69","SABD0000000001","AAV1.0.0.11","2.0.0.28","PSt7-10","000000-000","10/20/2017 9:36:39 AM","0000-00","0","no battery","V"
"10/20/2017","12:03:31","5","default","957498349","OXY5","53.885","min","158.428","μmol/L","Humid","20.920","deg","90793","µV","36.004","°C","1019.000","hPa","37.0","pmil","0","55.500","deg","20.000","°C","100.000","%a.s.","22.500","deg","20.000","°C","1013.000","hPa","0.861","-0.02056","0.00035","-0.00011","0","14.7","Humid","26.25","0","52.00","345539.07","SABD0000000001","AAV1.0.0.11","2.0.0.28","PSt7-10","000000-000","10/20/2017 9:36:39 AM","0000-00","0","no battery","V"
"10/20/2017","12:03:32","5","default","957498349","OXY5","53.901","min","158.364","μmol/L","Humid","20.923","deg","90688","µV","36.008","°C","1019.000","hPa","37.0","pmil","0","55.500","deg","20.000","°C","100.000","%a.s.","22.500","deg","20.000","°C","1013.000","hPa","0.861","-0.02056","0.00035","-0.00011","0","14.7","Humid","26.25","0","52.00","345544.01","SABD0000000001","AAV1.0.0.11","2.0.0.28","PSt7-10","000000-000","10/20/2017 9:36:39 AM","0000-00","0","no battery","V"
"10/20/2017","12:03:33","5","default","957498349","OXY5","53.918","min","158.328","μmol/L","Humid","20.923","deg","90506","µV","36.014","°C","1019.000","hPa","37.0","pmil","0","55.500","deg","20.000","°C","100.000","%a.s.","22.500","deg","20.000","°C","1013.000","hPa","0.861","-0.02056","0.00035","-0.00011","0","14.7","Humid","26.25","0","52.00","345526.20","SABD0000000001","AAV1.0.0.11","2.0.0.28","PSt7-10","000000-000","10/20/2017 9:36:39 AM","0000-00","0","no battery","V"
"10/20/2017","12:03:34","5","default","957498349","OXY5","53.935","min","158.455","μmol/L","Humid","20.917","deg","90549","µV","36.007","°C","1019.000","hPa","37.0","pmil","0","55.500","deg","20.000","°C","100.000","%a.s.","22.500","deg","20.000","°C","1013.000","hPa","0.861","-0.02056","0.00035","-0.00011","0","14.7","Humid","26.25","0","52.00","345533.63","SABD0000000001","AAV1.0.0.11","2.0.0.28","PSt7-10","000000-000","10/20/2017 9:36:39 AM","0000-00","0","no battery","V"
"10/20/2017","12:03:35","5","default","957498349","OXY5","53.951","min","158.320","μmol/L","Humid","20.920","deg","90423","µV","36.022","°C","1019.000","hPa","37.0","pmil","0","55.500","deg","20.000","°C","100.000","%a.s.","22.500","deg","20.000","°C","1013.000","hPa","0.861","-0.02056","0.00035","-0.00011","0","14.7","Humid","26.25","0","52.00","345532.52","SABD0000000001","AAV1.0.0.11","2.0.0.28","PSt7-10","000000-000","10/20/2017 9:36:39 AM","0000-00","0","no battery","V"
"10/20/2017","12:03:36","5","default","957498349","OXY5","53.968","min","158.415","μmol/L","Humid","20.922","deg","90749","µV","36.002","°C","1019.000","hPa","37.0","pmil","0","55.500","deg","20.000","°C","100.000","%a.s.","22.500","deg","20.000","°C","1013.000","hPa","0.861","-0.02056","0.00035","-0.00011","0","14.7","Humid","26.25","0","52.00","345534.93","SABD0000000001","AAV1.0.0.11","2.0.0.28","PSt7-10","000000-000","10/20/2017 9:36:39 AM","0000-00","0","no battery","V"
"10/20/2017","12:03:37","5","default","957498349","OXY5","53.985","min","158.365","μmol/L","Humid","20.926","deg","90722","µV","36.000","°C","1019.000","hPa","37.0","pmil","0","55.500","deg","20.000","°C","100.000","%a.s.","22.500","deg","20.000","°C","1013.000","hPa","0.861","-0.02056","0.00035","-0.00011","0","14.7","Humid","26.25","0","52.00","345528.04","SABD0000000001","AAV1.0.0.11","2.0.0.28","PSt7-10","000000-000","10/20/2017 9:36:39 AM","0000-00","0","no battery","V"
"10/20/2017","12:03:38","5","default","957498349","OXY5","54.001","min","158.514","μmol/L","Humid","20.922","deg","90695","µV","35.985","°C","1019.000","hPa","37.0","pmil","0","55.500","deg","20.000","°C","100.000","%a.s.","22.500","deg","20.000","°C","1013.000","hPa","0.861","-0.02056","0.00035","-0.00011","0","14.7","Humid","26.25","0","52.00","345531.76","SABD0000000001","AAV1.0.0.11","2.0.0.28","PSt7-10","000000-000","10/20/2017 9:36:39 AM","0000-00","0","no battery","V"
"10/20/2017","12:03:39","5","default","957498349","OXY5","54.018","min","158.374","μmol/L","Humid","20.924","deg","90680","µV","36.004","°C","1019.000","hPa","37.0","pmil","0","55.500","deg","20.000","°C","100.000","%a.s.","22.500","deg","20.000","°C","1013.000","hPa","0.861","-0.02056","0.00035","-0.00011","0","14.7","Humid","26.25","0","52.00","345535.91","SABD0000000001","AAV1.0.0.11","2.0.0.28","PSt7-10","000000-000","10/20/2017 9:36:39 AM","0000-00","0","no battery","V"
"10/20/2017","12:03:40","5","default","957498349","OXY5","54.035","min","158.415","μmol/L","Humid","20.920","deg","90636","µV","36.006","°C","1019.000","hPa","37.0","pmil","0","55.500","deg","20.000","°C","100.000","%a.s.","22.500","deg","20.000","°C","1013.000","hPa","0.861","-0.02056","0.00035","-0.00011","0","14.7","Humid","26.25","0","52.00","345524.88","SABD0000000001","AAV1.0.0.11","2.0.0.28","PSt7-10","000000-000","10/20/2017 9:36:39 AM","0000-00","0","no battery","V"
"10/20/2017","12:03:41","5","default","957498349","OXY5","54.051","min","158.455","μmol/L","Humid","20.915","deg","90653","µV","36.012","°C","1019.000","hPa","37.0","pmil","0","55.500","deg","20.000","°C","100.000","%a.s.","22.500","deg","20.000","°C","1013.000","hPa","0.861","-0.02056","0.00035","-0.00011","0","14.7","Humid","26.25","0","52.00","345530.91","SABD0000000001","AAV1.0.0.11","2.0.0.28","PSt7-10","000000-000","10/20/2017 9:36:39 AM","0000-00","0","no battery","V"
"10/20/2017","12:03:42","5","default","957498349","OXY5","54.068","min","158.424","μmol/L","Humid","20.918","deg","89879","µV","36.010","°C","1019.000","hPa","37.0","pmil","0","55.500","deg","20.000","°C","100.000","%a.s.","22.500","deg","20.000","°C","1013.000","hPa","0.861","-0.02056","0.00035","-0.00011","0","14.7","Humid","26.25","0","52.00","345524.45","SABD0000000001","AAV1.0.0.11","2.0.0.28","PSt7-10","000000-000","10/20/2017 9:36:39 AM","0000-00","0","no battery","V"
"10/20/2017","12:03:43","5","default","957498349","OXY5","54.085","min","158.442","μmol/L","Humid","20.915","deg","90138","µV","36.014","°C","1019.000","hPa","37.0","pmil","0","55.500","deg","20.000","°C","100.000","%a.s.","22.500","deg","20.000","°C","1013.000","hPa","0.861","-0.02056","0.00035","-0.00011","0","14.7","Humid","26.25","0","52.00","345536.35","SABD0000000001","AAV1.0.0.11","2.0.0.28","PSt7-10","000000-000","10/20/2017 9:36:39 AM","0000-00","0","no battery","V"
"10/20/2017","12:03:44","5","default","957498349","OXY5","54.101","min","158.398","μmol/L","Humid","20.916","deg","90660","µV","36.019","°C","1019.000","hPa","37.0","pmil","0","55.500","deg","20.000","°C","100.000","%a.s.","22.500","deg","20.000","°C","1013.000","hPa","0.861","-0.02056","0.00035","-0.00011","0","14.7","Humid","26.25","0","52.00","345529.14","SABD0000000001","AAV1.0.0.11","2.0.0.28","PSt7-10","000000-000","10/20/2017 9:36:39 AM","0000-00","0","no battery","V"
"10/20/2017","12:03:45","5","default","957498349","OXY5","54.118","min","158.319","μmol/L","Humid","20.918","deg","90652","µV","36.027","°C","1019.000","hPa","37.0","pmil","0","55.500","deg","20.000","°C","100.000","%a.s.","22.500","deg","20.000","°C","1013.000","hPa","0.861","-0.02056","0.00035","-0.00011","0","14.7","Humid","26.25","0","52.00","345528.40","SABD0000000001","AAV1.0.0.11","2.0.0.28","PSt7-10","000000-000","10/20/2017 9:36:39 AM","0000-00","0","no battery","V"
"10/20/2017","12:03:46","5","default","957498349","OXY5","54.135","min","158.409","μmol/L","Humid","20.917","deg","90738","µV","36.014","°C","1019.000","hPa","37.0","pmil","0","55.500","deg","20.000","°C","100.000","%a.s.","22.500","deg","20.000","°C","1013.000","hPa","0.861","-0.02056","0.00035","-0.00011","0","14.7","Humid","26.25","0","52.00","345537.38","SABD0000000001","AAV1.0.0.11","2.0.0.28","PSt7-10","000000-000","10/20/2017 9:36:39 AM","0000-00","0","no battery","V"
"10/20/2017","12:03:47","5","default","957498349","OXY5","54.151","min","158.419","μmol/L","Humid","20.921","deg","90770","µV","36.003","°C","1019.000","hPa","37.0","pmil","0","55.500","deg","20.000","°C","100.000","%a.s.","22.500","deg","20.000","°C","1013.000","hPa","0.861","-0.02056","0.00035","-0.00011","0","14.7","Humid","26.25","0","52.00","345531.48","SABD0000000001","AAV1.0.0.11","2.0.0.28","PSt7-10","000000-000","10/20/2017 9:36:39 AM","0000-00","0","no battery","V"
"10/20/2017","12:03:48","5","default","957498349","OXY5","54.168","min","158.487","μmol/L","Humid","20.919","deg","90976","µV","35.997","°C","1019.000","hPa","37.0","pmil","0","55.500","deg","20.000","°C","100.000","%a.s.","22.500","deg","20.000","°C","1013.000","hPa","0.861","-0.02056","0.00035","-0.00011","0","14.7","Humid","26.25","0","52.00","345523.21","SABD0000000001","AAV1.0.0.11","2.0.0.28","PSt7-10","000000-000","10/20/2017 9:36:39 AM","0000-00","0","no battery","V"
"10/20/2017","12:03:49","5","default","957498349","OXY5","54.185","min","158.439","μmol/L","Humid","20.919","deg","90973","µV","36.005","°C","1019.000","hPa","37.0","pmil","0","55.500","deg","20.000","°C","100.000","%a.s.","22.500","deg","20.000","°C","1013.000","hPa","0.861","-0.02056","0.00035","-0.00011","0","14.7","Humid","26.25","0","52.00","345523.24","SABD0000000001","AAV1.0.0.11","2.0.0.28","PSt7-10","000000-000","10/20/2017 9:36:39 AM","0000-00","0","no battery","V"
"10/20/2017","12:03:50","5","default","957498349","OXY5","54.202","min","158.391","μmol/L","Humid","20.922","deg","91014","µV","36.006","°C","1019.000","hPa","37.0","pmil","0","55.500","deg","20.000","°C","100.000","%a.s.","22.500","deg","20.000","°C","1013.000","hPa","0.861","-0.02056","0.00035","-0.00011","0","14.7","Humid","26.25","0","52.00","345525.28","SABD0000000001","AAV1.0.0.11","2.0.0.28","PSt7-10","000000-000","10/20/2017 9:36:39 AM","0000-00","0","no battery","V"
"10/20/2017","12:03:51","5","default","957498349","OXY5","54.218","min","158.429","μmol/L","Humid","20.923","deg","91037","µV","35.997","°C","1019.000","hPa","37.0","pmil","0","55.500","deg","20.000","°C","100.000","%a.s.","22.500","deg","20.000","°C","1013.000","hPa","0.861","-0.02056","0.00035","-0.00011","0","14.7","Humid","26.25","0","52.00","345519.39","SABD0000000001","AAV1.0.0.11","2.0.0.28","PSt7-10","000000-000","10/20/2017 9:36:39 AM","0000-00","0","no battery","V"
"10/20/2017","12:03:52","5","default","957498349","OXY5","54.235","min","158.524","μmol/L","Humid","20.920","deg","90940","µV","35.988","°C","1019.000","hPa","37.0","pmil","0","55.500","deg","20.000","°C","100.000","%a.s.","22.500","deg","20.000","°C","1013.000","hPa","0.861","-0.02056","0.00035","-0.00011","0","14.7","Humid","26.25","0","52.00","345528.18","SABD0000000001","AAV1.0.0.11","2.0.0.28","PSt7-10","000000-000","10/20/2017 9:36:39 AM","0000-00","0","no battery","V"
"10/20/2017","12:03:53","5","default","957498349","OXY5","54.252","min","158.385","μmol/L","Humid","20.923","deg","90934","µV","36.004","°C","1019.000","hPa","37.0","pmil","0","55.500","deg","20.000","°C","100.000","%a.s.","22.500","deg","20.000","°C","1013.000","hPa","0.861","-0.02056","0.00035","-0.00011","0","14.7","Humid","26.25","0","52.00","345527.08","SABD0000000001","AAV1.0.0.11","2.0.0.28","PSt7-10","000000-000","10/20/2017 9:36:39 AM","0000-00","0","no battery","V"
"10/20/2017","12:03:54","5","default","957498349","OXY5","54.268","min","158.443","μmol/L","Humid","20.916","deg","91048","µV","36.011","°C","1019.000","hPa","37.0","pmil","0","55.500","deg","20.000","°C","100.000","%a.s.","22.500","deg","20.000","°C","1013.000","hPa","0.861","-0.02056","0.00035","-0.00011","0","14.7","Humid","26.25","0","52.00","345530.38","SABD0000000001","AAV1.0.0.11","2.0.0.28","PSt7-10","000000-000","10/20/2017 9:36:39 AM","0000-00","0","no battery","V"
"10/20/2017","12:03:55","5","default","957498349","OXY5","54.285","min","158.530","μmol/L","Humid","20.918","deg","90885","µV","35.992","°C","1019.000","hPa","37.0","pmil","0","55.500","deg","20.000","°C","100.000","%a.s.","22.500","deg","20.000","°C","1013.000","hPa","0.861","-0.02056","0.00035","-0.00011","0","14.7","Humid","26.25","0","52.00","345525.76","SABD0000000001","AAV1.0.0.11","2.0.0.28","PSt7-10","000000-000","10/20/2017 9:36:39 AM","0000-00","0","no battery","V"
"10/20/2017","12:03:56","5","default","957498349","OXY5","54.302","min","158.463","μmol/L","Humid","20.922","deg","90872","µV","35.994","°C","1019.000","hPa","37.0","pmil","0","55.500","deg","20.000","°C","100.000","%a.s.","22.500","deg","20.000","°C","1013.000","hPa","0.861","-0.02056","0.00035","-0.00011","0","14.7","Humid","26.25","0","52.00","345524.83","SABD0000000001","AAV1.0.0.11","2.0.0.28","PSt7-10","000000-000","10/20/2017 9:36:39 AM","0000-00","0","no battery","V"
"10/20/2017","12:03:57","5","default","957498349","OXY5","54.318","min","158.465","μmol/L","Humid","20.919","deg","90885","µV","36.000","°C","1019.000","hPa","37.0","pmil","0","55.500","deg","20.000","°C","100.000","%a.s.","22.500","deg","20.000","°C","1013.000","hPa","0.861","-0.02056","0.00035","-0.00011","0","14.7","Humid","26.25","0","52.00","345518.02","SABD0000000001","AAV1.0.0.11","2.0.0.28","PSt7-10","000000-000","10/20/2017 9:36:39 AM","0000-00","0","no battery","V"
"10/20/2017","12:03:58","5","default","957498349","OXY5","54.335","min","158.296","μmol/L","Humid","20.923","deg","90887","µV","36.019","°C","1019.000","hPa","37.0","pmil","0","55.500","deg","20.000","°C","100.000","%a.s.","22.500","deg","20.000","°C","1013.000","hPa","0.861","-0.02056","0.00035","-0.00011","0","14.7","Humid","26.25","0","52.00","345516.68","SABD0000000001","AAV1.0.0.11","2.0.0.28","PSt7-10","000000-000","10/20/2017 9:36:39 AM","0000-00","0","no battery","V"
"10/20/2017","12:03:59","5","default","957498349","OXY5","54.352","min","158.413","μmol/L","Humid","20.919","deg","90852","µV","36.009","°C","1019.000","hPa","37.0","pmil","0","55.500","deg","20.000","°C","100.000","%a.s.","22.500","deg","20.000","°C","1013.000","hPa","0.861","-0.02056","0.00035","-0.00011","0","14.7","Humid","26.25","0","52.00","345506.60","SABD0000000001","AAV1.0.0.11","2.0.0.28","PSt7-10","000000-000","10/20/2017 9:36:39 AM","0000-00","0","no battery","V"
"10/20/2017","12:04:00","5","default","957498349","OXY5","54.368","min","158.394","μmol/L","Humid","20.920","deg","90830","µV","36.010","°C","1019.000","hPa","37.0","pmil","0","55.500","deg","20.000","°C","100.000","%a.s.","22.500","deg","20.000","°C","1013.000","hPa","0.861","-0.02056","0.00035","-0.00011","0","14.7","Humid","26.25","0","52.00","345515.80","SABD0000000001","AAV1.0.0.11","2.0.0.28","PSt7-10","000000-000","10/20/2017 9:36:39 AM","0000-00","0","no battery","V"
"10/20/2017","12:04:01","5","default","957498349","OXY5","54.385","min","158.324","μmol/L","Humid","20.923","deg","90848","µV","36.014","°C","1019.000","hPa","37.0","pmil","0","55.500","deg","20.000","°C","100.000","%a.s.","22.500","deg","20.000","°C","1013.000","hPa","0.861","-0.02056","0.00035","-0.00011","0","14.7","Humid","26.25","0","52.00","345509.56","SABD0000000001","AAV1.0.0.11","2.0.0.28","PSt7-10","000000-000","10/20/2017 9:36:39 AM","0000-00","0","no battery","V"
"10/20/2017","12:04:02","5","default","957498349","OXY5","54.402","min","158.412","μmol/L","Humid","20.919","deg","90826","µV","36.009","°C","1019.000","hPa","37.0","pmil","0","55.500","deg","20.000","°C","100.000","%a.s.","22.500","deg","20.000","°C","1013.000","hPa","0.861","-0.02056","0.00035","-0.00011","0","14.7","Humid","26.25","0","52.00","345518.90","SABD0000000001","AAV1.0.0.11","2.0.0.28","PSt7-10","000000-000","10/20/2017 9:36:39 AM","0000-00","0","no battery","V"
"10/20/2017","12:04:03","5","default","957498349","OXY5","54.418","min","158.396","μmol/L","Humid","20.919","deg","90833","µV","36.012","°C","1019.000","hPa","37.0","pmil","0","55.500","deg","20.000","°C","100.000","%a.s.","22.500","deg","20.000","°C","1013.000","hPa","0.861","-0.02056","0.00035","-0.00011","0","14.7","Humid","26.25","0","52.00","345515.00","SABD0000000001","AAV1.0.0.11","2.0.0.28","PSt7-10","000000-000","10/20/2017 9:36:39 AM","0000-00","0","no battery","V"
"10/20/2017","12:04:04","5","default","957498349","OXY5","54.435","min","158.306","μmol/L","Humid","20.923","deg","90848","µV","36.017","°C","1019.000","hPa","37.0","pmil","0","55.500","deg","20.000","°C","100.000","%a.s.","22.500","deg","20.000","°C","1013.000","hPa","0.861","-0.02056","0.00035","-0.00011","0","14.7","Humid","26.25","0","52.00","345516.63","SABD0000000001","AAV1.0.0.11","2.0.0.28","PSt7-10","000000-000","10/20/2017 9:36:39 AM","0000-00","0","no battery","V"
"10/20/2017","12:04:05","5","default","957498349","OXY5","54.452","min","158.360","μmol/L","Humid","20.921","deg","90846","µV","36.013","°C","1019.000","hPa","37.0","pmil","0","55.500","deg","20.000","°C","100.000","%a.s.","22.500","deg","20.000","°C","1013.000","hPa","0.861","-0.02056","0.00035","-0.00011","0","14.7","Humid","26.25","0","52.00","345509.75","SABD0000000001","AAV1.0.0.11","2.0.0.28","PSt7-10","000000-000","10/20/2017 9:36:39 AM","0000-00","0","no battery","V"
"10/20/2017","12:04:06","5","default","957498349","OXY5","54.468","min","158.406","μmol/L","Humid","20.921","deg","90843","µV","36.005","°C","1019.000","hPa","37.0","pmil","0","55.500","deg","20.000","°C","100.000","%a.s.","22.500","deg","20.000","°C","1013.000","hPa","0.861","-0.02056","0.00035","-0.00011","0","14.7","Humid","26.25","0","52.00","345512.40","SABD0000000001","AAV1.0.0.11","2.0.0.28","PSt7-10","000000-000","10/20/2017 9:36:39 AM","0000-00","0","no battery","V"
"10/20/2017","12:04:07","5","default","957498349","OXY5","54.485","min","158.370","μmol/L","Humid","20.921","deg","91136","µV","36.011","°C","1019.000","hPa","37.0","pmil","0","55.500","deg","20.000","°C","100.000","%a.s.","22.500","deg","20.000","°C","1013.000","hPa","0.861","-0.02056","0.00035","-0.00011","0","14.7","Humid","26.25","0","52.00","345521.87","SABD0000000001","AAV1.0.0.11","2.0.0.28","PSt7-10","000000-000","10/20/2017 9:36:39 AM","0000-00","0","no battery","V"
"10/20/2017","12:04:08","5","default","957498349","OXY5","54.502","min","158.424","μmol/L","Humid","20.918","deg","90981","µV","36.010","°C","1019.000","hPa","37.0","pmil","0","55.500","deg","20.000","°C","100.000","%a.s.","22.500","deg","20.000","°C","1013.000","hPa","0.861","-0.02056","0.00035","-0.00011","0","14.7","Humid","26.25","0","52.00","345528.47","SABD0000000001","AAV1.0.0.11","2.0.0.28","PSt7-10","000000-000","10/20/2017 9:36:39 AM","0000-00","0","no battery","V"
"10/20/2017","12:04:09","5","default","957498349","OXY5","54.518","min","158.380","μmol/L","Humid","20.920","deg","90989","µV","36.012","°C","1019.000","hPa","37.0","pmil","0","55.500","deg","20.000","°C","100.000","%a.s.","22.500","deg","20.000","°C","1013.000","hPa","0.861","-0.02056","0.00035","-0.00011","0","14.7","Humid","26.25","0","52.00","345518.03","SABD0000000001","AAV1.0.0.11","2.0.0.28","PSt7-10","000000-000","10/20/2017 9:36:39 AM","0000-00","0","no battery","V"
"10/20/2017","12:04:10","5","default","957498349","OXY5","54.535","min","158.392","μmol/L","Humid","20.916","deg","90994","µV","36.020","°C","1019.000","hPa","37.0","pmil","0","55.500","deg","20.000","°C","100.000","%a.s.","22.500","deg","20.000","°C","1013.000","hPa","0.861","-0.02056","0.00035","-0.00011","0","14.7","Humid","26.25","0","52.00","345504.96","SABD0000000001","AAV1.0.0.11","2.0.0.28","PSt7-10","000000-000","10/20/2017 9:36:39 AM","0000-00","0","no battery","V"
"10/20/2017","12:04:11","5","default","957498349","OXY5","54.552","min","158.437","μmol/L","Humid","20.916","deg","90977","µV","36.012","°C","1019.000","hPa","37.0","pmil","0","55.500","deg","20.000","°C","100.000","%a.s.","22.500","deg","20.000","°C","1013.000","hPa","0.861","-0.02056","0.00035","-0.00011","0","14.7","Humid","26.25","0","52.00","345499.34","SABD0000000001","AAV1.0.0.11","2.0.0.28","PSt7-10","000000-000","10/20/2017 9:36:39 AM","0000-00","0","no battery","V"
"10/20/2017","12:04:12","5","default","957498349","OXY5","54.568","min","158.486","μmol/L","Humid","20.919","deg","90979","µV","35.997","°C","1019.000","hPa","37.0","pmil","0","55.500","deg","20.000","°C","100.000","%a.s.","22.500","deg","20.000","°C","1013.000","hPa","0.861","-0.02056","0.00035","-0.00011","0","14.7","Humid","26.25","0","52.00","345507.00","SABD0000000001","AAV1.0.0.11","2.0.0.28","PSt7-10","000000-000","10/20/2017 9:36:39 AM","0000-00","0","no battery","V"
"10/20/2017","12:04:13","5","default","957498349","OXY5","54.585","min","158.438","μmol/L","Humid","20.922","deg","90988","µV","35.998","°C","1019.000","hPa","37.0","pmil","0","55.500","deg","20.000","°C","100.000","%a.s.","22.500","deg","20.000","°C","1013.000","hPa","0.861","-0.02056","0.00035","-0.00011","0","14.7","Humid","26.25","0","52.00","345510.29","SABD0000000001","AAV1.0.0.11","2.0.0.28","PSt7-10","000000-000","10/20/2017 9:36:39 AM","0000-00","0","no battery","V"
"10/20/2017","12:04:14","5","default","957498349","OXY5","54.602","min","158.326","μmol/L","Humid","20.920","deg","90990","µV","36.021","°C","1019.000","hPa","37.0","pmil","0","55.500","deg","20.000","°C","100.000","%a.s.","22.500","deg","20.000","°C","1013.000","hPa","0.861","-0.02056","0.00035","-0.00011","0","14.7","Humid","26.25","0","52.00","345504.67","SABD0000000001","AAV1.0.0.11","2.0.0.28","PSt7-10","000000-000","10/20/2017 9:36:39 AM","0000-00","0","no battery","V"
"10/20/2017","12:04:15","5","default","957498349","OXY5","54.618","min","158.500","μmol/L","Humid","20.919","deg","90992","µV","35.995","°C","1019.000","hPa","37.0","pmil","0","55.500","deg","20.000","°C","100.000","%a.s.","22.500","deg","20.000","°C","1013.000","hPa","0.861","-0.02056","0.00035","-0.00011","0","14.7","Humid","26.25","0","52.00","345511.86","SABD0000000001","AAV1.0.0.11","2.0.0.28","PSt7-10","000000-000","10/20/2017 9:36:39 AM","0000-00","0","no battery","V"
"10/20/2017","12:04:16","5","default","957498349","OXY5","54.635","min","158.392","μmol/L","Humid","20.923","deg","90984","µV","36.003","°C","1019.000","hPa","37.0","pmil","0","55.500","deg","20.000","°C","100.000","%a.s.","22.500","deg","20.000","°C","1013.000","hPa","0.861","-0.02056","0.00035","-0.00011","0","14.7","Humid","26.25","0","52.00","345512.58","SABD0000000001","AAV1.0.0.11","2.0.0.28","PSt7-10","000000-000","10/20/2017 9:36:39 AM","0000-00","0","no battery","V"
"10/20/2017","12:04:17","5","default","957498349","OXY5","54.652","min","158.380","μmol/L","Humid","20.921","deg","90975","µV","36.010","°C","1019.000","hPa","37.0","pmil","0","55.500","deg","20.000","°C","100.000","%a.s.","22.500","deg","20.000","°C","1013.000","hPa","0.861","-0.02056","0.00035","-0.00011","0","14.7","Humid","26.25","0","52.00","345503.22","SABD0000000001","AAV1.0.0.11","2.0.0.28","PSt7-10","000000-000","10/20/2017 9:36:39 AM","0000-00","0","no battery","V"
"10/20/2017","12:04:18","5","default","957498349","OXY5","54.668","min","158.329","μmol/L","Humid","20.916","deg","90976","µV","36.030","°C","1019.000","hPa","37.0","pmil","0","55.500","deg","20.000","°C","100.000","%a.s.","22.500","deg","20.000","°C","1013.000","hPa","0.861","-0.02056","0.00035","-0.00011","0","14.7","Humid","26.25","0","52.00","345513.30","SABD0000000001","AAV1.0.0.11","2.0.0.28","PSt7-10","000000-000","10/20/2017 9:36:39 AM","0000-00","0","no battery","V"
"10/20/2017","12:04:19","5","default","957498349","OXY5","54.685","min","158.331","μmol/L","Humid","20.917","deg","90977","µV","36.027","°C","1019.000","hPa","37.0","pmil","0","55.500","deg","20.000","°C","100.000","%a.s.","22.500","deg","20.000","°C","1013.000","hPa","0.861","-0.02056","0.00035","-0.00011","0","14.7","Humid","26.25","0","52.00","345501.76","SABD0000000001","AAV1.0.0.11","2.0.0.28","PSt7-10","000000-000","10/20/2017 9:36:39 AM","0000-00","0","no battery","V"
"10/20/2017","12:04:20","5","default","957498349","OXY5","54.702","min","158.444","μmol/L","Humid","20.921","deg","90983","µV","35.999","°C","1019.000","hPa","37.0","pmil","0","55.500","deg","20.000","°C","100.000","%a.s.","22.500","deg","20.000","°C","1013.000","hPa","0.861","-0.02056","0.00035","-0.00011","0","14.7","Humid","26.25","0","52.00","345500.98","SABD0000000001","AAV1.0.0.11","2.0.0.28","PSt7-10","000000-000","10/20/2017 9:36:39 AM","0000-00","0","no battery","V"
"10/20/2017","12:04:21","5","default","957498349","OXY5","54.718","min","158.453","μmol/L","Humid","20.920","deg","90977","µV","36.000","°C","1019.000","hPa","37.0","pmil","0","55.500","deg","20.000","°C","100.000","%a.s.","22.500","deg","20.000","°C","1013.000","hPa","0.861","-0.02056","0.00035","-0.00011","0","14.7","Humid","26.25","0","52.00","345506.63","SABD0000000001","AAV1.0.0.11","2.0.0.28","PSt7-10","000000-000","10/20/2017 9:36:39 AM","0000-00","0","no battery","V"
"10/20/2017","12:04:22","5","default","957498349","OXY5","54.735","min","158.370","μmol/L","Humid","20.917","deg","90972","µV","36.021","°C","1019.000","hPa","37.0","pmil","0","55.500","deg","20.000","°C","100.000","%a.s.","22.500","deg","20.000","°C","1013.000","hPa","0.861","-0.02056","0.00035","-0.00011","0","14.7","Humid","26.25","0","52.00","345508.08","SABD0000000001","AAV1.0.0.11","2.0.0.28","PSt7-10","000000-000","10/20/2017 9:36:39 AM","0000-00","0","no battery","V"
"10/20/2017","12:04:23","5","default","957498349","OXY5","54.752","min","158.281","μmol/L","Humid","20.919","deg","90984","µV","36.031","°C","1019.000","hPa","37.0","pmil","0","55.500","deg","20.000","°C","100.000","%a.s.","22.500","deg","20.000","°C","1013.000","hPa","0.861","-0.02056","0.00035","-0.00011","0","14.7","Humid","26.25","0","52.00","345511.38","SABD0000000001","AAV1.0.0.11","2.0.0.28","PSt7-10","000000-000","10/20/2017 9:36:39 AM","0000-00","0","no battery","V"
"10/20/2017","12:04:24","5","default","957498349","OXY5","54.768","min","158.360","μmol/L","Humid","20.919","deg","90974","µV","36.018","°C","1019.000","hPa","37.0","pmil","0","55.500","deg","20.000","°C","100.000","%a.s.","22.500","deg","20.000","°C","1013.000","hPa","0.861","-0.02056","0.00035","-0.00011","0","14.7","Humid","26.25","0","52.00","345508.40","SABD0000000001","AAV1.0.0.11","2.0.0.28","PSt7-10","000000-000","10/20/2017 9:36:39 AM","0000-00","0","no battery","V"
"10/20/2017","12:04:25","5","default","957498349","OXY5","54.785","min","158.491","μmol/L","Humid","20.921","deg","90982","µV","35.991","°C","1019.000","hPa","37.0","pmil","0","55.500","deg","20.000","°C","100.000","%a.s.","22.500","deg","20.000","°C","1013.000","hPa","0.861","-0.02056","0.00035","-0.00011","0","14.7","Humid","26.25","0","52.00","345499.52","SABD0000000001","AAV1.0.0.11","2.0.0.28","PSt7-10","000000-000","10/20/2017 9:36:39 AM","0000-00","0","no battery","V"
"10/20/2017","12:04:26","5","default","957498349","OXY5","54.802","min","158.667","μmol/L","Humid","20.921","deg","90977","µV","35.962","°C","1019.000","hPa","37.0","pmil","0","55.500","deg","20.000","°C","100.000","%a.s.","22.500","deg","20.000","°C","1013.000","hPa","0.861","-0.02056","0.00035","-0.00011","0","14.7","Humid","26.25","0","52.00","345507.34","SABD0000000001","AAV1.0.0.11","2.0.0.28","PSt7-10","000000-000","10/20/2017 9:36:39 AM","0000-00","0","no battery","V"
"10/20/2017","12:04:27","5","default","957498349","OXY5","54.818","min","158.474","μmol/L","Humid","20.920","deg","90975","µV","35.996","°C","1019.000","hPa","37.0","pmil","0","55.500","deg","20.000","°C","100.000","%a.s.","22.500","deg","20.000","°C","1013.000","hPa","0.861","-0.02056","0.00035","-0.00011","0","14.7","Humid","26.25","0","52.00","345503.35","SABD0000000001","AAV1.0.0.11","2.0.0.28","PSt7-10","000000-000","10/20/2017 9:36:39 AM","0000-00","0","no battery","V"
"10/20/2017","12:04:28","5","default","957498349","OXY5","54.835","min","158.299","μmol/L","Humid","20.922","deg","90977","µV","36.021","°C","1019.000","hPa","37.0","pmil","0","55.500","deg","20.000","°C","100.000","%a.s.","22.500","deg","20.000","°C","1013.000","hPa","0.861","-0.02056","0.00035","-0.00011","0","14.7","Humid","26.25","0","52.00","345508.41","SABD0000000001","AAV1.0.0.11","2.0.0.28","PSt7-10","000000-000","10/20/2017 9:36:39 AM","0000-00","0","no battery","V"
"10/20/2017","12:04:29","5","default","957498349","OXY5","54.852","min","158.442","μmol/L","Humid","20.919","deg","90976","µV","36.004","°C","1019.000","hPa","37.0","pmil","0","55.500","deg","20.000","°C","100.000","%a.s.","22.500","deg","20.000","°C","1013.000","hPa","0.861","-0.02056","0.00035","-0.00011","0","14.7","Humid","26.25","0","52.00","345499.92","SABD0000000001","AAV1.0.0.11","2.0.0.28","PSt7-10","000000-000","10/20/2017 9:36:39 AM","0000-00","0","no battery","V"
"10/20/2017","12:04:30","5","default","957498349","OXY5","54.868","min","158.483","μmol/L","Humid","20.919","deg","90974","µV","35.997","°C","1019.000","hPa","37.0","pmil","0","55.500","deg","20.000","°C","100.000","%a.s.","22.500","deg","20.000","°C","1013.000","hPa","0.861","-0.02056","0.00035","-0.00011","0","14.7","Humid","26.25","0","52.00","345514.16","SABD0000000001","AAV1.0.0.11","2.0.0.28","PSt7-10","000000-000","10/20/2017 9:36:39 AM","0000-00","0","no battery","V"
"10/20/2017","12:04:31","5","default","957498349","OXY5","54.885","min","158.488","μmol/L","Humid","20.920","deg","90970","µV","35.994","°C","1019.000","hPa","37.0","pmil","0","55.500","deg","20.000","°C","100.000","%a.s.","22.500","deg","20.000","°C","1013.000","hPa","0.861","-0.02056","0.00035","-0.00011","0","14.7","Humid","26.25","0","52.00","345502.44","SABD0000000001","AAV1.0.0.11","2.0.0.28","PSt7-10","000000-000","10/20/2017 9:36:39 AM","0000-00","0","no battery","V"
"10/20/2017","12:04:32","5","default","957498349","OXY5","54.902","min","158.472","μmol/L","Humid","20.917","deg","90967","µV","36.004","°C","1019.000","hPa","37.0","pmil","0","55.500","deg","20.000","°C","100.000","%a.s.","22.500","deg","20.000","°C","1013.000","hPa","0.861","-0.02056","0.00035","-0.00011","0","14.7","Humid","26.25","0","52.00","345509.02","SABD0000000001","AAV1.0.0.11","2.0.0.28","PSt7-10","000000-000","10/20/2017 9:36:39 AM","0000-00","0","no battery","V"
"10/20/2017","12:04:33","5","default","957498349","OXY5","54.918","min","158.580","μmol/L","Humid","20.920","deg","90968","µV","35.979","°C","1019.000","hPa","37.0","pmil","0","55.500","deg","20.000","°C","100.000","%a.s.","22.500","deg","20.000","°C","1013.000","hPa","0.861","-0.02056","0.00035","-0.00011","0","14.7","Humid","26.25","0","52.00","345516.96","SABD0000000001","AAV1.0.0.11","2.0.0.28","PSt7-10","000000-000","10/20/2017 9:36:39 AM","0000-00","0","no battery","V"
"10/20/2017","12:04:34","5","default","957498349","OXY5","54.935","min","158.460","μmol/L","Humid","20.922","deg","90966","µV","35.994","°C","1019.000","hPa","37.0","pmil","0","55.500","deg","20.000","°C","100.000","%a.s.","22.500","deg","20.000","°C","1013.000","hPa","0.861","-0.02056","0.00035","-0.00011","0","14.7","Humid","26.25","0","52.00","345504.40","SABD0000000001","AAV1.0.0.11","2.0.0.28","PSt7-10","000000-000","10/20/2017 9:36:39 AM","0000-00","0","no battery","V"
"10/20/2017","12:04:35","5","default","957498349","OXY5","54.952","min","158.624","μmol/L","Humid","20.917","deg","90972","µV","35.979","°C","1019.000","hPa","37.0","pmil","0","55.500","deg","20.000","°C","100.000","%a.s.","22.500","deg","20.000","°C","1013.000","hPa","0.861","-0.02056","0.00035","-0.00011","0","14.7","Humid","26.25","0","52.00","345504.49","SABD0000000001","AAV1.0.0.11","2.0.0.28","PSt7-10","000000-000","10/20/2017 9:36:39 AM","0000-00","0","no battery","V"
"10/20/2017","12:04:36","5","default","957498349","OXY5","54.968","min","158.347","μmol/L","Humid","20.920","deg","90964","µV","36.018","°C","1019.000","hPa","37.0","pmil","0","55.500","deg","20.000","°C","100.000","%a.s.","22.500","deg","20.000","°C","1013.000","hPa","0.861","-0.02056","0.00035","-0.00011","0","14.7","Humid","26.25","0","52.00","345498.60","SABD0000000001","AAV1.0.0.11","2.0.0.28","PSt7-10","000000-000","10/20/2017 9:36:39 AM","0000-00","0","no battery","V"
"10/20/2017","12:04:37","5","default","957498349","OXY5","54.985","min","158.362","μmol/L","Humid","20.919","deg","90972","µV","36.018","°C","1019.000","hPa","37.0","pmil","0","55.500","deg","20.000","°C","100.000","%a.s.","22.500","deg","20.000","°C","1013.000","hPa","0.861","-0.02056","0.00035","-0.00011","0","14.7","Humid","26.25","0","52.00","345501.88","SABD0000000001","AAV1.0.0.11","2.0.0.28","PSt7-10","000000-000","10/20/2017 9:36:39 AM","0000-00","0","no battery","V"
"10/20/2017","12:04:38","5","default","957498349","OXY5","55.002","min","158.446","μmol/L","Humid","20.921","deg","90970","µV","35.999","°C","1019.000","hPa","37.0","pmil","0","55.500","deg","20.000","°C","100.000","%a.s.","22.500","deg","20.000","°C","1013.000","hPa","0.861","-0.02056","0.00035","-0.00011","0","14.7","Humid","26.25","0","52.00","345506.58","SABD0000000001","AAV1.0.0.11","2.0.0.28","PSt7-10","000000-000","10/20/2017 9:36:39 AM","0000-00","0","no battery","V"
"10/20/2017","12:04:39","5","default","957498349","OXY5","55.018","min","158.466","μmol/L","Humid","20.918","deg","90964","µV","36.003","°C","1019.000","hPa","37.0","pmil","0","55.500","deg","20.000","°C","100.000","%a.s.","22.500","deg","20.000","°C","1013.000","hPa","0.861","-0.02056","0.00035","-0.00011","0","14.7","Humid","26.25","0","52.00","345505.02","SABD0000000001","AAV1.0.0.11","2.0.0.28","PSt7-10","000000-000","10/20/2017 9:36:39 AM","0000-00","0","no battery","V"
"10/20/2017","12:04:40","5","default","957498349","OXY5","55.035","min","158.372","μmol/L","Humid","20.920","deg","90968","µV","36.013","°C","1019.000","hPa","37.0","pmil","0","55.500","deg","20.000","°C","100.000","%a.s.","22.500","deg","20.000","°C","1013.000","hPa","0.861","-0.02056","0.00035","-0.00011","0","14.7","Humid","26.25","0","52.00","345503.92","SABD0000000001","AAV1.0.0.11","2.0.0.28","PSt7-10","000000-000","10/20/2017 9:36:39 AM","0000-00","0","no battery","V"
"10/20/2017","12:04:41","5","default","957498349","OXY5","55.052","min","158.476","μmol/L","Humid","20.917","deg","90975","µV","36.003","°C","1019.000","hPa","37.0","pmil","0","55.500","deg","20.000","°C","100.000","%a.s.","22.500","deg","20.000","°C","1013.000","hPa","0.861","-0.02056","0.00035","-0.00011","0","14.7","Humid","26.25","0","52.00","345502.17","SABD0000000001","AAV1.0.0.11","2.0.0.28","PSt7-10","000000-000","10/20/2017 9:36:39 AM","0000-00","0","no battery","V"
"10/20/2017","12:04:42","5","default","957498349","OXY5","55.068","min","158.321","μmol/L","Humid","20.925","deg","90957","µV","36.010","°C","1019.000","hPa","37.0","pmil","0","55.500","deg","20.000","°C","100.000","%a.s.","22.500","deg","20.000","°C","1013.000","hPa","0.861","-0.02056","0.00035","-0.00011","0","14.7","Humid","26.25","0","52.00","345498.28","SABD0000000001","AAV1.0.0.11","2.0.0.28","PSt7-10","000000-000","10/20/2017 9:36:39 AM","0000-00","0","no battery","V"
"10/20/2017","12:04:43","5","default","957498349","OXY5","55.085","min","158.458","μmol/L","Humid","20.917","deg","90967","µV","36.006","°C","1019.000","hPa","37.0","pmil","0","55.500","deg","20.000","°C","100.000","%a.s.","22.500","deg","20.000","°C","1013.000","hPa","0.861","-0.02056","0.00035","-0.00011","0","14.7","Humid","26.25","0","52.00","345503.70","SABD0000000001","AAV1.0.0.11","2.0.0.28","PSt7-10","000000-000","10/20/2017 9:36:39 AM","0000-00","0","no battery","V"
"10/20/2017","12:04:44","5","default","957498349","OXY5","55.102","min","158.475","μmol/L","Humid","20.923","deg","90962","µV","35.989","°C","1019.000","hPa","37.0","pmil","0","55.500","deg","20.000","°C","100.000","%a.s.","22.500","deg","20.000","°C","1013.000","hPa","0.861","-0.02056","0.00035","-0.00011","0","14.7","Humid","26.25","0","52.00","345494.24","SABD0000000001","AAV1.0.0.11","2.0.0.28","PSt7-10","000000-000","10/20/2017 9:36:39 AM","0000-00","0","no battery","V"
"10/20/2017","12:04:45","5","default","957498349","OXY5","55.118","min","158.431","μmol/L","Humid","20.918","deg","90963","µV","36.008","°C","1019.000","hPa","37.0","pmil","0","55.500","deg","20.000","°C","100.000","%a.s.","22.500","deg","20.000","°C","1013.000","hPa","0.861","-0.02056","0.00035","-0.00011","0","14.7","Humid","26.25","0","52.00","345510.45","SABD0000000001","AAV1.0.0.11","2.0.0.28","PSt7-10","000000-000","10/20/2017 9:36:39 AM","0000-00","0","no battery","V"
"10/20/2017","12:04:46","5","default","957498349","OXY5","55.135","min","158.390","μmol/L","Humid","20.918","deg","90961","µV","36.015","°C","1019.000","hPa","37.0","pmil","0","55.500","deg","20.000","°C","100.000","%a.s.","22.500","deg","20.000","°C","1013.000","hPa","0.861","-0.02056","0.00035","-0.00011","0","14.7","Humid","26.25","0","52.00","345507.58","SABD0000000001","AAV1.0.0.11","2.0.0.28","PSt7-10","000000-000","10/20/2017 9:36:39 AM","0000-00","0","no battery","V"
"10/20/2017","12:04:47","5","default","957498349","OXY5","55.152","min","158.432","μmol/L","Humid","20.916","deg","90963","µV","36.013","°C","1019.000","hPa","37.0","pmil","0","55.500","deg","20.000","°C","100.000","%a.s.","22.500","deg","20.000","°C","1013.000","hPa","0.861","-0.02056","0.00035","-0.00011","0","14.7","Humid","26.25","0","52.00","345502.20","SABD0000000001","AAV1.0.0.11","2.0.0.28","PSt7-10","000000-000","10/20/2017 9:36:39 AM","0000-00","0","no battery","V"
"10/20/2017","12:04:48","5","default","957498349","OXY5","55.168","min","158.413","μmol/L","Humid","20.918","deg","90955","µV","36.011","°C","1019.000","hPa","37.0","pmil","0","55.500","deg","20.000","°C","100.000","%a.s.","22.500","deg","20.000","°C","1013.000","hPa","0.861","-0.02056","0.00035","-0.00011","0","14.7","Humid","26.25","0","52.00","345488.68","SABD0000000001","AAV1.0.0.11","2.0.0.28","PSt7-10","000000-000","10/20/2017 9:36:39 AM","0000-00","0","no battery","V"
"10/20/2017","12:04:49","5","default","957498349","OXY5","55.185","min","158.330","μmol/L","Humid","20.921","deg","90966","µV","36.018","°C","1019.000","hPa","37.0","pmil","0","55.500","deg","20.000","°C","100.000","%a.s.","22.500","deg","20.000","°C","1013.000","hPa","0.861","-0.02056","0.00035","-0.00011","0","14.7","Humid","26.25","0","52.00","345500.91","SABD0000000001","AAV1.0.0.11","2.0.0.28","PSt7-10","000000-000","10/20/2017 9:36:39 AM","0000-00","0","no battery","V"
"10/20/2017","12:04:50","5","default","957498349","OXY5","55.202","min","158.440","μmol/L","Humid","20.920","deg","90963","µV","36.002","°C","1019.000","hPa","37.0","pmil","0","55.500","deg","20.000","°C","100.000","%a.s.","22.500","deg","20.000","°C","1013.000","hPa","0.861","-0.02056","0.00035","-0.00011","0","14.7","Humid","26.25","0","52.00","345495.24","SABD0000000001","AAV1.0.0.11","2.0.0.28","PSt7-10","000000-000","10/20/2017 9:36:39 AM","0000-00","0","no battery","V"
"10/20/2017","12:04:51","5","default","957498349","OXY5","55.218","min","158.442","μmol/L","Humid","20.923","deg","90957","µV","35.995","°C","1019.000","hPa","37.0","pmil","0","55.500","deg","20.000","°C","100.000","%a.s.","22.500","deg","20.000","°C","1013.000","hPa","0.861","-0.02056","0.00035","-0.00011","0","14.7","Humid","26.25","0","52.00","345485.81","SABD0000000001","AAV1.0.0.11","2.0.0.28","PSt7-10","000000-000","10/20/2017 9:36:39 AM","0000-00","0","no battery","V"
"10/20/2017","12:04:52","5","default","957498349","OXY5","55.235","min","158.376","μmol/L","Humid","20.922","deg","90953","µV","36.008","°C","1019.000","hPa","37.0","pmil","0","55.500","deg","20.000","°C","100.000","%a.s.","22.500","deg","20.000","°C","1013.000","hPa","0.861","-0.02056","0.00035","-0.00011","0","14.7","Humid","26.25","0","52.00","345483.53","SABD0000000001","AAV1.0.0.11","2.0.0.28","PSt7-10","000000-000","10/20/2017 9:36:39 AM","0000-00","0","no battery","V"
"10/20/2017","12:04:53","5","default","957498349","OXY5","55.252","min","158.604","μmol/L","Humid","20.922","deg","90962","µV","35.970","°C","1019.000","hPa","37.0","pmil","0","55.500","deg","20.000","°C","100.000","%a.s.","22.500","deg","20.000","°C","1013.000","hPa","0.861","-0.02056","0.00035","-0.00011","0","14.7","Humid","26.25","0","52.00","345490.98","SABD0000000001","AAV1.0.0.11","2.0.0.28","PSt7-10","000000-000","10/20/2017 9:36:39 AM","0000-00","0","no battery","V"
"10/20/2017","12:04:54","5","default","957498349","OXY5","55.268","min","158.414","μmol/L","Humid","20.923","deg","90956","µV","35.999","°C","1019.000","hPa","37.0","pmil","0","55.500","deg","20.000","°C","100.000","%a.s.","22.500","deg","20.000","°C","1013.000","hPa","0.861","-0.02056","0.00035","-0.00011","0","14.7","Humid","26.25","0","52.00","345483.87","SABD0000000001","AAV1.0.0.11","2.0.0.28","PSt7-10","000000-000","10/20/2017 9:36:39 AM","0000-00","0","no battery","V"
"10/20/2017","12:04:55","5","default","957498349","OXY5","55.285","min","158.387","μmol/L","Humid","20.921","deg","90955","µV","36.009","°C","1019.000","hPa","37.0","pmil","0","55.500","deg","20.000","°C","100.000","%a.s.","22.500","deg","20.000","°C","1013.000","hPa","0.861","-0.02056","0.00035","-0.00011","0","14.7","Humid","26.25","0","52.00","345478.19","SABD0000000001","AAV1.0.0.11","2.0.0.28","PSt7-10","000000-000","10/20/2017 9:36:39 AM","0000-00","0","no battery","V"
"10/20/2017","12:04:56","5","default","957498349","OXY5","55.302","min","158.321","μmol/L","Humid","20.920","deg","90961","µV","36.022","°C","1019.000","hPa","37.0","pmil","0","55.500","deg","20.000","°C","100.000","%a.s.","22.500","deg","20.000","°C","1013.000","hPa","0.861","-0.02056","0.00035","-0.00011","0","14.7","Humid","26.25","0","52.00","345481.88","SABD0000000001","AAV1.0.0.11","2.0.0.28","PSt7-10","000000-000","10/20/2017 9:36:39 AM","0000-00","0","no battery","V"
"10/20/2017","12:04:57","5","default","957498349","OXY5","55.318","min","158.452","μmol/L","Humid","20.914","deg","90951","µV","36.014","°C","1019.000","hPa","37.0","pmil","0","55.500","deg","20.000","°C","100.000","%a.s.","22.500","deg","20.000","°C","1013.000","hPa","0.861","-0.02056","0.00035","-0.00011","0","14.7","Humid","26.25","0","52.00","345477.84","SABD0000000001","AAV1.0.0.11","2.0.0.28","PSt7-10","000000-000","10/20/2017 9:36:39 AM","0000-00","0","no battery","V"
"10/20/2017","12:04:58","5","default","957498349","OXY5","55.335","min","158.443","μmol/L","Humid","20.916","deg","90955","µV","36.011","°C","1019.000","hPa","37.0","pmil","0","55.500","deg","20.000","°C","100.000","%a.s.","22.500","deg","20.000","°C","1013.000","hPa","0.861","-0.02056","0.00035","-0.00011","0","14.7","Humid","26.25","0","52.00","345494.70","SABD0000000001","AAV1.0.0.11","2.0.0.28","PSt7-10","000000-000","10/20/2017 9:36:39 AM","0000-00","0","no battery","V"
"10/20/2017","12:04:59","5","default","957498349","OXY5","55.352","min","158.320","μmol/L","Humid","20.922","deg","90950","µV","36.017","°C","1019.000","hPa","37.0","pmil","0","55.500","deg","20.000","°C","100.000","%a.s.","22.500","deg","20.000","°C","1013.000","hPa","0.861","-0.02056","0.00035","-0.00011","0","14.7","Humid","26.25","0","52.00","345476.97","SABD0000000001","AAV1.0.0.11","2.0.0.28","PSt7-10","000000-000","10/20/2017 9:36:39 AM","0000-00","0","no battery","V"
"10/20/2017","12:05:00","5","default","957498349","OXY5","55.368","min","158.394","μmol/L","Humid","20.923","deg","90954","µV","36.003","°C","1019.000","hPa","37.0","pmil","0","55.500","deg","20.000","°C","100.000","%a.s.","22.500","deg","20.000","°C","1013.000","hPa","0.861","-0.02056","0.00035","-0.00011","0","14.7","Humid","26.25","0","52.00","345473.60","SABD0000000001","AAV1.0.0.11","2.0.0.28","PSt7-10","000000-000","10/20/2017 9:36:39 AM","0000-00","0","no battery","V"
"10/20/2017","12:05:01","5","default","957498349","OXY5","55.385","min","158.344","μmol/L","Humid","20.922","deg","90946","µV","36.013","°C","1019.000","hPa","37.0","pmil","0","55.500","deg","20.000","°C","100.000","%a.s.","22.500","deg","20.000","°C","1013.000","hPa","0.861","-0.02056","0.00035","-0.00011","0","14.7","Humid","26.25","0","52.00","345471.10","SABD0000000001","AAV1.0.0.11","2.0.0.28","PSt7-10","000000-000","10/20/2017 9:36:39 AM","0000-00","0","no battery","V"
"10/20/2017","12:05:02","5","default","957498349","OXY5","55.402","min","158.458","μmol/L","Humid","20.919","deg","90957","µV","36.002","°C","1019.000","hPa","37.0","pmil","0","55.500","deg","20.000","°C","100.000","%a.s.","22.500","deg","20.000","°C","1013.000","hPa","0.861","-0.02056","0.00035","-0.00011","0","14.7","Humid","26.25","0","52.00","345470.36","SABD0000000001","AAV1.0.0.11","2.0.0.28","PSt7-10","000000-000","10/20/2017 9:36:39 AM","0000-00","0","no battery","V"
"10/20/2017","12:05:03","5","default","957498349","OXY5","55.418","min","158.446","μmol/L","Humid","20.924","deg","90948","µV","35.992","°C","1019.000","hPa","37.0","pmil","0","55.500","deg","20.000","°C","100.000","%a.s.","22.500","deg","20.000","°C","1013.000","hPa","0.861","-0.02056","0.00035","-0.00011","0","14.7","Humid","26.25","0","52.00","345467.92","SABD0000000001","AAV1.0.0.11","2.0.0.28","PSt7-10","000000-000","10/20/2017 9:36:39 AM","0000-00","0","no battery","V"
"10/20/2017","12:05:04","5","default","957498349","OXY5","55.435","min","158.496","μmol/L","Humid","20.920","deg","90950","µV","35.993","°C","1019.000","hPa","37.0","pmil","0","55.500","deg","20.000","°C","100.000","%a.s.","22.500","deg","20.000","°C","1013.000","hPa","0.861","-0.02056","0.00035","-0.00011","0","14.7","Humid","26.25","0","52.00","345479.81","SABD0000000001","AAV1.0.0.11","2.0.0.28","PSt7-10","000000-000","10/20/2017 9:36:39 AM","0000-00","0","no battery","V"
"10/20/2017","12:05:05","5","default","957498349","OXY5","55.452","min","158.293","μmol/L","Humid","20.923","deg","90952","µV","36.019","°C","1019.000","hPa","37.0","pmil","0","55.500","deg","20.000","°C","100.000","%a.s.","22.500","deg","20.000","°C","1013.000","hPa","0.861","-0.02056","0.00035","-0.00011","0","14.7","Humid","26.25","0","52.00","345464.90","SABD0000000001","AAV1.0.0.11","2.0.0.28","PSt7-10","000000-000","10/20/2017 9:36:39 AM","0000-00","0","no battery","V"
"10/20/2017","12:05:06","5","default","957498349","OXY5","55.468","min","158.417","μmol/L","Humid","20.919","deg","90948","µV","36.008","°C","1019.000","hPa","37.0","pmil","0","55.500","deg","20.000","°C","100.000","%a.s.","22.500","deg","20.000","°C","1013.000","hPa","0.861","-0.02056","0.00035","-0.00011","0","14.7","Humid","26.25","0","52.00","345475.32","SABD0000000001","AAV1.0.0.11","2.0.0.28","PSt7-10","000000-000","10/20/2017 9:36:39 AM","0000-00","0","no battery","V"
"10/20/2017","12:05:07","5","default","957498349","OXY5","55.485","min","158.425","μmol/L","Humid","20.919","deg","90956","µV","36.007","°C","1019.000","hPa","37.0","pmil","0","55.500","deg","20.000","°C","100.000","%a.s.","22.500","deg","20.000","°C","1013.000","hPa","0.861","-0.02056","0.00035","-0.00011","0","14.7","Humid","26.25","0","52.00","345474.70","SABD0000000001","AAV1.0.0.11","2.0.0.28","PSt7-10","000000-000","10/20/2017 9:36:39 AM","0000-00","0","no battery","V"
"10/20/2017","12:05:08","5","default","957498349","OXY5","55.502","min","158.353","μmol/L","Humid","20.922","deg","90952","µV","36.012","°C","1019.000","hPa","37.0","pmil","0","55.500","deg","20.000","°C","100.000","%a.s.","22.500","deg","20.000","°C","1013.000","hPa","0.861","-0.02056","0.00035","-0.00011","0","14.7","Humid","26.25","0","52.00","345451.54","SABD0000000001","AAV1.0.0.11","2.0.0.28","PSt7-10","000000-000","10/20/2017 9:36:39 AM","0000-00","0","no battery","V"
"10/20/2017","12:05:09","5","default","957498349","OXY5","55.518","min","158.325","μmol/L","Humid","20.921","deg","90951","µV","36.019","°C","1019.000","hPa","37.0","pmil","0","55.500","deg","20.000","°C","100.000","%a.s.","22.500","deg","20.000","°C","1013.000","hPa","0.861","-0.02056","0.00035","-0.00011","0","14.7","Humid","26.25","0","52.00","345473.33","SABD0000000001","AAV1.0.0.11","2.0.0.28","PSt7-10","000000-000","10/20/2017 9:36:39 AM","0000-00","0","no battery","V"
"10/20/2017","12:05:10","5","default","957498349","OXY5","55.535","min","158.282","μmol/L","Humid","20.925","deg","90946","µV","36.017","°C","1019.000","hPa","37.0","pmil","0","55.500","deg","20.000","°C","100.000","%a.s.","22.500","deg","20.000","°C","1013.000","hPa","0.861","-0.02056","0.00035","-0.00011","0","14.7","Humid","26.25","0","52.00","345471.64","SABD0000000001","AAV1.0.0.11","2.0.0.28","PSt7-10","000000-000","10/20/2017 9:36:39 AM","0000-00","0","no battery","V"
"10/20/2017","12:05:11","5","default","957498349","OXY5","55.552","min","158.461","μmol/L","Humid","20.920","deg","90950","µV","35.999","°C","1019.000","hPa","37.0","pmil","0","55.500","deg","20.000","°C","100.000","%a.s.","22.500","deg","20.000","°C","1013.000","hPa","0.861","-0.02056","0.00035","-0.00011","0","14.7","Humid","26.25","0","52.00","345476.62","SABD0000000001","AAV1.0.0.11","2.0.0.28","PSt7-10","000000-000","10/20/2017 9:36:39 AM","0000-00","0","no battery","V"
"10/20/2017","12:05:12","5","default","957498349","OXY5","55.568","min","158.490","μmol/L","Humid","20.923","deg","90947","µV","35.987","°C","1019.000","hPa","37.0","pmil","0","55.500","deg","20.000","°C","100.000","%a.s.","22.500","deg","20.000","°C","1013.000","hPa","0.861","-0.02056","0.00035","-0.00011","0","14.7","Humid","26.25","0","52.00","345477.62","SABD0000000001","AAV1.0.0.11","2.0.0.28","PSt7-10","000000-000","10/20/2017 9:36:39 AM","0000-00","0","no battery","V"
"10/20/2017","12:05:13","5","default","957498349","OXY5","55.585","min","158.563","μmol/L","Humid","20.923","deg","90943","µV","35.975","°C","1019.000","hPa","37.0","pmil","0","55.500","deg","20.000","°C","100.000","%a.s.","22.500","deg","20.000","°C","1013.000","hPa","0.861","-0.02056","0.00035","-0.00011","0","14.7","Humid","26.25","0","52.00","345464.88","SABD0000000001","AAV1.0.0.11","2.0.0.28","PSt7-10","000000-000","10/20/2017 9:36:39 AM","0000-00","0","no battery","V"
"10/20/2017","12:05:14","5","default","957498349","OXY5","55.602","min","158.538","μmol/L","Humid","20.919","deg","90944","µV","35.988","°C","1019.000","hPa","37.0","pmil","0","55.500","deg","20.000","°C","100.000","%a.s.","22.500","deg","20.000","°C","1013.000","hPa","0.861","-0.02056","0.00035","-0.00011","0","14.7","Humid","26.25","0","52.00","345466.88","SABD0000000001","AAV1.0.0.11","2.0.0.28","PSt7-10","000000-000","10/20/2017 9:36:39 AM","0000-00","0","no battery","V"
"10/20/2017","12:05:15","5","default","957498349","OXY5","55.618","min","158.429","μmol/L","Humid","20.919","deg","90939","µV","36.006","°C","1019.000","hPa","37.0","pmil","0","55.500","deg","20.000","°C","100.000","%a.s.","22.500","deg","20.000","°C","1013.000","hPa","0.861","-0.02056","0.00035","-0.00011","0","14.7","Humid","26.25","0","52.00","345453.70","SABD0000000001","AAV1.0.0.11","2.0.0.28","PSt7-10","000000-000","10/20/2017 9:36:39 AM","0000-00","0","no battery","V"
"10/20/2017","12:05:16","5","default","957498349","OXY5","55.635","min","158.366","μmol/L","Humid","20.922","deg","90940","µV","36.010","°C","1019.000","hPa","37.0","pmil","0","55.500","deg","20.000","°C","100.000","%a.s.","22.500","deg","20.000","°C","1013.000","hPa","0.861","-0.02056","0.00035","-0.00011","0","14.7","Humid","26.25","0","52.00","345469.39","SABD0000000001","AAV1.0.0.11","2.0.0.28","PSt7-10","000000-000","10/20/2017 9:36:39 AM","0000-00","0","no battery","V"
"10/20/2017","12:05:17","5","default","957498349","OXY5","55.652","min","158.444","μmol/L","Humid","20.921","deg","90941","µV","35.999","°C","1019.000","hPa","37.0","pmil","0","55.500","deg","20.000","°C","100.000","%a.s.","22.500","deg","20.000","°C","1013.000","hPa","0.861","-0.02056","0.00035","-0.00011","0","14.7","Humid","26.25","0","52.00","345464.97","SABD0000000001","AAV1.0.0.11","2.0.0.28","PSt7-10","000000-000","10/20/2017 9:36:39 AM","0000-00","0","no battery","V"
"10/20/2017","12:05:18","5","default","957498349","OXY5","55.668","min","158.334","μmol/L","Humid","20.923","deg","90939","µV","36.013","°C","1019.000","hPa","37.0","pmil","0","55.500","deg","20.000","°C","100.000","%a.s.","22.500","deg","20.000","°C","1013.000","hPa","0.861","-0.02056","0.00035","-0.00011","0","14.7","Humid","26.25","0","52.00","345460.88","SABD0000000001","AAV1.0.0.11","2.0.0.28","PSt7-10","000000-000","10/20/2017 9:36:39 AM","0000-00","0","no battery","V"
"10/20/2017","12:05:19","5","default","957498349","OXY5","55.685","min","158.377","μmol/L","Humid","20.920","deg","90936","µV","36.013","°C","1019.000","hPa","37.0","pmil","0","55.500","deg","20.000","°C","100.000","%a.s.","22.500","deg","20.000","°C","1013.000","hPa","0.861","-0.02056","0.00035","-0.00011","0","14.7","Humid","26.25","0","52.00","345466.23","SABD0000000001","AAV1.0.0.11","2.0.0.28","PSt7-10","000000-000","10/20/2017 9:36:39 AM","0000-00","0","no battery","V"
"10/20/2017","12:05:20","5","default","957498349","OXY5","55.702","min","158.387","μmol/L","Humid","20.919","deg","90945","µV","36.013","°C","1019.000","hPa","37.0","pmil","0","55.500","deg","20.000","°C","100.000","%a.s.","22.500","deg","20.000","°C","1013.000","hPa","0.861","-0.02056","0.00035","-0.00011","0","14.7","Humid","26.25","0","52.00","345468.40","SABD0000000001","AAV1.0.0.11","2.0.0.28","PSt7-10","000000-000","10/20/2017 9:36:39 AM","0000-00","0","no battery","V"
"10/20/2017","12:05:21","5","default","957498349","OXY5","55.718","min","158.410","μmol/L","Humid","20.920","deg","90939","µV","36.007","°C","1019.000","hPa","37.0","pmil","0","55.500","deg","20.000","°C","100.000","%a.s.","22.500","deg","20.000","°C","1013.000","hPa","0.861","-0.02056","0.00035","-0.00011","0","14.7","Humid","26.25","0","52.00","345458.88","SABD0000000001","AAV1.0.0.11","2.0.0.28","PSt7-10","000000-000","10/20/2017 9:36:39 AM","0000-00","0","no battery","V"
"10/20/2017","12:05:22","5","default","957498349","OXY5","55.735","min","158.442","μmol/L","Humid","20.921","deg","90939","µV","35.999","°C","1019.000","hPa","37.0","pmil","0","55.500","deg","20.000","°C","100.000","%a.s.","22.500","deg","20.000","°C","1013.000","hPa","0.861","-0.02056","0.00035","-0.00011","0","14.7","Humid","26.25","0","52.00","345459.52","SABD0000000001","AAV1.0.0.11","2.0.0.28","PSt7-10","000000-000","10/20/2017 9:36:39 AM","0000-00","0","no battery","V"
"10/20/2017","12:05:23","5","default","957498349","OXY5","55.752","min","158.418","μmol/L","Humid","20.919","deg","90938","µV","36.008","°C","1019.000","hPa","37.0","pmil","0","55.500","deg","20.000","°C","100.000","%a.s.","22.500","deg","20.000","°C","1013.000","hPa","0.861","-0.02056","0.00035","-0.00011","0","14.7","Humid","26.25","0","52.00","345458.23","SABD0000000001","AAV1.0.0.11","2.0.0.28","PSt7-10","000000-000","10/20/2017 9:36:39 AM","0000-00","0","no battery","V"
"10/20/2017","12:05:24","5","default","957498349","OXY5","55.768","min","158.495","μmol/L","Humid","20.919","deg","90943","µV","35.995","°C","1019.000","hPa","37.0","pmil","0","55.500","deg","20.000","°C","100.000","%a.s.","22.500","deg","20.000","°C","1013.000","hPa","0.861","-0.02056","0.00035","-0.00011","0","14.7","Humid","26.25","0","52.00","345459.47","SABD0000000001","AAV1.0.0.11","2.0.0.28","PSt7-10","000000-000","10/20/2017 9:36:39 AM","0000-00","0","no battery","V"
"10/20/2017","12:05:25","5","default","957498349","OXY5","55.785","min","158.371","μmol/L","Humid","20.921","deg","90929","µV","36.011","°C","1019.000","hPa","37.0","pmil","0","55.500","deg","20.000","°C","100.000","%a.s.","22.500","deg","20.000","°C","1013.000","hPa","0.861","-0.02056","0.00035","-0.00011","0","14.7","Humid","26.25","0","52.00","345445.61","SABD0000000001","AAV1.0.0.11","2.0.0.28","PSt7-10","000000-000","10/20/2017 9:36:39 AM","0000-00","0","no battery","V"
"10/20/2017","12:05:26","5","default","957498349","OXY5","55.802","min","158.381","μmol/L","Humid","20.920","deg","90937","µV","36.012","°C","1019.000","hPa","37.0","pmil","0","55.500","deg","20.000","°C","100.000","%a.s.","22.500","deg","20.000","°C","1013.000","hPa","0.861","-0.02056","0.00035","-0.00011","0","14.7","Humid","26.25","0","52.00","345457.47","SABD0000000001","AAV1.0.0.11","2.0.0.28","PSt7-10","000000-000","10/20/2017 9:36:39 AM","0000-00","0","no battery","V"
"10/20/2017","12:05:27","5","default","957498349","OXY5","55.818","min","158.397","μmol/L","Humid","20.921","deg","90930","µV","36.007","°C","1019.000","hPa","37.0","pmil","0","55.500","deg","20.000","°C","100.000","%a.s.","22.500","deg","20.000","°C","1013.000","hPa","0.861","-0.02056","0.00035","-0.00011","0","14.7","Humid","26.25","0","52.00","345454.44","SABD0000000001","AAV1.0.0.11","2.0.0.28","PSt7-10","000000-000","10/20/2017 9:36:39 AM","0000-00","0","no battery","V"
"10/20/2017","12:05:28","5","default","957498349","OXY5","55.835","min","158.445","μmol/L","Humid","20.921","deg","90936","µV","35.999","°C","1019.000","hPa","37.0","pmil","0","55.500","deg","20.000","°C","100.000","%a.s.","22.500","deg","20.000","°C","1013.000","hPa","0.861","-0.02056","0.00035","-0.00011","0","14.7","Humid","26.25","0","52.00","345451.42","SABD0000000001","AAV1.0.0.11","2.0.0.28","PSt7-10","000000-000","10/20/2017 9:36:39 AM","0000-00","0","no battery","V"
"10/20/2017","12:05:29","5","default","957498349","OXY5","55.852","min","158.561","μmol/L","Humid","20.917","deg","90932","µV","35.989","°C","1019.000","hPa","37.0","pmil","0","55.500","deg","20.000","°C","100.000","%a.s.","22.500","deg","20.000","°C","1013.000","hPa","0.861","-0.02056","0.00035","-0.00011","0","14.7","Humid","26.25","0","52.00","345445.74","SABD0000000001","AAV1.0.0.11","2.0.0.28","PSt7-10","000000-000","10/20/2017 9:36:39 AM","0000-00","0","no battery","V"
"10/20/2017","12:05:30","5","default","957498349","OXY5","55.868","min","158.454","μmol/L","Humid","20.922","deg","90926","µV","35.995","°C","1019.000","hPa","37.0","pmil","0","55.500","deg","20.000","°C","100.000","%a.s.","22.500","deg","20.000","°C","1013.000","hPa","0.861","-0.02056","0.00035","-0.00011","0","14.7","Humid","26.25","0","52.00","345436.92","SABD0000000001","AAV1.0.0.11","2.0.0.28","PSt7-10","000000-000","10/20/2017 9:36:39 AM","0000-00","0","no battery","V"
"10/20/2017","12:05:31","5","default","957498349","OXY5","55.885","min","158.522","μmol/L","Humid","20.919","deg","90939","µV","35.991","°C","1019.000","hPa","37.0","pmil","0","55.500","deg","20.000","°C","100.000","%a.s.","22.500","deg","20.000","°C","1013.000","hPa","0.861","-0.02056","0.00035","-0.00011","0","14.7","Humid","26.25","0","52.00","345454.97","SABD0000000001","AAV1.0.0.11","2.0.0.28","PSt7-10","000000-000","10/20/2017 9:36:39 AM","0000-00","0","no battery","V"
"10/20/2017","12:05:32","5","default","957498349","OXY5","55.902","min","158.495","μmol/L","Humid","20.924","deg","90926","µV","35.984","°C","1019.000","hPa","37.0","pmil","0","55.500","deg","20.000","°C","100.000","%a.s.","22.500","deg","20.000","°C","1013.000","hPa","0.861","-0.02056","0.00035","-0.00011","0","14.7","Humid","26.25","0","52.00","345440.17","SABD0000000001","AAV1.0.0.11","2.0.0.28","PSt7-10","000000-000","10/20/2017 9:36:39 AM","0000-00","0","no battery","V"
"10/20/2017","12:05:33","5","default","957498349","OXY5","55.918","min","158.414","μmol/L","Humid","20.919","deg","90931","µV","36.009","°C","1019.000","hPa","37.0","pmil","0","55.500","deg","20.000","°C","100.000","%a.s.","22.500","deg","20.000","°C","1013.000","hPa","0.861","-0.02056","0.00035","-0.00011","0","14.7","Humid","26.25","0","52.00","345440.99","SABD0000000001","AAV1.0.0.11","2.0.0.28","PSt7-10","000000-000","10/20/2017 9:36:39 AM","0000-00","0","no battery","V"
"10/20/2017","12:05:34","5","default","957498349","OXY5","55.935","min","158.302","μmol/L","Humid","20.926","deg","90921","µV","36.011","°C","1019.000","hPa","37.0","pmil","0","55.500","deg","20.000","°C","100.000","%a.s.","22.500","deg","20.000","°C","1013.000","hPa","0.861","-0.02056","0.00035","-0.00011","0","14.7","Humid","26.25","0","52.00","345443.67","SABD0000000001","AAV1.0.0.11","2.0.0.28","PSt7-10","000000-000","10/20/2017 9:36:39 AM","0000-00","0","no battery","V"
"10/20/2017","12:05:35","5","default","957498349","OXY5","55.952","min","158.439","μmol/L","Humid","20.923","deg","90933","µV","35.995","°C","1019.000","hPa","37.0","pmil","0","55.500","deg","20.000","°C","100.000","%a.s.","22.500","deg","20.000","°C","1013.000","hPa","0.861","-0.02056","0.00035","-0.00011","0","14.7","Humid","26.25","0","52.00","345444.93","SABD0000000001","AAV1.0.0.11","2.0.0.28","PSt7-10","000000-000","10/20/2017 9:36:39 AM","0000-00","0","no battery","V"
"10/20/2017","12:05:36","5","default","957498349","OXY5","55.968","min","158.385","μmol/L","Humid","20.923","deg","90930","µV","36.004","°C","1019.000","hPa","37.0","pmil","0","55.500","deg","20.000","°C","100.000","%a.s.","22.500","deg","20.000","°C","1013.000","hPa","0.861","-0.02056","0.00035","-0.00011","0","14.7","Humid","26.25","0","52.00","345452.90","SABD0000000001","AAV1.0.0.11","2.0.0.28","PSt7-10","000000-000","10/20/2017 9:36:39 AM","0000-00","0","no battery","V"
"10/20/2017","12:05:37","5","default","957498349","OXY5","55.985","min","158.558","μmol/L","Humid","20.918","deg","90924","µV","35.987","°C","1019.000","hPa","37.0","pmil","0","55.500","deg","20.000","°C","100.000","%a.s.","22.500","deg","20.000","°C","1013.000","hPa","0.861","-0.02056","0.00035","-0.00011","0","14.7","Humid","26.25","0","52.00","345430.72","SABD0000000001","AAV1.0.0.11","2.0.0.28","PSt7-10","000000-000","10/20/2017 9:36:39 AM","0000-00","0","no battery","V"
"10/20/2017","12:05:38","5","default","957498349","OXY5","56.002","min","158.335","μmol/L","Humid","20.922","deg","90915","µV","36.015","°C","1019.000","hPa","37.0","pmil","0","55.500","deg","20.000","°C","100.000","%a.s.","22.500","deg","20.000","°C","1013.000","hPa","0.861","-0.02056","0.00035","-0.00011","0","14.7","Humid","26.25","0","52.00","345439.67","SABD0000000001","AAV1.0.0.11","2.0.0.28","PSt7-10","000000-000","10/20/2017 9:36:39 AM","0000-00","0","no battery","V"
"10/20/2017","12:05:39","5","default","957498349","OXY5","56.018","min","158.449","μmol/L","Humid","20.920","deg","90913","µV","36.001","°C","1019.000","hPa","37.0","pmil","0","55.500","deg","20.000","°C","100.000","%a.s.","22.500","deg","20.000","°C","1013.000","hPa","0.861","-0.02056","0.00035","-0.00011","0","14.7","Humid","26.25","0","52.00","345437.50","SABD0000000001","AAV1.0.0.11","2.0.0.28","PSt7-10","000000-000","10/20/2017 9:36:39 AM","0000-00","0","no battery","V"
"10/20/2017","12:05:40","5","default","957498349","OXY5","56.035","min","158.468","μmol/L","Humid","20.921","deg","90916","µV","35.995","°C","1019.000","hPa","37.0","pmil","0","55.500","deg","20.000","°C","100.000","%a.s.","22.500","deg","20.000","°C","1013.000","hPa","0.861","-0.02056","0.00035","-0.00011","0","14.7","Humid","26.25","0","52.00","345428.41","SABD0000000001","AAV1.0.0.11","2.0.0.28","PSt7-10","000000-000","10/20/2017 9:36:39 AM","0000-00","0","no battery","V"
"10/20/2017","12:05:41","5","default","957498349","OXY5","56.052","min","158.436","μmol/L","Humid","20.923","deg","90916","µV","35.996","°C","1019.000","hPa","37.0","pmil","0","55.500","deg","20.000","°C","100.000","%a.s.","22.500","deg","20.000","°C","1013.000","hPa","0.861","-0.02056","0.00035","-0.00011","0","14.7","Humid","26.25","0","52.00","345428.33","SABD0000000001","AAV1.0.0.11","2.0.0.28","PSt7-10","000000-000","10/20/2017 9:36:39 AM","0000-00","0","no battery","V"
"10/20/2017","12:05:42","5","default","957498349","OXY5","56.068","min","158.508","μmol/L","Humid","20.918","deg","90917","µV","35.996","°C","1019.000","hPa","37.0","pmil","0","55.500","deg","20.000","°C","100.000","%a.s.","22.500","deg","20.000","°C","1013.000","hPa","0.861","-0.02056","0.00035","-0.00011","0","14.7","Humid","26.25","0","52.00","345443.09","SABD0000000001","AAV1.0.0.11","2.0.0.28","PSt7-10","000000-000","10/20/2017 9:36:39 AM","0000-00","0","no battery","V"
"10/20/2017","12:05:43","5","default","957498349","OXY5","56.085","min","158.310","μmol/L","Humid","20.924","deg","90916","µV","36.014","°C","1019.000","hPa","37.0","pmil","0","55.500","deg","20.000","°C","100.000","%a.s.","22.500","deg","20.000","°C","1013.000","hPa","0.861","-0.02056","0.00035","-0.00011","0","14.7","Humid","26.25","0","52.00","345431.57","SABD0000000001","AAV1.0.0.11","2.0.0.28","PSt7-10","000000-000","10/20/2017 9:36:39 AM","0000-00","0","no battery","V"
"10/20/2017","12:05:44","5","default","957498349","OXY5","56.102","min","158.439","μmol/L","Humid","20.922","deg","90915","µV","35.998","°C","1019.000","hPa","37.0","pmil","0","55.500","deg","20.000","°C","100.000","%a.s.","22.500","deg","20.000","°C","1013.000","hPa","0.861","-0.02056","0.00035","-0.00011","0","14.7","Humid","26.25","0","52.00","345436.37","SABD0000000001","AAV1.0.0.11","2.0.0.28","PSt7-10","000000-000","10/20/2017 9:36:39 AM","0000-00","0","no battery","V"
"10/20/2017","12:05:45","5","default","957498349","OXY5","56.118","min","158.398","μmol/L","Humid","20.924","deg","90915","µV","36.000","°C","1019.000","hPa","37.0","pmil","0","55.500","deg","20.000","°C","100.000","%a.s.","22.500","deg","20.000","°C","1013.000","hPa","0.861","-0.02056","0.00035","-0.00011","0","14.7","Humid","26.25","0","52.00","345438.46","SABD0000000001","AAV1.0.0.11","2.0.0.28","PSt7-10","000000-000","10/20/2017 9:36:39 AM","0000-00","0","no battery","V"
"10/20/2017","12:05:46","5","default","957498349","OXY5","56.135","min","158.483","μmol/L","Humid","20.918","deg","90912","µV","36.000","°C","1019.000","hPa","37.0","pmil","0","55.500","deg","20.000","°C","100.000","%a.s.","22.500","deg","20.000","°C","1013.000","hPa","0.861","-0.02056","0.00035","-0.00011","0","14.7","Humid","26.25","0","52.00","345420.71","SABD0000000001","AAV1.0.0.11","2.0.0.28","PSt7-10","000000-000","10/20/2017 9:36:39 AM","0000-00","0","no battery","V"
"10/20/2017","12:05:47","5","default","957498349","OXY5","56.152","min","158.534","μmol/L","Humid","20.917","deg","90910","µV","35.994","°C","1019.000","hPa","37.0","pmil","0","55.500","deg","20.000","°C","100.000","%a.s.","22.500","deg","20.000","°C","1013.000","hPa","0.861","-0.02056","0.00035","-0.00011","0","14.7","Humid","26.25","0","52.00","345434.69","SABD0000000001","AAV1.0.0.11","2.0.0.28","PSt7-10","000000-000","10/20/2017 9:36:39 AM","0000-00","0","no battery","V"
"10/20/2017","12:05:48","5","default","957498349","OXY5","56.168","min","158.448","μmol/L","Humid","20.922","deg","90921","µV","35.996","°C","1019.000","hPa","37.0","pmil","0","55.500","deg","20.000","°C","100.000","%a.s.","22.500","deg","20.000","°C","1013.000","hPa","0.861","-0.02056","0.00035","-0.00011","0","14.7","Humid","26.25","0","52.00","345425.50","SABD0000000001","AAV1.0.0.11","2.0.0.28","PSt7-10","000000-000","10/20/2017 9:36:39 AM","0000-00","0","no battery","V"
"10/20/2017","12:05:49","5","default","957498349","OXY5","56.185","min","158.565","μmol/L","Humid","20.920","deg","90904","µV","35.981","°C","1019.000","hPa","37.0","pmil","0","55.500","deg","20.000","°C","100.000","%a.s.","22.500","deg","20.000","°C","1013.000","hPa","0.861","-0.02056","0.00035","-0.00011","0","14.7","Humid","26.25","0","52.00","345437.21","SABD0000000001","AAV1.0.0.11","2.0.0.28","PSt7-10","000000-000","10/20/2017 9:36:39 AM","0000-00","0","no battery","V"
"10/20/2017","12:05:50","5","default","957498349","OXY5","56.202","min","158.442","μmol/L","Humid","20.922","deg","90910","µV","35.997","°C","1019.000","hPa","37.0","pmil","0","55.500","deg","20.000","°C","100.000","%a.s.","22.500","deg","20.000","°C","1013.000","hPa","0.861","-0.02056","0.00035","-0.00011","0","14.7","Humid","26.25","0","52.00","345439.94","SABD0000000001","AAV1.0.0.11","2.0.0.28","PSt7-10","000000-000","10/20/2017 9:36:39 AM","0000-00","0","no battery","V"
"10/20/2017","12:05:51","5","default","957498349","OXY5","56.218","min","158.493","μmol/L","Humid","20.923","deg","90906","µV","35.986","°C","1019.000","hPa","37.0","pmil","0","55.500","deg","20.000","°C","100.000","%a.s.","22.500","deg","20.000","°C","1013.000","hPa","0.861","-0.02056","0.00035","-0.00011","0","14.7","Humid","26.25","0","52.00","345412.88","SABD0000000001","AAV1.0.0.11","2.0.0.28","PSt7-10","000000-000","10/20/2017 9:36:39 AM","0000-00","0","no battery","V"
"10/20/2017","12:05:52","5","default","957498349","OXY5","56.235","min","158.407","μmol/L","Humid","20.919","deg","90913","µV","36.010","°C","1019.000","hPa","37.0","pmil","0","55.500","deg","20.000","°C","100.000","%a.s.","22.500","deg","20.000","°C","1013.000","hPa","0.861","-0.02056","0.00035","-0.00011","0","14.7","Humid","26.25","0","52.00","345409.95","SABD0000000001","AAV1.0.0.11","2.0.0.28","PSt7-10","000000-000","10/20/2017 9:36:39 AM","0000-00","0","no battery","V"
"10/20/2017","12:05:53","5","default","957498349","OXY5","56.252","min","158.479","μmol/L","Humid","20.918","deg","90908","µV","36.000","°C","1019.000","hPa","37.0","pmil","0","55.500","deg","20.000","°C","100.000","%a.s.","22.500","deg","20.000","°C","1013.000","hPa","0.861","-0.02056","0.00035","-0.00011","0","14.7","Humid","26.25","0","52.00","345420.71","SABD0000000001","AAV1.0.0.11","2.0.0.28","PSt7-10","000000-000","10/20/2017 9:36:39 AM","0000-00","0","no battery","V"
"10/20/2017","12:05:54","5","default","957498349","OXY5","56.268","min","158.406","μmol/L","Humid","20.919","deg","90897","µV","36.010","°C","1019.000","hPa","37.0","pmil","0","55.500","deg","20.000","°C","100.000","%a.s.","22.500","deg","20.000","°C","1013.000","hPa","0.861","-0.02056","0.00035","-0.00011","0","14.7","Humid","26.25","0","52.00","345414.22","SABD0000000001","AAV1.0.0.11","2.0.0.28","PSt7-10","000000-000","10/20/2017 9:36:39 AM","0000-00","0","no battery","V"
"10/20/2017","12:05:55","5","default","957498349","OXY5","56.285","min","158.379","μmol/L","Humid","20.921","deg","90906","µV","36.010","°C","1019.000","hPa","37.0","pmil","0","55.500","deg","20.000","°C","100.000","%a.s.","22.500","deg","20.000","°C","1013.000","hPa","0.861","-0.02056","0.00035","-0.00011","0","14.7","Humid","26.25","0","52.00","345419.98","SABD0000000001","AAV1.0.0.11","2.0.0.28","PSt7-10","000000-000","10/20/2017 9:36:39 AM","0000-00","0","no battery","V"
"10/20/2017","12:05:56","5","default","957498349","OXY5","56.302","min","158.279","μmol/L","Humid","20.922","deg","90910","µV","36.024","°C","1019.000","hPa","37.0","pmil","0","55.500","deg","20.000","°C","100.000","%a.s.","22.500","deg","20.000","°C","1013.000","hPa","0.861","-0.02056","0.00035","-0.00011","0","14.7","Humid","26.25","0","52.00","345411.33","SABD0000000001","AAV1.0.0.11","2.0.0.28","PSt7-10","000000-000","10/20/2017 9:36:39 AM","0000-00","0","no battery","V"
"10/20/2017","12:05:57","5","default","957498349","OXY5","56.318","min","158.440","μmol/L","Humid","20.919","deg","90911","µV","36.004","°C","1019.000","hPa","37.0","pmil","0","55.500","deg","20.000","°C","100.000","%a.s.","22.500","deg","20.000","°C","1013.000","hPa","0.861","-0.02056","0.00035","-0.00011","0","14.7","Humid","26.25","0","52.00","345424.70","SABD0000000001","AAV1.0.0.11","2.0.0.28","PSt7-10","000000-000","10/20/2017 9:36:39 AM","0000-00","0","no battery","V"
"10/20/2017","12:05:58","5","default","957498349","OXY5","56.335","min","158.380","μmol/L","Humid","20.922","deg","90909","µV","36.007","°C","1019.000","hPa","37.0","pmil","0","55.500","deg","20.000","°C","100.000","%a.s.","22.500","deg","20.000","°C","1013.000","hPa","0.861","-0.02056","0.00035","-0.00011","0","14.7","Humid","26.25","0","52.00","345409.99","SABD0000000001","AAV1.0.0.11","2.0.0.28","PSt7-10","000000-000","10/20/2017 9:36:39 AM","0000-00","0","no battery","V"
"10/20/2017","12:05:59","5","default","957498349","OXY5","56.352","min","158.338","μmol/L","Humid","20.921","deg","90914","µV","36.017","°C","1019.000","hPa","37.0","pmil","0","55.500","deg","20.000","°C","100.000","%a.s.","22.500","deg","20.000","°C","1013.000","hPa","0.861","-0.02056","0.00035","-0.00011","0","14.7","Humid","26.25","0","52.00","345412.59","SABD0000000001","AAV1.0.0.11","2.0.0.28","PSt7-10","000000-000","10/20/2017 9:36:39 AM","0000-00","0","no battery","V"
"10/20/2017","12:06:00","5","default","957498349","OXY5","56.368","min","158.467","μmol/L","Humid","20.921","deg","90909","µV","35.995","°C","1019.000","hPa","37.0","pmil","0","55.500","deg","20.000","°C","100.000","%a.s.","22.500","deg","20.000","°C","1013.000","hPa","0.861","-0.02056","0.00035","-0.00011","0","14.7","Humid","26.25","0","52.00","345417.01","SABD0000000001","AAV1.0.0.11","2.0.0.28","PSt7-10","000000-000","10/20/2017 9:36:39 AM","0000-00","0","no battery","V"
"10/20/2017","12:06:01","5","default","957498349","OXY5","56.385","min","158.466","μmol/L","Humid","20.924","deg","90906","µV","35.988","°C","1019.000","hPa","37.0","pmil","0","55.500","deg","20.000","°C","100.000","%a.s.","22.500","deg","20.000","°C","1013.000","hPa","0.861","-0.02056","0.00035","-0.00011","0","14.7","Humid","26.25","0","52.00","345415.94","SABD0000000001","AAV1.0.0.11","2.0.0.28","PSt7-10","000000-000","10/20/2017 9:36:39 AM","0000-00","0","no battery","V"
"10/20/2017","12:06:02","5","default","957498349","OXY5","56.402","min","158.368","μmol/L","Humid","20.926","deg","90913","µV","36.000","°C","1019.000","hPa","37.0","pmil","0","55.500","deg","20.000","°C","100.000","%a.s.","22.500","deg","20.000","°C","1013.000","hPa","0.861","-0.02056","0.00035","-0.00011","0","14.7","Humid","26.25","0","52.00","345422.15","SABD0000000001","AAV1.0.0.11","2.0.0.28","PSt7-10","000000-000","10/20/2017 9:36:39 AM","0000-00","0","no battery","V"
"10/20/2017","12:06:03","5","default","957498349","OXY5","56.418","min","158.500","μmol/L","Humid","20.918","deg","90911","µV","35.997","°C","1019.000","hPa","37.0","pmil","0","55.500","deg","20.000","°C","100.000","%a.s.","22.500","deg","20.000","°C","1013.000","hPa","0.861","-0.02056","0.00035","-0.00011","0","14.7","Humid","26.25","0","52.00","345414.82","SABD0000000001","AAV1.0.0.11","2.0.0.28","PSt7-10","000000-000","10/20/2017 9:36:39 AM","0000-00","0","no battery","V"
"10/20/2017","12:06:04","5","default","957498349","OXY5","56.435","min","158.518","μmol/L","Humid","20.923","deg","90909","µV","35.982","°C","1019.000","hPa","37.0","pmil","0","55.500","deg","20.000","°C","100.000","%a.s.","22.500","deg","20.000","°C","1013.000","hPa","0.861","-0.02056","0.00035","-0.00011","0","14.7","Humid","26.25","0","52.00","345417.19","SABD0000000001","AAV1.0.0.11","2.0.0.28","PSt7-10","000000-000","10/20/2017 9:36:39 AM","0000-00","0","no battery","V"
"10/20/2017","12:06:05","5","default","957498349","OXY5","56.452","min","158.496","μmol/L","Humid","20.924","deg","90899","µV","35.984","°C","1019.000","hPa","37.0","pmil","0","55.500","deg","20.000","°C","100.000","%a.s.","22.500","deg","20.000","°C","1013.000","hPa","0.861","-0.02056","0.00035","-0.00011","0","14.7","Humid","26.25","0","52.00","345408.47","SABD0000000001","AAV1.0.0.11","2.0.0.28","PSt7-10","000000-000","10/20/2017 9:36:39 AM","0000-00","0","no battery","V"
"10/20/2017","12:06:06","5","default","957498349","OXY5","56.468","min","158.409","μmol/L","Humid","20.924","deg","90906","µV","35.998","°C","1019.000","hPa","37.0","pmil","0","55.500","deg","20.000","°C","100.000","%a.s.","22.500","deg","20.000","°C","1013.000","hPa","0.861","-0.02056","0.00035","-0.00011","0","14.7","Humid","26.25","0","52.00","345404.29","SABD0000000001","AAV1.0.0.11","2.0.0.28","PSt7-10","000000-000","10/20/2017 9:36:39 AM","0000-00","0","no battery","V"
"10/20/2017","12:06:07","5","default","957498349","OXY5","56.485","min","158.506","μmol/L","Humid","20.921","deg","90908","µV","35.989","°C","1019.000","hPa","37.0","pmil","0","55.500","deg","20.000","°C","100.000","%a.s.","22.500","deg","20.000","°C","1013.000","hPa","0.861","-0.02056","0.00035","-0.00011","0","14.7","Humid","26.25","0","52.00","345409.93","SABD0000000001","AAV1.0.0.11","2.0.0.28","PSt7-10","000000-000","10/20/2017 9:36:39 AM","0000-00","0","no battery","V"
"10/20/2017","12:06:08","5","default","957498349","OXY5","56.502","min","158.485","μmol/L","Humid","20.923","deg","90910","µV","35.988","°C","1019.000","hPa","37.0","pmil","0","55.500","deg","20.000","°C","100.000","%a.s.","22.500","deg","20.000","°C","1013.000","hPa","0.861","-0.02056","0.00035","-0.00011","0","14.7","Humid","26.25","0","52.00","345417.42","SABD0000000001","AAV1.0.0.11","2.0.0.28","PSt7-10","000000-000","10/20/2017 9:36:39 AM","0000-00","0","no battery","V"
"10/20/2017","12:06:09","5","default","957498349","OXY5","56.518","min","158.514","μmol/L","Humid","20.919","deg","90899","µV","35.992","°C","1019.000","hPa","37.0","pmil","0","55.500","deg","20.000","°C","100.000","%a.s.","22.500","deg","20.000","°C","1013.000","hPa","0.861","-0.02056","0.00035","-0.00011","0","14.7","Humid","26.25","0","52.00","345409.71","SABD0000000001","AAV1.0.0.11","2.0.0.28","PSt7-10","000000-000","10/20/2017 9:36:39 AM","0000-00","0","no battery","V"
"10/20/2017","12:06:10","5","default","957498349","OXY5","56.535","min","158.411","μmol/L","Humid","20.924","deg","90913","µV","35.998","°C","1019.000","hPa","37.0","pmil","0","55.500","deg","20.000","°C","100.000","%a.s.","22.500","deg","20.000","°C","1013.000","hPa","0.861","-0.02056","0.00035","-0.00011","0","14.7","Humid","26.25","0","52.00","345417.70","SABD0000000001","AAV1.0.0.11","2.0.0.28","PSt7-10","000000-000","10/20/2017 9:36:39 AM","0000-00","0","no battery","V"
"10/20/2017","12:06:11","5","default","957498349","OXY5","56.552","min","158.272","μmol/L","Humid","20.923","deg","90909","µV","36.023","°C","1019.000","hPa","37.0","pmil","0","55.500","deg","20.000","°C","100.000","%a.s.","22.500","deg","20.000","°C","1013.000","hPa","0.861","-0.02056","0.00035","-0.00011","0","14.7","Humid","26.25","0","52.00","345401.84","SABD0000000001","AAV1.0.0.11","2.0.0.28","PSt7-10","000000-000","10/20/2017 9:36:39 AM","0000-00","0","no battery","V"
"10/20/2017","12:06:12","5","default","957498349","OXY5","56.568","min","158.417","μmol/L","Humid","20.921","deg","90916","µV","36.004","°C","1019.000","hPa","37.0","pmil","0","55.500","deg","20.000","°C","100.000","%a.s.","22.500","deg","20.000","°C","1013.000","hPa","0.861","-0.02056","0.00035","-0.00011","0","14.7","Humid","26.25","0","52.00","345411.64","SABD0000000001","AAV1.0.0.11","2.0.0.28","PSt7-10","000000-000","10/20/2017 9:36:39 AM","0000-00","0","no battery","V"
"10/20/2017","12:06:13","5","default","957498349","OXY5","56.585","min","158.365","μmol/L","Humid","20.921","deg","90911","µV","36.012","°C","1019.000","hPa","37.0","pmil","0","55.500","deg","20.000","°C","100.000","%a.s.","22.500","deg","20.000","°C","1013.000","hPa","0.861","-0.02056","0.00035","-0.00011","0","14.7","Humid","26.25","0","52.00","345415.40","SABD0000000001","AAV1.0.0.11","2.0.0.28","PSt7-10","000000-000","10/20/2017 9:36:39 AM","0000-00","0","no battery","V"
"10/20/2017","12:06:14","5","default","957498349","OXY5","56.602","min","158.440","μmol/L","Humid","20.924","deg","90915","µV","35.993","°C","1019.000","hPa","37.0","pmil","0","55.500","deg","20.000","°C","100.000","%a.s.","22.500","deg","20.000","°C","1013.000","hPa","0.861","-0.02056","0.00035","-0.00011","0","14.7","Humid","26.25","0","52.00","345407.49","SABD0000000001","AAV1.0.0.11","2.0.0.28","PSt7-10","000000-000","10/20/2017 9:36:39 AM","0000-00","0","no battery","V"
"10/20/2017","12:06:15","5","default","957498349","OXY5","56.618","min","158.502","μmol/L","Humid","20.918","deg","90908","µV","35.997","°C","1019.000","hPa","37.0","pmil","0","55.500","deg","20.000","°C","100.000","%a.s.","22.500","deg","20.000","°C","1013.000","hPa","0.861","-0.02056","0.00035","-0.00011","0","14.7","Humid","26.25","0","52.00","345402.35","SABD0000000001","AAV1.0.0.11","2.0.0.28","PSt7-10","000000-000","10/20/2017 9:36:39 AM","0000-00","0","no battery","V"
"10/20/2017","12:06:16","5","default","957498349","OXY5","56.635","min","158.503","μmol/L","Humid","20.921","deg","90907","µV","35.989","°C","1019.000","hPa","37.0","pmil","0","55.500","deg","20.000","°C","100.000","%a.s.","22.500","deg","20.000","°C","1013.000","hPa","0.861","-0.02056","0.00035","-0.00011","0","14.7","Humid","26.25","0","52.00","345395.49","SABD0000000001","AAV1.0.0.11","2.0.0.28","PSt7-10","000000-000","10/20/2017 9:36:39 AM","0000-00","0","no battery","V"
"10/20/2017","12:06:17","5","default","957498349","OXY5","56.652","min","158.597","μmol/L","Humid","20.920","deg","90904","µV","35.976","°C","1019.000","hPa","37.0","pmil","0","55.500","deg","20.000","°C","100.000","%a.s.","22.500","deg","20.000","°C","1013.000","hPa","0.861","-0.02056","0.00035","-0.00011","0","14.7","Humid","26.25","0","52.00","345410.30","SABD0000000001","AAV1.0.0.11","2.0.0.28","PSt7-10","000000-000","10/20/2017 9:36:39 AM","0000-00","0","no battery","V"
"10/20/2017","12:06:18","5","default","957498349","OXY5","56.668","min","158.578","μmol/L","Humid","20.921","deg","90907","µV","35.977","°C","1019.000","hPa","37.0","pmil","0","55.500","deg","20.000","°C","100.000","%a.s.","22.500","deg","20.000","°C","1013.000","hPa","0.861","-0.02056","0.00035","-0.00011","0","14.7","Humid","26.25","0","52.00","345392.75","SABD0000000001","AAV1.0.0.11","2.0.0.28","PSt7-10","000000-000","10/20/2017 9:36:39 AM","0000-00","0","no battery","V"
"10/20/2017","12:06:19","5","default","957498349","OXY5","56.685","min","158.545","μmol/L","Humid","20.919","deg","90899","µV","35.987","°C","1019.000","hPa","37.0","pmil","0","55.500","deg","20.000","°C","100.000","%a.s.","22.500","deg","20.000","°C","1013.000","hPa","0.861","-0.02056","0.00035","-0.00011","0","14.7","Humid","26.25","0","52.00","345394.18","SABD0000000001","AAV1.0.0.11","2.0.0.28","PSt7-10","000000-000","10/20/2017 9:36:39 AM","0000-00","0","no battery","V"
"10/20/2017","12:06:20","5","default","957498349","OXY5","56.702","min","158.397","μmol/L","Humid","20.923","deg","90893","µV","36.002","°C","1019.000","hPa","37.0","pmil","0","55.500","deg","20.000","°C","100.000","%a.s.","22.500","deg","20.000","°C","1013.000","hPa","0.861","-0.02056","0.00035","-0.00011","0","14.7","Humid","26.25","0","52.00","345395.41","SABD0000000001","AAV1.0.0.11","2.0.0.28","PSt7-10","000000-000","10/20/2017 9:36:39 AM","0000-00","0","no battery","V"
"10/20/2017","12:06:21","5","default","957498349","OXY5","56.718","min","158.387","μmol/L","Humid","20.925","deg","90899","µV","35.999","°C","1019.000","hPa","37.0","pmil","0","55.500","deg","20.000","°C","100.000","%a.s.","22.500","deg","20.000","°C","1013.000","hPa","0.861","-0.02056","0.00035","-0.00011","0","14.7","Humid","26.25","0","52.00","345402.43","SABD0000000001","AAV1.0.0.11","2.0.0.28","PSt7-10","000000-000","10/20/2017 9:36:39 AM","0000-00","0","no battery","V"
"10/20/2017","12:06:22","5","default","957498349","OXY5","56.735","min","158.339","μmol/L","Humid","20.923","deg","90902","µV","36.012","°C","1019.000","hPa","37.0","pmil","0","55.500","deg","20.000","°C","100.000","%a.s.","22.500","deg","20.000","°C","1013.000","hPa","0.861","-0.02056","0.00035","-0.00011","0","14.7","Humid","26.25","0","52.00","345396.51","SABD0000000001","AAV1.0.0.11","2.0.0.28","PSt7-10","000000-000","10/20/2017 9:36:39 AM","0000-00","0","no battery","V"
"10/20/2017","12:06:23","5","default","957498349","OXY5","56.752","min","158.326","μmol/L","Humid","20.925","deg","90902","µV","36.009","°C","1019.000","hPa","37.0","pmil","0","55.500","deg","20.000","°C","100.000","%a.s.","22.500","deg","20.000","°C","1013.000","hPa","0.861","-0.02056","0.00035","-0.00011","0","14.7","Humid","26.25","0","52.00","345404.23","SABD0000000001","AAV1.0.0.11","2.0.0.28","PSt7-10","000000-000","10/20/2017 9:36:39 AM","0000-00","0","no battery","V"
"10/20/2017","12:06:24","5","default","957498349","OXY5","56.768","min","158.459","μmol/L","Humid","20.922","deg","90905","µV","35.994","°C","1019.000","hPa","37.0","pmil","0","55.500","deg","20.000","°C","100.000","%a.s.","22.500","deg","20.000","°C","1013.000","hPa","0.861","-0.02056","0.00035","-0.00011","0","14.7","Humid","26.25","0","52.00","345384.60","SABD0000000001","AAV1.0.0.11","2.0.0.28","PSt7-10","000000-000","10/20/2017 9:36:39 AM","0000-00","0","no battery","V"
"10/20/2017","12:06:25","5","default","957498349","OXY5","56.785","min","158.361","μmol/L","Humid","20.925","deg","90904","µV","36.003","°C","1019.000","hPa","37.0","pmil","0","55.500","deg","20.000","°C","100.000","%a.s.","22.500","deg","20.000","°C","1013.000","hPa","0.861","-0.02056","0.00035","-0.00011","0","14.7","Humid","26.25","0","52.00","345395.84","SABD0000000001","AAV1.0.0.11","2.0.0.28","PSt7-10","000000-000","10/20/2017 9:36:39 AM","0000-00","0","no battery","V"
"10/20/2017","12:06:26","5","default","957498349","OXY5","56.802","min","158.450","μmol/L","Humid","20.920","deg","90909","µV","36.001","°C","1019.000","hPa","37.0","pmil","0","55.500","deg","20.000","°C","100.000","%a.s.","22.500","deg","20.000","°C","1013.000","hPa","0.861","-0.02056","0.00035","-0.00011","0","14.7","Humid","26.25","0","52.00","345398.09","SABD0000000001","AAV1.0.0.11","2.0.0.28","PSt7-10","000000-000","10/20/2017 9:36:39 AM","0000-00","0","no battery","V"
"10/20/2017","12:06:27","5","default","957498349","OXY5","56.818","min","158.492","μmol/L","Humid","20.922","deg","90900","µV","35.989","°C","1019.000","hPa","37.0","pmil","0","55.500","deg","20.000","°C","100.000","%a.s.","22.500","deg","20.000","°C","1013.000","hPa","0.861","-0.02056","0.00035","-0.00011","0","14.7","Humid","26.25","0","52.00","345389.75","SABD0000000001","AAV1.0.0.11","2.0.0.28","PSt7-10","000000-000","10/20/2017 9:36:39 AM","0000-00","0","no battery","V"
"10/20/2017","12:06:28","5","default","957498349","OXY5","56.835","min","158.492","μmol/L","Humid","20.920","deg","90907","µV","35.994","°C","1019.000","hPa","37.0","pmil","0","55.500","deg","20.000","°C","100.000","%a.s.","22.500","deg","20.000","°C","1013.000","hPa","0.861","-0.02056","0.00035","-0.00011","0","14.7","Humid","26.25","0","52.00","345394.44","SABD0000000001","AAV1.0.0.11","2.0.0.28","PSt7-10","000000-000","10/20/2017 9:36:39 AM","0000-00","0","no battery","V"
"10/20/2017","12:06:29","5","default","957498349","OXY5","56.852","min","158.467","μmol/L","Humid","20.923","deg","90910","µV","35.991","°C","1019.000","hPa","37.0","pmil","0","55.500","deg","20.000","°C","100.000","%a.s.","22.500","deg","20.000","°C","1013.000","hPa","0.861","-0.02056","0.00035","-0.00011","0","14.7","Humid","26.25","0","52.00","345392.54","SABD0000000001","AAV1.0.0.11","2.0.0.28","PSt7-10","000000-000","10/20/2017 9:36:39 AM","0000-00","0","no battery","V"
"10/20/2017","12:06:30","5","default","957498349","OXY5","56.868","min","158.452","μmol/L","Humid","20.921","deg","90896","µV","35.998","°C","1019.000","hPa","37.0","pmil","0","55.500","deg","20.000","°C","100.000","%a.s.","22.500","deg","20.000","°C","1013.000","hPa","0.861","-0.02056","0.00035","-0.00011","0","14.7","Humid","26.25","0","52.00","345402.53","SABD0000000001","AAV1.0.0.11","2.0.0.28","PSt7-10","000000-000","10/20/2017 9:36:39 AM","0000-00","0","no battery","V"
"10/20/2017","12:06:31","5","default","957498349","OXY5","56.885","min","158.323","μmol/L","Humid","20.923","deg","90897","µV","36.015","°C","1019.000","hPa","37.0","pmil","0","55.500","deg","20.000","°C","100.000","%a.s.","22.500","deg","20.000","°C","1013.000","hPa","0.861","-0.02056","0.00035","-0.00011","0","14.7","Humid","26.25","0","52.00","345404.33","SABD0000000001","AAV1.0.0.11","2.0.0.28","PSt7-10","000000-000","10/20/2017 9:36:39 AM","0000-00","0","no battery","V"
"10/20/2017","12:06:32","5","default","957498349","OXY5","56.902","min","158.383","μmol/L","Humid","20.920","deg","90901","µV","36.012","°C","1019.000","hPa","37.0","pmil","0","55.500","deg","20.000","°C","100.000","%a.s.","22.500","deg","20.000","°C","1013.000","hPa","0.861","-0.02056","0.00035","-0.00011","0","14.7","Humid","26.25","0","52.00","345399.25","SABD0000000001","AAV1.0.0.11","2.0.0.28","PSt7-10","000000-000","10/20/2017 9:36:39 AM","0000-00","0","no battery","V"
"10/20/2017","12:06:33","5","default","957498349","OXY5","56.918","min","158.259","μmol/L","Humid","20.921","deg","90907","µV","36.030","°C","1019.000","hPa","37.0","pmil","0","55.500","deg","20.000","°C","100.000","%a.s.","22.500","deg","20.000","°C","1013.000","hPa","0.861","-0.02056","0.00035","-0.00011","0","14.7","Humid","26.25","0","52.00","345400.61","SABD0000000001","AAV1.0.0.11","2.0.0.28","PSt7-10","000000-000","10/20/2017 9:36:39 AM","0000-00","0","no battery","V"
"10/20/2017","12:06:34","5","default","957498349","OXY5","56.935","min","158.234","μmol/L","Humid","20.926","deg","90901","µV","36.022","°C","1019.000","hPa","37.0","pmil","0","55.500","deg","20.000","°C","100.000","%a.s.","22.500","deg","20.000","°C","1013.000","hPa","0.861","-0.02056","0.00035","-0.00011","0","14.7","Humid","26.25","0","52.00","345409.50","SABD0000000001","AAV1.0.0.11","2.0.0.28","PSt7-10","000000-000","10/20/2017 9:36:39 AM","0000-00","0","no battery","V"
"10/20/2017","12:06:35","5","default","957498349","OXY5","56.952","min","158.397","μmol/L","Humid","20.921","deg","90899","µV","36.007","°C","1019.000","hPa","37.0","pmil","0","55.500","deg","20.000","°C","100.000","%a.s.","22.500","deg","20.000","°C","1013.000","hPa","0.861","-0.02056","0.00035","-0.00011","0","14.7","Humid","26.25","0","52.00","345401.08","SABD0000000001","AAV1.0.0.11","2.0.0.28","PSt7-10","000000-000","10/20/2017 9:36:39 AM","0000-00","0","no battery","V"
"10/20/2017","12:06:36","5","default","957498349","OXY5","56.968","min","158.297","μmol/L","Humid","20.925","deg","90898","µV","36.014","°C","1019.000","hPa","37.0","pmil","0","55.500","deg","20.000","°C","100.000","%a.s.","22.500","deg","20.000","°C","1013.000","hPa","0.861","-0.02056","0.00035","-0.00011","0","14.7","Humid","26.25","0","52.00","345390.92","SABD0000000001","AAV1.0.0.11","2.0.0.28","PSt7-10","000000-000","10/20/2017 9:36:39 AM","0000-00","0","no battery","V"
"10/20/2017","12:06:37","5","default","957498349","OXY5","56.985","min","158.477","μmol/L","Humid","20.922","deg","90894","µV","35.991","°C","1019.000","hPa","37.0","pmil","0","55.500","deg","20.000","°C","100.000","%a.s.","22.500","deg","20.000","°C","1013.000","hPa","0.861","-0.02056","0.00035","-0.00011","0","14.7","Humid","26.25","0","52.00","345385.97","SABD0000000001","AAV1.0.0.11","2.0.0.28","PSt7-10","000000-000","10/20/2017 9:36:39 AM","0000-00","0","no battery","V"
"10/20/2017","12:06:38","5","default","957498349","OXY5","57.002","min","158.404","μmol/L","Humid","20.921","deg","90899","µV","36.006","°C","1019.000","hPa","37.0","pmil","0","55.500","deg","20.000","°C","100.000","%a.s.","22.500","deg","20.000","°C","1013.000","hPa","0.861","-0.02056","0.00035","-0.00011","0","14.7","Humid","26.25","0","52.00","345390.82","SABD0000000001","AAV1.0.0.11","2.0.0.28","PSt7-10","000000-000","10/20/2017 9:36:39 AM","0000-00","0","no battery","V"
"10/20/2017","12:06:39","5","default","957498349","OXY5","57.018","min","158.425","μmol/L","Humid","20.921","deg","90891","µV","36.002","°C","1019.000","hPa","37.0","pmil","0","55.500","deg","20.000","°C","100.000","%a.s.","22.500","deg","20.000","°C","1013.000","hPa","0.861","-0.02056","0.00035","-0.00011","0","14.7","Humid","26.25","0","52.00","345379.02","SABD0000000001","AAV1.0.0.11","2.0.0.28","PSt7-10","000000-000","10/20/2017 9:36:39 AM","0000-00","0","no battery","V"
"10/20/2017","12:06:40","5","default","957498349","OXY5","57.035","min","158.422","μmol/L","Humid","20.920","deg","90901","µV","36.005","°C","1019.000","hPa","37.0","pmil","0","55.500","deg","20.000","°C","100.000","%a.s.","22.500","deg","20.000","°C","1013.000","hPa","0.861","-0.02056","0.00035","-0.00011","0","14.7","Humid","26.25","0","52.00","345382.07","SABD0000000001","AAV1.0.0.11","2.0.0.28","PSt7-10","000000-000","10/20/2017 9:36:39 AM","0000-00","0","no battery","V"
"10/20/2017","12:06:41","5","default","957498349","OXY5","57.052","min","158.331","μmol/L","Humid","20.922","deg","90896","µV","36.016","°C","1019.000","hPa","37.0","pmil","0","55.500","deg","20.000","°C","100.000","%a.s.","22.500","deg","20.000","°C","1013.000","hPa","0.861","-0.02056","0.00035","-0.00011","0","14.7","Humid","26.25","0","52.00","345380.51","SABD0000000001","AAV1.0.0.11","2.0.0.28","PSt7-10","000000-000","10/20/2017 9:36:39 AM","0000-00","0","no battery","V"
"10/20/2017","12:06:42","5","default","957498349","OXY5","57.068","min","158.460","μmol/L","Humid","20.924","deg","90903","µV","35.989","°C","1019.000","hPa","37.0","pmil","0","55.500","deg","20.000","°C","100.000","%a.s.","22.500","deg","20.000","°C","1013.000","hPa","0.861","-0.02056","0.00035","-0.00011","0","14.7","Humid","26.25","0","52.00","345385.74","SABD0000000001","AAV1.0.0.11","2.0.0.28","PSt7-10","000000-000","10/20/2017 9:36:39 AM","0000-00","0","no battery","V"
"10/20/2017","12:06:43","5","default","957498349","OXY5","57.085","min","158.410","μmol/L","Humid","20.923","deg","90902","µV","36.000","°C","1019.000","hPa","37.0","pmil","0","55.500","deg","20.000","°C","100.000","%a.s.","22.500","deg","20.000","°C","1013.000","hPa","0.861","-0.02056","0.00035","-0.00011","0","14.7","Humid","26.25","0","52.00","345392.41","SABD0000000001","AAV1.0.0.11","2.0.0.28","PSt7-10","000000-000","10/20/2017 9:36:39 AM","0000-00","0","no battery","V"
"10/20/2017","12:06:44","5","default","957498349","OXY5","57.102","min","158.362","μmol/L","Humid","20.922","deg","90898","µV","36.010","°C","1019.000","hPa","37.0","pmil","0","55.500","deg","20.000","°C","100.000","%a.s.","22.500","deg","20.000","°C","1013.000","hPa","0.861","-0.02056","0.00035","-0.00011","0","14.7","Humid","26.25","0","52.00","345393.62","SABD0000000001","AAV1.0.0.11","2.0.0.28","PSt7-10","000000-000","10/20/2017 9:36:39 AM","0000-00","0","no battery","V"
"10/20/2017","12:06:45","5","default","957498349","OXY5","57.118","min","158.421","μmol/L","Humid","20.921","deg","90900","µV","36.003","°C","1019.000","hPa","37.0","pmil","0","55.500","deg","20.000","°C","100.000","%a.s.","22.500","deg","20.000","°C","1013.000","hPa","0.861","-0.02056","0.00035","-0.00011","0","14.7","Humid","26.25","0","52.00","345400.40","SABD0000000001","AAV1.0.0.11","2.0.0.28","PSt7-10","000000-000","10/20/2017 9:36:39 AM","0000-00","0","no battery","V"
"10/20/2017","12:06:46","5","default","957498349","OXY5","57.135","min","158.398","μmol/L","Humid","20.924","deg","90902","µV","36.000","°C","1019.000","hPa","37.0","pmil","0","55.500","deg","20.000","°C","100.000","%a.s.","22.500","deg","20.000","°C","1013.000","hPa","0.861","-0.02056","0.00035","-0.00011","0","14.7","Humid","26.25","0","52.00","345391.22","SABD0000000001","AAV1.0.0.11","2.0.0.28","PSt7-10","000000-000","10/20/2017 9:36:39 AM","0000-00","0","no battery","V"
"10/20/2017","12:06:47","5","default","957498349","OXY5","57.152","min","158.322","μmol/L","Humid","20.925","deg","90899","µV","36.010","°C","1019.000","hPa","37.0","pmil","0","55.500","deg","20.000","°C","100.000","%a.s.","22.500","deg","20.000","°C","1013.000","hPa","0.861","-0.02056","0.00035","-0.00011","0","14.7","Humid","26.25","0","52.00","345379.87","SABD0000000001","AAV1.0.0.11","2.0.0.28","PSt7-10","000000-000","10/20/2017 9:36:39 AM","0000-00","0","no battery","V"
"10/20/2017","12:06:48","5","default","957498349","OXY5","57.168","min","158.432","μmol/L","Humid","20.922","deg","90900","µV","35.999","°C","1019.000","hPa","37.0","pmil","0","55.500","deg","20.000","°C","100.000","%a.s.","22.500","deg","20.000","°C","1013.000","hPa","0.861","-0.02056","0.00035","-0.00011","0","14.7","Humid","26.25","0","52.00","345382.12","SABD0000000001","AAV1.0.0.11","2.0.0.28","PSt7-10","000000-000","10/20/2017 9:36:39 AM","0000-00","0","no battery","V"
"10/20/2017","12:06:49","5","default","957498349","OXY5","57.185","min","158.402","μmol/L","Humid","20.920","deg","90901","µV","36.009","°C","1019.000","hPa","37.0","pmil","0","55.500","deg","20.000","°C","100.000","%a.s.","22.500","deg","20.000","°C","1013.000","hPa","0.861","-0.02056","0.00035","-0.00011","0","14.7","Humid","26.25","0","52.00","345379.05","SABD0000000001","AAV1.0.0.11","2.0.0.28","PSt7-10","000000-000","10/20/2017 9:36:39 AM","0000-00","0","no battery","V"
"10/20/2017","12:06:50","5","default","957498349","OXY5","57.202","min","158.365","μmol/L","Humid","20.923","deg","90896","µV","36.008","°C","1019.000","hPa","37.0","pmil","0","55.500","deg","20.000","°C","100.000","%a.s.","22.500","deg","20.000","°C","1013.000","hPa","0.861","-0.02056","0.00035","-0.00011","0","14.7","Humid","26.25","0","52.00","345388.42","SABD0000000001","AAV1.0.0.11","2.0.0.28","PSt7-10","000000-000","10/20/2017 9:36:39 AM","0000-00","0","no battery","V"
"10/20/2017","12:06:51","5","default","957498349","OXY5","57.218","min","158.496","μmol/L","Humid","20.921","deg","90892","µV","35.991","°C","1019.000","hPa","37.0","pmil","0","55.500","deg","20.000","°C","100.000","%a.s.","22.500","deg","20.000","°C","1013.000","hPa","0.861","-0.02056","0.00035","-0.00011","0","14.7","Humid","26.25","0","52.00","345380.13","SABD0000000001","AAV1.0.0.11","2.0.0.28","PSt7-10","000000-000","10/20/2017 9:36:39 AM","0000-00","0","no battery","V"
"10/20/2017","12:06:52","5","default","957498349","OXY5","57.235","min","158.301","μmol/L","Humid","20.925","deg","90894","µV","36.013","°C","1019.000","hPa","37.0","pmil","0","55.500","deg","20.000","°C","100.000","%a.s.","22.500","deg","20.000","°C","1013.000","hPa","0.861","-0.02056","0.00035","-0.00011","0","14.7","Humid","26.25","0","52.00","345378.75","SABD0000000001","AAV1.0.0.11","2.0.0.28","PSt7-10","000000-000","10/20/2017 9:36:39 AM","0000-00","0","no battery","V"
"10/20/2017","12:06:53","5","default","957498349","OXY5","57.252","min","158.341","μmol/L","Humid","20.921","deg","90893","µV","36.016","°C","1019.000","hPa","37.0","pmil","0","55.500","deg","20.000","°C","100.000","%a.s.","22.500","deg","20.000","°C","1013.000","hPa","0.861","-0.02056","0.00035","-0.00011","0","14.7","Humid","26.25","0","52.00","345367.80","SABD0000000001","AAV1.0.0.11","2.0.0.28","PSt7-10","000000-000","10/20/2017 9:36:39 AM","0000-00","0","no battery","V"
"10/20/2017","12:06:54","5","default","957498349","OXY5","57.268","min","158.353","μmol/L","Humid","20.923","deg","90895","µV","36.010","°C","1019.000","hPa","37.0","pmil","0","55.500","deg","20.000","°C","100.000","%a.s.","22.500","deg","20.000","°C","1013.000","hPa","0.861","-0.02056","0.00035","-0.00011","0","14.7","Humid","26.25","0","52.00","345381.14","SABD0000000001","AAV1.0.0.11","2.0.0.28","PSt7-10","000000-000","10/20/2017 9:36:39 AM","0000-00","0","no battery","V"
"10/20/2017","12:06:55","5","default","957498349","OXY5","57.285","min","158.349","μmol/L","Humid","20.925","deg","90893","µV","36.005","°C","1019.000","hPa","37.0","pmil","0","55.500","deg","20.000","°C","100.000","%a.s.","22.500","deg","20.000","°C","1013.000","hPa","0.861","-0.02056","0.00035","-0.00011","0","14.7","Humid","26.25","0","52.00","345384.57","SABD0000000001","AAV1.0.0.11","2.0.0.28","PSt7-10","000000-000","10/20/2017 9:36:39 AM","0000-00","0","no battery","V"
"10/20/2017","12:06:56","5","default","957498349","OXY5","57.302","min","158.422","μmol/L","Humid","20.921","deg","90892","µV","36.003","°C","1019.000","hPa","37.0","pmil","0","55.500","deg","20.000","°C","100.000","%a.s.","22.500","deg","20.000","°C","1013.000","hPa","0.861","-0.02056","0.00035","-0.00011","0","14.7","Humid","26.25","0","52.00","345364.46","SABD0000000001","AAV1.0.0.11","2.0.0.28","PSt7-10","000000-000","10/20/2017 9:36:39 AM","0000-00","0","no battery","V"
"10/20/2017","12:06:57","5","default","957498349","OXY5","57.318","min","158.556","μmol/L","Humid","20.921","deg","90886","µV","35.981","°C","1019.000","hPa","37.0","pmil","0","55.500","deg","20.000","°C","100.000","%a.s.","22.500","deg","20.000","°C","1013.000","hPa","0.861","-0.02056","0.00035","-0.00011","0","14.7","Humid","26.25","0","52.00","345377.22","SABD0000000001","AAV1.0.0.11","2.0.0.28","PSt7-10","000000-000","10/20/2017 9:36:39 AM","0000-00","0","no battery","V"
"10/20/2017","12:06:58","5","default","957498349","OXY5","57.335","min","158.351","μmol/L","Humid","20.922","deg","90884","µV","36.012","°C","1019.000","hPa","37.0","pmil","0","55.500","deg","20.000","°C","100.000","%a.s.","22.500","deg","20.000","°C","1013.000","hPa","0.861","-0.02056","0.00035","-0.00011","0","14.7","Humid","26.25","0","52.00","345358.50","SABD0000000001","AAV1.0.0.11","2.0.0.28","PSt7-10","000000-000","10/20/2017 9:36:39 AM","0000-00","0","no battery","V"
"10/20/2017","12:06:59","5","default","957498349","OXY5","57.352","min","158.354","μmol/L","Humid","20.925","deg","90882","µV","36.005","°C","1019.000","hPa","37.0","pmil","0","55.500","deg","20.000","°C","100.000","%a.s.","22.500","deg","20.000","°C","1013.000","hPa","0.861","-0.02056","0.00035","-0.00011","0","14.7","Humid","26.25","0","52.00","345370.18","SABD0000000001","AAV1.0.0.11","2.0.0.28","PSt7-10","000000-000","10/20/2017 9:36:39 AM","0000-00","0","no battery","V"
"10/20/2017","12:07:00","5","default","957498349","OXY5","57.368","min","158.276","μmol/L","Humid","20.922","deg","90879","µV","36.025","°C","1019.000","hPa","37.0","pmil","0","55.500","deg","20.000","°C","100.000","%a.s.","22.500","deg","20.000","°C","1013.000","hPa","0.861","-0.02056","0.00035","-0.00011","0","14.7","Humid","26.25","0","52.00","345360.19","SABD0000000001","AAV1.0.0.11","2.0.0.28","PSt7-10","000000-000","10/20/2017 9:36:39 AM","0000-00","0","no battery","V"
"10/20/2017","12:07:01","5","default","957498349","OXY5","57.385","min","158.366","μmol/L","Humid","20.924","deg","90876","µV","36.005","°C","1019.000","hPa","37.0","pmil","0","55.500","deg","20.000","°C","100.000","%a.s.","22.500","deg","20.000","°C","1013.000","hPa","0.861","-0.02056","0.00035","-0.00011","0","14.7","Humid","26.25","0","52.00","345372.23","SABD0000000001","AAV1.0.0.11","2.0.0.28","PSt7-10","000000-000","10/20/2017 9:36:39 AM","0000-00","0","no battery","V"
"10/20/2017","12:07:02","5","default","957498349","OXY5","57.402","min","158.384","μmol/L","Humid","20.925","deg","90884","µV","36.000","°C","1019.000","hPa","37.0","pmil","0","55.500","deg","20.000","°C","100.000","%a.s.","22.500","deg","20.000","°C","1013.000","hPa","0.861","-0.02056","0.00035","-0.00011","0","14.7","Humid","26.25","0","52.00","345360.69","SABD0000000001","AAV1.0.0.11","2.0.0.28","PSt7-10","000000-000","10/20/2017 9:36:39 AM","0000-00","0","no battery","V"
"10/20/2017","12:07:03","5","default","957498349","OXY5","57.418","min","158.520","μmol/L","Humid","20.925","deg","90878","µV","35.977","°C","1019.000","hPa","37.0","pmil","0","55.500","deg","20.000","°C","100.000","%a.s.","22.500","deg","20.000","°C","1013.000","hPa","0.861","-0.02056","0.00035","-0.00011","0","14.7","Humid","26.25","0","52.00","345369.35","SABD0000000001","AAV1.0.0.11","2.0.0.28","PSt7-10","000000-000","10/20/2017 9:36:39 AM","0000-00","0","no battery","V"
"10/20/2017","12:07:04","5","default","957498349","OXY5","57.435","min","158.432","μmol/L","Humid","20.925","deg","90879","µV","35.992","°C","1019.000","hPa","37.0","pmil","0","55.500","deg","20.000","°C","100.000","%a.s.","22.500","deg","20.000","°C","1013.000","hPa","0.861","-0.02056","0.00035","-0.00011","0","14.7","Humid","26.25","0","52.00","345356.86","SABD0000000001","AAV1.0.0.11","2.0.0.28","PSt7-10","000000-000","10/20/2017 9:36:39 AM","0000-00","0","no battery","V"
"10/20/2017","12:07:05","5","default","957498349","OXY5","57.452","min","158.563","μmol/L","Humid","20.923","deg","90868","µV","35.975","°C","1019.000","hPa","37.0","pmil","0","55.500","deg","20.000","°C","100.000","%a.s.","22.500","deg","20.000","°C","1013.000","hPa","0.861","-0.02056","0.00035","-0.00011","0","14.7","Humid","26.25","0","52.00","345356.41","SABD0000000001","AAV1.0.0.11","2.0.0.28","PSt7-10","000000-000","10/20/2017 9:36:39 AM","0000-00","0","no battery","V"
"10/20/2017","12:07:06","5","default","957498349","OXY5","57.468","min","158.500","μmol/L","Humid","20.922","deg","90871","µV","35.987","°C","1019.000","hPa","37.0","pmil","0","55.500","deg","20.000","°C","100.000","%a.s.","22.500","deg","20.000","°C","1013.000","hPa","0.861","-0.02056","0.00035","-0.00011","0","14.7","Humid","26.25","0","52.00","345357.59","SABD0000000001","AAV1.0.0.11","2.0.0.28","PSt7-10","000000-000","10/20/2017 9:36:39 AM","0000-00","0","no battery","V"
"10/20/2017","12:07:07","5","default","957498349","OXY5","57.485","min","158.320","μmol/L","Humid","20.926","deg","90881","µV","36.008","°C","1019.000","hPa","37.0","pmil","0","55.500","deg","20.000","°C","100.000","%a.s.","22.500","deg","20.000","°C","1013.000","hPa","0.861","-0.02056","0.00035","-0.00011","0","14.7","Humid","26.25","0","52.00","345369.21","SABD0000000001","AAV1.0.0.11","2.0.0.28","PSt7-10","000000-000","10/20/2017 9:36:39 AM","0000-00","0","no battery","V"
"10/20/2017","12:07:08","5","default","957498349","OXY5","57.502","min","158.413","μmol/L","Humid","20.925","deg","90878","µV","35.995","°C","1019.000","hPa","37.0","pmil","0","55.500","deg","20.000","°C","100.000","%a.s.","22.500","deg","20.000","°C","1013.000","hPa","0.861","-0.02056","0.00035","-0.00011","0","14.7","Humid","26.25","0","52.00","345368.66","SABD0000000001","AAV1.0.0.11","2.0.0.28","PSt7-10","000000-000","10/20/2017 9:36:39 AM","0000-00","0","no battery","V"
"10/20/2017","12:07:09","5","default","957498349","OXY5","57.518","min","158.371","μmol/L","Humid","20.920","deg","90878","µV","36.014","°C","1019.000","hPa","37.0","pmil","0","55.500","deg","20.000","°C","100.000","%a.s.","22.500","deg","20.000","°C","1013.000","hPa","0.861","-0.02056","0.00035","-0.00011","0","14.7","Humid","26.25","0","52.00","345374.17","SABD0000000001","AAV1.0.0.11","2.0.0.28","PSt7-10","000000-000","10/20/2017 9:36:39 AM","0000-00","0","no battery","V"
"10/20/2017","12:07:10","5","default","957498349","OXY5","57.535","min","158.323","μmol/L","Humid","20.921","deg","90876","µV","36.019","°C","1019.000","hPa","37.0","pmil","0","55.500","deg","20.000","°C","100.000","%a.s.","22.500","deg","20.000","°C","1013.000","hPa","0.861","-0.02056","0.00035","-0.00011","0","14.7","Humid","26.25","0","52.00","345352.06","SABD0000000001","AAV1.0.0.11","2.0.0.28","PSt7-10","000000-000","10/20/2017 9:36:39 AM","0000-00","0","no battery","V"
"10/20/2017","12:07:11","5","default","957498349","OXY5","57.552","min","158.358","μmol/L","Humid","20.925","deg","90874","µV","36.004","°C","1019.000","hPa","37.0","pmil","0","55.500","deg","20.000","°C","100.000","%a.s.","22.500","deg","20.000","°C","1013.000","hPa","0.861","-0.02056","0.00035","-0.00011","0","14.7","Humid","26.25","0","52.00","345362.42","SABD0000000001","AAV1.0.0.11","2.0.0.28","PSt7-10","000000-000","10/20/2017 9:36:39 AM","0000-00","0","no battery","V"
"10/20/2017","12:07:12","5","default","957498349","OXY5","57.568","min","158.382","μmol/L","Humid","20.918","deg","90875","µV","36.017","°C","1019.000","hPa","37.0","pmil","0","55.500","deg","20.000","°C","100.000","%a.s.","22.500","deg","20.000","°C","1013.000","hPa","0.861","-0.02056","0.00035","-0.00011","0","14.7","Humid","26.25","0","52.00","345358.44","SABD0000000001","AAV1.0.0.11","2.0.0.28","PSt7-10","000000-000","10/20/2017 9:36:39 AM","0000-00","0","no battery","V"
"10/20/2017","12:07:13","5","default","957498349","OXY5","57.584","min","158.365","μmol/L","Humid","20.922","deg","90875","µV","36.010","°C","1019.000","hPa","37.0","pmil","0","55.500","deg","20.000","°C","100.000","%a.s.","22.500","deg","20.000","°C","1013.000","hPa","0.861","-0.02056","0.00035","-0.00011","0","14.7","Humid","26.25","0","52.00","345346.24","SABD0000000001","AAV1.0.0.11","2.0.0.28","PSt7-10","000000-000","10/20/2017 9:36:39 AM","0000-00","0","no battery","V"
"10/20/2017","12:07:14","5","default","957498349","OXY5","57.601","min","158.317","μmol/L","Humid","20.924","deg","90868","µV","36.013","°C","1019.000","hPa","37.0","pmil","0","55.500","deg","20.000","°C","100.000","%a.s.","22.500","deg","20.000","°C","1013.000","hPa","0.861","-0.02056","0.00035","-0.00011","0","14.7","Humid","26.25","0","52.00","345354.00","SABD0000000001","AAV1.0.0.11","2.0.0.28","PSt7-10","000000-000","10/20/2017 9:36:39 AM","0000-00","0","no battery","V"
"10/20/2017","12:07:15","5","default","957498349","OXY5","57.618","min","158.331","μmol/L","Humid","20.923","deg","90878","µV","36.013","°C","1019.000","hPa","37.0","pmil","0","55.500","deg","20.000","°C","100.000","%a.s.","22.500","deg","20.000","°C","1013.000","hPa","0.861","-0.02056","0.00035","-0.00011","0","14.7","Humid","26.25","0","52.00","345367.02","SABD0000000001","AAV1.0.0.11","2.0.0.28","PSt7-10","000000-000","10/20/2017 9:36:39 AM","0000-00","0","no battery","V"
"10/20/2017","12:07:16","5","default","957498349","OXY5","57.634","min","158.433","μmol/L","Humid","20.920","deg","90875","µV","36.003","°C","1019.000","hPa","37.0","pmil","0","55.500","deg","20.000","°C","100.000","%a.s.","22.500","deg","20.000","°C","1013.000","hPa","0.861","-0.02056","0.00035","-0.00011","0","14.7","Humid","26.25","0","52.00","345346.57","SABD0000000001","AAV1.0.0.11","2.0.0.28","PSt7-10","000000-000","10/20/2017 9:36:39 AM","0000-00","0","no battery","V"
"10/20/2017","12:07:17","5","default","957498349","OXY5","57.651","min","158.493","μmol/L","Humid","20.923","deg","90880","µV","35.986","°C","1019.000","hPa","37.0","pmil","0","55.500","deg","20.000","°C","100.000","%a.s.","22.500","deg","20.000","°C","1013.000","hPa","0.861","-0.02056","0.00035","-0.00011","0","14.7","Humid","26.25","0","52.00","345353.75","SABD0000000001","AAV1.0.0.11","2.0.0.28","PSt7-10","000000-000","10/20/2017 9:36:39 AM","0000-00","0","no battery","V"
"10/20/2017","12:07:18","5","default","957498349","OXY5","57.668","min","158.411","μmol/L","Humid","20.925","deg","90871","µV","35.995","°C","1019.000","hPa","37.0","pmil","0","55.500","deg","20.000","°C","100.000","%a.s.","22.500","deg","20.000","°C","1013.000","hPa","0.861","-0.02056","0.00035","-0.00011","0","14.7","Humid","26.25","0","52.00","345344.36","SABD0000000001","AAV1.0.0.11","2.0.0.28","PSt7-10","000000-000","10/20/2017 9:36:39 AM","0000-00","0","no battery","V"
"10/20/2017","12:07:19","5","default","957498349","OXY5","57.684","min","158.334","μmol/L","Humid","20.925","deg","90876","µV","36.008","°C","1019.000","hPa","37.0","pmil","0","55.500","deg","20.000","°C","100.000","%a.s.","22.500","deg","20.000","°C","1013.000","hPa","0.861","-0.02056","0.00035","-0.00011","0","14.7","Humid","26.25","0","52.00","345341.53","SABD0000000001","AAV1.0.0.11","2.0.0.28","PSt7-10","000000-000","10/20/2017 9:36:39 AM","0000-00","0","no battery","V"
"10/20/2017","12:07:20","5","default","957498349","OXY5","57.701","min","158.570","μmol/L","Humid","20.921","deg","90872","µV","35.978","°C","1019.000","hPa","37.0","pmil","0","55.500","deg","20.000","°C","100.000","%a.s.","22.500","deg","20.000","°C","1013.000","hPa","0.861","-0.02056","0.00035","-0.00011","0","14.7","Humid","26.25","0","52.00","345353.98","SABD0000000001","AAV1.0.0.11","2.0.0.28","PSt7-10","000000-000","10/20/2017 9:36:39 AM","0000-00","0","no battery","V"
"10/20/2017","12:07:21","5","default","957498349","OXY5","57.718","min","158.390","μmol/L","Humid","20.922","deg","90876","µV","36.006","°C","1019.000","hPa","37.0","pmil","0","55.500","deg","20.000","°C","100.000","%a.s.","22.500","deg","20.000","°C","1013.000","hPa","0.861","-0.02056","0.00035","-0.00011","0","14.7","Humid","26.25","0","52.00","345353.68","SABD0000000001","AAV1.0.0.11","2.0.0.28","PSt7-10","000000-000","10/20/2017 9:36:39 AM","0000-00","0","no battery","V"
"10/20/2017","12:07:22","5","default","957498349","OXY5","57.734","min","158.374","μmol/L","Humid","20.923","deg","90870","µV","36.006","°C","1019.000","hPa","37.0","pmil","0","55.500","deg","20.000","°C","100.000","%a.s.","22.500","deg","20.000","°C","1013.000","hPa","0.861","-0.02056","0.00035","-0.00011","0","14.7","Humid","26.25","0","52.00","345342.87","SABD0000000001","AAV1.0.0.11","2.0.0.28","PSt7-10","000000-000","10/20/2017 9:36:39 AM","0000-00","0","no battery","V"
"10/20/2017","12:07:23","5","default","957498349","OXY5","57.751","min","158.358","μmol/L","Humid","20.923","deg","90872","µV","36.009","°C","1019.000","hPa","37.0","pmil","0","55.500","deg","20.000","°C","100.000","%a.s.","22.500","deg","20.000","°C","1013.000","hPa","0.861","-0.02056","0.00035","-0.00011","0","14.7","Humid","26.25","0","52.00","345344.97","SABD0000000001","AAV1.0.0.11","2.0.0.28","PSt7-10","000000-000","10/20/2017 9:36:39 AM","0000-00","0","no battery","V"
"10/20/2017","12:07:24","5","default","957498349","OXY5","57.768","min","158.529","μmol/L","Humid","20.923","deg","90866","µV","35.980","°C","1019.000","hPa","37.0","pmil","0","55.500","deg","20.000","°C","100.000","%a.s.","22.500","deg","20.000","°C","1013.000","hPa","0.861","-0.02056","0.00035","-0.00011","0","14.7","Humid","26.25","0","52.00","345341.94","SABD0000000001","AAV1.0.0.11","2.0.0.28","PSt7-10","000000-000","10/20/2017 9:36:39 AM","0000-00","0","no battery","V"
"10/20/2017","12:07:25","5","default","957498349","OXY5","57.784","min","158.525","μmol/L","Humid","20.926","deg","90870","µV","35.974","°C","1019.000","hPa","37.0","pmil","0","55.500","deg","20.000","°C","100.000","%a.s.","22.500","deg","20.000","°C","1013.000","hPa","0.861","-0.02056","0.00035","-0.00011","0","14.7","Humid","26.25","0","52.00","345341.55","SABD0000000001","AAV1.0.0.11","2.0.0.28","PSt7-10","000000-000","10/20/2017 9:36:39 AM","0000-00","0","no battery","V"
"10/20/2017","12:07:26","5","default","957498349","OXY5","57.801","min","158.442","μmol/L","Humid","20.924","deg","90870","µV","35.992","°C","1019.000","hPa","37.0","pmil","0","55.500","deg","20.000","°C","100.000","%a.s.","22.500","deg","20.000","°C","1013.000","hPa","0.861","-0.02056","0.00035","-0.00011","0","14.7","Humid","26.25","0","52.00","345338.38","SABD0000000001","AAV1.0.0.11","2.0.0.28","PSt7-10","000000-000","10/20/2017 9:36:39 AM","0000-00","0","no battery","V"
"10/20/2017","12:07:27","5","default","957498349","OXY5","57.818","min","158.375","μmol/L","Humid","20.922","deg","90865","µV","36.008","°C","1019.000","hPa","37.0","pmil","0","55.500","deg","20.000","°C","100.000","%a.s.","22.500","deg","20.000","°C","1013.000","hPa","0.861","-0.02056","0.00035","-0.00011","0","14.7","Humid","26.25","0","52.00","345340.14","SABD0000000001","AAV1.0.0.11","2.0.0.28","PSt7-10","000000-000","10/20/2017 9:36:39 AM","0000-00","0","no battery","V"
"10/20/2017","12:07:28","5","default","957498349","OXY5","57.834","min","158.346","μmol/L","Humid","20.926","deg","90867","µV","36.004","°C","1019.000","hPa","37.0","pmil","0","55.500","deg","20.000","°C","100.000","%a.s.","22.500","deg","20.000","°C","1013.000","hPa","0.861","-0.02056","0.00035","-0.00011","0","14.7","Humid","26.25","0","52.00","345336.82","SABD0000000001","AAV1.0.0.11","2.0.0.28","PSt7-10","000000-000","10/20/2017 9:36:39 AM","0000-00","0","no battery","V"
"10/20/2017","12:07:29","5","default","957498349","OXY5","57.851","min","158.328","μmol/L","Humid","20.919","deg","90870","µV","36.023","°C","1019.000","hPa","37.0","pmil","0","55.500","deg","20.000","°C","100.000","%a.s.","22.500","deg","20.000","°C","1013.000","hPa","0.861","-0.02056","0.00035","-0.00011","0","14.7","Humid","26.25","0","52.00","345345.18","SABD0000000001","AAV1.0.0.11","2.0.0.28","PSt7-10","000000-000","10/20/2017 9:36:39 AM","0000-00","0","no battery","V"
"10/20/2017","12:07:30","5","default","957498349","OXY5","57.868","min","158.457","μmol/L","Humid","20.920","deg","90867","µV","35.999","°C","1019.000","hPa","37.0","pmil","0","55.500","deg","20.000","°C","100.000","%a.s.","22.500","deg","20.000","°C","1013.000","hPa","0.861","-0.02056","0.00035","-0.00011","0","14.7","Humid","26.25","0","52.00","345326.31","SABD0000000001","AAV1.0.0.11","2.0.0.28","PSt7-10","000000-000","10/20/2017 9:36:39 AM","0000-00","0","no battery","V"
"10/20/2017","12:07:31","5","default","957498349","OXY5","57.884","min","158.421","μmol/L","Humid","20.925","deg","90866","µV","35.993","°C","1019.000","hPa","37.0","pmil","0","55.500","deg","20.000","°C","100.000","%a.s.","22.500","deg","20.000","°C","1013.000","hPa","0.861","-0.02056","0.00035","-0.00011","0","14.7","Humid","26.25","0","52.00","345342.95","SABD0000000001","AAV1.0.0.11","2.0.0.28","PSt7-10","000000-000","10/20/2017 9:36:39 AM","0000-00","0","no battery","V"
"10/20/2017","12:07:32","5","default","957498349","OXY5","57.901","min","158.397","μmol/L","Humid","20.923","deg","90861","µV","36.002","°C","1019.000","hPa","37.0","pmil","0","55.500","deg","20.000","°C","100.000","%a.s.","22.500","deg","20.000","°C","1013.000","hPa","0.861","-0.02056","0.00035","-0.00011","0","14.7","Humid","26.25","0","52.00","345316.15","SABD0000000001","AAV1.0.0.11","2.0.0.28","PSt7-10","000000-000","10/20/2017 9:36:39 AM","0000-00","0","no battery","V"
"10/20/2017","12:07:33","5","default","957498349","OXY5","57.918","min","158.391","μmol/L","Humid","20.923","deg","90862","µV","36.003","°C","1019.000","hPa","37.0","pmil","0","55.500","deg","20.000","°C","100.000","%a.s.","22.500","deg","20.000","°C","1013.000","hPa","0.861","-0.02056","0.00035","-0.00011","0","14.7","Humid","26.25","0","52.00","345327.33","SABD0000000001","AAV1.0.0.11","2.0.0.28","PSt7-10","000000-000","10/20/2017 9:36:39 AM","0000-00","0","no battery","V"
"10/20/2017","12:07:34","5","default","957498349","OXY5","57.934","min","158.420","μmol/L","Humid","20.926","deg","90860","µV","35.991","°C","1019.000","hPa","37.0","pmil","0","55.500","deg","20.000","°C","100.000","%a.s.","22.500","deg","20.000","°C","1013.000","hPa","0.861","-0.02056","0.00035","-0.00011","0","14.7","Humid","26.25","0","52.00","345307.63","SABD0000000001","AAV1.0.0.11","2.0.0.28","PSt7-10","000000-000","10/20/2017 9:36:39 AM","0000-00","0","no battery","V"
"10/20/2017","12:07:35","5","default","957498349","OXY5","57.951","min","158.470","μmol/L","Humid","20.925","deg","90865","µV","35.985","°C","1019.000","hPa","37.0","pmil","0","55.500","deg","20.000","°C","100.000","%a.s.","22.500","deg","20.000","°C","1013.000","hPa","0.861","-0.02056","0.00035","-0.00011","0","14.7","Humid","26.25","0","52.00","345311.56","SABD0000000001","AAV1.0.0.11","2.0.0.28","PSt7-10","000000-000","10/20/2017 9:36:39 AM","0000-00","0","no battery","V"
"10/20/2017","12:07:36","5","default","957498349","OXY5","57.968","min","158.415","μmol/L","Humid","20.924","deg","90860","µV","35.997","°C","1019.000","hPa","37.0","pmil","0","55.500","deg","20.000","°C","100.000","%a.s.","22.500","deg","20.000","°C","1013.000","hPa","0.861","-0.02056","0.00035","-0.00011","0","14.7","Humid","26.25","0","52.00","345313.20","SABD0000000001","AAV1.0.0.11","2.0.0.28","PSt7-10","000000-000","10/20/2017 9:36:39 AM","0000-00","0","no battery","V"
"10/20/2017","12:07:37","5","default","957498349","OXY5","57.985","min","158.392","μmol/L","Humid","20.925","deg","90861","µV","35.998","°C","1019.000","hPa","37.0","pmil","0","55.500","deg","20.000","°C","100.000","%a.s.","22.500","deg","20.000","°C","1013.000","hPa","0.861","-0.02056","0.00035","-0.00011","0","14.7","Humid","26.25","0","52.00","345300.72","SABD0000000001","AAV1.0.0.11","2.0.0.28","PSt7-10","000000-000","10/20/2017 9:36:39 AM","0000-00","0","no battery","V"
"10/20/2017","12:07:38","5","default","957498349","OXY5","58.001","min","158.446","μmol/L","Humid","20.921","deg","90860","µV","35.999","°C","1019.000","hPa","37.0","pmil","0","55.500","deg","20.000","°C","100.000","%a.s.","22.500","deg","20.000","°C","1013.000","hPa","0.861","-0.02056","0.00035","-0.00011","0","14.7","Humid","26.25","0","52.00","345313.83","SABD0000000001","AAV1.0.0.11","2.0.0.28","PSt7-10","000000-000","10/20/2017 9:36:39 AM","0000-00","0","no battery","V"
"10/20/2017","12:07:39","5","default","957498349","OXY5","58.018","min","158.455","μmol/L","Humid","20.922","deg","90858","µV","35.995","°C","1019.000","hPa","37.0","pmil","0","55.500","deg","20.000","°C","100.000","%a.s.","22.500","deg","20.000","°C","1013.000","hPa","0.861","-0.02056","0.00035","-0.00011","0","14.7","Humid","26.25","0","52.00","345315.34","SABD0000000001","AAV1.0.0.11","2.0.0.28","PSt7-10","000000-000","10/20/2017 9:36:39 AM","0000-00","0","no battery","V"
"10/20/2017","12:07:40","5","default","957498349","OXY5","58.035","min","158.542","μmol/L","Humid","20.919","deg","90863","µV","35.988","°C","1019.000","hPa","37.0","pmil","0","55.500","deg","20.000","°C","100.000","%a.s.","22.500","deg","20.000","°C","1013.000","hPa","0.861","-0.02056","0.00035","-0.00011","0","14.7","Humid","26.25","0","52.00","345312.98","SABD0000000001","AAV1.0.0.11","2.0.0.28","PSt7-10","000000-000","10/20/2017 9:36:39 AM","0000-00","0","no battery","V"
"10/20/2017","12:07:41","5","default","957498349","OXY5","58.051","min","158.506","μmol/L","Humid","20.921","deg","90853","µV","35.989","°C","1019.000","hPa","37.0","pmil","0","55.500","deg","20.000","°C","100.000","%a.s.","22.500","deg","20.000","°C","1013.000","hPa","0.861","-0.02056","0.00035","-0.00011","0","14.7","Humid","26.25","0","52.00","345313.19","SABD0000000001","AAV1.0.0.11","2.0.0.28","PSt7-10","000000-000","10/20/2017 9:36:39 AM","0000-00","0","no battery","V"
"10/20/2017","12:07:42","5","default","957498349","OXY5","58.068","min","158.460","μmol/L","Humid","20.923","deg","90860","µV","35.992","°C","1019.000","hPa","37.0","pmil","0","55.500","deg","20.000","°C","100.000","%a.s.","22.500","deg","20.000","°C","1013.000","hPa","0.861","-0.02056","0.00035","-0.00011","0","14.7","Humid","26.25","0","52.00","345314.53","SABD0000000001","AAV1.0.0.11","2.0.0.28","PSt7-10","000000-000","10/20/2017 9:36:39 AM","0000-00","0","no battery","V"
"10/20/2017","12:07:43","5","default","957498349","OXY5","58.085","min","158.549","μmol/L","Humid","20.922","deg","90860","µV","35.979","°C","1019.000","hPa","37.0","pmil","0","55.500","deg","20.000","°C","100.000","%a.s.","22.500","deg","20.000","°C","1013.000","hPa","0.861","-0.02056","0.00035","-0.00011","0","14.7","Humid","26.25","0","52.00","345304.52","SABD0000000001","AAV1.0.0.11","2.0.0.28","PSt7-10","000000-000","10/20/2017 9:36:39 AM","0000-00","0","no battery","V"
"10/20/2017","12:07:44","5","default","957498349","OXY5","58.101","min","158.419","μmol/L","Humid","20.925","deg","90853","µV","35.994","°C","1019.000","hPa","37.0","pmil","0","55.500","deg","20.000","°C","100.000","%a.s.","22.500","deg","20.000","°C","1013.000","hPa","0.861","-0.02056","0.00035","-0.00011","0","14.7","Humid","26.25","0","52.00","345311.87","SABD0000000001","AAV1.0.0.11","2.0.0.28","PSt7-10","000000-000","10/20/2017 9:36:39 AM","0000-00","0","no battery","V"
"10/20/2017","12:07:45","5","default","957498349","OXY5","58.118","min","158.638","μmol/L","Humid","20.920","deg","90853","µV","35.969","°C","1019.000","hPa","37.0","pmil","0","55.500","deg","20.000","°C","100.000","%a.s.","22.500","deg","20.000","°C","1013.000","hPa","0.861","-0.02056","0.00035","-0.00011","0","14.7","Humid","26.25","0","52.00","345314.26","SABD0000000001","AAV1.0.0.11","2.0.0.28","PSt7-10","000000-000","10/20/2017 9:36:39 AM","0000-00","0","no battery","V"
"10/20/2017","12:07:46","5","default","957498349","OXY5","58.135","min","158.464","μmol/L","Humid","20.920","deg","90853","µV","35.998","°C","1019.000","hPa","37.0","pmil","0","55.500","deg","20.000","°C","100.000","%a.s.","22.500","deg","20.000","°C","1013.000","hPa","0.861","-0.02056","0.00035","-0.00011","0","14.7","Humid","26.25","0","52.00","345296.86","SABD0000000001","AAV1.0.0.11","2.0.0.28","PSt7-10","000000-000","10/20/2017 9:36:39 AM","0000-00","0","no battery","V"
"10/20/2017","12:07:47","5","default","957498349","OXY5","58.151","min","158.341","μmol/L","Humid","20.922","deg","90857","µV","36.014","°C","1019.000","hPa","37.0","pmil","0","55.500","deg","20.000","°C","100.000","%a.s.","22.500","deg","20.000","°C","1013.000","hPa","0.861","-0.02056","0.00035","-0.00011","0","14.7","Humid","26.25","0","52.00","345285.83","SABD0000000001","AAV1.0.0.11","2.0.0.28","PSt7-10","000000-000","10/20/2017 9:36:39 AM","0000-00","0","no battery","V"
"10/20/2017","12:31:28","5","default","957498349","OXY5","81.832","min","180.888","μmol/L","Humid","19.656","deg","84091","µV","35.567","°C","1019.000","hPa","37.0","pmil","0","55.500","deg","20.000","°C","100.000","%a.s.","22.500","deg","20.000","°C","1013.000","hPa","0.861","-0.02056","0.00035","-0.00011","0","14.7","Humid","26.25","0","52.00","345744.43","SABD0000000001","AAV1.0.0.11","2.0.0.28","PSt7-10","000000-000","10/20/2017 9:36:39 AM","0000-00","0","no battery","V"
"10/20/2017","12:31:29","5","default","957498349","OXY5","81.852","min","180.132","μmol/L","Humid","19.693","deg","84335","µV","35.587","°C","1019.000","hPa","37.0","pmil","0","55.500","deg","20.000","°C","100.000","%a.s.","22.500","deg","20.000","°C","1013.000","hPa","0.861","-0.02056","0.00035","-0.00011","0","14.7","Humid","26.25","0","52.00","345679.79","SABD0000000001","AAV1.0.0.11","2.0.0.28","PSt7-10","000000-000","10/20/2017 9:36:39 AM","0000-00","0","no battery","V"
"10/20/2017","12:31:30","5","default","957498349","OXY5","81.868","min","179.496","μmol/L","Humid","19.733","deg","84520","µV","35.582","°C","1019.000","hPa","37.0","pmil","0","55.500","deg","20.000","°C","100.000","%a.s.","22.500","deg","20.000","°C","1013.000","hPa","0.861","-0.02056","0.00035","-0.00011","0","14.7","Humid","26.25","0","52.00","345624.60","SABD0000000001","AAV1.0.0.11","2.0.0.28","PSt7-10","000000-000","10/20/2017 9:36:39 AM","0000-00","0","no battery","V"
"10/20/2017","12:31:31","5","default","957498349","OXY5","81.885","min","178.600","μmol/L","Humid","19.779","deg","84751","µV","35.601","°C","1019.000","hPa","37.0","pmil","0","55.500","deg","20.000","°C","100.000","%a.s.","22.500","deg","20.000","°C","1013.000","hPa","0.861","-0.02056","0.00035","-0.00011","0","14.7","Humid","26.25","0","52.00","345592.56","SABD0000000001","AAV1.0.0.11","2.0.0.28","PSt7-10","000000-000","10/20/2017 9:36:39 AM","0000-00","0","no battery","V"
"10/20/2017","12:31:32","5","default","957498349","OXY5","81.902","min","178.010","μmol/L","Humid","19.815","deg","84992","µV","35.599","°C","1019.000","hPa","37.0","pmil","0","55.500","deg","20.000","°C","100.000","%a.s.","22.500","deg","20.000","°C","1013.000","hPa","0.861","-0.02056","0.00035","-0.00011","0","14.7","Humid","26.25","0","52.00","345556.86","SABD0000000001","AAV1.0.0.11","2.0.0.28","PSt7-10","000000-000","10/20/2017 9:36:39 AM","0000-00","0","no battery","V"
"10/20/2017","12:31:33","5","default","957498349","OXY5","81.918","min","177.390","μmol/L","Humid","19.855","deg","85058","µV","35.593","°C","1019.000","hPa","37.0","pmil","0","55.500","deg","20.000","°C","100.000","%a.s.","22.500","deg","20.000","°C","1013.000","hPa","0.861","-0.02056","0.00035","-0.00011","0","14.7","Humid","26.25","0","52.00","345545.53","SABD0000000001","AAV1.0.0.11","2.0.0.28","PSt7-10","000000-000","10/20/2017 9:36:39 AM","0000-00","0","no battery","V"
"10/20/2017","12:31:34","5","default","957498349","OXY5","81.934","min","176.949","μmol/L","Humid","19.887","deg","85364","µV","35.580","°C","1019.000","hPa","37.0","pmil","0","55.500","deg","20.000","°C","100.000","%a.s.","22.500","deg","20.000","°C","1013.000","hPa","0.861","-0.02056","0.00035","-0.00011","0","14.7","Humid","26.25","0","52.00","345518.67","SABD0000000001","AAV1.0.0.11","2.0.0.28","PSt7-10","000000-000","10/20/2017 9:36:39 AM","0000-00","0","no battery","V"
"10/20/2017","12:31:35","5","default","957498349","OXY5","81.951","min","176.335","μmol/L","Humid","19.924","deg","85608","µV","35.581","°C","1019.000","hPa","37.0","pmil","0","55.500","deg","20.000","°C","100.000","%a.s.","22.500","deg","20.000","°C","1013.000","hPa","0.861","-0.02056","0.00035","-0.00011","0","14.7","Humid","26.25","0","52.00","345505.19","SABD0000000001","AAV1.0.0.11","2.0.0.28","PSt7-10","000000-000","10/20/2017 9:36:39 AM","0000-00","0","no battery","V"
"10/20/2017","12:31:36","5","default","957498349","OXY5","81.968","min","175.492","μmol/L","Humid","19.966","deg","85604","µV","35.605","°C","1019.000","hPa","37.0","pmil","0","55.500","deg","20.000","°C","100.000","%a.s.","22.500","deg","20.000","°C","1013.000","hPa","0.861","-0.02056","0.00035","-0.00011","0","14.7","Humid","26.25","0","52.00","345496.73","SABD0000000001","AAV1.0.0.11","2.0.0.28","PSt7-10","000000-000","10/20/2017 9:36:39 AM","0000-00","0","no battery","V"
"10/20/2017","12:31:37","5","default","957498349","OXY5","81.984","min","174.981","μmol/L","Humid","19.998","deg","85795","µV","35.604","°C","1019.000","hPa","37.0","pmil","0","55.500","deg","20.000","°C","100.000","%a.s.","22.500","deg","20.000","°C","1013.000","hPa","0.861","-0.02056","0.00035","-0.00011","0","14.7","Humid","26.25","0","52.00","345477.89","SABD0000000001","AAV1.0.0.11","2.0.0.28","PSt7-10","000000-000","10/20/2017 9:36:39 AM","0000-00","0","no battery","V"
"10/20/2017","12:31:38","5","default","957498349","OXY5","82.001","min","174.676","μmol/L","Humid","20.026","deg","85918","µV","35.582","°C","1019.000","hPa","37.0","pmil","0","55.500","deg","20.000","°C","100.000","%a.s.","22.500","deg","20.000","°C","1013.000","hPa","0.861","-0.02056","0.00035","-0.00011","0","14.7","Humid","26.25","0","52.00","345476.68","SABD0000000001","AAV1.0.0.11","2.0.0.28","PSt7-10","000000-000","10/20/2017 9:36:39 AM","0000-00","0","no battery","V"
"10/20/2017","12:31:39","5","default","957498349","OXY5","82.018","min","173.901","μmol/L","Humid","20.060","deg","86086","µV","35.616","°C","1019.000","hPa","37.0","pmil","0","55.500","deg","20.000","°C","100.000","%a.s.","22.500","deg","20.000","°C","1013.000","hPa","0.861","-0.02056","0.00035","-0.00011","0","14.7","Humid","26.25","0","52.00","345447.53","SABD0000000001","AAV1.0.0.11","2.0.0.28","PSt7-10","000000-000","10/20/2017 9:36:39 AM","0000-00","0","no battery","V"
"10/20/2017","12:31:40","5","default","957498349","OXY5","82.034","min","173.307","μmol/L","Humid","20.098","deg","86319","µV","35.614","°C","1019.000","hPa","37.0","pmil","0","55.500","deg","20.000","°C","100.000","%a.s.","22.500","deg","20.000","°C","1013.000","hPa","0.861","-0.02056","0.00035","-0.00011","0","14.7","Humid","26.25","0","52.00","345454.25","SABD0000000001","AAV1.0.0.11","2.0.0.28","PSt7-10","000000-000","10/20/2017 9:36:39 AM","0000-00","0","no battery","V"
"10/20/2017","12:31:41","5","default","957498349","OXY5","82.051","min","172.757","μmol/L","Humid","20.127","deg","86557","µV","35.627","°C","1019.000","hPa","37.0","pmil","0","55.500","deg","20.000","°C","100.000","%a.s.","22.500","deg","20.000","°C","1013.000","hPa","0.861","-0.02056","0.00035","-0.00011","0","14.7","Humid","26.25","0","52.00","345428.64","SABD0000000001","AAV1.0.0.11","2.0.0.28","PSt7-10","000000-000","10/20/2017 9:36:39 AM","0000-00","0","no battery","V"
"10/20/2017","12:31:42","5","default","957498349","OXY5","82.068","min","172.506","μmol/L","Humid","20.159","deg","86757","µV","35.587","°C","1019.000","hPa","37.0","pmil","0","55.500","deg","20.000","°C","100.000","%a.s.","22.500","deg","20.000","°C","1013.000","hPa","0.861","-0.02056","0.00035","-0.00011","0","14.7","Humid","26.25","0","52.00","345422.22","SABD0000000001","AAV1.0.0.11","2.0.0.28","PSt7-10","000000-000","10/20/2017 9:36:39 AM","0000-00","0","no battery","V"
"10/20/2017","12:31:43","5","default","957498349","OXY5","82.084","min","171.876","μmol/L","Humid","20.191","deg","86854","µV","35.606","°C","1019.000","hPa","37.0","pmil","0","55.500","deg","20.000","°C","100.000","%a.s.","22.500","deg","20.000","°C","1013.000","hPa","0.861","-0.02056","0.00035","-0.00011","0","14.7","Humid","26.25","0","52.00","345416.90","SABD0000000001","AAV1.0.0.11","2.0.0.28","PSt7-10","000000-000","10/20/2017 9:36:39 AM","0000-00","0","no battery","V"
"10/20/2017","12:31:44","5","default","957498349","OXY5","82.101","min","171.342","μmol/L","Humid","20.222","deg","86971","µV","35.613","°C","1019.000","hPa","37.0","pmil","0","55.500","deg","20.000","°C","100.000","%a.s.","22.500","deg","20.000","°C","1013.000","hPa","0.861","-0.02056","0.00035","-0.00011","0","14.7","Humid","26.25","0","52.00","345416.71","SABD0000000001","AAV1.0.0.11","2.0.0.28","PSt7-10","000000-000","10/20/2017 9:36:39 AM","0000-00","0","no battery","V"
"10/20/2017","12:31:45","5","default","957498349","OXY5","82.118","min","170.878","μmol/L","Humid","20.251","deg","87116","µV","35.614","°C","1019.000","hPa","37.0","pmil","0","55.500","deg","20.000","°C","100.000","%a.s.","22.500","deg","20.000","°C","1013.000","hPa","0.861","-0.02056","0.00035","-0.00011","0","14.7","Humid","26.25","0","52.00","345415.72","SABD0000000001","AAV1.0.0.11","2.0.0.28","PSt7-10","000000-000","10/20/2017 9:36:39 AM","0000-00","0","no battery","V"
"10/20/2017","12:31:46","5","default","957498349","OXY5","82.134","min","170.579","μmol/L","Humid","20.277","deg","87256","µV","35.597","°C","1019.000","hPa","37.0","pmil","0","55.500","deg","20.000","°C","100.000","%a.s.","22.500","deg","20.000","°C","1013.000","hPa","0.861","-0.02056","0.00035","-0.00011","0","14.7","Humid","26.25","0","52.00","345395.52","SABD0000000001","AAV1.0.0.11","2.0.0.28","PSt7-10","000000-000","10/20/2017 9:36:39 AM","0000-00","0","no battery","V"
"10/20/2017","12:31:47","5","default","957498349","OXY5","82.151","min","170.131","μmol/L","Humid","20.304","deg","87385","µV","35.601","°C","1019.000","hPa","37.0","pmil","0","55.500","deg","20.000","°C","100.000","%a.s.","22.500","deg","20.000","°C","1013.000","hPa","0.861","-0.02056","0.00035","-0.00011","0","14.7","Humid","26.25","0","52.00","345411.63","SABD0000000001","AAV1.0.0.11","2.0.0.28","PSt7-10","000000-000","10/20/2017 9:36:39 AM","0000-00","0","no battery","V"
"10/20/2017","12:31:48","5","default","957498349","OXY5","82.168","min","169.715","μmol/L","Humid","20.331","deg","87525","µV","35.601","°C","1019.000","hPa","37.0","pmil","0","55.500","deg","20.000","°C","100.000","%a.s.","22.500","deg","20.000","°C","1013.000","hPa","0.861","-0.02056","0.00035","-0.00011","0","14.7","Humid","26.25","0","52.00","345390.41","SABD0000000001","AAV1.0.0.11","2.0.0.28","PSt7-10","000000-000","10/20/2017 9:36:39 AM","0000-00","0","no battery","V"
"10/20/2017","12:31:49","5","default","957498349","OXY5","82.184","min","169.298","μmol/L","Humid","20.357","deg","87659","µV","35.603","°C","1019.000","hPa","37.0","pmil","0","55.500","deg","20.000","°C","100.000","%a.s.","22.500","deg","20.000","°C","1013.000","hPa","0.861","-0.02056","0.00035","-0.00011","0","14.7","Humid","26.25","0","52.00","345391.96","SABD0000000001","AAV1.0.0.11","2.0.0.28","PSt7-10","000000-000","10/20/2017 9:36:39 AM","0000-00","0","no battery","V"
"10/20/2017","12:31:50","5","default","957498349","OXY5","82.201","min","168.760","μmol/L","Humid","20.384","deg","87771","µV","35.622","°C","1019.000","hPa","37.0","pmil","0","55.500","deg","20.000","°C","100.000","%a.s.","22.500","deg","20.000","°C","1013.000","hPa","0.861","-0.02056","0.00035","-0.00011","0","14.7","Humid","26.25","0","52.00","345383.87","SABD0000000001","AAV1.0.0.11","2.0.0.28","PSt7-10","000000-000","10/20/2017 9:36:39 AM","0000-00","0","no battery","V"
"10/20/2017","12:31:51","5","default","957498349","OXY5","82.218","min","168.462","μmol/L","Humid","20.410","deg","87895","µV","35.605","°C","1019.000","hPa","37.0","pmil","0","55.500","deg","20.000","°C","100.000","%a.s.","22.500","deg","20.000","°C","1013.000","hPa","0.861","-0.02056","0.00035","-0.00011","0","14.7","Humid","26.25","0","52.00","345386.74","SABD0000000001","AAV1.0.0.11","2.0.0.28","PSt7-10","000000-000","10/20/2017 9:36:39 AM","0000-00","0","no battery","V"
"10/20/2017","12:31:52","5","default","957498349","OXY5","82.234","min","168.151","μmol/L","Humid","20.432","deg","88023","µV","35.601","°C","1019.000","hPa","37.0","pmil","0","55.500","deg","20.000","°C","100.000","%a.s.","22.500","deg","20.000","°C","1013.000","hPa","0.861","-0.02056","0.00035","-0.00011","0","14.7","Humid","26.25","0","52.00","345373.37","SABD0000000001","AAV1.0.0.11","2.0.0.28","PSt7-10","000000-000","10/20/2017 9:36:39 AM","0000-00","0","no battery","V"
"10/20/2017","12:31:53","5","default","957498349","OXY5","82.251","min","167.696","μmol/L","Humid","20.460","deg","88114","µV","35.605","°C","1019.000","hPa","37.0","pmil","0","55.500","deg","20.000","°C","100.000","%a.s.","22.500","deg","20.000","°C","1013.000","hPa","0.861","-0.02056","0.00035","-0.00011","0","14.7","Humid","26.25","0","52.00","345354.67","SABD0000000001","AAV1.0.0.11","2.0.0.28","PSt7-10","000000-000","10/20/2017 9:36:39 AM","0000-00","0","no battery","V"
"10/20/2017","12:31:54","5","default","957498349","OXY5","82.268","min","167.482","μmol/L","Humid","20.478","deg","88206","µV","35.595","°C","1019.000","hPa","37.0","pmil","0","55.500","deg","20.000","°C","100.000","%a.s.","22.500","deg","20.000","°C","1013.000","hPa","0.861","-0.02056","0.00035","-0.00011","0","14.7","Humid","26.25","0","52.00","345360.20","SABD0000000001","AAV1.0.0.11","2.0.0.28","PSt7-10","000000-000","10/20/2017 9:36:39 AM","0000-00","0","no battery","V"
"10/20/2017","12:31:55","5","default","957498349","OXY5","82.284","min","167.112","μmol/L","Humid","20.501","deg","88307","µV","35.598","°C","1019.000","hPa","37.0","pmil","0","55.500","deg","20.000","°C","100.000","%a.s.","22.500","deg","20.000","°C","1013.000","hPa","0.861","-0.02056","0.00035","-0.00011","0","14.7","Humid","26.25","0","52.00","345360.07","SABD0000000001","AAV1.0.0.11","2.0.0.28","PSt7-10","000000-000","10/20/2017 9:36:39 AM","0000-00","0","no battery","V"
"10/20/2017","12:31:56","5","default","957498349","OXY5","82.301","min","166.825","μmol/L","Humid","20.517","deg","88422","µV","35.605","°C","1019.000","hPa","37.0","pmil","0","55.500","deg","20.000","°C","100.000","%a.s.","22.500","deg","20.000","°C","1013.000","hPa","0.861","-0.02056","0.00035","-0.00011","0","14.7","Humid","26.25","0","52.00","345352.82","SABD0000000001","AAV1.0.0.11","2.0.0.28","PSt7-10","000000-000","10/20/2017 9:36:39 AM","0000-00","0","no battery","V"
"10/20/2017","12:31:57","5","default","957498349","OXY5","82.318","min","166.597","μmol/L","Humid","20.538","deg","88517","µV","35.590","°C","1019.000","hPa","37.0","pmil","0","55.500","deg","20.000","°C","100.000","%a.s.","22.500","deg","20.000","°C","1013.000","hPa","0.861","-0.02056","0.00035","-0.00011","0","14.7","Humid","26.25","0","52.00","345349.43","SABD0000000001","AAV1.0.0.11","2.0.0.28","PSt7-10","000000-000","10/20/2017 9:36:39 AM","0000-00","0","no battery","V"
"10/20/2017","12:31:58","5","default","957498349","OXY5","82.334","min","166.241","μmol/L","Humid","20.562","deg","88605","µV","35.589","°C","1019.000","hPa","37.0","pmil","0","55.500","deg","20.000","°C","100.000","%a.s.","22.500","deg","20.000","°C","1013.000","hPa","0.861","-0.02056","0.00035","-0.00011","0","14.7","Humid","26.25","0","52.00","345348.08","SABD0000000001","AAV1.0.0.11","2.0.0.28","PSt7-10","000000-000","10/20/2017 9:36:39 AM","0000-00","0","no battery","V"
"10/20/2017","12:31:59","5","default","957498349","OXY5","82.351","min","165.798","μmol/L","Humid","20.580","deg","88695","µV","35.615","°C","1018.000","hPa","37.0","pmil","0","55.500","deg","20.000","°C","100.000","%a.s.","22.500","deg","20.000","°C","1013.000","hPa","0.861","-0.02056","0.00035","-0.00011","0","14.7","Humid","26.25","0","52.00","345325.73","SABD0000000001","AAV1.0.0.11","2.0.0.28","PSt7-10","000000-000","10/20/2017 9:36:39 AM","0000-00","0","no battery","V"
"10/20/2017","12:32:00","5","default","957498349","OXY5","82.368","min","165.580","μmol/L","Humid","20.597","deg","88796","µV","35.610","°C","1019.000","hPa","37.0","pmil","0","55.500","deg","20.000","°C","100.000","%a.s.","22.500","deg","20.000","°C","1013.000","hPa","0.861","-0.02056","0.00035","-0.00011","0","14.7","Humid","26.25","0","52.00","345330.10","SABD0000000001","AAV1.0.0.11","2.0.0.28","PSt7-10","000000-000","10/20/2017 9:36:39 AM","0000-00","0","no battery","V"
"10/20/2017","12:32:01","5","default","957498349","OXY5","82.384","min","165.249","μmol/L","Humid","20.616","deg","88884","µV","35.618","°C","1019.000","hPa","37.0","pmil","0","55.500","deg","20.000","°C","100.000","%a.s.","22.500","deg","20.000","°C","1013.000","hPa","0.861","-0.02056","0.00035","-0.00011","0","14.7","Humid","26.25","0","52.00","345325.62","SABD0000000001","AAV1.0.0.11","2.0.0.28","PSt7-10","000000-000","10/20/2017 9:36:39 AM","0000-00","0","no battery","V"
"10/20/2017","12:32:02","5","default","957498349","OXY5","82.401","min","164.862","μmol/L","Humid","20.640","deg","88984","µV","35.622","°C","1019.000","hPa","37.0","pmil","0","55.500","deg","20.000","°C","100.000","%a.s.","22.500","deg","20.000","°C","1013.000","hPa","0.861","-0.02056","0.00035","-0.00011","0","14.7","Humid","26.25","0","52.00","345327.96","SABD0000000001","AAV1.0.0.11","2.0.0.28","PSt7-10","000000-000","10/20/2017 9:36:39 AM","0000-00","0","no battery","V"
"10/20/2017","12:32:03","5","default","957498349","OXY5","82.418","min","164.671","μmol/L","Humid","20.653","deg","89065","µV","35.621","°C","1019.000","hPa","37.0","pmil","0","55.500","deg","20.000","°C","100.000","%a.s.","22.500","deg","20.000","°C","1013.000","hPa","0.861","-0.02056","0.00035","-0.00011","0","14.7","Humid","26.25","0","52.00","345317.09","SABD0000000001","AAV1.0.0.11","2.0.0.28","PSt7-10","000000-000","10/20/2017 9:36:39 AM","0000-00","0","no battery","V"
"10/20/2017","12:32:04","5","default","957498349","OXY5","82.434","min","164.484","μmol/L","Humid","20.670","deg","89150","µV","35.610","°C","1019.000","hPa","37.0","pmil","0","55.500","deg","20.000","°C","100.000","%a.s.","22.500","deg","20.000","°C","1013.000","hPa","0.861","-0.02056","0.00035","-0.00011","0","14.7","Humid","26.25","0","52.00","345320.13","SABD0000000001","AAV1.0.0.11","2.0.0.28","PSt7-10","000000-000","10/20/2017 9:36:39 AM","0000-00","0","no battery","V"
"10/20/2017","12:32:05","5","default","957498349","OXY5","82.451","min","164.252","μmol/L","Humid","20.685","deg","89237","µV","35.612","°C","1019.000","hPa","37.0","pmil","0","55.500","deg","20.000","°C","100.000","%a.s.","22.500","deg","20.000","°C","1013.000","hPa","0.861","-0.02056","0.00035","-0.00011","0","14.7","Humid","26.25","0","52.00","345309.64","SABD0000000001","AAV1.0.0.11","2.0.0.28","PSt7-10","000000-000","10/20/2017 9:36:39 AM","0000-00","0","no battery","V"
"10/20/2017","12:32:06","5","default","957498349","OXY5","82.470","min","164.045","μmol/L","Humid","20.701","deg","89332","µV","35.607","°C","1019.000","hPa","37.0","pmil","0","55.500","deg","20.000","°C","100.000","%a.s.","22.500","deg","20.000","°C","1013.000","hPa","0.861","-0.02056","0.00035","-0.00011","0","14.7","Humid","26.25","0","52.00","345322.59","SABD0000000001","AAV1.0.0.11","2.0.0.28","PSt7-10","000000-000","10/20/2017 9:36:39 AM","0000-00","0","no battery","V"
"10/20/2017","12:32:07","5","default","957498349","OXY5","82.484","min","163.887","μmol/L","Humid","20.715","deg","89382","µV","35.598","°C","1019.000","hPa","37.0","pmil","0","55.500","deg","20.000","°C","100.000","%a.s.","22.500","deg","20.000","°C","1013.000","hPa","0.861","-0.02056","0.00035","-0.00011","0","14.7","Humid","26.25","0","52.00","345306.20","SABD0000000001","AAV1.0.0.11","2.0.0.28","PSt7-10","000000-000","10/20/2017 9:36:39 AM","0000-00","0","no battery","V"
"10/20/2017","12:32:08","5","default","957498349","OXY5","82.501","min","163.600","μmol/L","Humid","20.730","deg","89461","µV","35.609","°C","1019.000","hPa","37.0","pmil","0","55.500","deg","20.000","°C","100.000","%a.s.","22.500","deg","20.000","°C","1013.000","hPa","0.861","-0.02056","0.00035","-0.00011","0","14.7","Humid","26.25","0","52.00","345301.34","SABD0000000001","AAV1.0.0.11","2.0.0.28","PSt7-10","000000-000","10/20/2017 9:36:39 AM","0000-00","0","no battery","V"
"10/20/2017","12:32:09","5","default","957498349","OXY5","82.518","min","163.235","μmol/L","Humid","20.748","deg","89535","µV","35.625","°C","1019.000","hPa","37.0","pmil","0","55.500","deg","20.000","°C","100.000","%a.s.","22.500","deg","20.000","°C","1013.000","hPa","0.861","-0.02056","0.00035","-0.00011","0","14.7","Humid","26.25","0","52.00","345298.19","SABD0000000001","AAV1.0.0.11","2.0.0.28","PSt7-10","000000-000","10/20/2017 9:36:39 AM","0000-00","0","no battery","V"
"10/20/2017","12:32:10","5","default","957498349","OXY5","82.534","min","163.190","μmol/L","Humid","20.764","deg","89653","µV","35.594","°C","1019.000","hPa","37.0","pmil","0","55.500","deg","20.000","°C","100.000","%a.s.","22.500","deg","20.000","°C","1013.000","hPa","0.861","-0.02056","0.00035","-0.00011","0","14.7","Humid","26.25","0","52.00","345293.41","SABD0000000001","AAV1.0.0.11","2.0.0.28","PSt7-10","000000-000","10/20/2017 9:36:39 AM","0000-00","0","no battery","V"
"10/20/2017","12:32:11","5","default","957498349","OXY5","82.551","min","162.953","μmol/L","Humid","20.775","deg","89705","µV","35.606","°C","1019.000","hPa","37.0","pmil","0","55.500","deg","20.000","°C","100.000","%a.s.","22.500","deg","20.000","°C","1013.000","hPa","0.861","-0.02056","0.00035","-0.00011","0","14.7","Humid","26.25","0","52.00","345275.93","SABD0000000001","AAV1.0.0.11","2.0.0.28","PSt7-10","000000-000","10/20/2017 9:36:39 AM","0000-00","0","no battery","V"
"10/20/2017","12:32:12","5","default","957498349","OXY5","82.568","min","162.720","μmol/L","Humid","20.793","deg","89731","µV","35.601","°C","1019.000","hPa","37.0","pmil","0","55.500","deg","20.000","°C","100.000","%a.s.","22.500","deg","20.000","°C","1013.000","hPa","0.861","-0.02056","0.00035","-0.00011","0","14.7","Humid","26.25","0","52.00","345260.20","SABD0000000001","AAV1.0.0.11","2.0.0.28","PSt7-10","000000-000","10/20/2017 9:36:39 AM","0000-00","0","no battery","V"
"10/20/2017","12:32:13","5","default","957498349","OXY5","82.584","min","162.541","μmol/L","Humid","20.803","deg","89873","µV","35.606","°C","1019.000","hPa","37.0","pmil","0","55.500","deg","20.000","°C","100.000","%a.s.","22.500","deg","20.000","°C","1013.000","hPa","0.861","-0.02056","0.00035","-0.00011","0","14.7","Humid","26.25","0","52.00","345255.81","SABD0000000001","AAV1.0.0.11","2.0.0.28","PSt7-10","000000-000","10/20/2017 9:36:39 AM","0000-00","0","no battery","V"
"10/20/2017","12:32:14","5","default","957498349","OXY5","82.601","min","162.338","μmol/L","Humid","20.815","deg","89843","µV","35.610","°C","1019.000","hPa","37.0","pmil","0","55.500","deg","20.000","°C","100.000","%a.s.","22.500","deg","20.000","°C","1013.000","hPa","0.861","-0.02056","0.00035","-0.00011","0","14.7","Humid","26.25","0","52.00","345243.80","SABD0000000001","AAV1.0.0.11","2.0.0.28","PSt7-10","000000-000","10/20/2017 9:36:39 AM","0000-00","0","no battery","V"
"10/20/2017","12:32:15","5","default","957498349","OXY5","82.618","min","162.280","μmol/L","Humid","20.825","deg","89923","µV","35.595","°C","1019.000","hPa","37.0","pmil","0","55.500","deg","20.000","°C","100.000","%a.s.","22.500","deg","20.000","°C","1013.000","hPa","0.861","-0.02056","0.00035","-0.00011","0","14.7","Humid","26.25","0","52.00","345246.78","SABD0000000001","AAV1.0.0.11","2.0.0.28","PSt7-10","000000-000","10/20/2017 9:36:39 AM","0000-00","0","no battery","V"
"10/20/2017","12:32:16","5","default","957498349","OXY5","82.634","min","162.165","μmol/L","Humid","20.837","deg","89759","µV","35.585","°C","1019.000","hPa","37.0","pmil","0","55.500","deg","20.000","°C","100.000","%a.s.","22.500","deg","20.000","°C","1013.000","hPa","0.861","-0.02056","0.00035","-0.00011","0","14.7","Humid","26.25","0","52.00","345249.20","SABD0000000001","AAV1.0.0.11","2.0.0.28","PSt7-10","000000-000","10/20/2017 9:36:39 AM","0000-00","0","no battery","V"
"10/20/2017","12:32:17","5","default","957498349","OXY5","82.651","min","161.799","μmol/L","Humid","20.854","deg","90233","µV","35.605","°C","1019.000","hPa","37.0","pmil","0","55.500","deg","20.000","°C","100.000","%a.s.","22.500","deg","20.000","°C","1013.000","hPa","0.861","-0.02056","0.00035","-0.00011","0","14.7","Humid","26.25","0","52.00","345241.59","SABD0000000001","AAV1.0.0.11","2.0.0.28","PSt7-10","000000-000","10/20/2017 9:36:39 AM","0000-00","0","no battery","V"
"10/20/2017","12:32:18","5","default","957498349","OXY5","82.668","min","161.660","μmol/L","Humid","20.862","deg","90303","µV","35.608","°C","1019.000","hPa","37.0","pmil","0","55.500","deg","20.000","°C","100.000","%a.s.","22.500","deg","20.000","°C","1013.000","hPa","0.861","-0.02056","0.00035","-0.00011","0","14.7","Humid","26.25","0","52.00","345247.83","SABD0000000001","AAV1.0.0.11","2.0.0.28","PSt7-10","000000-000","10/20/2017 9:36:39 AM","0000-00","0","no battery","V"
"10/20/2017","12:32:19","5","default","957498349","OXY5","82.685","min","161.525","μmol/L","Humid","20.870","deg","90241","µV","35.611","°C","1019.000","hPa","37.0","pmil","0","55.500","deg","20.000","°C","100.000","%a.s.","22.500","deg","20.000","°C","1013.000","hPa","0.861","-0.02056","0.00035","-0.00011","0","14.7","Humid","26.25","0","52.00","345243.76","SABD0000000001","AAV1.0.0.11","2.0.0.28","PSt7-10","000000-000","10/20/2017 9:36:39 AM","0000-00","0","no battery","V"
"10/20/2017","12:32:20","5","default","957498349","OXY5","82.701","min","161.272","μmol/L","Humid","20.882","deg","90166","µV","35.624","°C","1019.000","hPa","37.0","pmil","0","55.500","deg","20.000","°C","100.000","%a.s.","22.500","deg","20.000","°C","1013.000","hPa","0.861","-0.02056","0.00035","-0.00011","0","14.7","Humid","26.25","0","52.00","345222.93","SABD0000000001","AAV1.0.0.11","2.0.0.28","PSt7-10","000000-000","10/20/2017 9:36:39 AM","0000-00","0","no battery","V"
"10/20/2017","12:32:21","5","default","957498349","OXY5","82.718","min","161.225","μmol/L","Humid","20.892","deg","90193","µV","35.608","°C","1019.000","hPa","37.0","pmil","0","55.500","deg","20.000","°C","100.000","%a.s.","22.500","deg","20.000","°C","1013.000","hPa","0.861","-0.02056","0.00035","-0.00011","0","14.7","Humid","26.25","0","52.00","345222.93","SABD0000000001","AAV1.0.0.11","2.0.0.28","PSt7-10","000000-000","10/20/2017 9:36:39 AM","0000-00","0","no battery","V"
"10/20/2017","12:32:22","5","default","957498349","OXY5","82.735","min","161.254","μmol/L","Humid","20.895","deg","90135","µV","35.596","°C","1019.000","hPa","37.0","pmil","0","55.500","deg","20.000","°C","100.000","%a.s.","22.500","deg","20.000","°C","1013.000","hPa","0.861","-0.02056","0.00035","-0.00011","0","14.7","Humid","26.25","0","52.00","345226.05","SABD0000000001","AAV1.0.0.11","2.0.0.28","PSt7-10","000000-000","10/20/2017 9:36:39 AM","0000-00","0","no battery","V"
"10/20/2017","12:32:23","5","default","957498349","OXY5","82.751","min","160.813","μmol/L","Humid","20.911","deg","90333","µV","35.630","°C","1019.000","hPa","37.0","pmil","0","55.500","deg","20.000","°C","100.000","%a.s.","22.500","deg","20.000","°C","1013.000","hPa","0.861","-0.02056","0.00035","-0.00011","0","14.7","Humid","26.25","0","52.00","345226.34","SABD0000000001","AAV1.0.0.11","2.0.0.28","PSt7-10","000000-000","10/20/2017 9:36:39 AM","0000-00","0","no battery","V"
"10/20/2017","12:32:24","5","default","957498349","OXY5","82.768","min","160.719","μmol/L","Humid","20.922","deg","90323","µV","35.620","°C","1019.000","hPa","37.0","pmil","0","55.500","deg","20.000","°C","100.000","%a.s.","22.500","deg","20.000","°C","1013.000","hPa","0.861","-0.02056","0.00035","-0.00011","0","14.7","Humid","26.25","0","52.00","345214.28","SABD0000000001","AAV1.0.0.11","2.0.0.28","PSt7-10","000000-000","10/20/2017 9:36:39 AM","0000-00","0","no battery","V"
"10/20/2017","12:32:25","5","default","957498349","OXY5","82.785","min","160.546","μmol/L","Humid","20.934","deg","90437","µV","35.619","°C","1019.000","hPa","37.0","pmil","0","55.500","deg","20.000","°C","100.000","%a.s.","22.500","deg","20.000","°C","1013.000","hPa","0.861","-0.02056","0.00035","-0.00011","0","14.7","Humid","26.25","0","52.00","345217.78","SABD0000000001","AAV1.0.0.11","2.0.0.28","PSt7-10","000000-000","10/20/2017 9:36:39 AM","0000-00","0","no battery","V"
"10/20/2017","12:32:26","5","default","957498349","OXY5","82.801","min","160.512","μmol/L","Humid","20.940","deg","90497","µV","35.611","°C","1019.000","hPa","37.0","pmil","0","55.500","deg","20.000","°C","100.000","%a.s.","22.500","deg","20.000","°C","1013.000","hPa","0.861","-0.02056","0.00035","-0.00011","0","14.7","Humid","26.25","0","52.00","345216.99","SABD0000000001","AAV1.0.0.11","2.0.0.28","PSt7-10","000000-000","10/20/2017 9:36:39 AM","0000-00","0","no battery","V"
"10/20/2017","12:32:27","5","default","957498349","OXY5","82.818","min","160.490","μmol/L","Humid","20.946","deg","90529","µV","35.600","°C","1019.000","hPa","37.0","pmil","0","55.500","deg","20.000","°C","100.000","%a.s.","22.500","deg","20.000","°C","1013.000","hPa","0.861","-0.02056","0.00035","-0.00011","0","14.7","Humid","26.25","0","52.00","345199.80","SABD0000000001","AAV1.0.0.11","2.0.0.28","PSt7-10","000000-000","10/20/2017 9:36:39 AM","0000-00","0","no battery","V"
"10/20/2017","12:32:28","5","default","957498349","OXY5","82.835","min","160.197","μmol/L","Humid","20.958","deg","90569","µV","35.620","°C","1019.000","hPa","37.0","pmil","0","55.500","deg","20.000","°C","100.000","%a.s.","22.500","deg","20.000","°C","1013.000","hPa","0.861","-0.02056","0.00035","-0.00011","0","14.7","Humid","26.25","0","52.00","345191.37","SABD0000000001","AAV1.0.0.11","2.0.0.28","PSt7-10","000000-000","10/20/2017 9:36:39 AM","0000-00","0","no battery","V"
"10/20/2017","12:32:29","5","default","957498349","OXY5","82.851","min","160.107","μmol/L","Humid","20.968","deg","90639","µV","35.611","°C","1019.000","hPa","37.0","pmil","0","55.500","deg","20.000","°C","100.000","%a.s.","22.500","deg","20.000","°C","1013.000","hPa","0.861","-0.02056","0.00035","-0.00011","0","14.7","Humid","26.25","0","52.00","345194.17","SABD0000000001","AAV1.0.0.11","2.0.0.28","PSt7-10","000000-000","10/20/2017 9:36:39 AM","0000-00","0","no battery","V"
"10/20/2017","12:32:30","5","default","957498349","OXY5","82.868","min","160.114","μmol/L","Humid","20.974","deg","90661","µV","35.594","°C","1018.000","hPa","37.0","pmil","0","55.500","deg","20.000","°C","100.000","%a.s.","22.500","deg","20.000","°C","1013.000","hPa","0.861","-0.02056","0.00035","-0.00011","0","14.7","Humid","26.25","0","52.00","345191.42","SABD0000000001","AAV1.0.0.11","2.0.0.28","PSt7-10","000000-000","10/20/2017 9:36:39 AM","0000-00","0","no battery","V"
"10/20/2017","12:32:31","5","default","957498349","OXY5","82.885","min","159.906","μmol/L","Humid","20.979","deg","90711","µV","35.618","°C","1019.000","hPa","37.0","pmil","0","55.500","deg","20.000","°C","100.000","%a.s.","22.500","deg","20.000","°C","1013.000","hPa","0.861","-0.02056","0.00035","-0.00011","0","14.7","Humid","26.25","0","52.00","345199.06","SABD0000000001","AAV1.0.0.11","2.0.0.28","PSt7-10","000000-000","10/20/2017 9:36:39 AM","0000-00","0","no battery","V"
"10/20/2017","12:32:32","5","default","957498349","OXY5","82.901","min","159.849","μmol/L","Humid","20.988","deg","90741","µV","35.606","°C","1019.000","hPa","37.0","pmil","0","55.500","deg","20.000","°C","100.000","%a.s.","22.500","deg","20.000","°C","1013.000","hPa","0.861","-0.02056","0.00035","-0.00011","0","14.7","Humid","26.25","0","52.00","345174.41","SABD0000000001","AAV1.0.0.11","2.0.0.28","PSt7-10","000000-000","10/20/2017 9:36:39 AM","0000-00","0","no battery","V"
"10/20/2017","12:32:33","5","default","957498349","OXY5","82.918","min","159.610","μmol/L","Humid","20.998","deg","90732","µV","35.622","°C","1019.000","hPa","37.0","pmil","0","55.500","deg","20.000","°C","100.000","%a.s.","22.500","deg","20.000","°C","1013.000","hPa","0.861","-0.02056","0.00035","-0.00011","0","14.7","Humid","26.25","0","52.00","345189.91","SABD0000000001","AAV1.0.0.11","2.0.0.28","PSt7-10","000000-000","10/20/2017 9:36:39 AM","0000-00","0","no battery","V"
"10/20/2017","12:32:34","5","default","957498349","OXY5","82.935","min","159.756","μmol/L","Humid","21.000","deg","90789","µV","35.592","°C","1019.000","hPa","37.0","pmil","0","55.500","deg","20.000","°C","100.000","%a.s.","22.500","deg","20.000","°C","1013.000","hPa","0.861","-0.02056","0.00035","-0.00011","0","14.7","Humid","26.25","0","52.00","345174.97","SABD0000000001","AAV1.0.0.11","2.0.0.28","PSt7-10","000000-000","10/20/2017 9:36:39 AM","0000-00","0","no battery","V"
"10/20/2017","12:32:35","5","default","957498349","OXY5","82.951","min","159.642","μmol/L","Humid","21.003","deg","90808","µV","35.604","°C","1019.000","hPa","37.0","pmil","0","55.500","deg","20.000","°C","100.000","%a.s.","22.500","deg","20.000","°C","1013.000","hPa","0.861","-0.02056","0.00035","-0.00011","0","14.7","Humid","26.25","0","52.00","345183.63","SABD0000000001","AAV1.0.0.11","2.0.0.28","PSt7-10","000000-000","10/20/2017 9:36:39 AM","0000-00","0","no battery","V"
"10/20/2017","12:32:36","5","default","957498349","OXY5","82.968","min","159.401","μmol/L","Humid","21.015","deg","90848","µV","35.616","°C","1019.000","hPa","37.0","pmil","0","55.500","deg","20.000","°C","100.000","%a.s.","22.500","deg","20.000","°C","1013.000","hPa","0.861","-0.02056","0.00035","-0.00011","0","14.7","Humid","26.25","0","52.00","345198.61","SABD0000000001","AAV1.0.0.11","2.0.0.28","PSt7-10","000000-000","10/20/2017 9:36:39 AM","0000-00","0","no battery","V"
"10/20/2017","12:32:37","5","default","957498349","OXY5","82.985","min","159.370","μmol/L","Humid","21.013","deg","90821","µV","35.626","°C","1019.000","hPa","37.0","pmil","0","55.500","deg","20.000","°C","100.000","%a.s.","22.500","deg","20.000","°C","1013.000","hPa","0.861","-0.02056","0.00035","-0.00011","0","14.7","Humid","26.25","0","52.00","345180.24","SABD0000000001","AAV1.0.0.11","2.0.0.28","PSt7-10","000000-000","10/20/2017 9:36:39 AM","0000-00","0","no battery","V"
"10/20/2017","12:32:38","5","default","957498349","OXY5","83.001","min","159.212","μmol/L","Humid","21.028","deg","90863","µV","35.616","°C","1019.000","hPa","37.0","pmil","0","55.500","deg","20.000","°C","100.000","%a.s.","22.500","deg","20.000","°C","1013.000","hPa","0.861","-0.02056","0.00035","-0.00011","0","14.7","Humid","26.25","0","52.00","345174.84","SABD0000000001","AAV1.0.0.11","2.0.0.28","PSt7-10","000000-000","10/20/2017 9:36:39 AM","0000-00","0","no battery","V"
"10/20/2017","12:32:39","5","default","957498349","OXY5","83.018","min","159.068","μmol/L","Humid","21.033","deg","90898","µV","35.628","°C","1019.000","hPa","37.0","pmil","0","55.500","deg","20.000","°C","100.000","%a.s.","22.500","deg","20.000","°C","1013.000","hPa","0.861","-0.02056","0.00035","-0.00011","0","14.7","Humid","26.25","0","52.00","345182.29","SABD0000000001","AAV1.0.0.11","2.0.0.28","PSt7-10","000000-000","10/20/2017 9:36:39 AM","0000-00","0","no battery","V"
"10/20/2017","12:32:40","5","default","957498349","OXY5","83.035","min","159.100","μmol/L","Humid","21.037","deg","90909","µV","35.613","°C","1019.000","hPa","37.0","pmil","0","55.500","deg","20.000","°C","100.000","%a.s.","22.500","deg","20.000","°C","1013.000","hPa","0.861","-0.02056","0.00035","-0.00011","0","14.7","Humid","26.25","0","52.00","345164.04","SABD0000000001","AAV1.0.0.11","2.0.0.28","PSt7-10","000000-000","10/20/2017 9:36:39 AM","0000-00","0","no battery","V"
"10/20/2017","12:32:41","5","default","957498349","OXY5","83.051","min","159.029","μmol/L","Humid","21.039","deg","90935","µV","35.620","°C","1019.000","hPa","37.0","pmil","0","55.500","deg","20.000","°C","100.000","%a.s.","22.500","deg","20.000","°C","1013.000","hPa","0.861","-0.02056","0.00035","-0.00011","0","14.7","Humid","26.25","0","52.00","345178.50","SABD0000000001","AAV1.0.0.11","2.0.0.28","PSt7-10","000000-000","10/20/2017 9:36:39 AM","0000-00","0","no battery","V"
"10/20/2017","12:32:42","5","default","957498349","OXY5","83.068","min","158.923","μmol/L","Humid","21.050","deg","90962","µV","35.612","°C","1019.000","hPa","37.0","pmil","0","55.500","deg","20.000","°C","100.000","%a.s.","22.500","deg","20.000","°C","1013.000","hPa","0.861","-0.02056","0.00035","-0.00011","0","14.7","Humid","26.25","0","52.00","345168.08","SABD0000000001","AAV1.0.0.11","2.0.0.28","PSt7-10","000000-000","10/20/2017 9:36:39 AM","0000-00","0","no battery","V"
"10/20/2017","12:32:43","5","default","957498349","OXY5","83.085","min","158.768","μmol/L","Humid","21.055","deg","91020","µV","35.626","°C","1019.000","hPa","37.0","pmil","0","55.500","deg","20.000","°C","100.000","%a.s.","22.500","deg","20.000","°C","1013.000","hPa","0.861","-0.02056","0.00035","-0.00011","0","14.7","Humid","26.25","0","52.00","345160.12","SABD0000000001","AAV1.0.0.11","2.0.0.28","PSt7-10","000000-000","10/20/2017 9:36:39 AM","0000-00","0","no battery","V"
"10/20/2017","12:32:44","5","default","957498349","OXY5","83.101","min","158.887","μmol/L","Humid","21.059","deg","91025","µV","35.596","°C","1019.000","hPa","37.0","pmil","0","55.500","deg","20.000","°C","100.000","%a.s.","22.500","deg","20.000","°C","1013.000","hPa","0.861","-0.02056","0.00035","-0.00011","0","14.7","Humid","26.25","0","52.00","345168.55","SABD0000000001","AAV1.0.0.11","2.0.0.28","PSt7-10","000000-000","10/20/2017 9:36:39 AM","0000-00","0","no battery","V"
"10/20/2017","12:32:45","5","default","957498349","OXY5","83.118","min","158.830","μmol/L","Humid","21.061","deg","91060","µV","35.601","°C","1019.000","hPa","37.0","pmil","0","55.500","deg","20.000","°C","100.000","%a.s.","22.500","deg","20.000","°C","1013.000","hPa","0.861","-0.02056","0.00035","-0.00011","0","14.7","Humid","26.25","0","52.00","345162.02","SABD0000000001","AAV1.0.0.11","2.0.0.28","PSt7-10","000000-000","10/20/2017 9:36:39 AM","0000-00","0","no battery","V"
"10/20/2017","12:32:46","5","default","957498349","OXY5","83.135","min","158.538","μmol/L","Humid","21.069","deg","91078","µV","35.631","°C","1019.000","hPa","37.0","pmil","0","55.500","deg","20.000","°C","100.000","%a.s.","22.500","deg","20.000","°C","1013.000","hPa","0.861","-0.02056","0.00035","-0.00011","0","14.7","Humid","26.25","0","52.00","345156.62","SABD0000000001","AAV1.0.0.11","2.0.0.28","PSt7-10","000000-000","10/20/2017 9:36:39 AM","0000-00","0","no battery","V"
"10/20/2017","12:32:47","5","default","957498349","OXY5","83.151","min","158.675","μmol/L","Humid","21.071","deg","91099","µV","35.603","°C","1019.000","hPa","37.0","pmil","0","55.500","deg","20.000","°C","100.000","%a.s.","22.500","deg","20.000","°C","1013.000","hPa","0.861","-0.02056","0.00035","-0.00011","0","14.7","Humid","26.25","0","52.00","345151.03","SABD0000000001","AAV1.0.0.11","2.0.0.28","PSt7-10","000000-000","10/20/2017 9:36:39 AM","0000-00","0","no battery","V"
"10/20/2017","12:32:48","5","default","957498349","OXY5","83.168","min","158.476","μmol/L","Humid","21.081","deg","91117","µV","35.613","°C","1019.000","hPa","37.0","pmil","0","55.500","deg","20.000","°C","100.000","%a.s.","22.500","deg","20.000","°C","1013.000","hPa","0.861","-0.02056","0.00035","-0.00011","0","14.7","Humid","26.25","0","52.00","345135.39","SABD0000000001","AAV1.0.0.11","2.0.0.28","PSt7-10","000000-000","10/20/2017 9:36:39 AM","0000-00","0","no battery","V"
"10/20/2017","12:32:49","5","default","957498349","OXY5","83.184","min","158.496","μmol/L","Humid","21.079","deg","91135","µV","35.614","°C","1019.000","hPa","37.0","pmil","0","55.500","deg","20.000","°C","100.000","%a.s.","22.500","deg","20.000","°C","1013.000","hPa","0.861","-0.02056","0.00035","-0.00011","0","14.7","Humid","26.25","0","52.00","345135.93","SABD0000000001","AAV1.0.0.11","2.0.0.28","PSt7-10","000000-000","10/20/2017 9:36:39 AM","0000-00","0","no battery","V"
"10/20/2017","12:32:50","5","default","957498349","OXY5","83.201","min","158.484","μmol/L","Humid","21.081","deg","91160","µV","35.611","°C","1019.000","hPa","37.0","pmil","0","55.500","deg","20.000","°C","100.000","%a.s.","22.500","deg","20.000","°C","1013.000","hPa","0.861","-0.02056","0.00035","-0.00011","0","14.7","Humid","26.25","0","52.00","345125.89","SABD0000000001","AAV1.0.0.11","2.0.0.28","PSt7-10","000000-000","10/20/2017 9:36:39 AM","0000-00","0","no battery","V"
"10/20/2017","12:32:51","5","default","957498349","OXY5","83.218","min","158.387","μmol/L","Humid","21.089","deg","91183","µV","35.608","°C","1019.000","hPa","37.0","pmil","0","55.500","deg","20.000","°C","100.000","%a.s.","22.500","deg","20.000","°C","1013.000","hPa","0.861","-0.02056","0.00035","-0.00011","0","14.7","Humid","26.25","0","52.00","345148.78","SABD0000000001","AAV1.0.0.11","2.0.0.28","PSt7-10","000000-000","10/20/2017 9:36:39 AM","0000-00","0","no battery","V"
"10/20/2017","12:32:52","5","default","957498349","OXY5","83.234","min","158.323","μmol/L","Humid","21.091","deg","91198","µV","35.614","°C","1019.000","hPa","37.0","pmil","0","55.500","deg","20.000","°C","100.000","%a.s.","22.500","deg","20.000","°C","1013.000","hPa","0.861","-0.02056","0.00035","-0.00011","0","14.7","Humid","26.25","0","52.00","345140.09","SABD0000000001","AAV1.0.0.11","2.0.0.28","PSt7-10","000000-000","10/20/2017 9:36:39 AM","0000-00","0","no battery","V"
"10/20/2017","12:32:53","5","default","957498349","OXY5","83.251","min","158.319","μmol/L","Humid","21.093","deg","91213","µV","35.610","°C","1019.000","hPa","37.0","pmil","0","55.500","deg","20.000","°C","100.000","%a.s.","22.500","deg","20.000","°C","1013.000","hPa","0.861","-0.02056","0.00035","-0.00011","0","14.7","Humid","26.25","0","52.00","345138.19","SABD0000000001","AAV1.0.0.11","2.0.0.28","PSt7-10","000000-000","10/20/2017 9:36:39 AM","0000-00","0","no battery","V"
"10/20/2017","12:32:54","5","default","957498349","OXY5","83.268","min","158.250","μmol/L","Humid","21.101","deg","91238","µV","35.603","°C","1019.000","hPa","37.0","pmil","0","55.500","deg","20.000","°C","100.000","%a.s.","22.500","deg","20.000","°C","1013.000","hPa","0.861","-0.02056","0.00035","-0.00011","0","14.7","Humid","26.25","0","52.00","345123.81","SABD0000000001","AAV1.0.0.11","2.0.0.28","PSt7-10","000000-000","10/20/2017 9:36:39 AM","0000-00","0","no battery","V"
"10/20/2017","12:32:55","5","default","957498349","OXY5","83.284","min","158.282","μmol/L","Humid","21.102","deg","91248","µV","35.595","°C","1019.000","hPa","37.0","pmil","0","55.500","deg","20.000","°C","100.000","%a.s.","22.500","deg","20.000","°C","1013.000","hPa","0.861","-0.02056","0.00035","-0.00011","0","14.7","Humid","26.25","0","52.00","345140.14","SABD0000000001","AAV1.0.0.11","2.0.0.28","PSt7-10","000000-000","10/20/2017 9:36:39 AM","0000-00","0","no battery","V"
"10/20/2017","12:32:56","5","default","957498349","OXY5","83.301","min","158.145","μmol/L","Humid","21.102","deg","91250","µV","35.618","°C","1019.000","hPa","37.0","pmil","0","55.500","deg","20.000","°C","100.000","%a.s.","22.500","deg","20.000","°C","1013.000","hPa","0.861","-0.02056","0.00035","-0.00011","0","14.7","Humid","26.25","0","52.00","345123.21","SABD0000000001","AAV1.0.0.11","2.0.0.28","PSt7-10","000000-000","10/20/2017 9:36:39 AM","0000-00","0","no battery","V"
"10/20/2017","12:32:57","5","default","957498349","OXY5","83.318","min","158.046","μmol/L","Humid","21.109","deg","91279","µV","35.618","°C","1019.000","hPa","37.0","pmil","0","55.500","deg","20.000","°C","100.000","%a.s.","22.500","deg","20.000","°C","1013.000","hPa","0.861","-0.02056","0.00035","-0.00011","0","14.7","Humid","26.25","0","52.00","345129.57","SABD0000000001","AAV1.0.0.11","2.0.0.28","PSt7-10","000000-000","10/20/2017 9:36:39 AM","0000-00","0","no battery","V"
"10/20/2017","12:32:58","5","default","957498349","OXY5","83.334","min","158.021","μmol/L","Humid","21.112","deg","91292","µV","35.615","°C","1019.000","hPa","37.0","pmil","0","55.500","deg","20.000","°C","100.000","%a.s.","22.500","deg","20.000","°C","1013.000","hPa","0.861","-0.02056","0.00035","-0.00011","0","14.7","Humid","26.25","0","52.00","345124.51","SABD0000000001","AAV1.0.0.11","2.0.0.28","PSt7-10","000000-000","10/20/2017 9:36:39 AM","0000-00","0","no battery","V"
"10/20/2017","12:32:59","5","default","957498349","OXY5","83.351","min","158.014","μmol/L","Humid","21.111","deg","91362","µV","35.619","°C","1019.000","hPa","37.0","pmil","0","55.500","deg","20.000","°C","100.000","%a.s.","22.500","deg","20.000","°C","1013.000","hPa","0.861","-0.02056","0.00035","-0.00011","0","14.7","Humid","26.25","0","52.00","345135.25","SABD0000000001","AAV1.0.0.11","2.0.0.28","PSt7-10","000000-000","10/20/2017 9:36:39 AM","0000-00","0","no battery","V"
"10/20/2017","12:33:00","5","default","957498349","OXY5","83.368","min","157.931","μmol/L","Humid","21.120","deg","91377","µV","35.611","°C","1019.000","hPa","37.0","pmil","0","55.500","deg","20.000","°C","100.000","%a.s.","22.500","deg","20.000","°C","1013.000","hPa","0.861","-0.02056","0.00035","-0.00011","0","14.7","Humid","26.25","0","52.00","345109.20","SABD0000000001","AAV1.0.0.11","2.0.0.28","PSt7-10","000000-000","10/20/2017 9:36:39 AM","0000-00","0","no battery","V"
"10/20/2017","12:33:01","5","default","957498349","OXY5","83.384","min","157.961","μmol/L","Humid","21.123","deg","91356","µV","35.599","°C","1019.000","hPa","37.0","pmil","0","55.500","deg","20.000","°C","100.000","%a.s.","22.500","deg","20.000","°C","1013.000","hPa","0.861","-0.02056","0.00035","-0.00011","0","14.7","Humid","26.25","0","52.00","345108.93","SABD0000000001","AAV1.0.0.11","2.0.0.28","PSt7-10","000000-000","10/20/2017 9:36:39 AM","0000-00","0","no battery","V"
"10/20/2017","12:33:02","5","default","957498349","OXY5","83.401","min","157.817","μmol/L","Humid","21.123","deg","91463","µV","35.623","°C","1019.000","hPa","37.0","pmil","0","55.500","deg","20.000","°C","100.000","%a.s.","22.500","deg","20.000","°C","1013.000","hPa","0.861","-0.02056","0.00035","-0.00011","0","14.7","Humid","26.25","0","52.00","345103.47","SABD0000000001","AAV1.0.0.11","2.0.0.28","PSt7-10","000000-000","10/20/2017 9:36:39 AM","0000-00","0","no battery","V"
"10/20/2017","12:33:03","5","default","957498349","OXY5","83.418","min","157.833","μmol/L","Humid","21.125","deg","91413","µV","35.616","°C","1019.000","hPa","37.0","pmil","0","55.500","deg","20.000","°C","100.000","%a.s.","22.500","deg","20.000","°C","1013.000","hPa","0.861","-0.02056","0.00035","-0.00011","0","14.7","Humid","26.25","0","52.00","345098.21","SABD0000000001","AAV1.0.0.11","2.0.0.28","PSt7-10","000000-000","10/20/2017 9:36:39 AM","0000-00","0","no battery","V"
"10/20/2017","12:33:04","5","default","957498349","OXY5","83.435","min","157.777","μmol/L","Humid","21.126","deg","91327","µV","35.623","°C","1019.000","hPa","37.0","pmil","0","55.500","deg","20.000","°C","100.000","%a.s.","22.500","deg","20.000","°C","1013.000","hPa","0.861","-0.02056","0.00035","-0.00011","0","14.7","Humid","26.25","0","52.00","345114.91","SABD0000000001","AAV1.0.0.11","2.0.0.28","PSt7-10","000000-000","10/20/2017 9:36:39 AM","0000-00","0","no battery","V"
"10/20/2017","12:33:05","5","default","957498349","OXY5","83.451","min","157.754","μmol/L","Humid","21.130","deg","91340","µV","35.617","°C","1019.000","hPa","37.0","pmil","0","55.500","deg","20.000","°C","100.000","%a.s.","22.500","deg","20.000","°C","1013.000","hPa","0.861","-0.02056","0.00035","-0.00011","0","14.7","Humid","26.25","0","52.00","345102.26","SABD0000000001","AAV1.0.0.11","2.0.0.28","PSt7-10","000000-000","10/20/2017 9:36:39 AM","0000-00","0","no battery","V"
"10/20/2017","12:33:06","5","default","957498349","OXY5","83.468","min","157.811","μmol/L","Humid","21.133","deg","91345","µV","35.600","°C","1019.000","hPa","37.0","pmil","0","55.500","deg","20.000","°C","100.000","%a.s.","22.500","deg","20.000","°C","1013.000","hPa","0.861","-0.02056","0.00035","-0.00011","0","14.7","Humid","26.25","0","52.00","345097.65","SABD0000000001","AAV1.0.0.11","2.0.0.28","PSt7-10","000000-000","10/20/2017 9:36:39 AM","0000-00","0","no battery","V"
"10/20/2017","12:33:07","5","default","957498349","OXY5","83.485","min","157.682","μmol/L","Humid","21.136","deg","91396","µV","35.615","°C","1019.000","hPa","37.0","pmil","0","55.500","deg","20.000","°C","100.000","%a.s.","22.500","deg","20.000","°C","1013.000","hPa","0.861","-0.02056","0.00035","-0.00011","0","14.7","Humid","26.25","0","52.00","345089.69","SABD0000000001","AAV1.0.0.11","2.0.0.28","PSt7-10","000000-000","10/20/2017 9:36:39 AM","0000-00","0","no battery","V"
"10/20/2017","12:33:08","5","default","957498349","OXY5","83.501","min","157.701","μmol/L","Humid","21.138","deg","91391","µV","35.607","°C","1019.000","hPa","37.0","pmil","0","55.500","deg","20.000","°C","100.000","%a.s.","22.500","deg","20.000","°C","1013.000","hPa","0.861","-0.02056","0.00035","-0.00011","0","14.7","Humid","26.25","0","52.00","345079.53","SABD0000000001","AAV1.0.0.11","2.0.0.28","PSt7-10","000000-000","10/20/2017 9:36:39 AM","0000-00","0","no battery","V"
"10/20/2017","12:33:09","5","default","957498349","OXY5","83.518","min","157.655","μmol/L","Humid","21.142","deg","91405","µV","35.605","°C","1019.000","hPa","37.0","pmil","0","55.500","deg","20.000","°C","100.000","%a.s.","22.500","deg","20.000","°C","1013.000","hPa","0.861","-0.02056","0.00035","-0.00011","0","14.7","Humid","26.25","0","52.00","345086.85","SABD0000000001","AAV1.0.0.11","2.0.0.28","PSt7-10","000000-000","10/20/2017 9:36:39 AM","0000-00","0","no battery","V"
"10/20/2017","12:33:10","5","default","957498349","OXY5","83.535","min","157.586","μmol/L","Humid","21.146","deg","91453","µV","35.607","°C","1019.000","hPa","37.0","pmil","0","55.500","deg","20.000","°C","100.000","%a.s.","22.500","deg","20.000","°C","1013.000","hPa","0.861","-0.02056","0.00035","-0.00011","0","14.7","Humid","26.25","0","52.00","345078.63","SABD0000000001","AAV1.0.0.11","2.0.0.28","PSt7-10","000000-000","10/20/2017 9:36:39 AM","0000-00","0","no battery","V"
"10/20/2017","12:33:11","5","default","957498349","OXY5","83.551","min","157.714","μmol/L","Humid","21.144","deg","91461","µV","35.590","°C","1019.000","hPa","37.0","pmil","0","55.500","deg","20.000","°C","100.000","%a.s.","22.500","deg","20.000","°C","1013.000","hPa","0.861","-0.02056","0.00035","-0.00011","0","14.7","Humid","26.25","0","52.00","345074.79","SABD0000000001","AAV1.0.0.11","2.0.0.28","PSt7-10","000000-000","10/20/2017 9:36:39 AM","0000-00","0","no battery","V"
"10/20/2017","12:33:12","5","default","957498349","OXY5","83.568","min","157.673","μmol/L","Humid","21.143","deg","91479","µV","35.600","°C","1019.000","hPa","37.0","pmil","0","55.500","deg","20.000","°C","100.000","%a.s.","22.500","deg","20.000","°C","1013.000","hPa","0.861","-0.02056","0.00035","-0.00011","0","14.7","Humid","26.25","0","52.00","345078.15","SABD0000000001","AAV1.0.0.11","2.0.0.28","PSt7-10","000000-000","10/20/2017 9:36:39 AM","0000-00","0","no battery","V"
"10/20/2017","12:33:13","5","default","957498349","OXY5","83.585","min","157.646","μmol/L","Humid","21.148","deg","91486","µV","35.592","°C","1019.000","hPa","37.0","pmil","0","55.500","deg","20.000","°C","100.000","%a.s.","22.500","deg","20.000","°C","1013.000","hPa","0.861","-0.02056","0.00035","-0.00011","0","14.7","Humid","26.25","0","52.00","345087.01","SABD0000000001","AAV1.0.0.11","2.0.0.28","PSt7-10","000000-000","10/20/2017 9:36:39 AM","0000-00","0","no battery","V"
"10/20/2017","12:33:14","5","default","957498349","OXY5","83.601","min","157.485","μmol/L","Humid","21.151","deg","91496","µV","35.612","°C","1019.000","hPa","37.0","pmil","0","55.500","deg","20.000","°C","100.000","%a.s.","22.500","deg","20.000","°C","1013.000","hPa","0.861","-0.02056","0.00035","-0.00011","0","14.7","Humid","26.25","0","52.00","345069.77","SABD0000000001","AAV1.0.0.11","2.0.0.28","PSt7-10","000000-000","10/20/2017 9:36:39 AM","0000-00","0","no battery","V"
"10/20/2017","12:33:15","5","default","957498349","OXY5","83.618","min","157.515","μmol/L","Humid","21.152","deg","91508","µV","35.605","°C","1019.000","hPa","37.0","pmil","0","55.500","deg","20.000","°C","100.000","%a.s.","22.500","deg","20.000","°C","1013.000","hPa","0.861","-0.02056","0.00035","-0.00011","0","14.7","Humid","26.25","0","52.00","345069.02","SABD0000000001","AAV1.0.0.11","2.0.0.28","PSt7-10","000000-000","10/20/2017 9:36:39 AM","0000-00","0","no battery","V"
"10/20/2017","12:33:16","5","default","957498349","OXY5","83.635","min","157.473","μmol/L","Humid","21.150","deg","91516","µV","35.617","°C","1019.000","hPa","37.0","pmil","0","55.500","deg","20.000","°C","100.000","%a.s.","22.500","deg","20.000","°C","1013.000","hPa","0.861","-0.02056","0.00035","-0.00011","0","14.7","Humid","26.25","0","52.00","345077.64","SABD0000000001","AAV1.0.0.11","2.0.0.28","PSt7-10","000000-000","10/20/2017 9:36:39 AM","0000-00","0","no battery","V"
"10/20/2017","12:33:17","5","default","957498349","OXY5","83.651","min","157.527","μmol/L","Humid","21.154","deg","91527","µV","35.598","°C","1019.000","hPa","37.0","pmil","0","55.500","deg","20.000","°C","100.000","%a.s.","22.500","deg","20.000","°C","1013.000","hPa","0.861","-0.02056","0.00035","-0.00011","0","14.7","Humid","26.25","0","52.00","345077.96","SABD0000000001","AAV1.0.0.11","2.0.0.28","PSt7-10","000000-000","10/20/2017 9:36:39 AM","0000-00","0","no battery","V"
"10/20/2017","12:33:18","5","default","957498349","OXY5","83.668","min","157.390","μmol/L","Humid","21.163","deg","91522","µV","35.600","°C","1019.000","hPa","37.0","pmil","0","55.500","deg","20.000","°C","100.000","%a.s.","22.500","deg","20.000","°C","1013.000","hPa","0.861","-0.02056","0.00035","-0.00011","0","14.7","Humid","26.25","0","52.00","345085.98","SABD0000000001","AAV1.0.0.11","2.0.0.28","PSt7-10","000000-000","10/20/2017 9:36:39 AM","0000-00","0","no battery","V"
"10/20/2017","12:33:19","5","default","957498349","OXY5","83.685","min","157.409","μmol/L","Humid","21.161","deg","91539","µV","35.601","°C","1019.000","hPa","37.0","pmil","0","55.500","deg","20.000","°C","100.000","%a.s.","22.500","deg","20.000","°C","1013.000","hPa","0.861","-0.02056","0.00035","-0.00011","0","14.7","Humid","26.25","0","52.00","345068.58","SABD0000000001","AAV1.0.0.11","2.0.0.28","PSt7-10","000000-000","10/20/2017 9:36:39 AM","0000-00","0","no battery","V"
"10/20/2017","12:33:20","5","default","957498349","OXY5","83.701","min","157.355","μmol/L","Humid","21.161","deg","91544","µV","35.610","°C","1019.000","hPa","37.0","pmil","0","55.500","deg","20.000","°C","100.000","%a.s.","22.500","deg","20.000","°C","1013.000","hPa","0.861","-0.02056","0.00035","-0.00011","0","14.7","Humid","26.25","0","52.00","345068.55","SABD0000000001","AAV1.0.0.11","2.0.0.28","PSt7-10","000000-000","10/20/2017 9:36:39 AM","0000-00","0","no battery","V"
"10/20/2017","12:33:21","5","default","957498349","OXY5","83.718","min","157.295","μmol/L","Humid","21.161","deg","91553","µV","35.621","°C","1019.000","hPa","37.0","pmil","0","55.500","deg","20.000","°C","100.000","%a.s.","22.500","deg","20.000","°C","1013.000","hPa","0.861","-0.02056","0.00035","-0.00011","0","14.7","Humid","26.25","0","52.00","345062.27","SABD0000000001","AAV1.0.0.11","2.0.0.28","PSt7-10","000000-000","10/20/2017 9:36:39 AM","0000-00","0","no battery","V"
"10/20/2017","12:33:22","5","default","957498349","OXY5","83.735","min","157.408","μmol/L","Humid","21.167","deg","91555","µV","35.587","°C","1019.000","hPa","37.0","pmil","0","55.500","deg","20.000","°C","100.000","%a.s.","22.500","deg","20.000","°C","1013.000","hPa","0.861","-0.02056","0.00035","-0.00011","0","14.7","Humid","26.25","0","52.00","345068.44","SABD0000000001","AAV1.0.0.11","2.0.0.28","PSt7-10","000000-000","10/20/2017 9:36:39 AM","0000-00","0","no battery","V"
"10/20/2017","12:33:23","5","default","957498349","OXY5","83.751","min","157.333","μmol/L","Humid","21.166","deg","91563","µV","35.602","°C","1019.000","hPa","37.0","pmil","0","55.500","deg","20.000","°C","100.000","%a.s.","22.500","deg","20.000","°C","1013.000","hPa","0.861","-0.02056","0.00035","-0.00011","0","14.7","Humid","26.25","0","52.00","345062.07","SABD0000000001","AAV1.0.0.11","2.0.0.28","PSt7-10","000000-000","10/20/2017 9:36:39 AM","0000-00","0","no battery","V"
"10/20/2017","12:33:24","5","default","957498349","OXY5","83.768","min","157.239","μmol/L","Humid","21.166","deg","91564","µV","35.618","°C","1019.000","hPa","37.0","pmil","0","55.500","deg","20.000","°C","100.000","%a.s.","22.500","deg","20.000","°C","1013.000","hPa","0.861","-0.02056","0.00035","-0.00011","0","14.7","Humid","26.25","0","52.00","345070.79","SABD0000000001","AAV1.0.0.11","2.0.0.28","PSt7-10","000000-000","10/20/2017 9:36:39 AM","0000-00","0","no battery","V"
"10/20/2017","12:33:25","5","default","957498349","OXY5","83.785","min","157.184","μmol/L","Humid","21.165","deg","91573","µV","35.630","°C","1019.000","hPa","37.0","pmil","0","55.500","deg","20.000","°C","100.000","%a.s.","22.500","deg","20.000","°C","1013.000","hPa","0.861","-0.02056","0.00035","-0.00011","0","14.7","Humid","26.25","0","52.00","345053.30","SABD0000000001","AAV1.0.0.11","2.0.0.28","PSt7-10","000000-000","10/20/2017 9:36:39 AM","0000-00","0","no battery","V"
"10/20/2017","12:33:26","5","default","957498349","OXY5","83.801","min","157.279","μmol/L","Humid","21.166","deg","91587","µV","35.611","°C","1019.000","hPa","37.0","pmil","0","55.500","deg","20.000","°C","100.000","%a.s.","22.500","deg","20.000","°C","1013.000","hPa","0.861","-0.02056","0.00035","-0.00011","0","14.7","Humid","26.25","0","52.00","345056.99","SABD0000000001","AAV1.0.0.11","2.0.0.28","PSt7-10","000000-000","10/20/2017 9:36:39 AM","0000-00","0","no battery","V"
"10/20/2017","12:33:27","5","default","957498349","OXY5","83.818","min","157.269","μmol/L","Humid","21.171","deg","91591","µV","35.601","°C","1019.000","hPa","37.0","pmil","0","55.500","deg","20.000","°C","100.000","%a.s.","22.500","deg","20.000","°C","1013.000","hPa","0.861","-0.02056","0.00035","-0.00011","0","14.7","Humid","26.25","0","52.00","345054.97","SABD0000000001","AAV1.0.0.11","2.0.0.28","PSt7-10","000000-000","10/20/2017 9:36:39 AM","0000-00","0","no battery","V"
"10/20/2017","12:33:28","5","default","957498349","OXY5","83.835","min","157.304","μmol/L","Humid","21.170","deg","91594","µV","35.597","°C","1019.000","hPa","37.0","pmil","0","55.500","deg","20.000","°C","100.000","%a.s.","22.500","deg","20.000","°C","1013.000","hPa","0.861","-0.02056","0.00035","-0.00011","0","14.7","Humid","26.25","0","52.00","345048.84","SABD0000000001","AAV1.0.0.11","2.0.0.28","PSt7-10","000000-000","10/20/2017 9:36:39 AM","0000-00","0","no battery","V"
"10/20/2017","12:33:29","5","default","957498349","OXY5","83.851","min","157.282","μmol/L","Humid","21.174","deg","91598","µV","35.592","°C","1019.000","hPa","37.0","pmil","0","55.500","deg","20.000","°C","100.000","%a.s.","22.500","deg","20.000","°C","1013.000","hPa","0.861","-0.02056","0.00035","-0.00011","0","14.7","Humid","26.25","0","52.00","345053.62","SABD0000000001","AAV1.0.0.11","2.0.0.28","PSt7-10","000000-000","10/20/2017 9:36:39 AM","0000-00","0","no battery","V"
"10/20/2017","12:33:30","5","default","957498349","OXY5","83.868","min","157.254","μmol/L","Humid","21.171","deg","91599","µV","35.604","°C","1019.000","hPa","37.0","pmil","0","55.500","deg","20.000","°C","100.000","%a.s.","22.500","deg","20.000","°C","1013.000","hPa","0.861","-0.02056","0.00035","-0.00011","0","14.7","Humid","26.25","0","52.00","345043.52","SABD0000000001","AAV1.0.0.11","2.0.0.28","PSt7-10","000000-000","10/20/2017 9:36:39 AM","0000-00","0","no battery","V"
"10/20/2017","12:33:31","5","default","957498349","OXY5","83.885","min","157.168","μmol/L","Humid","21.173","deg","91610","µV","35.613","°C","1019.000","hPa","37.0","pmil","0","55.500","deg","20.000","°C","100.000","%a.s.","22.500","deg","20.000","°C","1013.000","hPa","0.861","-0.02056","0.00035","-0.00011","0","14.7","Humid","26.25","0","52.00","345040.71","SABD0000000001","AAV1.0.0.11","2.0.0.28","PSt7-10","000000-000","10/20/2017 9:36:39 AM","0000-00","0","no battery","V"
"10/20/2017","12:33:32","5","default","957498349","OXY5","83.901","min","157.269","μmol/L","Humid","21.172","deg","91609","µV","35.599","°C","1019.000","hPa","37.0","pmil","0","55.500","deg","20.000","°C","100.000","%a.s.","22.500","deg","20.000","°C","1013.000","hPa","0.861","-0.02056","0.00035","-0.00011","0","14.7","Humid","26.25","0","52.00","345026.91","SABD0000000001","AAV1.0.0.11","2.0.0.28","PSt7-10","000000-000","10/20/2017 9:36:39 AM","0000-00","0","no battery","V"
"10/20/2017","12:33:33","5","default","957498349","OXY5","83.918","min","157.148","μmol/L","Humid","21.178","deg","91614","µV","35.605","°C","1019.000","hPa","37.0","pmil","0","55.500","deg","20.000","°C","100.000","%a.s.","22.500","deg","20.000","°C","1013.000","hPa","0.861","-0.02056","0.00035","-0.00011","0","14.7","Humid","26.25","0","52.00","345030.39","SABD0000000001","AAV1.0.0.11","2.0.0.28","PSt7-10","000000-000","10/20/2017 9:36:39 AM","0000-00","0","no battery","V"
"10/20/2017","12:33:34","5","default","957498349","OXY5","83.935","min","157.076","μmol/L","Humid","21.180","deg","91616","µV","35.612","°C","1019.000","hPa","37.0","pmil","0","55.500","deg","20.000","°C","100.000","%a.s.","22.500","deg","20.000","°C","1013.000","hPa","0.861","-0.02056","0.00035","-0.00011","0","14.7","Humid","26.25","0","52.00","345037.93","SABD0000000001","AAV1.0.0.11","2.0.0.28","PSt7-10","000000-000","10/20/2017 9:36:39 AM","0000-00","0","no battery","V"
"10/20/2017","12:33:35","5","default","957498349","OXY5","83.951","min","157.124","μmol/L","Humid","21.178","deg","91623","µV","35.609","°C","1019.000","hPa","37.0","pmil","0","55.500","deg","20.000","°C","100.000","%a.s.","22.500","deg","20.000","°C","1013.000","hPa","0.861","-0.02056","0.00035","-0.00011","0","14.7","Humid","26.25","0","52.00","345034.50","SABD0000000001","AAV1.0.0.11","2.0.0.28","PSt7-10","000000-000","10/20/2017 9:36:39 AM","0000-00","0","no battery","V"
"10/20/2017","12:33:36","5","default","957498349","OXY5","83.968","min","156.989","μmol/L","Humid","21.181","deg","91627","µV","35.625","°C","1019.000","hPa","37.0","pmil","0","55.500","deg","20.000","°C","100.000","%a.s.","22.500","deg","20.000","°C","1013.000","hPa","0.861","-0.02056","0.00035","-0.00011","0","14.7","Humid","26.25","0","52.00","345027.50","SABD0000000001","AAV1.0.0.11","2.0.0.28","PSt7-10","000000-000","10/20/2017 9:36:39 AM","0000-00","0","no battery","V"
"10/20/2017","12:33:37","5","default","957498349","OXY5","83.985","min","157.100","μmol/L","Humid","21.177","deg","91630","µV","35.615","°C","1019.000","hPa","37.0","pmil","0","55.500","deg","20.000","°C","100.000","%a.s.","22.500","deg","20.000","°C","1013.000","hPa","0.861","-0.02056","0.00035","-0.00011","0","14.7","Humid","26.25","0","52.00","345018.86","SABD0000000001","AAV1.0.0.11","2.0.0.28","PSt7-10","000000-000","10/20/2017 9:36:39 AM","0000-00","0","no battery","V"
"10/20/2017","12:33:38","5","default","957498349","OXY5","84.001","min","157.057","μmol/L","Humid","21.180","deg","91641","µV","35.616","°C","1019.000","hPa","37.0","pmil","0","55.500","deg","20.000","°C","100.000","%a.s.","22.500","deg","20.000","°C","1013.000","hPa","0.861","-0.02056","0.00035","-0.00011","0","14.7","Humid","26.25","0","52.00","345025.09","SABD0000000001","AAV1.0.0.11","2.0.0.28","PSt7-10","000000-000","10/20/2017 9:36:39 AM","0000-00","0","no battery","V"
"10/20/2017","12:33:39","5","default","957498349","OXY5","84.018","min","157.090","μmol/L","Humid","21.181","deg","91645","µV","35.608","°C","1019.000","hPa","37.0","pmil","0","55.500","deg","20.000","°C","100.000","%a.s.","22.500","deg","20.000","°C","1013.000","hPa","0.861","-0.02056","0.00035","-0.00011","0","14.7","Humid","26.25","0","52.00","345020.26","SABD0000000001","AAV1.0.0.11","2.0.0.28","PSt7-10","000000-000","10/20/2017 9:36:39 AM","0000-00","0","no battery","V"
"10/20/2017","12:33:40","5","default","957498349","OXY5","84.035","min","157.158","μmol/L","Humid","21.178","deg","91639","µV","35.603","°C","1019.000","hPa","37.0","pmil","0","55.500","deg","20.000","°C","100.000","%a.s.","22.500","deg","20.000","°C","1013.000","hPa","0.861","-0.02056","0.00035","-0.00011","0","14.7","Humid","26.25","0","52.00","345012.12","SABD0000000001","AAV1.0.0.11","2.0.0.28","PSt7-10","000000-000","10/20/2017 9:36:39 AM","0000-00","0","no battery","V"
"10/20/2017","12:33:41","5","default","957498349","OXY5","84.051","min","157.189","μmol/L","Humid","21.185","deg","91642","µV","35.581","°C","1019.000","hPa","37.0","pmil","0","55.500","deg","20.000","°C","100.000","%a.s.","22.500","deg","20.000","°C","1013.000","hPa","0.861","-0.02056","0.00035","-0.00011","0","14.7","Humid","26.25","0","52.00","345007.40","SABD0000000001","AAV1.0.0.11","2.0.0.28","PSt7-10","000000-000","10/20/2017 9:36:39 AM","0000-00","0","no battery","V"
"10/20/2017","12:33:42","5","default","957498349","OXY5","84.068","min","157.091","μmol/L","Humid","21.184","deg","91644","µV","35.600","°C","1019.000","hPa","37.0","pmil","0","55.500","deg","20.000","°C","100.000","%a.s.","22.500","deg","20.000","°C","1013.000","hPa","0.861","-0.02056","0.00035","-0.00011","0","14.7","Humid","26.25","0","52.00","345008.96","SABD0000000001","AAV1.0.0.11","2.0.0.28","PSt7-10","000000-000","10/20/2017 9:36:39 AM","0000-00","0","no battery","V"
"10/20/2017","12:33:43","5","default","957498349","OXY5","84.085","min","156.974","μmol/L","Humid","21.189","deg","91650","µV","35.608","°C","1019.000","hPa","37.0","pmil","0","55.500","deg","20.000","°C","100.000","%a.s.","22.500","deg","20.000","°C","1013.000","hPa","0.861","-0.02056","0.00035","-0.00011","0","14.7","Humid","26.25","0","52.00","345016.97","SABD0000000001","AAV1.0.0.11","2.0.0.28","PSt7-10","000000-000","10/20/2017 9:36:39 AM","0000-00","0","no battery","V"
"10/20/2017","12:33:44","5","default","957498349","OXY5","84.102","min","157.066","μmol/L","Humid","21.183","deg","91649","µV","35.607","°C","1019.000","hPa","37.0","pmil","0","55.500","deg","20.000","°C","100.000","%a.s.","22.500","deg","20.000","°C","1013.000","hPa","0.861","-0.02056","0.00035","-0.00011","0","14.7","Humid","26.25","0","52.00","344996.18","SABD0000000001","AAV1.0.0.11","2.0.0.28","PSt7-10","000000-000","10/20/2017 9:36:39 AM","0000-00","0","no battery","V"
"10/20/2017","12:33:45","5","default","957498349","OXY5","84.118","min","157.013","μmol/L","Humid","21.184","deg","91651","µV","35.613","°C","1019.000","hPa","37.0","pmil","0","55.500","deg","20.000","°C","100.000","%a.s.","22.500","deg","20.000","°C","1013.000","hPa","0.861","-0.02056","0.00035","-0.00011","0","14.7","Humid","26.25","0","52.00","345001.83","SABD0000000001","AAV1.0.0.11","2.0.0.28","PSt7-10","000000-000","10/20/2017 9:36:39 AM","0000-00","0","no battery","V"
"10/20/2017","12:33:46","5","default","957498349","OXY5","84.135","min","156.913","μmol/L","Humid","21.187","deg","91659","µV","35.623","°C","1019.000","hPa","37.0","pmil","0","55.500","deg","20.000","°C","100.000","%a.s.","22.500","deg","20.000","°C","1013.000","hPa","0.861","-0.02056","0.00035","-0.00011","0","14.7","Humid","26.25","0","52.00","345004.35","SABD0000000001","AAV1.0.0.11","2.0.0.28","PSt7-10","000000-000","10/20/2017 9:36:39 AM","0000-00","0","no battery","V"
"10/20/2017","12:33:47","5","default","957498349","OXY5","84.152","min","157.052","μmol/L","Humid","21.185","deg","91662","µV","35.604","°C","1019.000","hPa","37.0","pmil","0","55.500","deg","20.000","°C","100.000","%a.s.","22.500","deg","20.000","°C","1013.000","hPa","0.861","-0.02056","0.00035","-0.00011","0","14.7","Humid","26.25","0","52.00","344994.76","SABD0000000001","AAV1.0.0.11","2.0.0.28","PSt7-10","000000-000","10/20/2017 9:36:39 AM","0000-00","0","no battery","V"
"10/20/2017","12:33:48","5","default","957498349","OXY5","84.168","min","157.025","μmol/L","Humid","21.190","deg","91661","µV","35.597","°C","1019.000","hPa","37.0","pmil","0","55.500","deg","20.000","°C","100.000","%a.s.","22.500","deg","20.000","°C","1013.000","hPa","0.861","-0.02056","0.00035","-0.00011","0","14.7","Humid","26.25","0","52.00","344997.45","SABD0000000001","AAV1.0.0.11","2.0.0.28","PSt7-10","000000-000","10/20/2017 9:36:39 AM","0000-00","0","no battery","V"
"10/20/2017","12:33:49","5","default","957498349","OXY5","84.185","min","157.112","μmol/L","Humid","21.188","deg","91669","µV","35.587","°C","1019.000","hPa","37.0","pmil","0","55.500","deg","20.000","°C","100.000","%a.s.","22.500","deg","20.000","°C","1013.000","hPa","0.861","-0.02056","0.00035","-0.00011","0","14.7","Humid","26.25","0","52.00","344996.73","SABD0000000001","AAV1.0.0.11","2.0.0.28","PSt7-10","000000-000","10/20/2017 9:36:39 AM","0000-00","0","no battery","V"
"10/20/2017","12:33:50","5","default","957498349","OXY5","84.202","min","157.020","μmol/L","Humid","21.190","deg","91675","µV","35.598","°C","1019.000","hPa","37.0","pmil","0","55.500","deg","20.000","°C","100.000","%a.s.","22.500","deg","20.000","°C","1013.000","hPa","0.861","-0.02056","0.00035","-0.00011","0","14.7","Humid","26.25","0","52.00","345003.50","SABD0000000001","AAV1.0.0.11","2.0.0.28","PSt7-10","000000-000","10/20/2017 9:36:39 AM","0000-00","0","no battery","V"
"10/20/2017","12:33:51","5","default","957498349","OXY5","84.218","min","157.004","μmol/L","Humid","21.189","deg","91749","µV","35.603","°C","1019.000","hPa","37.0","pmil","0","55.500","deg","20.000","°C","100.000","%a.s.","22.500","deg","20.000","°C","1013.000","hPa","0.861","-0.02056","0.00035","-0.00011","0","14.7","Humid","26.25","0","52.00","344986.91","SABD0000000001","AAV1.0.0.11","2.0.0.28","PSt7-10","000000-000","10/20/2017 9:36:39 AM","0000-00","0","no battery","V"
"10/20/2017","12:33:52","5","default","957498349","OXY5","84.235","min","157.033","μmol/L","Humid","21.190","deg","91696","µV","35.596","°C","1019.000","hPa","37.0","pmil","0","55.500","deg","20.000","°C","100.000","%a.s.","22.500","deg","20.000","°C","1013.000","hPa","0.861","-0.02056","0.00035","-0.00011","0","14.7","Humid","26.25","0","52.00","344985.06","SABD0000000001","AAV1.0.0.11","2.0.0.28","PSt7-10","000000-000","10/20/2017 9:36:39 AM","0000-00","0","no battery","V"
"10/20/2017","12:33:53","5","default","957498349","OXY5","84.252","min","156.904","μmol/L","Humid","21.190","deg","91635","µV","35.618","°C","1019.000","hPa","37.0","pmil","0","55.500","deg","20.000","°C","100.000","%a.s.","22.500","deg","20.000","°C","1013.000","hPa","0.861","-0.02056","0.00035","-0.00011","0","14.7","Humid","26.25","0","52.00","344984.34","SABD0000000001","AAV1.0.0.11","2.0.0.28","PSt7-10","000000-000","10/20/2017 9:36:39 AM","0000-00","0","no battery","V"
"10/20/2017","12:33:54","5","default","957498349","OXY5","84.268","min","156.978","μmol/L","Humid","21.190","deg","91799","µV","35.605","°C","1019.000","hPa","37.0","pmil","0","55.500","deg","20.000","°C","100.000","%a.s.","22.500","deg","20.000","°C","1013.000","hPa","0.861","-0.02056","0.00035","-0.00011","0","14.7","Humid","26.25","0","52.00","344969.96","SABD0000000001","AAV1.0.0.11","2.0.0.28","PSt7-10","000000-000","10/20/2017 9:36:39 AM","0000-00","0","no battery","V"
"10/20/2017","12:33:55","5","default","957498349","OXY5","84.285","min","156.975","μmol/L","Humid","21.190","deg","91781","µV","35.605","°C","1019.000","hPa","37.0","pmil","0","55.500","deg","20.000","°C","100.000","%a.s.","22.500","deg","20.000","°C","1013.000","hPa","0.861","-0.02056","0.00035","-0.00011","0","14.7","Humid","26.25","0","52.00","344971.39","SABD0000000001","AAV1.0.0.11","2.0.0.28","PSt7-10","000000-000","10/20/2017 9:36:39 AM","0000-00","0","no battery","V"
"10/20/2017","12:33:56","5","default","957498349","OXY5","84.302","min","156.878","μmol/L","Humid","21.194","deg","91774","µV","35.613","°C","1019.000","hPa","37.0","pmil","0","55.500","deg","20.000","°C","100.000","%a.s.","22.500","deg","20.000","°C","1013.000","hPa","0.861","-0.02056","0.00035","-0.00011","0","14.7","Humid","26.25","0","52.00","344982.29","SABD0000000001","AAV1.0.0.11","2.0.0.28","PSt7-10","000000-000","10/20/2017 9:36:39 AM","0000-00","0","no battery","V"
"10/20/2017","12:33:57","5","default","957498349","OXY5","84.318","min","156.828","μmol/L","Humid","21.196","deg","91778","µV","35.616","°C","1019.000","hPa","37.0","pmil","0","55.500","deg","20.000","°C","100.000","%a.s.","22.500","deg","20.000","°C","1013.000","hPa","0.861","-0.02056","0.00035","-0.00011","0","14.7","Humid","26.25","0","52.00","344988.32","SABD0000000001","AAV1.0.0.11","2.0.0.28","PSt7-10","000000-000","10/20/2017 9:36:39 AM","0000-00","0","no battery","V"
"10/20/2017","12:33:58","5","default","957498349","OXY5","84.335","min","156.930","μmol/L","Humid","21.193","deg","91784","µV","35.606","°C","1019.000","hPa","37.0","pmil","0","55.500","deg","20.000","°C","100.000","%a.s.","22.500","deg","20.000","°C","1013.000","hPa","0.861","-0.02056","0.00035","-0.00011","0","14.7","Humid","26.25","0","52.00","344980.24","SABD0000000001","AAV1.0.0.11","2.0.0.28","PSt7-10","000000-000","10/20/2017 9:36:39 AM","0000-00","0","no battery","V"
"10/20/2017","12:33:59","5","default","957498349","OXY5","84.352","min","156.955","μmol/L","Humid","21.191","deg","91775","µV","35.607","°C","1019.000","hPa","37.0","pmil","0","55.500","deg","20.000","°C","100.000","%a.s.","22.500","deg","20.000","°C","1013.000","hPa","0.861","-0.02056","0.00035","-0.00011","0","14.7","Humid","26.25","0","52.00","344967.94","SABD0000000001","AAV1.0.0.11","2.0.0.28","PSt7-10","000000-000","10/20/2017 9:36:39 AM","0000-00","0","no battery","V"
"10/20/2017","12:34:00","5","default","957498349","OXY5","84.368","min","156.934","μmol/L","Humid","21.194","deg","91780","µV","35.603","°C","1019.000","hPa","37.0","pmil","0","55.500","deg","20.000","°C","100.000","%a.s.","22.500","deg","20.000","°C","1013.000","hPa","0.861","-0.02056","0.00035","-0.00011","0","14.7","Humid","26.25","0","52.00","344982.76","SABD0000000001","AAV1.0.0.11","2.0.0.28","PSt7-10","000000-000","10/20/2017 9:36:39 AM","0000-00","0","no battery","V"
"10/20/2017","12:34:01","5","default","957498349","OXY5","84.385","min","156.904","μmol/L","Humid","21.198","deg","91786","µV","35.599","°C","1019.000","hPa","37.0","pmil","0","55.500","deg","20.000","°C","100.000","%a.s.","22.500","deg","20.000","°C","1013.000","hPa","0.861","-0.02056","0.00035","-0.00011","0","14.7","Humid","26.25","0","52.00","344973.16","SABD0000000001","AAV1.0.0.11","2.0.0.28","PSt7-10","000000-000","10/20/2017 9:36:39 AM","0000-00","0","no battery","V"
"10/20/2017","12:34:02","5","default","957498349","OXY5","84.402","min","156.788","μmol/L","Humid","21.200","deg","91792","µV","35.613","°C","1019.000","hPa","37.0","pmil","0","55.500","deg","20.000","°C","100.000","%a.s.","22.500","deg","20.000","°C","1013.000","hPa","0.861","-0.02056","0.00035","-0.00011","0","14.7","Humid","26.25","0","52.00","344964.80","SABD0000000001","AAV1.0.0.11","2.0.0.28","PSt7-10","000000-000","10/20/2017 9:36:39 AM","0000-00","0","no battery","V"
"10/20/2017","12:34:03","5","default","957498349","OXY5","84.418","min","156.885","μmol/L","Humid","21.198","deg","91790","µV","35.602","°C","1019.000","hPa","37.0","pmil","0","55.500","deg","20.000","°C","100.000","%a.s.","22.500","deg","20.000","°C","1013.000","hPa","0.861","-0.02056","0.00035","-0.00011","0","14.7","Humid","26.25","0","52.00","344959.65","SABD0000000001","AAV1.0.0.11","2.0.0.28","PSt7-10","000000-000","10/20/2017 9:36:39 AM","0000-00","0","no battery","V"
"10/20/2017","12:34:04","5","default","957498349","OXY5","84.434","min","156.909","μmol/L","Humid","21.194","deg","91792","µV","35.607","°C","1019.000","hPa","37.0","pmil","0","55.500","deg","20.000","°C","100.000","%a.s.","22.500","deg","20.000","°C","1013.000","hPa","0.861","-0.02056","0.00035","-0.00011","0","14.7","Humid","26.25","0","52.00","344958.43","SABD0000000001","AAV1.0.0.11","2.0.0.28","PSt7-10","000000-000","10/20/2017 9:36:39 AM","0000-00","0","no battery","V"
"10/20/2017","12:34:05","5","default","957498349","OXY5","84.451","min","156.966","μmol/L","Humid","21.193","deg","91791","µV","35.600","°C","1019.000","hPa","37.0","pmil","0","55.500","deg","20.000","°C","100.000","%a.s.","22.500","deg","20.000","°C","1013.000","hPa","0.861","-0.02056","0.00035","-0.00011","0","14.7","Humid","26.25","0","52.00","344950.97","SABD0000000001","AAV1.0.0.11","2.0.0.28","PSt7-10","000000-000","10/20/2017 9:36:39 AM","0000-00","0","no battery","V"
"10/20/2017","12:34:06","5","default","957498349","OXY5","84.468","min","156.828","μmol/L","Humid","21.201","deg","91794","µV","35.604","°C","1019.000","hPa","37.0","pmil","0","55.500","deg","20.000","°C","100.000","%a.s.","22.500","deg","20.000","°C","1013.000","hPa","0.861","-0.02056","0.00035","-0.00011","0","14.7","Humid","26.25","0","52.00","344960.07","SABD0000000001","AAV1.0.0.11","2.0.0.28","PSt7-10","000000-000","10/20/2017 9:36:39 AM","0000-00","0","no battery","V"
"10/20/2017","12:34:07","5","default","957498349","OXY5","84.484","min","156.986","μmol/L","Humid","21.192","deg","91799","µV","35.599","°C","1019.000","hPa","37.0","pmil","0","55.500","deg","20.000","°C","100.000","%a.s.","22.500","deg","20.000","°C","1013.000","hPa","0.861","-0.02056","0.00035","-0.00011","0","14.7","Humid","26.25","0","52.00","344973.01","SABD0000000001","AAV1.0.0.11","2.0.0.28","PSt7-10","000000-000","10/20/2017 9:36:39 AM","0000-00","0","no battery","V"
"10/20/2017","12:34:08","5","default","957498349","OXY5","84.501","min","156.961","μmol/L","Humid","21.197","deg","91804","µV","35.591","°C","1019.000","hPa","37.0","pmil","0","55.500","deg","20.000","°C","100.000","%a.s.","22.500","deg","20.000","°C","1013.000","hPa","0.861","-0.02056","0.00035","-0.00011","0","14.7","Humid","26.25","0","52.00","344962.06","SABD0000000001","AAV1.0.0.11","2.0.0.28","PSt7-10","000000-000","10/20/2017 9:36:39 AM","0000-00","0","no battery","V"
"10/20/2017","12:34:09","5","default","957498349","OXY5","84.518","min","157.027","μmol/L","Humid","21.195","deg","91808","µV","35.585","°C","1019.000","hPa","37.0","pmil","0","55.500","deg","20.000","°C","100.000","%a.s.","22.500","deg","20.000","°C","1013.000","hPa","0.861","-0.02056","0.00035","-0.00011","0","14.7","Humid","26.25","0","52.00","344966.06","SABD0000000001","AAV1.0.0.11","2.0.0.28","PSt7-10","000000-000","10/20/2017 9:36:39 AM","0000-00","0","no battery","V"
"10/20/2017","12:34:10","5","default","957498349","OXY5","84.534","min","156.930","μmol/L","Humid","21.197","deg","91812","µV","35.596","°C","1019.000","hPa","37.0","pmil","0","55.500","deg","20.000","°C","100.000","%a.s.","22.500","deg","20.000","°C","1013.000","hPa","0.861","-0.02056","0.00035","-0.00011","0","14.7","Humid","26.25","0","52.00","344961.84","SABD0000000001","AAV1.0.0.11","2.0.0.28","PSt7-10","000000-000","10/20/2017 9:36:39 AM","0000-00","0","no battery","V"
"10/20/2017","12:34:11","5","default","957498349","OXY5","84.551","min","156.972","μmol/L","Humid","21.194","deg","91807","µV","35.596","°C","1019.000","hPa","37.0","pmil","0","55.500","deg","20.000","°C","100.000","%a.s.","22.500","deg","20.000","°C","1013.000","hPa","0.861","-0.02056","0.00035","-0.00011","0","14.7","Humid","26.25","0","52.00","344953.47","SABD0000000001","AAV1.0.0.11","2.0.0.28","PSt7-10","000000-000","10/20/2017 9:36:39 AM","0000-00","0","no battery","V"
"10/20/2017","12:34:12","5","default","957498349","OXY5","84.568","min","156.908","μmol/L","Humid","21.196","deg","91905","µV","35.603","°C","1019.000","hPa","37.0","pmil","0","55.500","deg","20.000","°C","100.000","%a.s.","22.500","deg","20.000","°C","1013.000","hPa","0.861","-0.02056","0.00035","-0.00011","0","14.7","Humid","26.25","0","52.00","344940.34","SABD0000000001","AAV1.0.0.11","2.0.0.28","PSt7-10","000000-000","10/20/2017 9:36:39 AM","0000-00","0","no battery","V"
"10/20/2017","12:34:13","5","default","957498349","OXY5","84.585","min","156.728","μmol/L","Humid","21.198","deg","91894","µV","35.628","°C","1019.000","hPa","37.0","pmil","0","55.500","deg","20.000","°C","100.000","%a.s.","22.500","deg","20.000","°C","1013.000","hPa","0.861","-0.02056","0.00035","-0.00011","0","14.7","Humid","26.25","0","52.00","344953.00","SABD0000000001","AAV1.0.0.11","2.0.0.28","PSt7-10","000000-000","10/20/2017 9:36:39 AM","0000-00","0","no battery","V"
"10/20/2017","12:34:14","5","default","957498349","OXY5","84.601","min","156.813","μmol/L","Humid","21.200","deg","91867","µV","35.609","°C","1019.000","hPa","37.0","pmil","0","55.500","deg","20.000","°C","100.000","%a.s.","22.500","deg","20.000","°C","1013.000","hPa","0.861","-0.02056","0.00035","-0.00011","0","14.7","Humid","26.25","0","52.00","344938.37","SABD0000000001","AAV1.0.0.11","2.0.0.28","PSt7-10","000000-000","10/20/2017 9:36:39 AM","0000-00","0","no battery","V"
"10/20/2017","12:34:15","5","default","957498349","OXY5","84.618","min","156.859","μmol/L","Humid","21.197","deg","91865","µV","35.609","°C","1019.000","hPa","37.0","pmil","0","55.500","deg","20.000","°C","100.000","%a.s.","22.500","deg","20.000","°C","1013.000","hPa","0.861","-0.02056","0.00035","-0.00011","0","14.7","Humid","26.25","0","52.00","344951.86","SABD0000000001","AAV1.0.0.11","2.0.0.28","PSt7-10","000000-000","10/20/2017 9:36:39 AM","0000-00","0","no battery","V"
"10/20/2017","12:34:16","5","default","957498349","OXY5","84.635","min","156.859","μmol/L","Humid","21.198","deg","91867","µV","35.606","°C","1019.000","hPa","37.0","pmil","0","55.500","deg","20.000","°C","100.000","%a.s.","22.500","deg","20.000","°C","1013.000","hPa","0.861","-0.02056","0.00035","-0.00011","0","14.7","Humid","26.25","0","52.00","344952.56","SABD0000000001","AAV1.0.0.11","2.0.0.28","PSt7-10","000000-000","10/20/2017 9:36:39 AM","0000-00","0","no battery","V"
"10/20/2017","12:34:17","5","default","957498349","OXY5","84.651","min","156.821","μmol/L","Humid","21.199","deg","91867","µV","35.610","°C","1019.000","hPa","37.0","pmil","0","55.500","deg","20.000","°C","100.000","%a.s.","22.500","deg","20.000","°C","1013.000","hPa","0.861","-0.02056","0.00035","-0.00011","0","14.7","Humid","26.25","0","52.00","344945.54","SABD0000000001","AAV1.0.0.11","2.0.0.28","PSt7-10","000000-000","10/20/2017 9:36:39 AM","0000-00","0","no battery","V"
"10/20/2017","12:34:18","5","default","957498349","OXY5","84.668","min","156.824","μmol/L","Humid","21.201","deg","91863","µV","35.605","°C","1019.000","hPa","37.0","pmil","0","55.500","deg","20.000","°C","100.000","%a.s.","22.500","deg","20.000","°C","1013.000","hPa","0.861","-0.02056","0.00035","-0.00011","0","14.7","Humid","26.25","0","52.00","344935.47","SABD0000000001","AAV1.0.0.11","2.0.0.28","PSt7-10","000000-000","10/20/2017 9:36:39 AM","0000-00","0","no battery","V"
"10/20/2017","12:34:19","5","default","957498349","OXY5","84.685","min","156.950","μmol/L","Humid","21.199","deg","91889","µV","35.588","°C","1019.000","hPa","37.0","pmil","0","55.500","deg","20.000","°C","100.000","%a.s.","22.500","deg","20.000","°C","1013.000","hPa","0.861","-0.02056","0.00035","-0.00011","0","14.7","Humid","26.25","0","52.00","344944.48","SABD0000000001","AAV1.0.0.11","2.0.0.28","PSt7-10","000000-000","10/20/2017 9:36:39 AM","0000-00","0","no battery","V"
"10/20/2017","12:34:20","5","default","957498349","OXY5","84.701","min","156.913","μmol/L","Humid","21.198","deg","91901","µV","35.597","°C","1019.000","hPa","37.0","pmil","0","55.500","deg","20.000","°C","100.000","%a.s.","22.500","deg","20.000","°C","1013.000","hPa","0.861","-0.02056","0.00035","-0.00011","0","14.7","Humid","26.25","0","52.00","344932.35","SABD0000000001","AAV1.0.0.11","2.0.0.28","PSt7-10","000000-000","10/20/2017 9:36:39 AM","0000-00","0","no battery","V"
"10/20/2017","12:34:21","5","default","957498349","OXY5","84.718","min","156.853","μmol/L","Humid","21.199","deg","91895","µV","35.605","°C","1019.000","hPa","37.0","pmil","0","55.500","deg","20.000","°C","100.000","%a.s.","22.500","deg","20.000","°C","1013.000","hPa","0.861","-0.02056","0.00035","-0.00011","0","14.7","Humid","26.25","0","52.00","344938.83","SABD0000000001","AAV1.0.0.11","2.0.0.28","PSt7-10","000000-000","10/20/2017 9:36:39 AM","0000-00","0","no battery","V"
"10/20/2017","12:34:22","5","default","957498349","OXY5","84.735","min","156.753","μmol/L","Humid","21.204","deg","91886","µV","35.610","°C","1019.000","hPa","37.0","pmil","0","55.500","deg","20.000","°C","100.000","%a.s.","22.500","deg","20.000","°C","1013.000","hPa","0.861","-0.02056","0.00035","-0.00011","0","14.7","Humid","26.25","0","52.00","344932.05","SABD0000000001","AAV1.0.0.11","2.0.0.28","PSt7-10","000000-000","10/20/2017 9:36:39 AM","0000-00","0","no battery","V"
"10/20/2017","12:34:23","5","default","957498349","OXY5","84.751","min","156.786","μmol/L","Humid","21.202","deg","91734","µV","35.609","°C","1019.000","hPa","37.0","pmil","0","55.500","deg","20.000","°C","100.000","%a.s.","22.500","deg","20.000","°C","1013.000","hPa","0.861","-0.02056","0.00035","-0.00011","0","14.7","Humid","26.25","0","52.00","344933.34","SABD0000000001","AAV1.0.0.11","2.0.0.28","PSt7-10","000000-000","10/20/2017 9:36:39 AM","0000-00","0","no battery","V"
"10/20/2017","12:34:24","5","default","957498349","OXY5","84.768","min","156.874","μmol/L","Humid","21.202","deg","91796","µV","35.594","°C","1019.000","hPa","37.0","pmil","0","55.500","deg","20.000","°C","100.000","%a.s.","22.500","deg","20.000","°C","1013.000","hPa","0.861","-0.02056","0.00035","-0.00011","0","14.7","Humid","26.25","0","52.00","344926.92","SABD0000000001","AAV1.0.0.11","2.0.0.28","PSt7-10","000000-000","10/20/2017 9:36:39 AM","0000-00","0","no battery","V"
"10/20/2017","12:34:25","5","default","957498349","OXY5","84.785","min","156.884","μmol/L","Humid","21.200","deg","91925","µV","35.597","°C","1019.000","hPa","37.0","pmil","0","55.500","deg","20.000","°C","100.000","%a.s.","22.500","deg","20.000","°C","1013.000","hPa","0.861","-0.02056","0.00035","-0.00011","0","14.7","Humid","26.25","0","52.00","344921.17","SABD0000000001","AAV1.0.0.11","2.0.0.28","PSt7-10","000000-000","10/20/2017 9:36:39 AM","0000-00","0","no battery","V"
"10/20/2017","12:34:26","5","default","957498349","OXY5","84.801","min","156.936","μmol/L","Humid","21.198","deg","91907","µV","35.593","°C","1019.000","hPa","37.0","pmil","0","55.500","deg","20.000","°C","100.000","%a.s.","22.500","deg","20.000","°C","1013.000","hPa","0.861","-0.02056","0.00035","-0.00011","0","14.7","Humid","26.25","0","52.00","344924.23","SABD0000000001","AAV1.0.0.11","2.0.0.28","PSt7-10","000000-000","10/20/2017 9:36:39 AM","0000-00","0","no battery","V"
"10/20/2017","12:34:27","5","default","957498349","OXY5","84.818","min","156.840","μmol/L","Humid","21.202","deg","91858","µV","35.600","°C","1019.000","hPa","37.0","pmil","0","55.500","deg","20.000","°C","100.000","%a.s.","22.500","deg","20.000","°C","1013.000","hPa","0.861","-0.02056","0.00035","-0.00011","0","14.7","Humid","26.25","0","52.00","344930.29","SABD0000000001","AAV1.0.0.11","2.0.0.28","PSt7-10","000000-000","10/20/2017 9:36:39 AM","0000-00","0","no battery","V"
"10/20/2017","12:34:28","5","default","957498349","OXY5","84.835","min","156.910","μmol/L","Humid","21.199","deg","91980","µV","35.595","°C","1019.000","hPa","37.0","pmil","0","55.500","deg","20.000","°C","100.000","%a.s.","22.500","deg","20.000","°C","1013.000","hPa","0.861","-0.02056","0.00035","-0.00011","0","14.7","Humid","26.25","0","52.00","344922.16","SABD0000000001","AAV1.0.0.11","2.0.0.28","PSt7-10","000000-000","10/20/2017 9:36:39 AM","0000-00","0","no battery","V"
"10/20/2017","12:34:29","5","default","957498349","OXY5","84.851","min","156.820","μmol/L","Humid","21.203","deg","91936","µV","35.601","°C","1019.000","hPa","37.0","pmil","0","55.500","deg","20.000","°C","100.000","%a.s.","22.500","deg","20.000","°C","1013.000","hPa","0.861","-0.02056","0.00035","-0.00011","0","14.7","Humid","26.25","0","52.00","344927.15","SABD0000000001","AAV1.0.0.11","2.0.0.28","PSt7-10","000000-000","10/20/2017 9:36:39 AM","0000-00","0","no battery","V"
"10/20/2017","12:34:30","5","default","957498349","OXY5","84.868","min","156.959","μmol/L","Humid","21.201","deg","92104","µV","35.582","°C","1019.000","hPa","37.0","pmil","0","55.500","deg","20.000","°C","100.000","%a.s.","22.500","deg","20.000","°C","1013.000","hPa","0.861","-0.02056","0.00035","-0.00011","0","14.7","Humid","26.25","0","52.00","344914.57","SABD0000000001","AAV1.0.0.11","2.0.0.28","PSt7-10","000000-000","10/20/2017 9:36:39 AM","0000-00","0","no battery","V"
"10/20/2017","12:34:31","5","default","957498349","OXY5","84.885","min","156.786","μmol/L","Humid","21.204","deg","92040","µV","35.604","°C","1019.000","hPa","37.0","pmil","0","55.500","deg","20.000","°C","100.000","%a.s.","22.500","deg","20.000","°C","1013.000","hPa","0.861","-0.02056","0.00035","-0.00011","0","14.7","Humid","26.25","0","52.00","344915.61","SABD0000000001","AAV1.0.0.11","2.0.0.28","PSt7-10","000000-000","10/20/2017 9:36:39 AM","0000-00","0","no battery","V"
"10/20/2017","12:34:32","5","default","957498349","OXY5","84.901","min","156.843","μmol/L","Humid","21.202","deg","91816","µV","35.599","°C","1019.000","hPa","37.0","pmil","0","55.500","deg","20.000","°C","100.000","%a.s.","22.500","deg","20.000","°C","1013.000","hPa","0.861","-0.02056","0.00035","-0.00011","0","14.7","Humid","26.25","0","52.00","344926.98","SABD0000000001","AAV1.0.0.11","2.0.0.28","PSt7-10","000000-000","10/20/2017 9:36:39 AM","0000-00","0","no battery","V"
"10/20/2017","12:34:33","5","default","957498349","OXY5","84.918","min","156.876","μmol/L","Humid","21.200","deg","91801","µV","35.599","°C","1019.000","hPa","37.0","pmil","0","55.500","deg","20.000","°C","100.000","%a.s.","22.500","deg","20.000","°C","1013.000","hPa","0.861","-0.02056","0.00035","-0.00011","0","14.7","Humid","26.25","0","52.00","344917.24","SABD0000000001","AAV1.0.0.11","2.0.0.28","PSt7-10","000000-000","10/20/2017 9:36:39 AM","0000-00","0","no battery","V"
"10/20/2017","12:34:34","5","default","957498349","OXY5","84.935","min","156.864","μmol/L","Humid","21.201","deg","91389","µV","35.598","°C","1019.000","hPa","37.0","pmil","0","55.500","deg","20.000","°C","100.000","%a.s.","22.500","deg","20.000","°C","1013.000","hPa","0.861","-0.02056","0.00035","-0.00011","0","14.7","Humid","26.25","0","52.00","344915.99","SABD0000000001","AAV1.0.0.11","2.0.0.28","PSt7-10","000000-000","10/20/2017 9:36:39 AM","0000-00","0","no battery","V"
"10/20/2017","12:34:35","5","default","957498349","OXY5","84.951","min","156.855","μmol/L","Humid","21.200","deg","91126","µV","35.602","°C","1019.000","hPa","37.0","pmil","0","55.500","deg","20.000","°C","100.000","%a.s.","22.500","deg","20.000","°C","1013.000","hPa","0.861","-0.02056","0.00035","-0.00011","0","14.7","Humid","26.25","0","52.00","344923.98","SABD0000000001","AAV1.0.0.11","2.0.0.28","PSt7-10","000000-000","10/20/2017 9:36:39 AM","0000-00","0","no battery","V"
"10/20/2017","12:34:36","5","default","957498349","OXY5","84.968","min","156.868","μmol/L","Humid","21.197","deg","91034","µV","35.607","°C","1019.000","hPa","37.0","pmil","0","55.500","deg","20.000","°C","100.000","%a.s.","22.500","deg","20.000","°C","1013.000","hPa","0.861","-0.02056","0.00035","-0.00011","0","14.7","Humid","26.25","0","52.00","344908.26","SABD0000000001","AAV1.0.0.11","2.0.0.28","PSt7-10","000000-000","10/20/2017 9:36:39 AM","0000-00","0","no battery","V"
"10/20/2017","12:34:37","5","default","957498349","OXY5","84.985","min","156.792","μmol/L","Humid","21.205","deg","91024","µV","35.601","°C","1019.000","hPa","37.0","pmil","0","55.500","deg","20.000","°C","100.000","%a.s.","22.500","deg","20.000","°C","1013.000","hPa","0.861","-0.02056","0.00035","-0.00011","0","14.7","Humid","26.25","0","52.00","344935.85","SABD0000000001","AAV1.0.0.11","2.0.0.28","PSt7-10","000000-000","10/20/2017 9:36:39 AM","0000-00","0","no battery","V"
"10/20/2017","12:34:38","5","default","957498349","OXY5","85.002","min","156.896","μmol/L","Humid","21.201","deg","90901","µV","35.593","°C","1019.000","hPa","37.0","pmil","0","55.500","deg","20.000","°C","100.000","%a.s.","22.500","deg","20.000","°C","1013.000","hPa","0.861","-0.02056","0.00035","-0.00011","0","14.7","Humid","26.25","0","52.00","344919.75","SABD0000000001","AAV1.0.0.11","2.0.0.28","PSt7-10","000000-000","10/20/2017 9:36:39 AM","0000-00","0","no battery","V"
"10/20/2017","12:34:39","5","default","957498349","OXY5","85.018","min","156.878","μmol/L","Humid","21.201","deg","91127","µV","35.596","°C","1019.000","hPa","37.0","pmil","0","55.500","deg","20.000","°C","100.000","%a.s.","22.500","deg","20.000","°C","1013.000","hPa","0.861","-0.02056","0.00035","-0.00011","0","14.7","Humid","26.25","0","52.00","344909.43","SABD0000000001","AAV1.0.0.11","2.0.0.28","PSt7-10","000000-000","10/20/2017 9:36:39 AM","0000-00","0","no battery","V"
"10/20/2017","12:34:40","5","default","957498349","OXY5","85.035","min","156.891","μmol/L","Humid","21.200","deg","90905","µV","35.596","°C","1019.000","hPa","37.0","pmil","0","55.500","deg","20.000","°C","100.000","%a.s.","22.500","deg","20.000","°C","1013.000","hPa","0.861","-0.02056","0.00035","-0.00011","0","14.7","Humid","26.25","0","52.00","344922.45","SABD0000000001","AAV1.0.0.11","2.0.0.28","PSt7-10","000000-000","10/20/2017 9:36:39 AM","0000-00","0","no battery","V"
"10/20/2017","12:34:41","5","default","957498349","OXY5","85.052","min","156.726","μmol/L","Humid","21.206","deg","91819","µV","35.610","°C","1019.000","hPa","37.0","pmil","0","55.500","deg","20.000","°C","100.000","%a.s.","22.500","deg","20.000","°C","1013.000","hPa","0.861","-0.02056","0.00035","-0.00011","0","14.7","Humid","26.25","0","52.00","344905.66","SABD0000000001","AAV1.0.0.11","2.0.0.28","PSt7-10","000000-000","10/20/2017 9:36:39 AM","0000-00","0","no battery","V"
"10/20/2017","12:34:42","5","default","957498349","OXY5","85.068","min","156.839","μmol/L","Humid","21.199","deg","91846","µV","35.607","°C","1019.000","hPa","37.0","pmil","0","55.500","deg","20.000","°C","100.000","%a.s.","22.500","deg","20.000","°C","1013.000","hPa","0.861","-0.02056","0.00035","-0.00011","0","14.7","Humid","26.25","0","52.00","344904.95","SABD0000000001","AAV1.0.0.11","2.0.0.28","PSt7-10","000000-000","10/20/2017 9:36:39 AM","0000-00","0","no battery","V"
"10/20/2017","12:34:43","5","default","957498349","OXY5","85.085","min","156.901","μmol/L","Humid","21.199","deg","91838","µV","35.597","°C","1019.000","hPa","37.0","pmil","0","55.500","deg","20.000","°C","100.000","%a.s.","22.500","deg","20.000","°C","1013.000","hPa","0.861","-0.02056","0.00035","-0.00011","0","14.7","Humid","26.25","0","52.00","344909.97","SABD0000000001","AAV1.0.0.11","2.0.0.28","PSt7-10","000000-000","10/20/2017 9:36:39 AM","0000-00","0","no battery","V"
"10/20/2017","12:34:44","5","default","957498349","OXY5","85.102","min","156.780","μmol/L","Humid","21.205","deg","91852","µV","35.603","°C","1019.000","hPa","37.0","pmil","0","55.500","deg","20.000","°C","100.000","%a.s.","22.500","deg","20.000","°C","1013.000","hPa","0.861","-0.02056","0.00035","-0.00011","0","14.7","Humid","26.25","0","52.00","344912.32","SABD0000000001","AAV1.0.0.11","2.0.0.28","PSt7-10","000000-000","10/20/2017 9:36:39 AM","0000-00","0","no battery","V"
"10/20/2017","12:34:45","5","default","957498349","OXY5","85.118","min","156.861","μmol/L","Humid","21.202","deg","91843","µV","35.596","°C","1019.000","hPa","37.0","pmil","0","55.500","deg","20.000","°C","100.000","%a.s.","22.500","deg","20.000","°C","1013.000","hPa","0.861","-0.02056","0.00035","-0.00011","0","14.7","Humid","26.25","0","52.00","344906.02","SABD0000000001","AAV1.0.0.11","2.0.0.28","PSt7-10","000000-000","10/20/2017 9:36:39 AM","0000-00","0","no battery","V"
"10/20/2017","12:34:46","5","default","957498349","OXY5","85.135","min","156.765","μmol/L","Humid","21.206","deg","91839","µV","35.603","°C","1019.000","hPa","37.0","pmil","0","55.500","deg","20.000","°C","100.000","%a.s.","22.500","deg","20.000","°C","1013.000","hPa","0.861","-0.02056","0.00035","-0.00011","0","14.7","Humid","26.25","0","52.00","344880.94","SABD0000000001","AAV1.0.0.11","2.0.0.28","PSt7-10","000000-000","10/20/2017 9:36:39 AM","0000-00","0","no battery","V"
"10/20/2017","12:34:47","5","default","957498349","OXY5","85.152","min","156.833","μmol/L","Humid","21.202","deg","91846","µV","35.601","°C","1019.000","hPa","37.0","pmil","0","55.500","deg","20.000","°C","100.000","%a.s.","22.500","deg","20.000","°C","1013.000","hPa","0.861","-0.02056","0.00035","-0.00011","0","14.7","Humid","26.25","0","52.00","344907.31","SABD0000000001","AAV1.0.0.11","2.0.0.28","PSt7-10","000000-000","10/20/2017 9:36:39 AM","0000-00","0","no battery","V"
"10/20/2017","12:34:48","5","default","957498349","OXY5","85.168","min","156.894","μmol/L","Humid","21.205","deg","91839","µV","35.583","°C","1019.000","hPa","37.0","pmil","0","55.500","deg","20.000","°C","100.000","%a.s.","22.500","deg","20.000","°C","1013.000","hPa","0.861","-0.02056","0.00035","-0.00011","0","14.7","Humid","26.25","0","52.00","344883.44","SABD0000000001","AAV1.0.0.11","2.0.0.28","PSt7-10","000000-000","10/20/2017 9:36:39 AM","0000-00","0","no battery","V"
"10/20/2017","12:34:49","5","default","957498349","OXY5","85.185","min","156.810","μmol/L","Humid","21.201","deg","91839","µV","35.607","°C","1019.000","hPa","37.0","pmil","0","55.500","deg","20.000","°C","100.000","%a.s.","22.500","deg","20.000","°C","1013.000","hPa","0.861","-0.02056","0.00035","-0.00011","0","14.7","Humid","26.25","0","52.00","344888.97","SABD0000000001","AAV1.0.0.11","2.0.0.28","PSt7-10","000000-000","10/20/2017 9:36:39 AM","0000-00","0","no battery","V"
"10/20/2017","12:34:50","5","default","957498349","OXY5","85.202","min","156.710","μmol/L","Humid","21.205","deg","91832","µV","35.615","°C","1019.000","hPa","37.0","pmil","0","55.500","deg","20.000","°C","100.000","%a.s.","22.500","deg","20.000","°C","1013.000","hPa","0.861","-0.02056","0.00035","-0.00011","0","14.7","Humid","26.25","0","52.00","344899.13","SABD0000000001","AAV1.0.0.11","2.0.0.28","PSt7-10","000000-000","10/20/2017 9:36:39 AM","0000-00","0","no battery","V"
"10/20/2017","12:34:51","5","default","957498349","OXY5","85.218","min","156.721","μmol/L","Humid","21.204","deg","91846","µV","35.615","°C","1019.000","hPa","37.0","pmil","0","55.500","deg","20.000","°C","100.000","%a.s.","22.500","deg","20.000","°C","1013.000","hPa","0.861","-0.02056","0.00035","-0.00011","0","14.7","Humid","26.25","0","52.00","344886.87","SABD0000000001","AAV1.0.0.11","2.0.0.28","PSt7-10","000000-000","10/20/2017 9:36:39 AM","0000-00","0","no battery","V"
"10/20/2017","12:34:52","5","default","957498349","OXY5","85.234","min","156.805","μmol/L","Humid","21.203","deg","91768","µV","35.603","°C","1019.000","hPa","37.0","pmil","0","55.500","deg","20.000","°C","100.000","%a.s.","22.500","deg","20.000","°C","1013.000","hPa","0.861","-0.02056","0.00035","-0.00011","0","14.7","Humid","26.25","0","52.00","344874.77","SABD0000000001","AAV1.0.0.11","2.0.0.28","PSt7-10","000000-000","10/20/2017 9:36:39 AM","0000-00","0","no battery","V"
"10/20/2017","12:34:53","5","default","957498349","OXY5","85.251","min","156.902","μmol/L","Humid","21.201","deg","91767","µV","35.592","°C","1019.000","hPa","37.0","pmil","0","55.500","deg","20.000","°C","100.000","%a.s.","22.500","deg","20.000","°C","1013.000","hPa","0.861","-0.02056","0.00035","-0.00011","0","14.7","Humid","26.25","0","52.00","344881.59","SABD0000000001","AAV1.0.0.11","2.0.0.28","PSt7-10","000000-000","10/20/2017 9:36:39 AM","0000-00","0","no battery","V"
"10/20/2017","12:34:54","5","default","957498349","OXY5","85.268","min","156.790","μmol/L","Humid","21.203","deg","91769","µV","35.606","°C","1019.000","hPa","37.0","pmil","0","55.500","deg","20.000","°C","100.000","%a.s.","22.500","deg","20.000","°C","1013.000","hPa","0.861","-0.02056","0.00035","-0.00011","0","14.7","Humid","26.25","0","52.00","344889.64","SABD0000000001","AAV1.0.0.11","2.0.0.28","PSt7-10","000000-000","10/20/2017 9:36:39 AM","0000-00","0","no battery","V"
"10/20/2017","12:34:55","5","default","957498349","OXY5","85.284","min","156.670","μmol/L","Humid","21.209","deg","91808","µV","35.612","°C","1019.000","hPa","37.0","pmil","0","55.500","deg","20.000","°C","100.000","%a.s.","22.500","deg","20.000","°C","1013.000","hPa","0.861","-0.02056","0.00035","-0.00011","0","14.7","Humid","26.25","0","52.00","344878.80","SABD0000000001","AAV1.0.0.11","2.0.0.28","PSt7-10","000000-000","10/20/2017 9:36:39 AM","0000-00","0","no battery","V"
"10/20/2017","12:34:56","5","default","957498349","OXY5","85.301","min","156.740","μmol/L","Humid","21.205","deg","91594","µV","35.610","°C","1019.000","hPa","37.0","pmil","0","55.500","deg","20.000","°C","100.000","%a.s.","22.500","deg","20.000","°C","1013.000","hPa","0.861","-0.02056","0.00035","-0.00011","0","14.7","Humid","26.25","0","52.00","344875.91","SABD0000000001","AAV1.0.0.11","2.0.0.28","PSt7-10","000000-000","10/20/2017 9:36:39 AM","0000-00","0","no battery","V"
"10/20/2017","12:34:57","5","default","957498349","OXY5","85.318","min","156.867","μmol/L","Humid","21.203","deg","91417","µV","35.593","°C","1019.000","hPa","37.0","pmil","0","55.500","deg","20.000","°C","100.000","%a.s.","22.500","deg","20.000","°C","1013.000","hPa","0.861","-0.02056","0.00035","-0.00011","0","14.7","Humid","26.25","0","52.00","344868.37","SABD0000000001","AAV1.0.0.11","2.0.0.28","PSt7-10","000000-000","10/20/2017 9:36:39 AM","0000-00","0","no battery","V"
"10/20/2017","12:34:58","5","default","957498349","OXY5","85.334","min","156.828","μmol/L","Humid","21.207","deg","91406","µV","35.590","°C","1019.000","hPa","37.0","pmil","0","55.500","deg","20.000","°C","100.000","%a.s.","22.500","deg","20.000","°C","1013.000","hPa","0.861","-0.02056","0.00035","-0.00011","0","14.7","Humid","26.25","0","52.00","344879.98","SABD0000000001","AAV1.0.0.11","2.0.0.28","PSt7-10","000000-000","10/20/2017 9:36:39 AM","0000-00","0","no battery","V"
"10/20/2017","12:34:59","5","default","957498349","OXY5","85.351","min","156.835","μmol/L","Humid","21.202","deg","91495","µV","35.601","°C","1019.000","hPa","37.0","pmil","0","55.500","deg","20.000","°C","100.000","%a.s.","22.500","deg","20.000","°C","1013.000","hPa","0.861","-0.02056","0.00035","-0.00011","0","14.7","Humid","26.25","0","52.00","344866.77","SABD0000000001","AAV1.0.0.11","2.0.0.28","PSt7-10","000000-000","10/20/2017 9:36:39 AM","0000-00","0","no battery","V"
"10/20/2017","12:35:00","5","default","957498349","OXY5","85.368","min","156.741","μmol/L","Humid","21.202","deg","91479","µV","35.617","°C","1019.000","hPa","37.0","pmil","0","55.500","deg","20.000","°C","100.000","%a.s.","22.500","deg","20.000","°C","1013.000","hPa","0.861","-0.02056","0.00035","-0.00011","0","14.7","Humid","26.25","0","52.00","344863.88","SABD0000000001","AAV1.0.0.11","2.0.0.28","PSt7-10","000000-000","10/20/2017 9:36:39 AM","0000-00","0","no battery","V"
"10/20/2017","12:35:01","5","default","957498349","OXY5","85.384","min","156.685","μmol/L","Humid","21.205","deg","91492","µV","35.619","°C","1019.000","hPa","37.0","pmil","0","55.500","deg","20.000","°C","100.000","%a.s.","22.500","deg","20.000","°C","1013.000","hPa","0.861","-0.02056","0.00035","-0.00011","0","14.7","Humid","26.25","0","52.00","344868.58","SABD0000000001","AAV1.0.0.11","2.0.0.28","PSt7-10","000000-000","10/20/2017 9:36:39 AM","0000-00","0","no battery","V"
"10/20/2017","12:35:02","5","default","957498349","OXY5","85.401","min","156.760","μmol/L","Humid","21.206","deg","91497","µV","35.604","°C","1019.000","hPa","37.0","pmil","0","55.500","deg","20.000","°C","100.000","%a.s.","22.500","deg","20.000","°C","1013.000","hPa","0.861","-0.02056","0.00035","-0.00011","0","14.7","Humid","26.25","0","52.00","344879.44","SABD0000000001","AAV1.0.0.11","2.0.0.28","PSt7-10","000000-000","10/20/2017 9:36:39 AM","0000-00","0","no battery","V"
"10/20/2017","12:35:03","5","default","957498349","OXY5","85.418","min","156.878","μmol/L","Humid","21.205","deg","91501","µV","35.586","°C","1019.000","hPa","37.0","pmil","0","55.500","deg","20.000","°C","100.000","%a.s.","22.500","deg","20.000","°C","1013.000","hPa","0.861","-0.02056","0.00035","-0.00011","0","14.7","Humid","26.25","0","52.00","344869.95","SABD0000000001","AAV1.0.0.11","2.0.0.28","PSt7-10","000000-000","10/20/2017 9:36:39 AM","0000-00","0","no battery","V"
"10/20/2017","12:35:04","5","default","957498349","OXY5","85.434","min","156.860","μmol/L","Humid","21.206","deg","91497","µV","35.587","°C","1019.000","hPa","37.0","pmil","0","55.500","deg","20.000","°C","100.000","%a.s.","22.500","deg","20.000","°C","1013.000","hPa","0.861","-0.02056","0.00035","-0.00011","0","14.7","Humid","26.25","0","52.00","344875.75","SABD0000000001","AAV1.0.0.11","2.0.0.28","PSt7-10","000000-000","10/20/2017 9:36:39 AM","0000-00","0","no battery","V"
"10/20/2017","12:35:05","5","default","957498349","OXY5","85.451","min","156.796","μmol/L","Humid","21.207","deg","91491","µV","35.595","°C","1019.000","hPa","37.0","pmil","0","55.500","deg","20.000","°C","100.000","%a.s.","22.500","deg","20.000","°C","1013.000","hPa","0.861","-0.02056","0.00035","-0.00011","0","14.7","Humid","26.25","0","52.00","344867.63","SABD0000000001","AAV1.0.0.11","2.0.0.28","PSt7-10","000000-000","10/20/2017 9:36:39 AM","0000-00","0","no battery","V"
"10/20/2017","12:35:06","5","default","957498349","OXY5","85.468","min","156.962","μmol/L","Humid","21.204","deg","91484","µV","35.574","°C","1019.000","hPa","37.0","pmil","0","55.500","deg","20.000","°C","100.000","%a.s.","22.500","deg","20.000","°C","1013.000","hPa","0.861","-0.02056","0.00035","-0.00011","0","14.7","Humid","26.25","0","52.00","344863.82","SABD0000000001","AAV1.0.0.11","2.0.0.28","PSt7-10","000000-000","10/20/2017 9:36:39 AM","0000-00","0","no battery","V"
"10/20/2017","12:35:07","5","default","957498349","OXY5","85.484","min","156.975","μmol/L","Humid","21.205","deg","91493","µV","35.570","°C","1019.000","hPa","37.0","pmil","0","55.500","deg","20.000","°C","100.000","%a.s.","22.500","deg","20.000","°C","1013.000","hPa","0.861","-0.02056","0.00035","-0.00011","0","14.7","Humid","26.25","0","52.00","344862.94","SABD0000000001","AAV1.0.0.11","2.0.0.28","PSt7-10","000000-000","10/20/2017 9:36:39 AM","0000-00","0","no battery","V"
"10/20/2017","12:35:08","5","default","957498349","OXY5","85.501","min","156.817","μmol/L","Humid","21.204","deg","91480","µV","35.599","°C","1019.000","hPa","37.0","pmil","0","55.500","deg","20.000","°C","100.000","%a.s.","22.500","deg","20.000","°C","1013.000","hPa","0.861","-0.02056","0.00035","-0.00011","0","14.7","Humid","26.25","0","52.00","344857.16","SABD0000000001","AAV1.0.0.11","2.0.0.28","PSt7-10","000000-000","10/20/2017 9:36:39 AM","0000-00","0","no battery","V"
"10/20/2017","12:35:09","5","default","957498349","OXY5","85.518","min","156.821","μmol/L","Humid","21.203","deg","91382","µV","35.601","°C","1019.000","hPa","37.0","pmil","0","55.500","deg","20.000","°C","100.000","%a.s.","22.500","deg","20.000","°C","1013.000","hPa","0.861","-0.02056","0.00035","-0.00011","0","14.7","Humid","26.25","0","52.00","344859.87","SABD0000000001","AAV1.0.0.11","2.0.0.28","PSt7-10","000000-000","10/20/2017 9:36:39 AM","0000-00","0","no battery","V"
"10/20/2017","12:35:10","5","default","957498349","OXY5","85.534","min","156.738","μmol/L","Humid","21.202","deg","91357","µV","35.617","°C","1019.000","hPa","37.0","pmil","0","55.500","deg","20.000","°C","100.000","%a.s.","22.500","deg","20.000","°C","1013.000","hPa","0.861","-0.02056","0.00035","-0.00011","0","14.7","Humid","26.25","0","52.00","344862.79","SABD0000000001","AAV1.0.0.11","2.0.0.28","PSt7-10","000000-000","10/20/2017 9:36:39 AM","0000-00","0","no battery","V"
"10/20/2017","12:35:11","5","default","957498349","OXY5","85.551","min","156.852","μmol/L","Humid","21.206","deg","91374","µV","35.588","°C","1019.000","hPa","37.0","pmil","0","55.500","deg","20.000","°C","100.000","%a.s.","22.500","deg","20.000","°C","1013.000","hPa","0.861","-0.02056","0.00035","-0.00011","0","14.7","Humid","26.25","0","52.00","344850.56","SABD0000000001","AAV1.0.0.11","2.0.0.28","PSt7-10","000000-000","10/20/2017 9:36:39 AM","0000-00","0","no battery","V"
"10/20/2017","12:35:12","5","default","957498349","OXY5","85.568","min","156.673","μmol/L","Humid","21.207","deg","91364","µV","35.616","°C","1019.000","hPa","37.0","pmil","0","55.500","deg","20.000","°C","100.000","%a.s.","22.500","deg","20.000","°C","1013.000","hPa","0.861","-0.02056","0.00035","-0.00011","0","14.7","Humid","26.25","0","52.00","344869.70","SABD0000000001","AAV1.0.0.11","2.0.0.28","PSt7-10","000000-000","10/20/2017 9:36:39 AM","0000-00","0","no battery","V"
"10/20/2017","12:35:13","5","default","957498349","OXY5","85.584","min","156.808","μmol/L","Humid","21.203","deg","91265","µV","35.603","°C","1019.000","hPa","37.0","pmil","0","55.500","deg","20.000","°C","100.000","%a.s.","22.500","deg","20.000","°C","1013.000","hPa","0.861","-0.02056","0.00035","-0.00011","0","14.7","Humid","26.25","0","52.00","344860.51","SABD0000000001","AAV1.0.0.11","2.0.0.28","PSt7-10","000000-000","10/20/2017 9:36:39 AM","0000-00","0","no battery","V"
"10/20/2017","12:35:14","5","default","957498349","OXY5","85.601","min","156.822","μmol/L","Humid","21.202","deg","91138","µV","35.603","°C","1019.000","hPa","37.0","pmil","0","55.500","deg","20.000","°C","100.000","%a.s.","22.500","deg","20.000","°C","1013.000","hPa","0.861","-0.02056","0.00035","-0.00011","0","14.7","Humid","26.25","0","52.00","344853.36","SABD0000000001","AAV1.0.0.11","2.0.0.28","PSt7-10","000000-000","10/20/2017 9:36:39 AM","0000-00","0","no battery","V"
"10/20/2017","12:35:15","5","default","957498349","OXY5","85.618","min","156.759","μmol/L","Humid","21.206","deg","91077","µV","35.604","°C","1019.000","hPa","37.0","pmil","0","55.500","deg","20.000","°C","100.000","%a.s.","22.500","deg","20.000","°C","1013.000","hPa","0.861","-0.02056","0.00035","-0.00011","0","14.7","Humid","26.25","0","52.00","344850.76","SABD0000000001","AAV1.0.0.11","2.0.0.28","PSt7-10","000000-000","10/20/2017 9:36:39 AM","0000-00","0","no battery","V"
"10/20/2017","12:35:16","5","default","957498349","OXY5","85.635","min","156.819","μmol/L","Humid","21.204","deg","91046","µV","35.599","°C","1019.000","hPa","37.0","pmil","0","55.500","deg","20.000","°C","100.000","%a.s.","22.500","deg","20.000","°C","1013.000","hPa","0.861","-0.02056","0.00035","-0.00011","0","14.7","Humid","26.25","0","52.00","344843.32","SABD0000000001","AAV1.0.0.11","2.0.0.28","PSt7-10","000000-000","10/20/2017 9:36:39 AM","0000-00","0","no battery","V"
"10/20/2017","12:35:17","5","default","957498349","OXY5","85.651","min","156.798","μmol/L","Humid","21.207","deg","91042","µV","35.595","°C","1019.000","hPa","37.0","pmil","0","55.500","deg","20.000","°C","100.000","%a.s.","22.500","deg","20.000","°C","1013.000","hPa","0.861","-0.02056","0.00035","-0.00011","0","14.7","Humid","26.25","0","52.00","344844.98","SABD0000000001","AAV1.0.0.11","2.0.0.28","PSt7-10","000000-000","10/20/2017 9:36:39 AM","0000-00","0","no battery","V"
"10/20/2017","12:35:18","5","default","957498349","OXY5","85.668","min","156.788","μmol/L","Humid","21.207","deg","91021","µV","35.597","°C","1019.000","hPa","37.0","pmil","0","55.500","deg","20.000","°C","100.000","%a.s.","22.500","deg","20.000","°C","1013.000","hPa","0.861","-0.02056","0.00035","-0.00011","0","14.7","Humid","26.25","0","52.00","344850.74","SABD0000000001","AAV1.0.0.11","2.0.0.28","PSt7-10","000000-000","10/20/2017 9:36:39 AM","0000-00","0","no battery","V"
"10/20/2017","12:35:19","5","default","957498349","OXY5","85.685","min","156.756","μmol/L","Humid","21.208","deg","91046","µV","35.600","°C","1019.000","hPa","37.0","pmil","0","55.500","deg","20.000","°C","100.000","%a.s.","22.500","deg","20.000","°C","1013.000","hPa","0.861","-0.02056","0.00035","-0.00011","0","14.7","Humid","26.25","0","52.00","344849.26","SABD0000000001","AAV1.0.0.11","2.0.0.28","PSt7-10","000000-000","10/20/2017 9:36:39 AM","0000-00","0","no battery","V"
"10/20/2017","12:35:20","5","default","957498349","OXY5","85.701","min","156.777","μmol/L","Humid","21.202","deg","91024","µV","35.610","°C","1019.000","hPa","37.0","pmil","0","55.500","deg","20.000","°C","100.000","%a.s.","22.500","deg","20.000","°C","1013.000","hPa","0.861","-0.02056","0.00035","-0.00011","0","14.7","Humid","26.25","0","52.00","344838.93","SABD0000000001","AAV1.0.0.11","2.0.0.28","PSt7-10","000000-000","10/20/2017 9:36:39 AM","0000-00","0","no battery","V"
"10/20/2017","12:35:21","5","default","957498349","OXY5","85.718","min","156.771","μmol/L","Humid","21.203","deg","91022","µV","35.609","°C","1019.000","hPa","37.0","pmil","0","55.500","deg","20.000","°C","100.000","%a.s.","22.500","deg","20.000","°C","1013.000","hPa","0.861","-0.02056","0.00035","-0.00011","0","14.7","Humid","26.25","0","52.00","344846.00","SABD0000000001","AAV1.0.0.11","2.0.0.28","PSt7-10","000000-000","10/20/2017 9:36:39 AM","0000-00","0","no battery","V"
"10/20/2017","12:35:22","5","default","957498349","OXY5","85.735","min","156.888","μmol/L","Humid","21.205","deg","91010","µV","35.585","°C","1019.000","hPa","37.0","pmil","0","55.500","deg","20.000","°C","100.000","%a.s.","22.500","deg","20.000","°C","1013.000","hPa","0.861","-0.02056","0.00035","-0.00011","0","14.7","Humid","26.25","0","52.00","344830.19","SABD0000000001","AAV1.0.0.11","2.0.0.28","PSt7-10","000000-000","10/20/2017 9:36:39 AM","0000-00","0","no battery","V"
"10/20/2017","12:35:23","5","default","957498349","OXY5","85.751","min","156.764","μmol/L","Humid","21.203","deg","91018","µV","35.610","°C","1019.000","hPa","37.0","pmil","0","55.500","deg","20.000","°C","100.000","%a.s.","22.500","deg","20.000","°C","1013.000","hPa","0.861","-0.02056","0.00035","-0.00011","0","14.7","Humid","26.25","0","52.00","344844.15","SABD0000000001","AAV1.0.0.11","2.0.0.28","PSt7-10","000000-000","10/20/2017 9:36:39 AM","0000-00","0","no battery","V"
"10/20/2017","12:35:24","5","default","957498349","OXY5","85.768","min","156.741","μmol/L","Humid","21.207","deg","91013","µV","35.605","°C","1019.000","hPa","37.0","pmil","0","55.500","deg","20.000","°C","100.000","%a.s.","22.500","deg","20.000","°C","1013.000","hPa","0.861","-0.02056","0.00035","-0.00011","0","14.7","Humid","26.25","0","52.00","344845.73","SABD0000000001","AAV1.0.0.11","2.0.0.28","PSt7-10","000000-000","10/20/2017 9:36:39 AM","0000-00","0","no battery","V"
"10/20/2017","12:35:25","5","default","957498349","OXY5","85.785","min","156.794","μmol/L","Humid","21.205","deg","91068","µV","35.600","°C","1019.000","hPa","37.0","pmil","0","55.500","deg","20.000","°C","100.000","%a.s.","22.500","deg","20.000","°C","1013.000","hPa","0.861","-0.02056","0.00035","-0.00011","0","14.7","Humid","26.25","0","52.00","344829.82","SABD0000000001","AAV1.0.0.11","2.0.0.28","PSt7-10","000000-000","10/20/2017 9:36:39 AM","0000-00","0","no battery","V"
"10/20/2017","12:35:26","5","default","957498349","OXY5","85.801","min","156.843","μmol/L","Humid","21.206","deg","91046","µV","35.590","°C","1019.000","hPa","37.0","pmil","0","55.500","deg","20.000","°C","100.000","%a.s.","22.500","deg","20.000","°C","1013.000","hPa","0.861","-0.02056","0.00035","-0.00011","0","14.7","Humid","26.25","0","52.00","344842.39","SABD0000000001","AAV1.0.0.11","2.0.0.28","PSt7-10","000000-000","10/20/2017 9:36:39 AM","0000-00","0","no battery","V"
"10/20/2017","12:35:27","5","default","957498349","OXY5","85.818","min","156.801","μmol/L","Humid","21.202","deg","90989","µV","35.607","°C","1019.000","hPa","37.0","pmil","0","55.500","deg","20.000","°C","100.000","%a.s.","22.500","deg","20.000","°C","1013.000","hPa","0.861","-0.02056","0.00035","-0.00011","0","14.7","Humid","26.25","0","52.00","344818.34","SABD0000000001","AAV1.0.0.11","2.0.0.28","PSt7-10","000000-000","10/20/2017 9:36:39 AM","0000-00","0","no battery","V"
"10/20/2017","12:35:28","5","default","957498349","OXY5","85.834","min","156.759","μmol/L","Humid","21.205","deg","90881","µV","35.606","°C","1019.000","hPa","37.0","pmil","0","55.500","deg","20.000","°C","100.000","%a.s.","22.500","deg","20.000","°C","1013.000","hPa","0.861","-0.02056","0.00035","-0.00011","0","14.7","Humid","26.25","0","52.00","344826.37","SABD0000000001","AAV1.0.0.11","2.0.0.28","PSt7-10","000000-000","10/20/2017 9:36:39 AM","0000-00","0","no battery","V"
"10/20/2017","12:35:29","5","default","957498349","OXY5","85.851","min","156.728","μmol/L","Humid","21.205","deg","90832","µV","35.612","°C","1019.000","hPa","37.0","pmil","0","55.500","deg","20.000","°C","100.000","%a.s.","22.500","deg","20.000","°C","1013.000","hPa","0.861","-0.02056","0.00035","-0.00011","0","14.7","Humid","26.25","0","52.00","344832.25","SABD0000000001","AAV1.0.0.11","2.0.0.28","PSt7-10","000000-000","10/20/2017 9:36:39 AM","0000-00","0","no battery","V"
"10/20/2017","12:35:30","5","default","957498349","OXY5","85.868","min","156.697","μmol/L","Humid","21.206","deg","90593","µV","35.613","°C","1018.000","hPa","37.0","pmil","0","55.500","deg","20.000","°C","100.000","%a.s.","22.500","deg","20.000","°C","1013.000","hPa","0.861","-0.02056","0.00035","-0.00011","0","14.7","Humid","26.25","0","52.00","344827.02","SABD0000000001","AAV1.0.0.11","2.0.0.28","PSt7-10","000000-000","10/20/2017 9:36:39 AM","0000-00","0","no battery","V"
"10/20/2017","12:35:31","5","default","957498349","OXY5","85.885","min","156.877","μmol/L","Humid","21.202","deg","90794","µV","35.594","°C","1019.000","hPa","37.0","pmil","0","55.500","deg","20.000","°C","100.000","%a.s.","22.500","deg","20.000","°C","1013.000","hPa","0.861","-0.02056","0.00035","-0.00011","0","14.7","Humid","26.25","0","52.00","344837.42","SABD0000000001","AAV1.0.0.11","2.0.0.28","PSt7-10","000000-000","10/20/2017 9:36:39 AM","0000-00","0","no battery","V"
"10/20/2017","12:35:32","5","default","957498349","OXY5","85.902","min","156.754","μmol/L","Humid","21.205","deg","90936","µV","35.607","°C","1019.000","hPa","37.0","pmil","0","55.500","deg","20.000","°C","100.000","%a.s.","22.500","deg","20.000","°C","1013.000","hPa","0.861","-0.02056","0.00035","-0.00011","0","14.7","Humid","26.25","0","52.00","344827.40","SABD0000000001","AAV1.0.0.11","2.0.0.28","PSt7-10","000000-000","10/20/2017 9:36:39 AM","0000-00","0","no battery","V"
"10/20/2017","12:35:33","5","default","957498349","OXY5","85.918","min","156.851","μmol/L","Humid","21.204","deg","90928","µV","35.593","°C","1019.000","hPa","37.0","pmil","0","55.500","deg","20.000","°C","100.000","%a.s.","22.500","deg","20.000","°C","1013.000","hPa","0.861","-0.02056","0.00035","-0.00011","0","14.7","Humid","26.25","0","52.00","344816.17","SABD0000000001","AAV1.0.0.11","2.0.0.28","PSt7-10","000000-000","10/20/2017 9:36:39 AM","0000-00","0","no battery","V"
"10/20/2017","12:35:34","5","default","957498349","OXY5","85.935","min","156.815","μmol/L","Humid","21.205","deg","90866","µV","35.597","°C","1019.000","hPa","37.0","pmil","0","55.500","deg","20.000","°C","100.000","%a.s.","22.500","deg","20.000","°C","1013.000","hPa","0.861","-0.02056","0.00035","-0.00011","0","14.7","Humid","26.25","0","52.00","344818.73","SABD0000000001","AAV1.0.0.11","2.0.0.28","PSt7-10","000000-000","10/20/2017 9:36:39 AM","0000-00","0","no battery","V"
"10/20/2017","12:35:35","5","default","957498349","OXY5","85.952","min","156.772","μmol/L","Humid","21.209","deg","90906","µV","35.595","°C","1019.000","hPa","37.0","pmil","0","55.500","deg","20.000","°C","100.000","%a.s.","22.500","deg","20.000","°C","1013.000","hPa","0.861","-0.02056","0.00035","-0.00011","0","14.7","Humid","26.25","0","52.00","344804.87","SABD0000000001","AAV1.0.0.11","2.0.0.28","PSt7-10","000000-000","10/20/2017 9:36:39 AM","0000-00","0","no battery","V"
"10/20/2017","12:35:36","5","default","957498349","OXY5","85.968","min","156.744","μmol/L","Humid","21.204","deg","90799","µV","35.611","°C","1019.000","hPa","37.0","pmil","0","55.500","deg","20.000","°C","100.000","%a.s.","22.500","deg","20.000","°C","1013.000","hPa","0.861","-0.02056","0.00035","-0.00011","0","14.7","Humid","26.25","0","52.00","344803.40","SABD0000000001","AAV1.0.0.11","2.0.0.28","PSt7-10","000000-000","10/20/2017 9:36:39 AM","0000-00","0","no battery","V"
"10/20/2017","12:35:37","5","default","957498349","OXY5","85.985","min","156.804","μmol/L","Humid","21.203","deg","90809","µV","35.604","°C","1019.000","hPa","37.0","pmil","0","55.500","deg","20.000","°C","100.000","%a.s.","22.500","deg","20.000","°C","1013.000","hPa","0.861","-0.02056","0.00035","-0.00011","0","14.7","Humid","26.25","0","52.00","344812.17","SABD0000000001","AAV1.0.0.11","2.0.0.28","PSt7-10","000000-000","10/20/2017 9:36:39 AM","0000-00","0","no battery","V"
"10/20/2017","12:35:38","5","default","957498349","OXY5","86.002","min","156.726","μmol/L","Humid","21.207","deg","90742","µV","35.607","°C","1019.000","hPa","37.0","pmil","0","55.500","deg","20.000","°C","100.000","%a.s.","22.500","deg","20.000","°C","1013.000","hPa","0.861","-0.02056","0.00035","-0.00011","0","14.7","Humid","26.25","0","52.00","344810.45","SABD0000000001","AAV1.0.0.11","2.0.0.28","PSt7-10","000000-000","10/20/2017 9:36:39 AM","0000-00","0","no battery","V"
"10/20/2017","12:35:39","5","default","957498349","OXY5","86.018","min","156.834","μmol/L","Humid","21.205","deg","90843","µV","35.594","°C","1019.000","hPa","37.0","pmil","0","55.500","deg","20.000","°C","100.000","%a.s.","22.500","deg","20.000","°C","1013.000","hPa","0.861","-0.02056","0.00035","-0.00011","0","14.7","Humid","26.25","0","52.00","344808.35","SABD0000000001","AAV1.0.0.11","2.0.0.28","PSt7-10","000000-000","10/20/2017 9:36:39 AM","0000-00","0","no battery","V"
"10/20/2017","12:35:40","5","default","957498349","OXY5","86.035","min","156.921","μmol/L","Humid","21.200","deg","90845","µV","35.591","°C","1019.000","hPa","37.0","pmil","0","55.500","deg","20.000","°C","100.000","%a.s.","22.500","deg","20.000","°C","1013.000","hPa","0.861","-0.02056","0.00035","-0.00011","0","14.7","Humid","26.25","0","52.00","344793.63","SABD0000000001","AAV1.0.0.11","2.0.0.28","PSt7-10","000000-000","10/20/2017 9:36:39 AM","0000-00","0","no battery","V"
"10/20/2017","12:35:41","5","default","957498349","OXY5","86.052","min","156.808","μmol/L","Humid","21.200","deg","90830","µV","35.610","°C","1019.000","hPa","37.0","pmil","0","55.500","deg","20.000","°C","100.000","%a.s.","22.500","deg","20.000","°C","1013.000","hPa","0.861","-0.02056","0.00035","-0.00011","0","14.7","Humid","26.25","0","52.00","344794.54","SABD0000000001","AAV1.0.0.11","2.0.0.28","PSt7-10","000000-000","10/20/2017 9:36:39 AM","0000-00","0","no battery","V"
"10/20/2017","12:35:42","5","default","957498349","OXY5","86.068","min","156.835","μmol/L","Humid","21.203","deg","90813","µV","35.598","°C","1019.000","hPa","37.0","pmil","0","55.500","deg","20.000","°C","100.000","%a.s.","22.500","deg","20.000","°C","1013.000","hPa","0.861","-0.02056","0.00035","-0.00011","0","14.7","Humid","26.25","0","52.00","344799.70","SABD0000000001","AAV1.0.0.11","2.0.0.28","PSt7-10","000000-000","10/20/2017 9:36:39 AM","0000-00","0","no battery","V"
"10/20/2017","12:35:43","5","default","957498349","OXY5","86.085","min","156.853","μmol/L","Humid","21.203","deg","90916","µV","35.595","°C","1019.000","hPa","37.0","pmil","0","55.500","deg","20.000","°C","100.000","%a.s.","22.500","deg","20.000","°C","1013.000","hPa","0.861","-0.02056","0.00035","-0.00011","0","14.7","Humid","26.25","0","52.00","344791.24","SABD0000000001","AAV1.0.0.11","2.0.0.28","PSt7-10","000000-000","10/20/2017 9:36:39 AM","0000-00","0","no battery","V"
"10/20/2017","12:35:44","5","default","957498349","OXY5","86.102","min","156.817","μmol/L","Humid","21.207","deg","90950","µV","35.592","°C","1019.000","hPa","37.0","pmil","0","55.500","deg","20.000","°C","100.000","%a.s.","22.500","deg","20.000","°C","1013.000","hPa","0.861","-0.02056","0.00035","-0.00011","0","14.7","Humid","26.25","0","52.00","344791.22","SABD0000000001","AAV1.0.0.11","2.0.0.28","PSt7-10","000000-000","10/20/2017 9:36:39 AM","0000-00","0","no battery","V"
"10/20/2017","12:35:45","5","default","957498349","OXY5","86.118","min","156.807","μmol/L","Humid","21.206","deg","90869","µV","35.596","°C","1019.000","hPa","37.0","pmil","0","55.500","deg","20.000","°C","100.000","%a.s.","22.500","deg","20.000","°C","1013.000","hPa","0.861","-0.02056","0.00035","-0.00011","0","14.7","Humid","26.25","0","52.00","344785.77","SABD0000000001","AAV1.0.0.11","2.0.0.28","PSt7-10","000000-000","10/20/2017 9:36:39 AM","0000-00","0","no battery","V"
"10/20/2017","12:35:46","5","default","957498349","OXY5","86.135","min","156.822","μmol/L","Humid","21.205","deg","90872","µV","35.596","°C","1019.000","hPa","37.0","pmil","0","55.500","deg","20.000","°C","100.000","%a.s.","22.500","deg","20.000","°C","1013.000","hPa","0.861","-0.02056","0.00035","-0.00011","0","14.7","Humid","26.25","0","52.00","344786.44","SABD0000000001","AAV1.0.0.11","2.0.0.28","PSt7-10","000000-000","10/20/2017 9:36:39 AM","0000-00","0","no battery","V"
"10/20/2017","12:35:47","5","default","957498349","OXY5","86.152","min","156.669","μmol/L","Humid","21.205","deg","90914","µV","35.622","°C","1019.000","hPa","37.0","pmil","0","55.500","deg","20.000","°C","100.000","%a.s.","22.500","deg","20.000","°C","1013.000","hPa","0.861","-0.02056","0.00035","-0.00011","0","14.7","Humid","26.25","0","52.00","344792.48","SABD0000000001","AAV1.0.0.11","2.0.0.28","PSt7-10","000000-000","10/20/2017 9:36:39 AM","0000-00","0","no battery","V"
"10/20/2017","12:35:48","5","default","957498349","OXY5","86.168","min","156.673","μmol/L","Humid","21.206","deg","90639","µV","35.619","°C","1019.000","hPa","37.0","pmil","0","55.500","deg","20.000","°C","100.000","%a.s.","22.500","deg","20.000","°C","1013.000","hPa","0.861","-0.02056","0.00035","-0.00011","0","14.7","Humid","26.25","0","52.00","344772.44","SABD0000000001","AAV1.0.0.11","2.0.0.28","PSt7-10","000000-000","10/20/2017 9:36:39 AM","0000-00","0","no battery","V"
"10/20/2017","12:35:49","5","default","957498349","OXY5","86.185","min","156.773","μmol/L","Humid","21.201","deg","90729","µV","35.614","°C","1019.000","hPa","37.0","pmil","0","55.500","deg","20.000","°C","100.000","%a.s.","22.500","deg","20.000","°C","1013.000","hPa","0.861","-0.02056","0.00035","-0.00011","0","14.7","Humid","26.25","0","52.00","344783.45","SABD0000000001","AAV1.0.0.11","2.0.0.28","PSt7-10","000000-000","10/20/2017 9:36:39 AM","0000-00","0","no battery","V"
"10/20/2017","12:35:50","5","default","957498349","OXY5","86.202","min","156.637","μmol/L","Humid","21.208","deg","90583","µV","35.620","°C","1019.000","hPa","37.0","pmil","0","55.500","deg","20.000","°C","100.000","%a.s.","22.500","deg","20.000","°C","1013.000","hPa","0.861","-0.02056","0.00035","-0.00011","0","14.7","Humid","26.25","0","52.00","344786.76","SABD0000000001","AAV1.0.0.11","2.0.0.28","PSt7-10","000000-000","10/20/2017 9:36:39 AM","0000-00","0","no battery","V"
"10/20/2017","12:35:51","5","default","957498349","OXY5","86.218","min","156.774","μmol/L","Humid","21.205","deg","90343","µV","35.604","°C","1019.000","hPa","37.0","pmil","0","55.500","deg","20.000","°C","100.000","%a.s.","22.500","deg","20.000","°C","1013.000","hPa","0.861","-0.02056","0.00035","-0.00011","0","14.7","Humid","26.25","0","52.00","344795.46","SABD0000000001","AAV1.0.0.11","2.0.0.28","PSt7-10","000000-000","10/20/2017 9:36:39 AM","0000-00","0","no battery","V"
"10/20/2017","12:35:52","5","default","957498349","OXY5","86.235","min","156.682","μmol/L","Humid","21.208","deg","90545","µV","35.612","°C","1019.000","hPa","37.0","pmil","0","55.500","deg","20.000","°C","100.000","%a.s.","22.500","deg","20.000","°C","1013.000","hPa","0.861","-0.02056","0.00035","-0.00011","0","14.7","Humid","26.25","0","52.00","344771.27","SABD0000000001","AAV1.0.0.11","2.0.0.28","PSt7-10","000000-000","10/20/2017 9:36:39 AM","0000-00","0","no battery","V"
"10/20/2017","12:35:53","5","default","957498349","OXY5","86.252","min","156.778","μmol/L","Humid","21.201","deg","90644","µV","35.613","°C","1019.000","hPa","37.0","pmil","0","55.500","deg","20.000","°C","100.000","%a.s.","22.500","deg","20.000","°C","1013.000","hPa","0.861","-0.02056","0.00035","-0.00011","0","14.7","Humid","26.25","0","52.00","344794.77","SABD0000000001","AAV1.0.0.11","2.0.0.28","PSt7-10","000000-000","10/20/2017 9:36:39 AM","0000-00","0","no battery","V"
"10/20/2017","12:35:54","5","default","957498349","OXY5","86.268","min","156.805","μmol/L","Humid","21.203","deg","90795","µV","35.603","°C","1019.000","hPa","37.0","pmil","0","55.500","deg","20.000","°C","100.000","%a.s.","22.500","deg","20.000","°C","1013.000","hPa","0.861","-0.02056","0.00035","-0.00011","0","14.7","Humid","26.25","0","52.00","344773.46","SABD0000000001","AAV1.0.0.11","2.0.0.28","PSt7-10","000000-000","10/20/2017 9:36:39 AM","0000-00","0","no battery","V"
"10/20/2017","12:35:55","5","default","957498349","OXY5","86.285","min","156.696","μmol/L","Humid","21.207","deg","90879","µV","35.612","°C","1019.000","hPa","37.0","pmil","0","55.500","deg","20.000","°C","100.000","%a.s.","22.500","deg","20.000","°C","1013.000","hPa","0.861","-0.02056","0.00035","-0.00011","0","14.7","Humid","26.25","0","52.00","344792.73","SABD0000000001","AAV1.0.0.11","2.0.0.28","PSt7-10","000000-000","10/20/2017 9:36:39 AM","0000-00","0","no battery","V"
"10/20/2017","12:35:56","5","default","957498349","OXY5","86.302","min","156.727","μmol/L","Humid","21.207","deg","90873","µV","35.607","°C","1019.000","hPa","37.0","pmil","0","55.500","deg","20.000","°C","100.000","%a.s.","22.500","deg","20.000","°C","1013.000","hPa","0.861","-0.02056","0.00035","-0.00011","0","14.7","Humid","26.25","0","52.00","344771.35","SABD0000000001","AAV1.0.0.11","2.0.0.28","PSt7-10","000000-000","10/20/2017 9:36:39 AM","0000-00","0","no battery","V"
"10/20/2017","12:35:57","5","default","957498349","OXY5","86.318","min","156.755","μmol/L","Humid","21.203","deg","90981","µV","35.612","°C","1019.000","hPa","37.0","pmil","0","55.500","deg","20.000","°C","100.000","%a.s.","22.500","deg","20.000","°C","1013.000","hPa","0.861","-0.02056","0.00035","-0.00011","0","14.7","Humid","26.25","0","52.00","344785.34","SABD0000000001","AAV1.0.0.11","2.0.0.28","PSt7-10","000000-000","10/20/2017 9:36:39 AM","0000-00","0","no battery","V"
"10/20/2017","12:35:58","5","default","957498349","OXY5","86.335","min","156.675","μmol/L","Humid","21.207","deg","90979","µV","35.616","°C","1019.000","hPa","37.0","pmil","0","55.500","deg","20.000","°C","100.000","%a.s.","22.500","deg","20.000","°C","1013.000","hPa","0.861","-0.02056","0.00035","-0.00011","0","14.7","Humid","26.25","0","52.00","344773.20","SABD0000000001","AAV1.0.0.11","2.0.0.28","PSt7-10","000000-000","10/20/2017 9:36:39 AM","0000-00","0","no battery","V"
"10/20/2017","12:35:59","5","default","957498349","OXY5","86.352","min","156.748","μmol/L","Humid","21.204","deg","90979","µV","35.611","°C","1019.000","hPa","37.0","pmil","0","55.500","deg","20.000","°C","100.000","%a.s.","22.500","deg","20.000","°C","1013.000","hPa","0.861","-0.02056","0.00035","-0.00011","0","14.7","Humid","26.25","0","52.00","344766.33","SABD0000000001","AAV1.0.0.11","2.0.0.28","PSt7-10","000000-000","10/20/2017 9:36:39 AM","0000-00","0","no battery","V"
"10/20/2017","12:36:00","5","default","957498349","OXY5","86.368","min","156.735","μmol/L","Humid","21.203","deg","90937","µV","35.615","°C","1019.000","hPa","37.0","pmil","0","55.500","deg","20.000","°C","100.000","%a.s.","22.500","deg","20.000","°C","1013.000","hPa","0.861","-0.02056","0.00035","-0.00011","0","14.7","Humid","26.25","0","52.00","344774.01","SABD0000000001","AAV1.0.0.11","2.0.0.28","PSt7-10","000000-000","10/20/2017 9:36:39 AM","0000-00","0","no battery","V"
"10/20/2017","12:36:01","5","default","957498349","OXY5","86.384","min","156.847","μmol/L","Humid","21.201","deg","90903","µV","35.601","°C","1019.000","hPa","37.0","pmil","0","55.500","deg","20.000","°C","100.000","%a.s.","22.500","deg","20.000","°C","1013.000","hPa","0.861","-0.02056","0.00035","-0.00011","0","14.7","Humid","26.25","0","52.00","344769.37","SABD0000000001","AAV1.0.0.11","2.0.0.28","PSt7-10","000000-000","10/20/2017 9:36:39 AM","0000-00","0","no battery","V"
"10/20/2017","12:36:02","5","default","957498349","OXY5","86.401","min","156.763","μmol/L","Humid","21.206","deg","90960","µV","35.603","°C","1019.000","hPa","37.0","pmil","0","55.500","deg","20.000","°C","100.000","%a.s.","22.500","deg","20.000","°C","1013.000","hPa","0.861","-0.02056","0.00035","-0.00011","0","14.7","Humid","26.25","0","52.00","344774.99","SABD0000000001","AAV1.0.0.11","2.0.0.28","PSt7-10","000000-000","10/20/2017 9:36:39 AM","0000-00","0","no battery","V"
"10/20/2017","12:36:03","5","default","957498349","OXY5","86.418","min","156.708","μmol/L","Humid","21.208","deg","90977","µV","35.608","°C","1019.000","hPa","37.0","pmil","0","55.500","deg","20.000","°C","100.000","%a.s.","22.500","deg","20.000","°C","1013.000","hPa","0.861","-0.02056","0.00035","-0.00011","0","14.7","Humid","26.25","0","52.00","344776.21","SABD0000000001","AAV1.0.0.11","2.0.0.28","PSt7-10","000000-000","10/20/2017 9:36:39 AM","0000-00","0","no battery","V"
"10/20/2017","12:36:04","5","default","957498349","OXY5","86.435","min","156.788","μmol/L","Humid","21.208","deg","91012","µV","35.594","°C","1019.000","hPa","37.0","pmil","0","55.500","deg","20.000","°C","100.000","%a.s.","22.500","deg","20.000","°C","1013.000","hPa","0.861","-0.02056","0.00035","-0.00011","0","14.7","Humid","26.25","0","52.00","344773.05","SABD0000000001","AAV1.0.0.11","2.0.0.28","PSt7-10","000000-000","10/20/2017 9:36:39 AM","0000-00","0","no battery","V"
"10/20/2017","12:36:05","5","default","957498349","OXY5","86.451","min","156.767","μmol/L","Humid","21.207","deg","91007","µV","35.600","°C","1019.000","hPa","37.0","pmil","0","55.500","deg","20.000","°C","100.000","%a.s.","22.500","deg","20.000","°C","1013.000","hPa","0.861","-0.02056","0.00035","-0.00011","0","14.7","Humid","26.25","0","52.00","344769.46","SABD0000000001","AAV1.0.0.11","2.0.0.28","PSt7-10","000000-000","10/20/2017 9:36:39 AM","0000-00","0","no battery","V"
"10/20/2017","12:36:06","5","default","957498349","OXY5","86.468","min","156.734","μmol/L","Humid","21.206","deg","91001","µV","35.608","°C","1019.000","hPa","37.0","pmil","0","55.500","deg","20.000","°C","100.000","%a.s.","22.500","deg","20.000","°C","1013.000","hPa","0.861","-0.02056","0.00035","-0.00011","0","14.7","Humid","26.25","0","52.00","344772.11","SABD0000000001","AAV1.0.0.11","2.0.0.28","PSt7-10","000000-000","10/20/2017 9:36:39 AM","0000-00","0","no battery","V"
"10/20/2017","12:36:07","5","default","957498349","OXY5","86.484","min","156.700","μmol/L","Humid","21.202","deg","91004","µV","35.624","°C","1019.000","hPa","37.0","pmil","0","55.500","deg","20.000","°C","100.000","%a.s.","22.500","deg","20.000","°C","1013.000","hPa","0.861","-0.02056","0.00035","-0.00011","0","14.7","Humid","26.25","0","52.00","344777.78","SABD0000000001","AAV1.0.0.11","2.0.0.28","PSt7-10","000000-000","10/20/2017 9:36:39 AM","0000-00","0","no battery","V"
"10/20/2017","12:36:08","5","default","957498349","OXY5","86.501","min","156.636","μmol/L","Humid","21.205","deg","90958","µV","35.627","°C","1019.000","hPa","37.0","pmil","0","55.500","deg","20.000","°C","100.000","%a.s.","22.500","deg","20.000","°C","1013.000","hPa","0.861","-0.02056","0.00035","-0.00011","0","14.7","Humid","26.25","0","52.00","344765.15","SABD0000000001","AAV1.0.0.11","2.0.0.28","PSt7-10","000000-000","10/20/2017 9:36:39 AM","0000-00","0","no battery","V"
"10/20/2017","12:36:09","5","default","957498349","OXY5","86.518","min","156.699","μmol/L","Humid","21.208","deg","90952","µV","35.610","°C","1019.000","hPa","37.0","pmil","0","55.500","deg","20.000","°C","100.000","%a.s.","22.500","deg","20.000","°C","1013.000","hPa","0.861","-0.02056","0.00035","-0.00011","0","14.7","Humid","26.25","0","52.00","344766.28","SABD0000000001","AAV1.0.0.11","2.0.0.28","PSt7-10","000000-000","10/20/2017 9:36:39 AM","0000-00","0","no battery","V"
"10/20/2017","12:36:10","5","default","957498349","OXY5","86.534","min","156.729","μmol/L","Humid","21.203","deg","90968","µV","35.616","°C","1019.000","hPa","37.0","pmil","0","55.500","deg","20.000","°C","100.000","%a.s.","22.500","deg","20.000","°C","1013.000","hPa","0.861","-0.02056","0.00035","-0.00011","0","14.7","Humid","26.25","0","52.00","344779.35","SABD0000000001","AAV1.0.0.11","2.0.0.28","PSt7-10","000000-000","10/20/2017 9:36:39 AM","0000-00","0","no battery","V"
"10/20/2017","12:36:11","5","default","957498349","OXY5","86.551","min","156.719","μmol/L","Humid","21.205","deg","90930","µV","35.613","°C","1019.000","hPa","37.0","pmil","0","55.500","deg","20.000","°C","100.000","%a.s.","22.500","deg","20.000","°C","1013.000","hPa","0.861","-0.02056","0.00035","-0.00011","0","14.7","Humid","26.25","0","52.00","344767.61","SABD0000000001","AAV1.0.0.11","2.0.0.28","PSt7-10","000000-000","10/20/2017 9:36:39 AM","0000-00","0","no battery","V"
"10/20/2017","12:36:12","5","default","957498349","OXY5","86.568","min","156.637","μmol/L","Humid","21.210","deg","90932","µV","35.615","°C","1019.000","hPa","37.0","pmil","0","55.500","deg","20.000","°C","100.000","%a.s.","22.500","deg","20.000","°C","1013.000","hPa","0.861","-0.02056","0.00035","-0.00011","0","14.7","Humid","26.25","0","52.00","344784.59","SABD0000000001","AAV1.0.0.11","2.0.0.28","PSt7-10","000000-000","10/20/2017 9:36:39 AM","0000-00","0","no battery","V"
"10/20/2017","12:36:13","5","default","957498349","OXY5","86.584","min","156.752","μmol/L","Humid","21.205","deg","90955","µV","35.608","°C","1019.000","hPa","37.0","pmil","0","55.500","deg","20.000","°C","100.000","%a.s.","22.500","deg","20.000","°C","1013.000","hPa","0.861","-0.02056","0.00035","-0.00011","0","14.7","Humid","26.25","0","52.00","344777.08","SABD0000000001","AAV1.0.0.11","2.0.0.28","PSt7-10","000000-000","10/20/2017 9:36:39 AM","0000-00","0","no battery","V"
"10/20/2017","12:36:14","5","default","957498349","OXY5","86.601","min","156.731","μmol/L","Humid","21.207","deg","90920","µV","35.606","°C","1019.000","hPa","37.0","pmil","0","55.500","deg","20.000","°C","100.000","%a.s.","22.500","deg","20.000","°C","1013.000","hPa","0.861","-0.02056","0.00035","-0.00011","0","14.7","Humid","26.25","0","52.00","344765.35","SABD0000000001","AAV1.0.0.11","2.0.0.28","PSt7-10","000000-000","10/20/2017 9:36:39 AM","0000-00","0","no battery","V"
"10/20/2017","12:36:15","5","default","957498349","OXY5","86.618","min","156.634","μmol/L","Humid","21.204","deg","90932","µV","35.630","°C","1019.000","hPa","37.0","pmil","0","55.500","deg","20.000","°C","100.000","%a.s.","22.500","deg","20.000","°C","1013.000","hPa","0.861","-0.02056","0.00035","-0.00011","0","14.7","Humid","26.25","0","52.00","344768.61","SABD0000000001","AAV1.0.0.11","2.0.0.28","PSt7-10","000000-000","10/20/2017 9:36:39 AM","0000-00","0","no battery","V"
"10/20/2017","12:36:16","5","default","957498349","OXY5","86.634","min","156.703","μmol/L","Humid","21.202","deg","90943","µV","35.623","°C","1019.000","hPa","37.0","pmil","0","55.500","deg","20.000","°C","100.000","%a.s.","22.500","deg","20.000","°C","1013.000","hPa","0.861","-0.02056","0.00035","-0.00011","0","14.7","Humid","26.25","0","52.00","344768.91","SABD0000000001","AAV1.0.0.11","2.0.0.28","PSt7-10","000000-000","10/20/2017 9:36:39 AM","0000-00","0","no battery","V"
"10/20/2017","12:36:17","5","default","957498349","OXY5","86.651","min","156.774","μmol/L","Humid","21.205","deg","90947","µV","35.604","°C","1019.000","hPa","37.0","pmil","0","55.500","deg","20.000","°C","100.000","%a.s.","22.500","deg","20.000","°C","1013.000","hPa","0.861","-0.02056","0.00035","-0.00011","0","14.7","Humid","26.25","0","52.00","344760.29","SABD0000000001","AAV1.0.0.11","2.0.0.28","PSt7-10","000000-000","10/20/2017 9:36:39 AM","0000-00","0","no battery","V"
"10/20/2017","12:36:18","5","default","957498349","OXY5","86.668","min","156.695","μmol/L","Humid","21.207","deg","90952","µV","35.613","°C","1019.000","hPa","37.0","pmil","0","55.500","deg","20.000","°C","100.000","%a.s.","22.500","deg","20.000","°C","1013.000","hPa","0.861","-0.02056","0.00035","-0.00011","0","14.7","Humid","26.25","0","52.00","344751.85","SABD0000000001","AAV1.0.0.11","2.0.0.28","PSt7-10","000000-000","10/20/2017 9:36:39 AM","0000-00","0","no battery","V"
"10/20/2017","12:36:19","5","default","957498349","OXY5","86.684","min","156.759","μmol/L","Humid","21.201","deg","90928","µV","35.616","°C","1019.000","hPa","37.0","pmil","0","55.500","deg","20.000","°C","100.000","%a.s.","22.500","deg","20.000","°C","1013.000","hPa","0.861","-0.02056","0.00035","-0.00011","0","14.7","Humid","26.25","0","52.00","344749.44","SABD0000000001","AAV1.0.0.11","2.0.0.28","PSt7-10","000000-000","10/20/2017 9:36:39 AM","0000-00","0","no battery","V"
"10/20/2017","12:36:20","5","default","957498349","OXY5","86.701","min","156.781","μmol/L","Humid","21.203","deg","90945","µV","35.607","°C","1019.000","hPa","37.0","pmil","0","55.500","deg","20.000","°C","100.000","%a.s.","22.500","deg","20.000","°C","1013.000","hPa","0.861","-0.02056","0.00035","-0.00011","0","14.7","Humid","26.25","0","52.00","344741.70","SABD0000000001","AAV1.0.0.11","2.0.0.28","PSt7-10","000000-000","10/20/2017 9:36:39 AM","0000-00","0","no battery","V"
"10/20/2017","12:36:21","5","default","957498349","OXY5","86.718","min","156.670","μmol/L","Humid","21.205","deg","90940","µV","35.622","°C","1019.000","hPa","37.0","pmil","0","55.500","deg","20.000","°C","100.000","%a.s.","22.500","deg","20.000","°C","1013.000","hPa","0.861","-0.02056","0.00035","-0.00011","0","14.7","Humid","26.25","0","52.00","344747.04","SABD0000000001","AAV1.0.0.11","2.0.0.28","PSt7-10","000000-000","10/20/2017 9:36:39 AM","0000-00","0","no battery","V"
"10/20/2017","12:36:22","5","default","957498349","OXY5","86.734","min","156.801","μmol/L","Humid","21.203","deg","90869","µV","35.604","°C","1019.000","hPa","37.0","pmil","0","55.500","deg","20.000","°C","100.000","%a.s.","22.500","deg","20.000","°C","1013.000","hPa","0.861","-0.02056","0.00035","-0.00011","0","14.7","Humid","26.25","0","52.00","344761.13","SABD0000000001","AAV1.0.0.11","2.0.0.28","PSt7-10","000000-000","10/20/2017 9:36:39 AM","0000-00","0","no battery","V"
"10/20/2017","12:36:23","5","default","957498349","OXY5","86.751","min","156.694","μmol/L","Humid","21.208","deg","90885","µV","35.610","°C","1019.000","hPa","37.0","pmil","0","55.500","deg","20.000","°C","100.000","%a.s.","22.500","deg","20.000","°C","1013.000","hPa","0.861","-0.02056","0.00035","-0.00011","0","14.7","Humid","26.25","0","52.00","344743.96","SABD0000000001","AAV1.0.0.11","2.0.0.28","PSt7-10","000000-000","10/20/2017 9:36:39 AM","0000-00","0","no battery","V"
"10/20/2017","12:36:24","5","default","957498349","OXY5","86.768","min","156.574","μmol/L","Humid","21.203","deg","90844","µV","35.643","°C","1019.000","hPa","37.0","pmil","0","55.500","deg","20.000","°C","100.000","%a.s.","22.500","deg","20.000","°C","1013.000","hPa","0.861","-0.02056","0.00035","-0.00011","0","14.7","Humid","26.25","0","52.00","344728.40","SABD0000000001","AAV1.0.0.11","2.0.0.28","PSt7-10","000000-000","10/20/2017 9:36:39 AM","0000-00","0","no battery","V"
"10/20/2017","12:36:25","5","default","957498349","OXY5","86.784","min","156.569","μmol/L","Humid","21.206","deg","90851","µV","35.636","°C","1019.000","hPa","37.0","pmil","0","55.500","deg","20.000","°C","100.000","%a.s.","22.500","deg","20.000","°C","1013.000","hPa","0.861","-0.02056","0.00035","-0.00011","0","14.7","Humid","26.25","0","52.00","344749.35","SABD0000000001","AAV1.0.0.11","2.0.0.28","PSt7-10","000000-000","10/20/2017 9:36:39 AM","0000-00","0","no battery","V"
"10/20/2017","12:36:26","5","default","957498349","OXY5","86.801","min","156.644","μmol/L","Humid","21.204","deg","90923","µV","35.628","°C","1019.000","hPa","37.0","pmil","0","55.500","deg","20.000","°C","100.000","%a.s.","22.500","deg","20.000","°C","1013.000","hPa","0.861","-0.02056","0.00035","-0.00011","0","14.7","Humid","26.25","0","52.00","344746.94","SABD0000000001","AAV1.0.0.11","2.0.0.28","PSt7-10","000000-000","10/20/2017 9:36:39 AM","0000-00","0","no battery","V"
"10/20/2017","12:36:27","5","default","957498349","OXY5","86.818","min","156.674","μmol/L","Humid","21.204","deg","90922","µV","35.623","°C","1019.000","hPa","37.0","pmil","0","55.500","deg","20.000","°C","100.000","%a.s.","22.500","deg","20.000","°C","1013.000","hPa","0.861","-0.02056","0.00035","-0.00011","0","14.7","Humid","26.25","0","52.00","344755.04","SABD0000000001","AAV1.0.0.11","2.0.0.28","PSt7-10","000000-000","10/20/2017 9:36:39 AM","0000-00","0","no battery","V"
"10/20/2017","12:36:28","5","default","957498349","OXY5","86.834","min","156.558","μmol/L","Humid","21.206","deg","90971","µV","35.638","°C","1019.000","hPa","37.0","pmil","0","55.500","deg","20.000","°C","100.000","%a.s.","22.500","deg","20.000","°C","1013.000","hPa","0.861","-0.02056","0.00035","-0.00011","0","14.7","Humid","26.25","0","52.00","344742.67","SABD0000000001","AAV1.0.0.11","2.0.0.28","PSt7-10","000000-000","10/20/2017 9:36:39 AM","0000-00","0","no battery","V"
"10/20/2017","12:36:29","5","default","957498349","OXY5","86.851","min","156.740","μmol/L","Humid","21.206","deg","90917","µV","35.607","°C","1019.000","hPa","37.0","pmil","0","55.500","deg","20.000","°C","100.000","%a.s.","22.500","deg","20.000","°C","1013.000","hPa","0.861","-0.02056","0.00035","-0.00011","0","14.7","Humid","26.25","0","52.00","344720.04","SABD0000000001","AAV1.0.0.11","2.0.0.28","PSt7-10","000000-000","10/20/2017 9:36:39 AM","0000-00","0","no battery","V"
"10/20/2017","12:36:30","5","default","957498349","OXY5","86.868","min","156.662","μmol/L","Humid","21.203","deg","90941","µV","35.628","°C","1019.000","hPa","37.0","pmil","0","55.500","deg","20.000","°C","100.000","%a.s.","22.500","deg","20.000","°C","1013.000","hPa","0.861","-0.02056","0.00035","-0.00011","0","14.7","Humid","26.25","0","52.00","344730.05","SABD0000000001","AAV1.0.0.11","2.0.0.28","PSt7-10","000000-000","10/20/2017 9:36:39 AM","0000-00","0","no battery","V"
"10/20/2017","12:36:31","5","default","957498349","OXY5","86.885","min","156.595","μmol/L","Humid","21.208","deg","91062","µV","35.627","°C","1019.000","hPa","37.0","pmil","0","55.500","deg","20.000","°C","100.000","%a.s.","22.500","deg","20.000","°C","1013.000","hPa","0.861","-0.02056","0.00035","-0.00011","0","14.7","Humid","26.25","0","52.00","344734.97","SABD0000000001","AAV1.0.0.11","2.0.0.28","PSt7-10","000000-000","10/20/2017 9:36:39 AM","0000-00","0","no battery","V"
"10/20/2017","12:36:32","5","default","957498349","OXY5","86.901","min","156.676","μmol/L","Humid","21.208","deg","91017","µV","35.613","°C","1019.000","hPa","37.0","pmil","0","55.500","deg","20.000","°C","100.000","%a.s.","22.500","deg","20.000","°C","1013.000","hPa","0.861","-0.02056","0.00035","-0.00011","0","14.7","Humid","26.25","0","52.00","344721.98","SABD0000000001","AAV1.0.0.11","2.0.0.28","PSt7-10","000000-000","10/20/2017 9:36:39 AM","0000-00","0","no battery","V"
"10/20/2017","12:36:33","5","default","957498349","OXY5","86.918","min","156.661","μmol/L","Humid","21.205","deg","91086","µV","35.623","°C","1019.000","hPa","37.0","pmil","0","55.500","deg","20.000","°C","100.000","%a.s.","22.500","deg","20.000","°C","1013.000","hPa","0.861","-0.02056","0.00035","-0.00011","0","14.7","Humid","26.25","0","52.00","344736.95","SABD0000000001","AAV1.0.0.11","2.0.0.28","PSt7-10","000000-000","10/20/2017 9:36:39 AM","0000-00","0","no battery","V"
"10/20/2017","12:36:34","5","default","957498349","OXY5","86.935","min","156.653","μmol/L","Humid","21.206","deg","91089","µV","35.622","°C","1019.000","hPa","37.0","pmil","0","55.500","deg","20.000","°C","100.000","%a.s.","22.500","deg","20.000","°C","1013.000","hPa","0.861","-0.02056","0.00035","-0.00011","0","14.7","Humid","26.25","0","52.00","344734.78","SABD0000000001","AAV1.0.0.11","2.0.0.28","PSt7-10","000000-000","10/20/2017 9:36:39 AM","0000-00","0","no battery","V"
"10/20/2017","12:36:35","5","default","957498349","OXY5","86.951","min","156.649","μmol/L","Humid","21.206","deg","91036","µV","35.623","°C","1019.000","hPa","37.0","pmil","0","55.500","deg","20.000","°C","100.000","%a.s.","22.500","deg","20.000","°C","1013.000","hPa","0.861","-0.02056","0.00035","-0.00011","0","14.7","Humid","26.25","0","52.00","344723.36","SABD0000000001","AAV1.0.0.11","2.0.0.28","PSt7-10","000000-000","10/20/2017 9:36:39 AM","0000-00","0","no battery","V"
"10/20/2017","12:36:36","5","default","957498349","OXY5","86.968","min","156.739","μmol/L","Humid","21.203","deg","90997","µV","35.615","°C","1019.000","hPa","37.0","pmil","0","55.500","deg","20.000","°C","100.000","%a.s.","22.500","deg","20.000","°C","1013.000","hPa","0.861","-0.02056","0.00035","-0.00011","0","14.7","Humid","26.25","0","52.00","344726.03","SABD0000000001","AAV1.0.0.11","2.0.0.28","PSt7-10","000000-000","10/20/2017 9:36:39 AM","0000-00","0","no battery","V"
"10/20/2017","12:36:37","5","default","957498349","OXY5","86.985","min","156.551","μmol/L","Humid","21.210","deg","90997","µV","35.630","°C","1019.000","hPa","37.0","pmil","0","55.500","deg","20.000","°C","100.000","%a.s.","22.500","deg","20.000","°C","1013.000","hPa","0.861","-0.02056","0.00035","-0.00011","0","14.7","Humid","26.25","0","52.00","344721.42","SABD0000000001","AAV1.0.0.11","2.0.0.28","PSt7-10","000000-000","10/20/2017 9:36:39 AM","0000-00","0","no battery","V"
"10/20/2017","12:36:38","5","default","957498349","OXY5","87.001","min","156.667","μmol/L","Humid","21.206","deg","90965","µV","35.620","°C","1019.000","hPa","37.0","pmil","0","55.500","deg","20.000","°C","100.000","%a.s.","22.500","deg","20.000","°C","1013.000","hPa","0.861","-0.02056","0.00035","-0.00011","0","14.7","Humid","26.25","0","52.00","344722.24","SABD0000000001","AAV1.0.0.11","2.0.0.28","PSt7-10","000000-000","10/20/2017 9:36:39 AM","0000-00","0","no battery","V"
"10/20/2017","12:36:39","5","default","957498349","OXY5","87.018","min","156.744","μmol/L","Humid","21.199","deg","90904","µV","35.623","°C","1019.000","hPa","37.0","pmil","0","55.500","deg","20.000","°C","100.000","%a.s.","22.500","deg","20.000","°C","1013.000","hPa","0.861","-0.02056","0.00035","-0.00011","0","14.7","Humid","26.25","0","52.00","344724.21","SABD0000000001","AAV1.0.0.11","2.0.0.28","PSt7-10","000000-000","10/20/2017 9:36:39 AM","0000-00","0","no battery","V"
"10/20/2017","12:36:40","5","default","957498349","OXY5","87.035","min","156.796","μmol/L","Humid","21.202","deg","90929","µV","35.607","°C","1019.000","hPa","37.0","pmil","0","55.500","deg","20.000","°C","100.000","%a.s.","22.500","deg","20.000","°C","1013.000","hPa","0.861","-0.02056","0.00035","-0.00011","0","14.7","Humid","26.25","0","52.00","344716.64","SABD0000000001","AAV1.0.0.11","2.0.0.28","PSt7-10","000000-000","10/20/2017 9:36:39 AM","0000-00","0","no battery","V"
"10/20/2017","12:36:41","5","default","957498349","OXY5","87.051","min","156.673","μmol/L","Humid","21.203","deg","90909","µV","35.626","°C","1019.000","hPa","37.0","pmil","0","55.500","deg","20.000","°C","100.000","%a.s.","22.500","deg","20.000","°C","1013.000","hPa","0.861","-0.02056","0.00035","-0.00011","0","14.7","Humid","26.25","0","52.00","344705.76","SABD0000000001","AAV1.0.0.11","2.0.0.28","PSt7-10","000000-000","10/20/2017 9:36:39 AM","0000-00","0","no battery","V"
"10/20/2017","12:36:42","5","default","957498349","OXY5","87.068","min","156.678","μmol/L","Humid","21.204","deg","90917","µV","35.623","°C","1019.000","hPa","37.0","pmil","0","55.500","deg","20.000","°C","100.000","%a.s.","22.500","deg","20.000","°C","1013.000","hPa","0.861","-0.02056","0.00035","-0.00011","0","14.7","Humid","26.25","0","52.00","344717.21","SABD0000000001","AAV1.0.0.11","2.0.0.28","PSt7-10","000000-000","10/20/2017 9:36:39 AM","0000-00","0","no battery","V"
"10/20/2017","12:36:43","5","default","957498349","OXY5","87.085","min","156.677","μmol/L","Humid","21.206","deg","90885","µV","35.618","°C","1019.000","hPa","37.0","pmil","0","55.500","deg","20.000","°C","100.000","%a.s.","22.500","deg","20.000","°C","1013.000","hPa","0.861","-0.02056","0.00035","-0.00011","0","14.7","Humid","26.25","0","52.00","344713.89","SABD0000000001","AAV1.0.0.11","2.0.0.28","PSt7-10","000000-000","10/20/2017 9:36:39 AM","0000-00","0","no battery","V"
"10/20/2017","12:36:44","5","default","957498349","OXY5","87.101","min","156.656","μmol/L","Humid","21.202","deg","90905","µV","35.631","°C","1019.000","hPa","37.0","pmil","0","55.500","deg","20.000","°C","100.000","%a.s.","22.500","deg","20.000","°C","1013.000","hPa","0.861","-0.02056","0.00035","-0.00011","0","14.7","Humid","26.25","0","52.00","344715.90","SABD0000000001","AAV1.0.0.11","2.0.0.28","PSt7-10","000000-000","10/20/2017 9:36:39 AM","0000-00","0","no battery","V"
"10/20/2017","12:36:45","5","default","957498349","OXY5","87.118","min","156.529","μmol/L","Humid","21.208","deg","90894","µV","35.638","°C","1019.000","hPa","37.0","pmil","0","55.500","deg","20.000","°C","100.000","%a.s.","22.500","deg","20.000","°C","1013.000","hPa","0.861","-0.02056","0.00035","-0.00011","0","14.7","Humid","26.25","0","52.00","344718.59","SABD0000000001","AAV1.0.0.11","2.0.0.28","PSt7-10","000000-000","10/20/2017 9:36:39 AM","0000-00","0","no battery","V"
"10/20/2017","12:36:46","5","default","957498349","OXY5","87.135","min","156.658","μmol/L","Humid","21.203","deg","90881","µV","35.628","°C","1019.000","hPa","37.0","pmil","0","55.500","deg","20.000","°C","100.000","%a.s.","22.500","deg","20.000","°C","1013.000","hPa","0.861","-0.02056","0.00035","-0.00011","0","14.7","Humid","26.25","0","52.00","344712.96","SABD0000000001","AAV1.0.0.11","2.0.0.28","PSt7-10","000000-000","10/20/2017 9:36:39 AM","0000-00","0","no battery","V"
"10/20/2017","12:36:47","5","default","957498349","OXY5","87.152","min","156.692","μmol/L","Humid","21.207","deg","90878","µV","35.613","°C","1019.000","hPa","37.0","pmil","0","55.500","deg","20.000","°C","100.000","%a.s.","22.500","deg","20.000","°C","1013.000","hPa","0.861","-0.02056","0.00035","-0.00011","0","14.7","Humid","26.25","0","52.00","344711.52","SABD0000000001","AAV1.0.0.11","2.0.0.28","PSt7-10","000000-000","10/20/2017 9:36:39 AM","0000-00","0","no battery","V"
"10/20/2017","12:36:48","5","default","957498349","OXY5","87.168","min","156.626","μmol/L","Humid","21.204","deg","90889","µV","35.631","°C","1019.000","hPa","37.0","pmil","0","55.500","deg","20.000","°C","100.000","%a.s.","22.500","deg","20.000","°C","1013.000","hPa","0.861","-0.02056","0.00035","-0.00011","0","14.7","Humid","26.25","0","52.00","344726.52","SABD0000000001","AAV1.0.0.11","2.0.0.28","PSt7-10","000000-000","10/20/2017 9:36:39 AM","0000-00","0","no battery","V"
"10/20/2017","12:36:49","5","default","957498349","OXY5","87.185","min","156.608","μmol/L","Humid","21.208","deg","90887","µV","35.625","°C","1019.000","hPa","37.0","pmil","0","55.500","deg","20.000","°C","100.000","%a.s.","22.500","deg","20.000","°C","1013.000","hPa","0.861","-0.02056","0.00035","-0.00011","0","14.7","Humid","26.25","0","52.00","344704.61","SABD0000000001","AAV1.0.0.11","2.0.0.28","PSt7-10","000000-000","10/20/2017 9:36:39 AM","0000-00","0","no battery","V"
"10/20/2017","12:36:50","5","default","957498349","OXY5","87.202","min","156.626","μmol/L","Humid","21.204","deg","90861","µV","35.631","°C","1019.000","hPa","37.0","pmil","0","55.500","deg","20.000","°C","100.000","%a.s.","22.500","deg","20.000","°C","1013.000","hPa","0.861","-0.02056","0.00035","-0.00011","0","14.7","Humid","26.25","0","52.00","344709.34","SABD0000000001","AAV1.0.0.11","2.0.0.28","PSt7-10","000000-000","10/20/2017 9:36:39 AM","0000-00","0","no battery","V"
"10/20/2017","12:36:51","5","default","957498349","OXY5","87.218","min","156.678","μmol/L","Humid","21.203","deg","90862","µV","35.625","°C","1019.000","hPa","37.0","pmil","0","55.500","deg","20.000","°C","100.000","%a.s.","22.500","deg","20.000","°C","1013.000","hPa","0.861","-0.02056","0.00035","-0.00011","0","14.7","Humid","26.25","0","52.00","344701.96","SABD0000000001","AAV1.0.0.11","2.0.0.28","PSt7-10","000000-000","10/20/2017 9:36:39 AM","0000-00","0","no battery","V"
"10/20/2017","12:36:52","5","default","957498349","OXY5","87.235","min","156.651","μmol/L","Humid","21.205","deg","90895","µV","35.625","°C","1019.000","hPa","37.0","pmil","0","55.500","deg","20.000","°C","100.000","%a.s.","22.500","deg","20.000","°C","1013.000","hPa","0.861","-0.02056","0.00035","-0.00011","0","14.7","Humid","26.25","0","52.00","344701.89","SABD0000000001","AAV1.0.0.11","2.0.0.28","PSt7-10","000000-000","10/20/2017 9:36:39 AM","0000-00","0","no battery","V"
"10/20/2017","12:36:53","5","default","957498349","OXY5","87.251","min","156.649","μmol/L","Humid","21.205","deg","90886","µV","35.625","°C","1019.000","hPa","37.0","pmil","0","55.500","deg","20.000","°C","100.000","%a.s.","22.500","deg","20.000","°C","1013.000","hPa","0.861","-0.02056","0.00035","-0.00011","0","14.7","Humid","26.25","0","52.00","344687.13","SABD0000000001","AAV1.0.0.11","2.0.0.28","PSt7-10","000000-000","10/20/2017 9:36:39 AM","0000-00","0","no battery","V"
"10/20/2017","12:36:54","5","default","957498349","OXY5","87.268","min","156.699","μmol/L","Humid","21.201","deg","90895","µV","35.626","°C","1019.000","hPa","37.0","pmil","0","55.500","deg","20.000","°C","100.000","%a.s.","22.500","deg","20.000","°C","1013.000","hPa","0.861","-0.02056","0.00035","-0.00011","0","14.7","Humid","26.25","0","52.00","344677.70","SABD0000000001","AAV1.0.0.11","2.0.0.28","PSt7-10","000000-000","10/20/2017 9:36:39 AM","0000-00","0","no battery","V"
"10/20/2017","12:36:55","5","default","957498349","OXY5","87.284","min","156.715","μmol/L","Humid","21.199","deg","90921","µV","35.628","°C","1019.000","hPa","37.0","pmil","0","55.500","deg","20.000","°C","100.000","%a.s.","22.500","deg","20.000","°C","1013.000","hPa","0.861","-0.02056","0.00035","-0.00011","0","14.7","Humid","26.25","0","52.00","344701.62","SABD0000000001","AAV1.0.0.11","2.0.0.28","PSt7-10","000000-000","10/20/2017 9:36:39 AM","0000-00","0","no battery","V"
"10/20/2017","12:36:56","5","default","957498349","OXY5","87.301","min","156.690","μmol/L","Humid","21.201","deg","90877","µV","35.628","°C","1019.000","hPa","37.0","pmil","0","55.500","deg","20.000","°C","100.000","%a.s.","22.500","deg","20.000","°C","1013.000","hPa","0.861","-0.02056","0.00035","-0.00011","0","14.7","Humid","26.25","0","52.00","344687.93","SABD0000000001","AAV1.0.0.11","2.0.0.28","PSt7-10","000000-000","10/20/2017 9:36:39 AM","0000-00","0","no battery","V"
"10/20/2017","12:36:57","5","default","957498349","OXY5","87.318","min","156.658","μmol/L","Humid","21.201","deg","90786","µV","35.633","°C","1019.000","hPa","37.0","pmil","0","55.500","deg","20.000","°C","100.000","%a.s.","22.500","deg","20.000","°C","1013.000","hPa","0.861","-0.02056","0.00035","-0.00011","0","14.7","Humid","26.25","0","52.00","344694.20","SABD0000000001","AAV1.0.0.11","2.0.0.28","PSt7-10","000000-000","10/20/2017 9:36:39 AM","0000-00","0","no battery","V"
"10/20/2017","12:36:58","5","default","957498349","OXY5","87.334","min","156.700","μmol/L","Humid","21.197","deg","89708","µV","35.636","°C","1019.000","hPa","37.0","pmil","0","55.500","deg","20.000","°C","100.000","%a.s.","22.500","deg","20.000","°C","1013.000","hPa","0.861","-0.02056","0.00035","-0.00011","0","14.7","Humid","26.25","0","52.00","344688.74","SABD0000000001","AAV1.0.0.11","2.0.0.28","PSt7-10","000000-000","10/20/2017 9:36:39 AM","0000-00","0","no battery","V"
"10/20/2017","12:36:59","5","default","957498349","OXY5","87.351","min","156.651","μmol/L","Humid","21.205","deg","90928","µV","35.625","°C","1019.000","hPa","37.0","pmil","0","55.500","deg","20.000","°C","100.000","%a.s.","22.500","deg","20.000","°C","1013.000","hPa","0.861","-0.02056","0.00035","-0.00011","0","14.7","Humid","26.25","0","52.00","344695.65","SABD0000000001","AAV1.0.0.11","2.0.0.28","PSt7-10","000000-000","10/20/2017 9:36:39 AM","0000-00","0","no battery","V"
"10/20/2017","12:37:00","5","default","957498349","OXY5","87.368","min","156.717","μmol/L","Humid","21.203","deg","90948","µV","35.618","°C","1019.000","hPa","37.0","pmil","0","55.500","deg","20.000","°C","100.000","%a.s.","22.500","deg","20.000","°C","1013.000","hPa","0.861","-0.02056","0.00035","-0.00011","0","14.7","Humid","26.25","0","52.00","344705.43","SABD0000000001","AAV1.0.0.11","2.0.0.28","PSt7-10","000000-000","10/20/2017 9:36:39 AM","0000-00","0","no battery","V"
"10/20/2017","12:37:01","5","default","957498349","OXY5","87.384","min","156.720","μmol/L","Humid","21.206","deg","91175","µV","35.611","°C","1019.000","hPa","37.0","pmil","0","55.500","deg","20.000","°C","100.000","%a.s.","22.500","deg","20.000","°C","1013.000","hPa","0.861","-0.02056","0.00035","-0.00011","0","14.7","Humid","26.25","0","52.00","344690.37","SABD0000000001","AAV1.0.0.11","2.0.0.28","PSt7-10","000000-000","10/20/2017 9:36:39 AM","0000-00","0","no battery","V"
"10/20/2017","12:37:02","5","default","957498349","OXY5","87.401","min","156.621","μmol/L","Humid","21.203","deg","90929","µV","35.635","°C","1019.000","hPa","37.0","pmil","0","55.500","deg","20.000","°C","100.000","%a.s.","22.500","deg","20.000","°C","1013.000","hPa","0.861","-0.02056","0.00035","-0.00011","0","14.7","Humid","26.25","0","52.00","344689.08","SABD0000000001","AAV1.0.0.11","2.0.0.28","PSt7-10","000000-000","10/20/2017 9:36:39 AM","0000-00","0","no battery","V"
"10/20/2017","12:37:03","5","default","957498349","OXY5","87.418","min","156.599","μmol/L","Humid","21.202","deg","90903","µV","35.641","°C","1019.000","hPa","37.0","pmil","0","55.500","deg","20.000","°C","100.000","%a.s.","22.500","deg","20.000","°C","1013.000","hPa","0.861","-0.02056","0.00035","-0.00011","0","14.7","Humid","26.25","0","52.00","344699.52","SABD0000000001","AAV1.0.0.11","2.0.0.28","PSt7-10","000000-000","10/20/2017 9:36:39 AM","0000-00","0","no battery","V"
"10/20/2017","12:37:04","5","default","957498349","OXY5","87.434","min","156.484","μmol/L","Humid","21.208","deg","90927","µV","35.646","°C","1019.000","hPa","37.0","pmil","0","55.500","deg","20.000","°C","100.000","%a.s.","22.500","deg","20.000","°C","1013.000","hPa","0.861","-0.02056","0.00035","-0.00011","0","14.7","Humid","26.25","0","52.00","344691.12","SABD0000000001","AAV1.0.0.11","2.0.0.28","PSt7-10","000000-000","10/20/2017 9:36:39 AM","0000-00","0","no battery","V"
"10/20/2017","12:37:05","5","default","957498349","OXY5","87.451","min","156.593","μmol/L","Humid","21.202","deg","91164","µV","35.642","°C","1019.000","hPa","37.0","pmil","0","55.500","deg","20.000","°C","100.000","%a.s.","22.500","deg","20.000","°C","1013.000","hPa","0.861","-0.02056","0.00035","-0.00011","0","14.7","Humid","26.25","0","52.00","344693.85","SABD0000000001","AAV1.0.0.11","2.0.0.28","PSt7-10","000000-000","10/20/2017 9:36:39 AM","0000-00","0","no battery","V"
"10/20/2017","12:37:06","5","default","957498349","OXY5","87.468","min","156.554","μmol/L","Humid","21.203","deg","90763","µV","35.646","°C","1019.000","hPa","37.0","pmil","0","55.500","deg","20.000","°C","100.000","%a.s.","22.500","deg","20.000","°C","1013.000","hPa","0.861","-0.02056","0.00035","-0.00011","0","14.7","Humid","26.25","0","52.00","344680.59","SABD0000000001","AAV1.0.0.11","2.0.0.28","PSt7-10","000000-000","10/20/2017 9:36:39 AM","0000-00","0","no battery","V"
"10/20/2017","12:37:07","5","default","957498349","OXY5","87.484","min","156.586","μmol/L","Humid","21.202","deg","90629","µV","35.643","°C","1019.000","hPa","37.0","pmil","0","55.500","deg","20.000","°C","100.000","%a.s.","22.500","deg","20.000","°C","1013.000","hPa","0.861","-0.02056","0.00035","-0.00011","0","14.7","Humid","26.25","0","52.00","344689.60","SABD0000000001","AAV1.0.0.11","2.0.0.28","PSt7-10","000000-000","10/20/2017 9:36:39 AM","0000-00","0","no battery","V"
"10/20/2017","12:37:08","5","default","957498349","OXY5","87.501","min","156.632","μmol/L","Humid","21.202","deg","91113","µV","35.635","°C","1019.000","hPa","37.0","pmil","0","55.500","deg","20.000","°C","100.000","%a.s.","22.500","deg","20.000","°C","1013.000","hPa","0.861","-0.02056","0.00035","-0.00011","0","14.7","Humid","26.25","0","52.00","344681.86","SABD0000000001","AAV1.0.0.11","2.0.0.28","PSt7-10","000000-000","10/20/2017 9:36:39 AM","0000-00","0","no battery","V"
"10/20/2017","12:37:09","5","default","957498349","OXY5","87.518","min","156.578","μmol/L","Humid","21.207","deg","91382","µV","35.633","°C","1019.000","hPa","37.0","pmil","0","55.500","deg","20.000","°C","100.000","%a.s.","22.500","deg","20.000","°C","1013.000","hPa","0.861","-0.02056","0.00035","-0.00011","0","14.7","Humid","26.25","0","52.00","344676.64","SABD0000000001","AAV1.0.0.11","2.0.0.28","PSt7-10","000000-000","10/20/2017 9:36:39 AM","0000-00","0","no battery","V"
"10/20/2017","12:37:10","5","default","957498349","OXY5","87.535","min","156.634","μmol/L","Humid","21.204","deg","91529","µV","35.630","°C","1019.000","hPa","37.0","pmil","0","55.500","deg","20.000","°C","100.000","%a.s.","22.500","deg","20.000","°C","1013.000","hPa","0.861","-0.02056","0.00035","-0.00011","0","14.7","Humid","26.25","0","52.00","344674.75","SABD0000000001","AAV1.0.0.11","2.0.0.28","PSt7-10","000000-000","10/20/2017 9:36:39 AM","0000-00","0","no battery","V"
"10/20/2017","12:37:11","5","default","957498349","OXY5","87.551","min","156.592","μmol/L","Humid","21.201","deg","91567","µV","35.644","°C","1019.000","hPa","37.0","pmil","0","55.500","deg","20.000","°C","100.000","%a.s.","22.500","deg","20.000","°C","1013.000","hPa","0.861","-0.02056","0.00035","-0.00011","0","14.7","Humid","26.25","0","52.00","344676.10","SABD0000000001","AAV1.0.0.11","2.0.0.28","PSt7-10","000000-000","10/20/2017 9:36:39 AM","0000-00","0","no battery","V"
"10/20/2017","12:37:12","5","default","957498349","OXY5","87.568","min","156.505","μmol/L","Humid","21.208","deg","91547","µV","35.642","°C","1019.000","hPa","37.0","pmil","0","55.500","deg","20.000","°C","100.000","%a.s.","22.500","deg","20.000","°C","1013.000","hPa","0.861","-0.02056","0.00035","-0.00011","0","14.7","Humid","26.25","0","52.00","344694.86","SABD0000000001","AAV1.0.0.11","2.0.0.28","PSt7-10","000000-000","10/20/2017 9:36:39 AM","0000-00","0","no battery","V"
"10/20/2017","12:37:13","5","default","957498349","OXY5","87.585","min","156.524","μmol/L","Humid","21.206","deg","91487","µV","35.644","°C","1019.000","hPa","37.0","pmil","0","55.500","deg","20.000","°C","100.000","%a.s.","22.500","deg","20.000","°C","1013.000","hPa","0.861","-0.02056","0.00035","-0.00011","0","14.7","Humid","26.25","0","52.00","344698.01","SABD0000000001","AAV1.0.0.11","2.0.0.28","PSt7-10","000000-000","10/20/2017 9:36:39 AM","0000-00","0","no battery","V"
"10/20/2017","12:37:14","5","default","957498349","OXY5","87.602","min","156.559","μmol/L","Humid","21.206","deg","91429","µV","35.638","°C","1019.000","hPa","37.0","pmil","0","55.500","deg","20.000","°C","100.000","%a.s.","22.500","deg","20.000","°C","1013.000","hPa","0.861","-0.02056","0.00035","-0.00011","0","14.7","Humid","26.25","0","52.00","344694.22","SABD0000000001","AAV1.0.0.11","2.0.0.28","PSt7-10","000000-000","10/20/2017 9:36:39 AM","0000-00","0","no battery","V"
"10/20/2017","12:37:15","5","default","957498349","OXY5","87.618","min","156.676","μmol/L","Humid","21.198","deg","91385","µV","35.637","°C","1019.000","hPa","37.0","pmil","0","55.500","deg","20.000","°C","100.000","%a.s.","22.500","deg","20.000","°C","1013.000","hPa","0.861","-0.02056","0.00035","-0.00011","0","14.7","Humid","26.25","0","52.00","344702.36","SABD0000000001","AAV1.0.0.11","2.0.0.28","PSt7-10","000000-000","10/20/2017 9:36:39 AM","0000-00","0","no battery","V"
"10/20/2017","12:37:16","5","default","957498349","OXY5","87.635","min","156.532","μmol/L","Humid","21.205","deg","91357","µV","35.645","°C","1019.000","hPa","37.0","pmil","0","55.500","deg","20.000","°C","100.000","%a.s.","22.500","deg","20.000","°C","1013.000","hPa","0.861","-0.02056","0.00035","-0.00011","0","14.7","Humid","26.25","0","52.00","344679.88","SABD0000000001","AAV1.0.0.11","2.0.0.28","PSt7-10","000000-000","10/20/2017 9:36:39 AM","0000-00","0","no battery","V"
"10/20/2017","12:37:17","5","default","957498349","OXY5","87.652","min","156.551","μmol/L","Humid","21.205","deg","91377","µV","35.642","°C","1019.000","hPa","37.0","pmil","0","55.500","deg","20.000","°C","100.000","%a.s.","22.500","deg","20.000","°C","1013.000","hPa","0.861","-0.02056","0.00035","-0.00011","0","14.7","Humid","26.25","0","52.00","344693.19","SABD0000000001","AAV1.0.0.11","2.0.0.28","PSt7-10","000000-000","10/20/2017 9:36:39 AM","0000-00","0","no battery","V"
"10/20/2017","12:37:18","5","default","957498349","OXY5","87.668","min","156.624","μmol/L","Humid","21.204","deg","91378","µV","35.632","°C","1019.000","hPa","37.0","pmil","0","55.500","deg","20.000","°C","100.000","%a.s.","22.500","deg","20.000","°C","1013.000","hPa","0.861","-0.02056","0.00035","-0.00011","0","14.7","Humid","26.25","0","52.00","344686.94","SABD0000000001","AAV1.0.0.11","2.0.0.28","PSt7-10","000000-000","10/20/2017 9:36:39 AM","0000-00","0","no battery","V"
"10/20/2017","12:37:19","5","default","957498349","OXY5","87.685","min","156.587","μmol/L","Humid","21.204","deg","91366","µV","35.638","°C","1019.000","hPa","37.0","pmil","0","55.500","deg","20.000","°C","100.000","%a.s.","22.500","deg","20.000","°C","1013.000","hPa","0.861","-0.02056","0.00035","-0.00011","0","14.7","Humid","26.25","0","52.00","344677.21","SABD0000000001","AAV1.0.0.11","2.0.0.28","PSt7-10","000000-000","10/20/2017 9:36:39 AM","0000-00","0","no battery","V"
"10/20/2017","12:37:20","5","default","957498349","OXY5","87.702","min","156.655","μmol/L","Humid","21.205","deg","91397","µV","35.624","°C","1019.000","hPa","37.0","pmil","0","55.500","deg","20.000","°C","100.000","%a.s.","22.500","deg","20.000","°C","1013.000","hPa","0.861","-0.02056","0.00035","-0.00011","0","14.7","Humid","26.25","0","52.00","344684.64","SABD0000000001","AAV1.0.0.11","2.0.0.28","PSt7-10","000000-000","10/20/2017 9:36:39 AM","0000-00","0","no battery","V"
"10/20/2017","12:37:21","5","default","957498349","OXY5","87.718","min","156.570","μmol/L","Humid","21.210","deg","91367","µV","35.627","°C","1019.000","hPa","37.0","pmil","0","55.500","deg","20.000","°C","100.000","%a.s.","22.500","deg","20.000","°C","1013.000","hPa","0.861","-0.02056","0.00035","-0.00011","0","14.7","Humid","26.25","0","52.00","344686.02","SABD0000000001","AAV1.0.0.11","2.0.0.28","PSt7-10","000000-000","10/20/2017 9:36:39 AM","0000-00","0","no battery","V"
"10/20/2017","12:37:22","5","default","957498349","OXY5","87.735","min","156.562","μmol/L","Humid","21.201","deg","91331","µV","35.649","°C","1019.000","hPa","37.0","pmil","0","55.500","deg","20.000","°C","100.000","%a.s.","22.500","deg","20.000","°C","1013.000","hPa","0.861","-0.02056","0.00035","-0.00011","0","14.7","Humid","26.25","0","52.00","344683.27","SABD0000000001","AAV1.0.0.11","2.0.0.28","PSt7-10","000000-000","10/20/2017 9:36:39 AM","0000-00","0","no battery","V"
"10/20/2017","12:37:23","5","default","957498349","OXY5","87.752","min","156.555","μmol/L","Humid","21.204","deg","91330","µV","35.644","°C","1019.000","hPa","37.0","pmil","0","55.500","deg","20.000","°C","100.000","%a.s.","22.500","deg","20.000","°C","1013.000","hPa","0.861","-0.02056","0.00035","-0.00011","0","14.7","Humid","26.25","0","52.00","344689.75","SABD0000000001","AAV1.0.0.11","2.0.0.28","PSt7-10","000000-000","10/20/2017 9:36:39 AM","0000-00","0","no battery","V"
"10/20/2017","12:37:24","5","default","957498349","OXY5","87.768","min","156.595","μmol/L","Humid","21.202","deg","91211","µV","35.641","°C","1019.000","hPa","37.0","pmil","0","55.500","deg","20.000","°C","100.000","%a.s.","22.500","deg","20.000","°C","1013.000","hPa","0.861","-0.02056","0.00035","-0.00011","0","14.7","Humid","26.25","0","52.00","344669.76","SABD0000000001","AAV1.0.0.11","2.0.0.28","PSt7-10","000000-000","10/20/2017 9:36:39 AM","0000-00","0","no battery","V"
"10/20/2017","12:37:25","5","default","957498349","OXY5","87.784","min","156.561","μmol/L","Humid","21.204","deg","91131","µV","35.643","°C","1019.000","hPa","37.0","pmil","0","55.500","deg","20.000","°C","100.000","%a.s.","22.500","deg","20.000","°C","1013.000","hPa","0.861","-0.02056","0.00035","-0.00011","0","14.7","Humid","26.25","0","52.00","344666.20","SABD0000000001","AAV1.0.0.11","2.0.0.28","PSt7-10","000000-000","10/20/2017 9:36:39 AM","0000-00","0","no battery","V"
"10/20/2017","12:37:26","5","default","957498349","OXY5","87.801","min","156.576","μmol/L","Humid","21.202","deg","91122","µV","35.645","°C","1019.000","hPa","37.0","pmil","0","55.500","deg","20.000","°C","100.000","%a.s.","22.500","deg","20.000","°C","1013.000","hPa","0.861","-0.02056","0.00035","-0.00011","0","14.7","Humid","26.25","0","52.00","344667.04","SABD0000000001","AAV1.0.0.11","2.0.0.28","PSt7-10","000000-000","10/20/2017 9:36:39 AM","0000-00","0","no battery","V"
"10/20/2017","12:37:27","5","default","957498349","OXY5","87.818","min","156.565","μmol/L","Humid","21.205","deg","91111","µV","35.639","°C","1019.000","hPa","37.0","pmil","0","55.500","deg","20.000","°C","100.000","%a.s.","22.500","deg","20.000","°C","1013.000","hPa","0.861","-0.02056","0.00035","-0.00011","0","14.7","Humid","26.25","0","52.00","344676.69","SABD0000000001","AAV1.0.0.11","2.0.0.28","PSt7-10","000000-000","10/20/2017 9:36:39 AM","0000-00","0","no battery","V"
"10/20/2017","12:37:28","5","default","957498349","OXY5","87.834","min","156.498","μmol/L","Humid","21.204","deg","91108","µV","35.653","°C","1019.000","hPa","37.0","pmil","0","55.500","deg","20.000","°C","100.000","%a.s.","22.500","deg","20.000","°C","1013.000","hPa","0.861","-0.02056","0.00035","-0.00011","0","14.7","Humid","26.25","0","52.00","344671.64","SABD0000000001","AAV1.0.0.11","2.0.0.28","PSt7-10","000000-000","10/20/2017 9:36:39 AM","0000-00","0","no battery","V"
"10/20/2017","12:37:29","5","default","957498349","OXY5","87.851","min","156.585","μmol/L","Humid","21.202","deg","91094","µV","35.643","°C","1019.000","hPa","37.0","pmil","0","55.500","deg","20.000","°C","100.000","%a.s.","22.500","deg","20.000","°C","1013.000","hPa","0.861","-0.02056","0.00035","-0.00011","0","14.7","Humid","26.25","0","52.00","344662.88","SABD0000000001","AAV1.0.0.11","2.0.0.28","PSt7-10","000000-000","10/20/2017 9:36:39 AM","0000-00","0","no battery","V"
"10/20/2017","12:37:30","5","default","957498349","OXY5","87.868","min","156.640","μmol/L","Humid","21.201","deg","91087","µV","35.636","°C","1019.000","hPa","37.0","pmil","0","55.500","deg","20.000","°C","100.000","%a.s.","22.500","deg","20.000","°C","1013.000","hPa","0.861","-0.02056","0.00035","-0.00011","0","14.7","Humid","26.25","0","52.00","344665.63","SABD0000000001","AAV1.0.0.11","2.0.0.28","PSt7-10","000000-000","10/20/2017 9:36:39 AM","0000-00","0","no battery","V"
"10/20/2017","12:37:31","5","default","957498349","OXY5","87.885","min","156.477","μmol/L","Humid","21.204","deg","91083","µV","35.657","°C","1019.000","hPa","37.0","pmil","0","55.500","deg","20.000","°C","100.000","%a.s.","22.500","deg","20.000","°C","1013.000","hPa","0.861","-0.02056","0.00035","-0.00011","0","14.7","Humid","26.25","0","52.00","344661.43","SABD0000000001","AAV1.0.0.11","2.0.0.28","PSt7-10","000000-000","10/20/2017 9:36:39 AM","0000-00","0","no battery","V"
"10/20/2017","12:37:32","5","default","957498349","OXY5","87.901","min","156.476","μmol/L","Humid","21.202","deg","91075","µV","35.662","°C","1019.000","hPa","37.0","pmil","0","55.500","deg","20.000","°C","100.000","%a.s.","22.500","deg","20.000","°C","1013.000","hPa","0.861","-0.02056","0.00035","-0.00011","0","14.7","Humid","26.25","0","52.00","344666.62","SABD0000000001","AAV1.0.0.11","2.0.0.28","PSt7-10","000000-000","10/20/2017 9:36:39 AM","0000-00","0","no battery","V"
"10/20/2017","12:37:33","5","default","957498349","OXY5","87.918","min","156.560","μmol/L","Humid","21.203","deg","91082","µV","35.645","°C","1019.000","hPa","37.0","pmil","0","55.500","deg","20.000","°C","100.000","%a.s.","22.500","deg","20.000","°C","1013.000","hPa","0.861","-0.02056","0.00035","-0.00011","0","14.7","Humid","26.25","0","52.00","344655.32","SABD0000000001","AAV1.0.0.11","2.0.0.28","PSt7-10","000000-000","10/20/2017 9:36:39 AM","0000-00","0","no battery","V"
"10/20/2017","12:37:34","5","default","957498349","OXY5","87.935","min","156.669","μmol/L","Humid","21.199","deg","91077","µV","35.636","°C","1019.000","hPa","37.0","pmil","0","55.500","deg","20.000","°C","100.000","%a.s.","22.500","deg","20.000","°C","1013.000","hPa","0.861","-0.02056","0.00035","-0.00011","0","14.7","Humid","26.25","0","52.00","344651.09","SABD0000000001","AAV1.0.0.11","2.0.0.28","PSt7-10","000000-000","10/20/2017 9:36:39 AM","0000-00","0","no battery","V"
"10/20/2017","12:37:35","5","default","957498349","OXY5","87.951","min","156.708","μmol/L","Humid","21.201","deg","91050","µV","35.625","°C","1019.000","hPa","37.0","pmil","0","55.500","deg","20.000","°C","100.000","%a.s.","22.500","deg","20.000","°C","1013.000","hPa","0.861","-0.02056","0.00035","-0.00011","0","14.7","Humid","26.25","0","52.00","344642.87","SABD0000000001","AAV1.0.0.11","2.0.0.28","PSt7-10","000000-000","10/20/2017 9:36:39 AM","0000-00","0","no battery","V"
"10/20/2017","12:37:36","5","default","957498349","OXY5","87.968","min","156.617","μmol/L","Humid","21.201","deg","91082","µV","35.640","°C","1019.000","hPa","37.0","pmil","0","55.500","deg","20.000","°C","100.000","%a.s.","22.500","deg","20.000","°C","1013.000","hPa","0.861","-0.02056","0.00035","-0.00011","0","14.7","Humid","26.25","0","52.00","344650.24","SABD0000000001","AAV1.0.0.11","2.0.0.28","PSt7-10","000000-000","10/20/2017 9:36:39 AM","0000-00","0","no battery","V"
"10/20/2017","12:37:37","5","default","957498349","OXY5","87.985","min","156.642","μmol/L","Humid","21.200","deg","91121","µV","35.638","°C","1019.000","hPa","37.0","pmil","0","55.500","deg","20.000","°C","100.000","%a.s.","22.500","deg","20.000","°C","1013.000","hPa","0.861","-0.02056","0.00035","-0.00011","0","14.7","Humid","26.25","0","52.00","344648.50","SABD0000000001","AAV1.0.0.11","2.0.0.28","PSt7-10","000000-000","10/20/2017 9:36:39 AM","0000-00","0","no battery","V"
"10/20/2017","12:37:38","5","default","957498349","OXY5","88.001","min","156.611","μmol/L","Humid","21.201","deg","91126","µV","35.641","°C","1019.000","hPa","37.0","pmil","0","55.500","deg","20.000","°C","100.000","%a.s.","22.500","deg","20.000","°C","1013.000","hPa","0.861","-0.02056","0.00035","-0.00011","0","14.7","Humid","26.25","0","52.00","344645.83","SABD0000000001","AAV1.0.0.11","2.0.0.28","PSt7-10","000000-000","10/20/2017 9:36:39 AM","0000-00","0","no battery","V"
"10/20/2017","12:37:39","5","default","957498349","OXY5","88.018","min","156.669","μmol/L","Humid","21.202","deg","91122","µV","35.629","°C","1019.000","hPa","37.0","pmil","0","55.500","deg","20.000","°C","100.000","%a.s.","22.500","deg","20.000","°C","1013.000","hPa","0.861","-0.02056","0.00035","-0.00011","0","14.7","Humid","26.25","0","52.00","344645.15","SABD0000000001","AAV1.0.0.11","2.0.0.28","PSt7-10","000000-000","10/20/2017 9:36:39 AM","0000-00","0","no battery","V"
"10/20/2017","12:37:40","5","default","957498349","OXY5","88.035","min","156.584","μmol/L","Humid","21.201","deg","91091","µV","35.646","°C","1019.000","hPa","37.0","pmil","0","55.500","deg","20.000","°C","100.000","%a.s.","22.500","deg","20.000","°C","1013.000","hPa","0.861","-0.02056","0.00035","-0.00011","0","14.7","Humid","26.25","0","52.00","344650.64","SABD0000000001","AAV1.0.0.11","2.0.0.28","PSt7-10","000000-000","10/20/2017 9:36:39 AM","0000-00","0","no battery","V"
"10/20/2017","12:37:41","5","default","957498349","OXY5","88.051","min","156.530","μmol/L","Humid","21.206","deg","91076","µV","35.643","°C","1019.000","hPa","37.0","pmil","0","55.500","deg","20.000","°C","100.000","%a.s.","22.500","deg","20.000","°C","1013.000","hPa","0.861","-0.02056","0.00035","-0.00011","0","14.7","Humid","26.25","0","52.00","344627.76","SABD0000000001","AAV1.0.0.11","2.0.0.28","PSt7-10","000000-000","10/20/2017 9:36:39 AM","0000-00","0","no battery","V"
"10/20/2017","12:37:42","5","default","957498349","OXY5","88.068","min","156.582","μmol/L","Humid","21.197","deg","90985","µV","35.656","°C","1019.000","hPa","37.0","pmil","0","55.500","deg","20.000","°C","100.000","%a.s.","22.500","deg","20.000","°C","1013.000","hPa","0.861","-0.02056","0.00035","-0.00011","0","14.7","Humid","26.25","0","52.00","344641.51","SABD0000000001","AAV1.0.0.11","2.0.0.28","PSt7-10","000000-000","10/20/2017 9:36:39 AM","0000-00","0","no battery","V"
"10/20/2017","12:37:43","5","default","957498349","OXY5","88.085","min","156.542","μmol/L","Humid","21.202","deg","91208","µV","35.651","°C","1019.000","hPa","37.0","pmil","0","55.500","deg","20.000","°C","100.000","%a.s.","22.500","deg","20.000","°C","1013.000","hPa","0.861","-0.02056","0.00035","-0.00011","0","14.7","Humid","26.25","0","52.00","344631.76","SABD0000000001","AAV1.0.0.11","2.0.0.28","PSt7-10","000000-000","10/20/2017 9:36:39 AM","0000-00","0","no battery","V"
"10/20/2017","12:37:44","5","default","957498349","OXY5","88.102","min","156.485","μmol/L","Humid","21.209","deg","91484","µV","35.643","°C","1019.000","hPa","37.0","pmil","0","55.500","deg","20.000","°C","100.000","%a.s.","22.500","deg","20.000","°C","1013.000","hPa","0.861","-0.02056","0.00035","-0.00011","0","14.7","Humid","26.25","0","52.00","344651.25","SABD0000000001","AAV1.0.0.11","2.0.0.28","PSt7-10","000000-000","10/20/2017 9:36:39 AM","0000-00","0","no battery","V"
"10/20/2017","12:37:45","5","default","957498349","OXY5","88.118","min","156.718","μmol/L","Humid","21.200","deg","91182","µV","35.625","°C","1019.000","hPa","37.0","pmil","0","55.500","deg","20.000","°C","100.000","%a.s.","22.500","deg","20.000","°C","1013.000","hPa","0.861","-0.02056","0.00035","-0.00011","0","14.7","Humid","26.25","0","52.00","344610.93","SABD0000000001","AAV1.0.0.11","2.0.0.28","PSt7-10","000000-000","10/20/2017 9:36:39 AM","0000-00","0","no battery","V"
"10/20/2017","12:37:46","5","default","957498349","OXY5","88.135","min","156.650","μmol/L","Humid","21.201","deg","91285","µV","35.635","°C","1019.000","hPa","37.0","pmil","0","55.500","deg","20.000","°C","100.000","%a.s.","22.500","deg","20.000","°C","1013.000","hPa","0.861","-0.02056","0.00035","-0.00011","0","14.7","Humid","26.25","0","52.00","344615.92","SABD0000000001","AAV1.0.0.11","2.0.0.28","PSt7-10","000000-000","10/20/2017 9:36:39 AM","0000-00","0","no battery","V"
"10/20/2017","12:37:47","5","default","957498349","OXY5","88.152","min","156.591","μmol/L","Humid","21.204","deg","91249","µV","35.637","°C","1019.000","hPa","37.0","pmil","0","55.500","deg","20.000","°C","100.000","%a.s.","22.500","deg","20.000","°C","1013.000","hPa","0.861","-0.02056","0.00035","-0.00011","0","14.7","Humid","26.25","0","52.00","344625.78","SABD0000000001","AAV1.0.0.11","2.0.0.28","PSt7-10","000000-000","10/20/2017 9:36:39 AM","0000-00","0","no battery","V"
"10/20/2017","12:37:48","5","default","957498349","OXY5","88.168","min","156.640","μmol/L","Humid","21.204","deg","91186","µV","35.629","°C","1019.000","hPa","37.0","pmil","0","55.500","deg","20.000","°C","100.000","%a.s.","22.500","deg","20.000","°C","1013.000","hPa","0.861","-0.02056","0.00035","-0.00011","0","14.7","Humid","26.25","0","52.00","344638.19","SABD0000000001","AAV1.0.0.11","2.0.0.28","PSt7-10","000000-000","10/20/2017 9:36:39 AM","0000-00","0","no battery","V"
"10/20/2017","12:37:49","5","default","957498349","OXY5","88.185","min","156.557","μmol/L","Humid","21.202","deg","91146","µV","35.648","°C","1019.000","hPa","37.0","pmil","0","55.500","deg","20.000","°C","100.000","%a.s.","22.500","deg","20.000","°C","1013.000","hPa","0.861","-0.02056","0.00035","-0.00011","0","14.7","Humid","26.25","0","52.00","344624.16","SABD0000000001","AAV1.0.0.11","2.0.0.28","PSt7-10","000000-000","10/20/2017 9:36:39 AM","0000-00","0","no battery","V"
"10/20/2017","12:37:50","5","default","957498349","OXY5","88.202","min","156.415","μmol/L","Humid","21.206","deg","91233","µV","35.663","°C","1019.000","hPa","37.0","pmil","0","55.500","deg","20.000","°C","100.000","%a.s.","22.500","deg","20.000","°C","1013.000","hPa","0.861","-0.02056","0.00035","-0.00011","0","14.7","Humid","26.25","0","52.00","344617.07","SABD0000000001","AAV1.0.0.11","2.0.0.28","PSt7-10","000000-000","10/20/2017 9:36:39 AM","0000-00","0","no battery","V"
"10/20/2017","12:37:51","5","default","957498349","OXY5","88.218","min","156.547","μmol/L","Humid","21.201","deg","91185","µV","35.652","°C","1019.000","hPa","37.0","pmil","0","55.500","deg","20.000","°C","100.000","%a.s.","22.500","deg","20.000","°C","1013.000","hPa","0.861","-0.02056","0.00035","-0.00011","0","14.7","Humid","26.25","0","52.00","344634.76","SABD0000000001","AAV1.0.0.11","2.0.0.28","PSt7-10","000000-000","10/20/2017 9:36:39 AM","0000-00","0","no battery","V"
"10/20/2017","12:37:52","5","default","957498349","OXY5","88.235","min","156.616","μmol/L","Humid","21.205","deg","91060","µV","35.631","°C","1019.000","hPa","37.0","pmil","0","55.500","deg","20.000","°C","100.000","%a.s.","22.500","deg","20.000","°C","1013.000","hPa","0.861","-0.02056","0.00035","-0.00011","0","14.7","Humid","26.25","0","52.00","344621.35","SABD0000000001","AAV1.0.0.11","2.0.0.28","PSt7-10","000000-000","10/20/2017 9:36:39 AM","0000-00","0","no battery","V"
"10/20/2017","12:37:53","5","default","957498349","OXY5","88.252","min","156.547","μmol/L","Humid","21.201","deg","91071","µV","35.652","°C","1019.000","hPa","37.0","pmil","0","55.500","deg","20.000","°C","100.000","%a.s.","22.500","deg","20.000","°C","1013.000","hPa","0.861","-0.02056","0.00035","-0.00011","0","14.7","Humid","26.25","0","52.00","344619.27","SABD0000000001","AAV1.0.0.11","2.0.0.28","PSt7-10","000000-000","10/20/2017 9:36:39 AM","0000-00","0","no battery","V"
"10/20/2017","12:37:54","5","default","957498349","OXY5","88.268","min","156.614","μmol/L","Humid","21.202","deg","91042","µV","35.638","°C","1019.000","hPa","37.0","pmil","0","55.500","deg","20.000","°C","100.000","%a.s.","22.500","deg","20.000","°C","1013.000","hPa","0.861","-0.02056","0.00035","-0.00011","0","14.7","Humid","26.25","0","52.00","344621.57","SABD0000000001","AAV1.0.0.11","2.0.0.28","PSt7-10","000000-000","10/20/2017 9:36:39 AM","0000-00","0","no battery","V"
"10/20/2017","12:37:55","5","default","957498349","OXY5","88.285","min","156.483","μmol/L","Humid","21.206","deg","91023","µV","35.651","°C","1019.000","hPa","37.0","pmil","0","55.500","deg","20.000","°C","100.000","%a.s.","22.500","deg","20.000","°C","1013.000","hPa","0.861","-0.02056","0.00035","-0.00011","0","14.7","Humid","26.25","0","52.00","344616.97","SABD0000000001","AAV1.0.0.11","2.0.0.28","PSt7-10","000000-000","10/20/2017 9:36:39 AM","0000-00","0","no battery","V"
"10/20/2017","12:37:56","5","default","957498349","OXY5","88.301","min","156.595","μmol/L","Humid","21.202","deg","91034","µV","35.642","°C","1019.000","hPa","37.0","pmil","0","55.500","deg","20.000","°C","100.000","%a.s.","22.500","deg","20.000","°C","1013.000","hPa","0.861","-0.02056","0.00035","-0.00011","0","14.7","Humid","26.25","0","52.00","344610.22","SABD0000000001","AAV1.0.0.11","2.0.0.28","PSt7-10","000000-000","10/20/2017 9:36:39 AM","0000-00","0","no battery","V"
"10/20/2017","12:37:57","5","default","957498349","OXY5","88.318","min","156.607","μmol/L","Humid","21.201","deg","91137","µV","35.642","°C","1019.000","hPa","37.0","pmil","0","55.500","deg","20.000","°C","100.000","%a.s.","22.500","deg","20.000","°C","1013.000","hPa","0.861","-0.02056","0.00035","-0.00011","0","14.7","Humid","26.25","0","52.00","344610.67","SABD0000000001","AAV1.0.0.11","2.0.0.28","PSt7-10","000000-000","10/20/2017 9:36:39 AM","0000-00","0","no battery","V"
"10/20/2017","12:37:58","5","default","957498349","OXY5","88.334","min","156.633","μmol/L","Humid","21.203","deg","91100","µV","35.633","°C","1019.000","hPa","37.0","pmil","0","55.500","deg","20.000","°C","100.000","%a.s.","22.500","deg","20.000","°C","1013.000","hPa","0.861","-0.02056","0.00035","-0.00011","0","14.7","Humid","26.25","0","52.00","344613.02","SABD0000000001","AAV1.0.0.11","2.0.0.28","PSt7-10","000000-000","10/20/2017 9:36:39 AM","0000-00","0","no battery","V"
"10/20/2017","12:37:59","5","default","957498349","OXY5","88.351","min","156.652","μmol/L","Humid","21.205","deg","91044","µV","35.625","°C","1019.000","hPa","37.0","pmil","0","55.500","deg","20.000","°C","100.000","%a.s.","22.500","deg","20.000","°C","1013.000","hPa","0.861","-0.02056","0.00035","-0.00011","0","14.7","Humid","26.25","0","52.00","344618.49","SABD0000000001","AAV1.0.0.11","2.0.0.28","PSt7-10","000000-000","10/20/2017 9:36:39 AM","0000-00","0","no battery","V"
"10/20/2017","12:38:00","5","default","957498349","OXY5","88.368","min","156.452","μmol/L","Humid","21.204","deg","90931","µV","35.661","°C","1019.000","hPa","37.0","pmil","0","55.500","deg","20.000","°C","100.000","%a.s.","22.500","deg","20.000","°C","1013.000","hPa","0.861","-0.02056","0.00035","-0.00011","0","14.7","Humid","26.25","0","52.00","344621.85","SABD0000000001","AAV1.0.0.11","2.0.0.28","PSt7-10","000000-000","10/20/2017 9:36:39 AM","0000-00","0","no battery","V"
"10/20/2017","12:38:01","5","default","957498349","OXY5","88.384","min","156.440","μmol/L","Humid","21.200","deg","91039","µV","35.673","°C","1019.000","hPa","37.0","pmil","0","55.500","deg","20.000","°C","100.000","%a.s.","22.500","deg","20.000","°C","1013.000","hPa","0.861","-0.02056","0.00035","-0.00011","0","14.7","Humid","26.25","0","52.00","344616.28","SABD0000000001","AAV1.0.0.11","2.0.0.28","PSt7-10","000000-000","10/20/2017 9:36:39 AM","0000-00","0","no battery","V"
"10/20/2017","12:38:02","5","default","957498349","OXY5","88.401","min","156.475","μmol/L","Humid","21.206","deg","90938","µV","35.652","°C","1019.000","hPa","37.0","pmil","0","55.500","deg","20.000","°C","100.000","%a.s.","22.500","deg","20.000","°C","1013.000","hPa","0.861","-0.02056","0.00035","-0.00011","0","14.7","Humid","26.25","0","52.00","344621.27","SABD0000000001","AAV1.0.0.11","2.0.0.28","PSt7-10","000000-000","10/20/2017 9:36:39 AM","0000-00","0","no battery","V"
"10/20/2017","12:38:03","5","default","957498349","OXY5","88.418","min","156.564","μmol/L","Humid","21.203","deg","90982","µV","35.644","°C","1019.000","hPa","37.0","pmil","0","55.500","deg","20.000","°C","100.000","%a.s.","22.500","deg","20.000","°C","1013.000","hPa","0.861","-0.02056","0.00035","-0.00011","0","14.7","Humid","26.25","0","52.00","344618.45","SABD0000000001","AAV1.0.0.11","2.0.0.28","PSt7-10","000000-000","10/20/2017 9:36:39 AM","0000-00","0","no battery","V"
"10/20/2017","12:38:04","5","default","957498349","OXY5","88.434","min","156.552","μmol/L","Humid","21.203","deg","91008","µV","35.646","°C","1019.000","hPa","37.0","pmil","0","55.500","deg","20.000","°C","100.000","%a.s.","22.500","deg","20.000","°C","1013.000","hPa","0.861","-0.02056","0.00035","-0.00011","0","14.7","Humid","26.25","0","52.00","344613.13","SABD0000000001","AAV1.0.0.11","2.0.0.28","PSt7-10","000000-000","10/20/2017 9:36:39 AM","0000-00","0","no battery","V"
"10/20/2017","12:38:05","5","default","957498349","OXY5","88.451","min","156.504","μmol/L","Humid","21.205","deg","90964","µV","35.650","°C","1019.000","hPa","37.0","pmil","0","55.500","deg","20.000","°C","100.000","%a.s.","22.500","deg","20.000","°C","1013.000","hPa","0.861","-0.02056","0.00035","-0.00011","0","14.7","Humid","26.25","0","52.00","344607.83","SABD0000000001","AAV1.0.0.11","2.0.0.28","PSt7-10","000000-000","10/20/2017 9:36:39 AM","0000-00","0","no battery","V"
"10/20/2017","12:38:06","5","default","957498349","OXY5","88.468","min","156.565","μmol/L","Humid","21.205","deg","90973","µV","35.639","°C","1019.000","hPa","37.0","pmil","0","55.500","deg","20.000","°C","100.000","%a.s.","22.500","deg","20.000","°C","1013.000","hPa","0.861","-0.02056","0.00035","-0.00011","0","14.7","Humid","26.25","0","52.00","344606.60","SABD0000000001","AAV1.0.0.11","2.0.0.28","PSt7-10","000000-000","10/20/2017 9:36:39 AM","0000-00","0","no battery","V"
"10/20/2017","12:38:07","5","default","957498349","OXY5","88.484","min","156.542","μmol/L","Humid","21.200","deg","90969","µV","35.655","°C","1019.000","hPa","37.0","pmil","0","55.500","deg","20.000","°C","100.000","%a.s.","22.500","deg","20.000","°C","1013.000","hPa","0.861","-0.02056","0.00035","-0.00011","0","14.7","Humid","26.25","0","52.00","344600.51","SABD0000000001","AAV1.0.0.11","2.0.0.28","PSt7-10","000000-000","10/20/2017 9:36:39 AM","0000-00","0","no battery","V"
"10/20/2017","12:38:08","5","default","957498349","OXY5","88.501","min","156.552","μmol/L","Humid","21.201","deg","90967","µV","35.651","°C","1019.000","hPa","37.0","pmil","0","55.500","deg","20.000","°C","100.000","%a.s.","22.500","deg","20.000","°C","1013.000","hPa","0.861","-0.02056","0.00035","-0.00011","0","14.7","Humid","26.25","0","52.00","344597.76","SABD0000000001","AAV1.0.0.11","2.0.0.28","PSt7-10","000000-000","10/20/2017 9:36:39 AM","0000-00","0","no battery","V"
"10/20/2017","12:38:09","5","default","957498349","OXY5","88.518","min","156.472","μmol/L","Humid","21.205","deg","90972","µV","35.655","°C","1019.000","hPa","37.0","pmil","0","55.500","deg","20.000","°C","100.000","%a.s.","22.500","deg","20.000","°C","1013.000","hPa","0.861","-0.02056","0.00035","-0.00011","0","14.7","Humid","26.25","0","52.00","344626.99","SABD0000000001","AAV1.0.0.11","2.0.0.28","PSt7-10","000000-000","10/20/2017 9:36:39 AM","0000-00","0","no battery","V"
"10/20/2017","12:38:10","5","default","957498349","OXY5","88.535","min","156.444","μmol/L","Humid","21.204","deg","90965","µV","35.662","°C","1019.000","hPa","37.0","pmil","0","55.500","deg","20.000","°C","100.000","%a.s.","22.500","deg","20.000","°C","1013.000","hPa","0.861","-0.02056","0.00035","-0.00011","0","14.7","Humid","26.25","0","52.00","344595.02","SABD0000000001","AAV1.0.0.11","2.0.0.28","PSt7-10","000000-000","10/20/2017 9:36:39 AM","0000-00","0","no battery","V"
"10/20/2017","12:38:11","5","default","957498349","OXY5","88.551","min","156.548","μmol/L","Humid","21.196","deg","90992","µV","35.664","°C","1019.000","hPa","37.0","pmil","0","55.500","deg","20.000","°C","100.000","%a.s.","22.500","deg","20.000","°C","1013.000","hPa","0.861","-0.02056","0.00035","-0.00011","0","14.7","Humid","26.25","0","52.00","344601.25","SABD0000000001","AAV1.0.0.11","2.0.0.28","PSt7-10","000000-000","10/20/2017 9:36:39 AM","0000-00","0","no battery","V"
"10/20/2017","12:38:12","5","default","957498349","OXY5","88.568","min","156.547","μmol/L","Humid","21.203","deg","90981","µV","35.647","°C","1019.000","hPa","37.0","pmil","0","55.500","deg","20.000","°C","100.000","%a.s.","22.500","deg","20.000","°C","1013.000","hPa","0.861","-0.02056","0.00035","-0.00011","0","14.7","Humid","26.25","0","52.00","344601.15","SABD0000000001","AAV1.0.0.11","2.0.0.28","PSt7-10","000000-000","10/20/2017 9:36:39 AM","0000-00","0","no battery","V"
"10/20/2017","12:38:13","5","default","957498349","OXY5","88.585","min","156.500","μmol/L","Humid","21.204","deg","90986","µV","35.653","°C","1019.000","hPa","37.0","pmil","0","55.500","deg","20.000","°C","100.000","%a.s.","22.500","deg","20.000","°C","1013.000","hPa","0.861","-0.02056","0.00035","-0.00011","0","14.7","Humid","26.25","0","52.00","344601.32","SABD0000000001","AAV1.0.0.11","2.0.0.28","PSt7-10","000000-000","10/20/2017 9:36:39 AM","0000-00","0","no battery","V"
"10/20/2017","12:38:14","5","default","957498349","OXY5","88.601","min","156.629","μmol/L","Humid","21.201","deg","90997","µV","35.638","°C","1019.000","hPa","37.0","pmil","0","55.500","deg","20.000","°C","100.000","%a.s.","22.500","deg","20.000","°C","1013.000","hPa","0.861","-0.02056","0.00035","-0.00011","0","14.7","Humid","26.25","0","52.00","344602.66","SABD0000000001","AAV1.0.0.11","2.0.0.28","PSt7-10","000000-000","10/20/2017 9:36:39 AM","0000-00","0","no battery","V"
"10/20/2017","12:38:15","5","default","957498349","OXY5","88.618","min","156.477","μmol/L","Humid","21.205","deg","91010","µV","35.654","°C","1019.000","hPa","37.0","pmil","0","55.500","deg","20.000","°C","100.000","%a.s.","22.500","deg","20.000","°C","1013.000","hPa","0.861","-0.02056","0.00035","-0.00011","0","14.7","Humid","26.25","0","52.00","344589.27","SABD0000000001","AAV1.0.0.11","2.0.0.28","PSt7-10","000000-000","10/20/2017 9:36:39 AM","0000-00","0","no battery","V"
"10/20/2017","12:38:16","5","default","957498349","OXY5","88.635","min","156.536","μmol/L","Humid","21.202","deg","91002","µV","35.652","°C","1019.000","hPa","37.0","pmil","0","55.500","deg","20.000","°C","100.000","%a.s.","22.500","deg","20.000","°C","1013.000","hPa","0.861","-0.02056","0.00035","-0.00011","0","14.7","Humid","26.25","0","52.00","344588.39","SABD0000000001","AAV1.0.0.11","2.0.0.28","PSt7-10","000000-000","10/20/2017 9:36:39 AM","0000-00","0","no battery","V"
"10/20/2017","12:38:17","5","default","957498349","OXY5","88.652","min","156.648","μmol/L","Humid","21.202","deg","91005","µV","35.632","°C","1019.000","hPa","37.0","pmil","0","55.500","deg","20.000","°C","100.000","%a.s.","22.500","deg","20.000","°C","1013.000","hPa","0.861","-0.02056","0.00035","-0.00011","0","14.7","Humid","26.25","0","52.00","344593.36","SABD0000000001","AAV1.0.0.11","2.0.0.28","PSt7-10","000000-000","10/20/2017 9:36:39 AM","0000-00","0","no battery","V"
"10/20/2017","12:38:18","5","default","957498349","OXY5","88.668","min","156.587","μmol/L","Humid","21.199","deg","91010","µV","35.650","°C","1019.000","hPa","37.0","pmil","0","55.500","deg","20.000","°C","100.000","%a.s.","22.500","deg","20.000","°C","1013.000","hPa","0.861","-0.02056","0.00035","-0.00011","0","14.7","Humid","26.25","0","52.00","344598.12","SABD0000000001","AAV1.0.0.11","2.0.0.28","PSt7-10","000000-000","10/20/2017 9:36:39 AM","0000-00","0","no battery","V"
"10/20/2017","12:38:19","5","default","957498349","OXY5","88.685","min","156.468","μmol/L","Humid","21.200","deg","91013","µV","35.668","°C","1019.000","hPa","37.0","pmil","0","55.500","deg","20.000","°C","100.000","%a.s.","22.500","deg","20.000","°C","1013.000","hPa","0.861","-0.02056","0.00035","-0.00011","0","14.7","Humid","26.25","0","52.00","344584.95","SABD0000000001","AAV1.0.0.11","2.0.0.28","PSt7-10","000000-000","10/20/2017 9:36:39 AM","0000-00","0","no battery","V"
"10/20/2017","12:38:20","5","default","957498349","OXY5","88.702","min","156.347","μmol/L","Humid","21.202","deg","91005","µV","35.684","°C","1019.000","hPa","37.0","pmil","0","55.500","deg","20.000","°C","100.000","%a.s.","22.500","deg","20.000","°C","1013.000","hPa","0.861","-0.02056","0.00035","-0.00011","0","14.7","Humid","26.25","0","52.00","344588.09","SABD0000000001","AAV1.0.0.11","2.0.0.28","PSt7-10","000000-000","10/20/2017 9:36:39 AM","0000-00","0","no battery","V"
"10/20/2017","12:38:21","5","default","957498349","OXY5","88.718","min","156.551","μmol/L","Humid","21.200","deg","91006","µV","35.654","°C","1019.000","hPa","37.0","pmil","0","55.500","deg","20.000","°C","100.000","%a.s.","22.500","deg","20.000","°C","1013.000","hPa","0.861","-0.02056","0.00035","-0.00011","0","14.7","Humid","26.25","0","52.00","344589.49","SABD0000000001","AAV1.0.0.11","2.0.0.28","PSt7-10","000000-000","10/20/2017 9:36:39 AM","0000-00","0","no battery","V"
"10/20/2017","12:38:22","5","default","957498349","OXY5","88.735","min","156.420","μmol/L","Humid","21.206","deg","91014","µV","35.662","°C","1019.000","hPa","37.0","pmil","0","55.500","deg","20.000","°C","100.000","%a.s.","22.500","deg","20.000","°C","1013.000","hPa","0.861","-0.02056","0.00035","-0.00011","0","14.7","Humid","26.25","0","52.00","344575.75","SABD0000000001","AAV1.0.0.11","2.0.0.28","PSt7-10","000000-000","10/20/2017 9:36:39 AM","0000-00","0","no battery","V"
"10/20/2017","12:38:23","5","default","957498349","OXY5","88.752","min","156.606","μmol/L","Humid","21.199","deg","91018","µV","35.647","°C","1019.000","hPa","37.0","pmil","0","55.500","deg","20.000","°C","100.000","%a.s.","22.500","deg","20.000","°C","1013.000","hPa","0.861","-0.02056","0.00035","-0.00011","0","14.7","Humid","26.25","0","52.00","344583.46","SABD0000000001","AAV1.0.0.11","2.0.0.28","PSt7-10","000000-000","10/20/2017 9:36:39 AM","0000-00","0","no battery","V"
"10/20/2017","12:38:24","5","default","957498349","OXY5","88.768","min","156.483","μmol/L","Humid","21.199","deg","91013","µV","35.668","°C","1019.000","hPa","37.0","pmil","0","55.500","deg","20.000","°C","100.000","%a.s.","22.500","deg","20.000","°C","1013.000","hPa","0.861","-0.02056","0.00035","-0.00011","0","14.7","Humid","26.25","0","52.00","344581.72","SABD0000000001","AAV1.0.0.11","2.0.0.28","PSt7-10","000000-000","10/20/2017 9:36:39 AM","0000-00","0","no battery","V"
"10/20/2017","12:38:25","5","default","957498349","OXY5","88.785","min","156.634","μmol/L","Humid","21.199","deg","91019","µV","35.642","°C","1019.000","hPa","37.0","pmil","0","55.500","deg","20.000","°C","100.000","%a.s.","22.500","deg","20.000","°C","1013.000","hPa","0.861","-0.02056","0.00035","-0.00011","0","14.7","Humid","26.25","0","52.00","344593.96","SABD0000000001","AAV1.0.0.11","2.0.0.28","PSt7-10","000000-000","10/20/2017 9:36:39 AM","0000-00","0","no battery","V"
"10/20/2017","12:38:26","5","default","957498349","OXY5","88.802","min","156.681","μmol/L","Humid","21.197","deg","91015","µV","35.639","°C","1019.000","hPa","37.0","pmil","0","55.500","deg","20.000","°C","100.000","%a.s.","22.500","deg","20.000","°C","1013.000","hPa","0.861","-0.02056","0.00035","-0.00011","0","14.7","Humid","26.25","0","52.00","344581.55","SABD0000000001","AAV1.0.0.11","2.0.0.28","PSt7-10","000000-000","10/20/2017 9:36:39 AM","0000-00","0","no battery","V"
"10/20/2017","12:38:27","5","default","957498349","OXY5","88.818","min","156.538","μmol/L","Humid","21.203","deg","91012","µV","35.649","°C","1019.000","hPa","37.0","pmil","0","55.500","deg","20.000","°C","100.000","%a.s.","22.500","deg","20.000","°C","1013.000","hPa","0.861","-0.02056","0.00035","-0.00011","0","14.7","Humid","26.25","0","52.00","344591.72","SABD0000000001","AAV1.0.0.11","2.0.0.28","PSt7-10","000000-000","10/20/2017 9:36:39 AM","0000-00","0","no battery","V"
"10/20/2017","12:38:28","5","default","957498349","OXY5","88.835","min","156.593","μmol/L","Humid","21.196","deg","91015","µV","35.656","°C","1019.000","hPa","37.0","pmil","0","55.500","deg","20.000","°C","100.000","%a.s.","22.500","deg","20.000","°C","1013.000","hPa","0.861","-0.02056","0.00035","-0.00011","0","14.7","Humid","26.25","0","52.00","344584.23","SABD0000000001","AAV1.0.0.11","2.0.0.28","PSt7-10","000000-000","10/20/2017 9:36:39 AM","0000-00","0","no battery","V"
"10/20/2017","12:38:29","5","default","957498349","OXY5","88.852","min","156.552","μmol/L","Humid","21.202","deg","91017","µV","35.649","°C","1019.000","hPa","37.0","pmil","0","55.500","deg","20.000","°C","100.000","%a.s.","22.500","deg","20.000","°C","1013.000","hPa","0.861","-0.02056","0.00035","-0.00011","0","14.7","Humid","26.25","0","52.00","344586.07","SABD0000000001","AAV1.0.0.11","2.0.0.28","PSt7-10","000000-000","10/20/2017 9:36:39 AM","0000-00","0","no battery","V"
"10/20/2017","12:38:30","5","default","957498349","OXY5","88.868","min","156.632","μmol/L","Humid","21.199","deg","91011","µV","35.642","°C","1019.000","hPa","37.0","pmil","0","55.500","deg","20.000","°C","100.000","%a.s.","22.500","deg","20.000","°C","1013.000","hPa","0.861","-0.02056","0.00035","-0.00011","0","14.7","Humid","26.25","0","52.00","344582.45","SABD0000000001","AAV1.0.0.11","2.0.0.28","PSt7-10","000000-000","10/20/2017 9:36:39 AM","0000-00","0","no battery","V"
"10/20/2017","12:38:31","5","default","957498349","OXY5","88.885","min","156.490","μmol/L","Humid","21.203","deg","91017","µV","35.657","°C","1019.000","hPa","37.0","pmil","0","55.500","deg","20.000","°C","100.000","%a.s.","22.500","deg","20.000","°C","1013.000","hPa","0.861","-0.02056","0.00035","-0.00011","0","14.7","Humid","26.25","0","52.00","344592.25","SABD0000000001","AAV1.0.0.11","2.0.0.28","PSt7-10","000000-000","10/20/2017 9:36:39 AM","0000-00","0","no battery","V"
"10/20/2017","12:38:32","5","default","957498349","OXY5","88.902","min","156.565","μmol/L","Humid","21.202","deg","91012","µV","35.647","°C","1019.000","hPa","37.0","pmil","0","55.500","deg","20.000","°C","100.000","%a.s.","22.500","deg","20.000","°C","1013.000","hPa","0.861","-0.02056","0.00035","-0.00011","0","14.7","Humid","26.25","0","52.00","344576.09","SABD0000000001","AAV1.0.0.11","2.0.0.28","PSt7-10","000000-000","10/20/2017 9:36:39 AM","0000-00","0","no battery","V"
"10/20/2017","12:38:33","5","default","957498349","OXY5","88.918","min","156.534","μmol/L","Humid","21.204","deg","91013","µV","35.647","°C","1019.000","hPa","37.0","pmil","0","55.500","deg","20.000","°C","100.000","%a.s.","22.500","deg","20.000","°C","1013.000","hPa","0.861","-0.02056","0.00035","-0.00011","0","14.7","Humid","26.25","0","52.00","344569.14","SABD0000000001","AAV1.0.0.11","2.0.0.28","PSt7-10","000000-000","10/20/2017 9:36:39 AM","0000-00","0","no battery","V"
"10/20/2017","12:38:34","5","default","957498349","OXY5","88.935","min","156.625","μmol/L","Humid","21.198","deg","91014","µV","35.646","°C","1019.000","hPa","37.0","pmil","0","55.500","deg","20.000","°C","100.000","%a.s.","22.500","deg","20.000","°C","1013.000","hPa","0.861","-0.02056","0.00035","-0.00011","0","14.7","Humid","26.25","0","52.00","344571.12","SABD0000000001","AAV1.0.0.11","2.0.0.28","PSt7-10","000000-000","10/20/2017 9:36:39 AM","0000-00","0","no battery","V"
"10/20/2017","12:38:35","5","default","957498349","OXY5","88.952","min","156.554","μmol/L","Humid","21.204","deg","91009","µV","35.644","°C","1019.000","hPa","37.0","pmil","0","55.500","deg","20.000","°C","100.000","%a.s.","22.500","deg","20.000","°C","1013.000","hPa","0.861","-0.02056","0.00035","-0.00011","0","14.7","Humid","26.25","0","52.00","344564.87","SABD0000000001","AAV1.0.0.11","2.0.0.28","PSt7-10","000000-000","10/20/2017 9:36:39 AM","0000-00","0","no battery","V"
"10/20/2017","12:38:36","5","default","957498349","OXY5","88.968","min","156.637","μmol/L","Humid","21.198","deg","91016","µV","35.644","°C","1019.000","hPa","37.0","pmil","0","55.500","deg","20.000","°C","100.000","%a.s.","22.500","deg","20.000","°C","1013.000","hPa","0.861","-0.02056","0.00035","-0.00011","0","14.7","Humid","26.25","0","52.00","344564.79","SABD0000000001","AAV1.0.0.11","2.0.0.28","PSt7-10","000000-000","10/20/2017 9:36:39 AM","0000-00","0","no battery","V"
"10/20/2017","12:38:37","5","default","957498349","OXY5","88.984","min","156.507","μmol/L","Humid","21.202","deg","91012","µV","35.656","°C","1019.000","hPa","37.0","pmil","0","55.500","deg","20.000","°C","100.000","%a.s.","22.500","deg","20.000","°C","1013.000","hPa","0.861","-0.02056","0.00035","-0.00011","0","14.7","Humid","26.25","0","52.00","344575.12","SABD0000000001","AAV1.0.0.11","2.0.0.28","PSt7-10","000000-000","10/20/2017 9:36:39 AM","0000-00","0","no battery","V"
"10/20/2017","12:38:38","5","default","957498349","OXY5","89.001","min","156.389","μmol/L","Humid","21.206","deg","91007","µV","35.667","°C","1019.000","hPa","37.0","pmil","0","55.500","deg","20.000","°C","100.000","%a.s.","22.500","deg","20.000","°C","1013.000","hPa","0.861","-0.02056","0.00035","-0.00011","0","14.7","Humid","26.25","0","52.00","344560.73","SABD0000000001","AAV1.0.0.11","2.0.0.28","PSt7-10","000000-000","10/20/2017 9:36:39 AM","0000-00","0","no battery","V"
"10/20/2017","12:38:39","5","default","957498349","OXY5","89.018","min","156.422","μmol/L","Humid","21.203","deg","91011","µV","35.669","°C","1019.000","hPa","37.0","pmil","0","55.500","deg","20.000","°C","100.000","%a.s.","22.500","deg","20.000","°C","1013.000","hPa","0.861","-0.02056","0.00035","-0.00011","0","14.7","Humid","26.25","0","52.00","344564.03","SABD0000000001","AAV1.0.0.11","2.0.0.28","PSt7-10","000000-000","10/20/2017 9:36:39 AM","0000-00","0","no battery","V"
"10/20/2017","12:38:40","5","default","957498349","OXY5","89.034","min","156.588","μmol/L","Humid","21.199","deg","91009","µV","35.650","°C","1019.000","hPa","37.0","pmil","0","55.500","deg","20.000","°C","100.000","%a.s.","22.500","deg","20.000","°C","1013.000","hPa","0.861","-0.02056","0.00035","-0.00011","0","14.7","Humid","26.25","0","52.00","344570.94","SABD0000000001","AAV1.0.0.11","2.0.0.28","PSt7-10","000000-000","10/20/2017 9:36:39 AM","0000-00","0","no battery","V"
"10/20/2017","12:38:41","5","default","957498349","OXY5","89.051","min","156.441","μmol/L","Humid","21.204","deg","91009","µV","35.663","°C","1019.000","hPa","37.0","pmil","0","55.500","deg","20.000","°C","100.000","%a.s.","22.500","deg","20.000","°C","1013.000","hPa","0.861","-0.02056","0.00035","-0.00011","0","14.7","Humid","26.25","0","52.00","344562.71","SABD0000000001","AAV1.0.0.11","2.0.0.28","PSt7-10","000000-000","10/20/2017 9:36:39 AM","0000-00","0","no battery","V"
"10/20/2017","12:38:42","5","default","957498349","OXY5","89.068","min","156.429","μmol/L","Humid","21.201","deg","91003","µV","35.672","°C","1019.000","hPa","37.0","pmil","0","55.500","deg","20.000","°C","100.000","%a.s.","22.500","deg","20.000","°C","1013.000","hPa","0.861","-0.02056","0.00035","-0.00011","0","14.7","Humid","26.25","0","52.00","344552.93","SABD0000000001","AAV1.0.0.11","2.0.0.28","PSt7-10","000000-000","10/20/2017 9:36:39 AM","0000-00","0","no battery","V"
"10/20/2017","12:38:44","5","default","957498349","OXY5","89.095","min","156.496","μmol/L","Humid","21.201","deg","91016","µV","35.661","°C","1019.000","hPa","37.0","pmil","0","55.500","deg","20.000","°C","100.000","%a.s.","22.500","deg","20.000","°C","1013.000","hPa","0.861","-0.02056","0.00035","-0.00011","0","14.7","Humid","26.25","0","52.00","344583.41","SABD0000000001","AAV1.0.0.11","2.0.0.28","PSt7-10","000000-000","10/20/2017 9:36:39 AM","0000-00","0","no battery","V"
"10/20/2017","12:38:44","5","default","957498349","OXY5","89.102","min","156.468","μmol/L","Humid","21.203","deg","90989","µV","35.661","°C","1019.000","hPa","37.0","pmil","0","55.500","deg","20.000","°C","100.000","%a.s.","22.500","deg","20.000","°C","1013.000","hPa","0.861","-0.02056","0.00035","-0.00011","0","14.7","Humid","26.25","0","52.00","344536.49","SABD0000000001","AAV1.0.0.11","2.0.0.28","PSt7-10","000000-000","10/20/2017 9:36:39 AM","0000-00","0","no battery","V"
"10/20/2017","12:38:45","5","default","957498349","OXY5","89.118","min","156.601","μmol/L","Humid","21.199","deg","91000","µV","35.648","°C","1019.000","hPa","37.0","pmil","0","55.500","deg","20.000","°C","100.000","%a.s.","22.500","deg","20.000","°C","1013.000","hPa","0.861","-0.02056","0.00035","-0.00011","0","14.7","Humid","26.25","0","52.00","344549.62","SABD0000000001","AAV1.0.0.11","2.0.0.28","PSt7-10","000000-000","10/20/2017 9:36:39 AM","0000-00","0","no battery","V"
"10/20/2017","12:38:46","5","default","957498349","OXY5","89.135","min","156.494","μmol/L","Humid","21.201","deg","90991","µV","35.661","°C","1019.000","hPa","37.0","pmil","0","55.500","deg","20.000","°C","100.000","%a.s.","22.500","deg","20.000","°C","1013.000","hPa","0.861","-0.02056","0.00035","-0.00011","0","14.7","Humid","26.25","0","52.00","344561.24","SABD0000000001","AAV1.0.0.11","2.0.0.28","PSt7-10","000000-000","10/20/2017 9:36:39 AM","0000-00","0","no battery","V"
"10/20/2017","12:38:47","5","default","957498349","OXY5","89.152","min","156.465","μmol/L","Humid","21.200","deg","91006","µV","35.668","°C","1019.000","hPa","37.0","pmil","0","55.500","deg","20.000","°C","100.000","%a.s.","22.500","deg","20.000","°C","1013.000","hPa","0.861","-0.02056","0.00035","-0.00011","0","14.7","Humid","26.25","0","52.00","344554.28","SABD0000000001","AAV1.0.0.11","2.0.0.28","PSt7-10","000000-000","10/20/2017 9:36:39 AM","0000-00","0","no battery","V"
"10/20/2017","12:38:48","5","default","957498349","OXY5","89.168","min","156.487","μmol/L","Humid","21.202","deg","91001","µV","35.660","°C","1019.000","hPa","37.0","pmil","0","55.500","deg","20.000","°C","100.000","%a.s.","22.500","deg","20.000","°C","1013.000","hPa","0.861","-0.02056","0.00035","-0.00011","0","14.7","Humid","26.25","0","52.00","344552.56","SABD0000000001","AAV1.0.0.11","2.0.0.28","PSt7-10","000000-000","10/20/2017 9:36:39 AM","0000-00","0","no battery","V"
"10/20/2017","12:38:49","5","default","957498349","OXY5","89.185","min","156.497","μmol/L","Humid","21.205","deg","91005","µV","35.651","°C","1019.000","hPa","37.0","pmil","0","55.500","deg","20.000","°C","100.000","%a.s.","22.500","deg","20.000","°C","1013.000","hPa","0.861","-0.02056","0.00035","-0.00011","0","14.7","Humid","26.25","0","52.00","344557.93","SABD0000000001","AAV1.0.0.11","2.0.0.28","PSt7-10","000000-000","10/20/2017 9:36:39 AM","0000-00","0","no battery","V"
"10/20/2017","12:38:50","5","default","957498349","OXY5","89.201","min","156.643","μmol/L","Humid","21.199","deg","91003","µV","35.640","°C","1019.000","hPa","37.0","pmil","0","55.500","deg","20.000","°C","100.000","%a.s.","22.500","deg","20.000","°C","1013.000","hPa","0.861","-0.02056","0.00035","-0.00011","0","14.7","Humid","26.25","0","52.00","344566.19","SABD0000000001","AAV1.0.0.11","2.0.0.28","PSt7-10","000000-000","10/20/2017 9:36:39 AM","0000-00","0","no battery","V"
"10/20/2017","12:38:51","5","default","957498349","OXY5","89.218","min","156.634","μmol/L","Humid","21.197","deg","91010","µV","35.647","°C","1019.000","hPa","37.0","pmil","0","55.500","deg","20.000","°C","100.000","%a.s.","22.500","deg","20.000","°C","1013.000","hPa","0.861","-0.02056","0.00035","-0.00011","0","14.7","Humid","26.25","0","52.00","344555.26","SABD0000000001","AAV1.0.0.11","2.0.0.28","PSt7-10","000000-000","10/20/2017 9:36:39 AM","0000-00","0","no battery","V"
"10/20/2017","12:38:52","5","default","957498349","OXY5","89.235","min","156.449","μmol/L","Humid","21.205","deg","91010","µV","35.659","°C","1019.000","hPa","37.0","pmil","0","55.500","deg","20.000","°C","100.000","%a.s.","22.500","deg","20.000","°C","1013.000","hPa","0.861","-0.02056","0.00035","-0.00011","0","14.7","Humid","26.25","0","52.00","344566.84","SABD0000000001","AAV1.0.0.11","2.0.0.28","PSt7-10","000000-000","10/20/2017 9:36:39 AM","0000-00","0","no battery","V"
"10/20/2017","12:38:53","5","default","957498349","OXY5","89.251","min","156.587","μmol/L","Humid","21.197","deg","91008","µV","35.655","°C","1019.000","hPa","37.0","pmil","0","55.500","deg","20.000","°C","100.000","%a.s.","22.500","deg","20.000","°C","1013.000","hPa","0.861","-0.02056","0.00035","-0.00011","0","14.7","Humid","26.25","0","52.00","344548.90","SABD0000000001","AAV1.0.0.11","2.0.0.28","PSt7-10","000000-000","10/20/2017 9:36:39 AM","0000-00","0","no battery","V"
"10/20/2017","12:38:54","5","default","957498349","OXY5","89.268","min","156.544","μmol/L","Humid","21.202","deg","91005","µV","35.650","°C","1019.000","hPa","37.0","pmil","0","55.500","deg","20.000","°C","100.000","%a.s.","22.500","deg","20.000","°C","1013.000","hPa","0.861","-0.02056","0.00035","-0.00011","0","14.7","Humid","26.25","0","52.00","344550.01","SABD0000000001","AAV1.0.0.11","2.0.0.28","PSt7-10","000000-000","10/20/2017 9:36:39 AM","0000-00","0","no battery","V"
"10/20/2017","12:38:55","5","default","957498349","OXY5","89.284","min","156.547","μmol/L","Humid","21.201","deg","91005","µV","35.652","°C","1019.000","hPa","37.0","pmil","0","55.500","deg","20.000","°C","100.000","%a.s.","22.500","deg","20.000","°C","1013.000","hPa","0.861","-0.02056","0.00035","-0.00011","0","14.7","Humid","26.25","0","52.00","344540.37","SABD0000000001","AAV1.0.0.11","2.0.0.28","PSt7-10","000000-000","10/20/2017 9:36:39 AM","0000-00","0","no battery","V"
"10/20/2017","12:38:56","5","default","957498349","OXY5","89.301","min","156.586","μmol/L","Humid","21.202","deg","91017","µV","35.643","°C","1019.000","hPa","37.0","pmil","0","55.500","deg","20.000","°C","100.000","%a.s.","22.500","deg","20.000","°C","1013.000","hPa","0.861","-0.02056","0.00035","-0.00011","0","14.7","Humid","26.25","0","52.00","344546.84","SABD0000000001","AAV1.0.0.11","2.0.0.28","PSt7-10","000000-000","10/20/2017 9:36:39 AM","0000-00","0","no battery","V"
"10/20/2017","12:38:57","5","default","957498349","OXY5","89.318","min","156.462","μmol/L","Humid","21.201","deg","91010","µV","35.666","°C","1019.000","hPa","37.0","pmil","0","55.500","deg","20.000","°C","100.000","%a.s.","22.500","deg","20.000","°C","1013.000","hPa","0.861","-0.02056","0.00035","-0.00011","0","14.7","Humid","26.25","0","52.00","344531.83","SABD0000000001","AAV1.0.0.11","2.0.0.28","PSt7-10","000000-000","10/20/2017 9:36:39 AM","0000-00","0","no battery","V"
"10/20/2017","12:38:58","5","default","957498349","OXY5","89.334","min","156.343","μmol/L","Humid","21.204","deg","91013","µV","35.680","°C","1019.000","hPa","37.0","pmil","0","55.500","deg","20.000","°C","100.000","%a.s.","22.500","deg","20.000","°C","1013.000","hPa","0.861","-0.02056","0.00035","-0.00011","0","14.7","Humid","26.25","0","52.00","344533.02","SABD0000000001","AAV1.0.0.11","2.0.0.28","PSt7-10","000000-000","10/20/2017 9:36:39 AM","0000-00","0","no battery","V"
"10/20/2017","12:38:59","5","default","957498349","OXY5","89.351","min","156.493","μmol/L","Humid","21.200","deg","91011","µV","35.664","°C","1019.000","hPa","37.0","pmil","0","55.500","deg","20.000","°C","100.000","%a.s.","22.500","deg","20.000","°C","1013.000","hPa","0.861","-0.02056","0.00035","-0.00011","0","14.7","Humid","26.25","0","52.00","344541.96","SABD0000000001","AAV1.0.0.11","2.0.0.28","PSt7-10","000000-000","10/20/2017 9:36:39 AM","0000-00","0","no battery","V"
"10/20/2017","12:39:00","5","default","957498349","OXY5","89.368","min","156.514","μmol/L","Humid","21.201","deg","91012","µV","35.658","°C","1019.000","hPa","37.0","pmil","0","55.500","deg","20.000","°C","100.000","%a.s.","22.500","deg","20.000","°C","1013.000","hPa","0.861","-0.02056","0.00035","-0.00011","0","14.7","Humid","26.25","0","52.00","344545.85","SABD0000000001","AAV1.0.0.11","2.0.0.28","PSt7-10","000000-000","10/20/2017 9:36:39 AM","0000-00","0","no battery","V"
"10/20/2017","12:39:01","5","default","957498349","OXY5","89.384","min","156.446","μmol/L","Humid","21.202","deg","91003","µV","35.667","°C","1019.000","hPa","37.0","pmil","0","55.500","deg","20.000","°C","100.000","%a.s.","22.500","deg","20.000","°C","1013.000","hPa","0.861","-0.02056","0.00035","-0.00011","0","14.7","Humid","26.25","0","52.00","344535.87","SABD0000000001","AAV1.0.0.11","2.0.0.28","PSt7-10","000000-000","10/20/2017 9:36:39 AM","0000-00","0","no battery","V"
"10/20/2017","12:39:02","5","default","957498349","OXY5","89.401","min","156.533","μmol/L","Humid","21.199","deg","91011","µV","35.659","°C","1019.000","hPa","37.0","pmil","0","55.500","deg","20.000","°C","100.000","%a.s.","22.500","deg","20.000","°C","1013.000","hPa","0.861","-0.02056","0.00035","-0.00011","0","14.7","Humid","26.25","0","52.00","344536.72","SABD0000000001","AAV1.0.0.11","2.0.0.28","PSt7-10","000000-000","10/20/2017 9:36:39 AM","0000-00","0","no battery","V"
"10/20/2017","12:39:03","5","default","957498349","OXY5","89.418","min","156.531","μmol/L","Humid","21.196","deg","91013","µV","35.667","°C","1019.000","hPa","37.0","pmil","0","55.500","deg","20.000","°C","100.000","%a.s.","22.500","deg","20.000","°C","1013.000","hPa","0.861","-0.02056","0.00035","-0.00011","0","14.7","Humid","26.25","0","52.00","344540.64","SABD0000000001","AAV1.0.0.11","2.0.0.28","PSt7-10","000000-000","10/20/2017 9:36:39 AM","0000-00","0","no battery","V"
"10/20/2017","12:39:04","5","default","957498349","OXY5","89.434","min","156.607","μmol/L","Humid","21.195","deg","91010","µV","35.656","°C","1019.000","hPa","37.0","pmil","0","55.500","deg","20.000","°C","100.000","%a.s.","22.500","deg","20.000","°C","1013.000","hPa","0.861","-0.02056","0.00035","-0.00011","0","14.7","Humid","26.25","0","52.00","344545.42","SABD0000000001","AAV1.0.0.11","2.0.0.28","PSt7-10","000000-000","10/20/2017 9:36:39 AM","0000-00","0","no battery","V"
"10/20/2017","12:39:05","5","default","957498349","OXY5","89.451","min","156.518","μmol/L","Humid","21.200","deg","91008","µV","35.659","°C","1019.000","hPa","37.0","pmil","0","55.500","deg","20.000","°C","100.000","%a.s.","22.500","deg","20.000","°C","1013.000","hPa","0.861","-0.02056","0.00035","-0.00011","0","14.7","Humid","26.25","0","52.00","344526.62","SABD0000000001","AAV1.0.0.11","2.0.0.28","PSt7-10","000000-000","10/20/2017 9:36:39 AM","0000-00","0","no battery","V"
"10/20/2017","12:39:06","5","default","957498349","OXY5","89.468","min","156.432","μmol/L","Humid","21.205","deg","91013","µV","35.662","°C","1019.000","hPa","37.0","pmil","0","55.500","deg","20.000","°C","100.000","%a.s.","22.500","deg","20.000","°C","1013.000","hPa","0.861","-0.02056","0.00035","-0.00011","0","14.7","Humid","26.25","0","52.00","344527.92","SABD0000000001","AAV1.0.0.11","2.0.0.28","PSt7-10","000000-000","10/20/2017 9:36:39 AM","0000-00","0","no battery","V"
"10/20/2017","12:39:07","5","default","957498349","OXY5","89.485","min","156.538","μmol/L","Humid","21.201","deg","91007","µV","35.654","°C","1019.000","hPa","37.0","pmil","0","55.500","deg","20.000","°C","100.000","%a.s.","22.500","deg","20.000","°C","1013.000","hPa","0.861","-0.02056","0.00035","-0.00011","0","14.7","Humid","26.25","0","52.00","344523.61","SABD0000000001","AAV1.0.0.11","2.0.0.28","PSt7-10","000000-000","10/20/2017 9:36:39 AM","0000-00","0","no battery","V"
"10/20/2017","12:39:08","5","default","957498349","OXY5","89.501","min","156.438","μmol/L","Humid","21.202","deg","91005","µV","35.668","°C","1019.000","hPa","37.0","pmil","0","55.500","deg","20.000","°C","100.000","%a.s.","22.500","deg","20.000","°C","1013.000","hPa","0.861","-0.02056","0.00035","-0.00011","0","14.7","Humid","26.25","0","52.00","344527.34","SABD0000000001","AAV1.0.0.11","2.0.0.28","PSt7-10","000000-000","10/20/2017 9:36:39 AM","0000-00","0","no battery","V"
"10/20/2017","12:39:09","5","default","957498349","OXY5","89.518","min","156.476","μmol/L","Humid","21.202","deg","91000","µV","35.662","°C","1019.000","hPa","37.0","pmil","0","55.500","deg","20.000","°C","100.000","%a.s.","22.500","deg","20.000","°C","1013.000","hPa","0.861","-0.02056","0.00035","-0.00011","0","14.7","Humid","26.25","0","52.00","344515.25","SABD0000000001","AAV1.0.0.11","2.0.0.28","PSt7-10","000000-000","10/20/2017 9:36:39 AM","0000-00","0","no battery","V"
"10/20/2017","12:39:10","5","default","957498349","OXY5","89.535","min","156.522","μmol/L","Humid","21.201","deg","91004","µV","35.656","°C","1019.000","hPa","37.0","pmil","0","55.500","deg","20.000","°C","100.000","%a.s.","22.500","deg","20.000","°C","1013.000","hPa","0.861","-0.02056","0.00035","-0.00011","0","14.7","Humid","26.25","0","52.00","344518.24","SABD0000000001","AAV1.0.0.11","2.0.0.28","PSt7-10","000000-000","10/20/2017 9:36:39 AM","0000-00","0","no battery","V"
"10/20/2017","12:39:11","5","default","957498349","OXY5","89.551","min","156.476","μmol/L","Humid","21.202","deg","91005","µV","35.662","°C","1019.000","hPa","37.0","pmil","0","55.500","deg","20.000","°C","100.000","%a.s.","22.500","deg","20.000","°C","1013.000","hPa","0.861","-0.02056","0.00035","-0.00011","0","14.7","Humid","26.25","0","52.00","344517.99","SABD0000000001","AAV1.0.0.11","2.0.0.28","PSt7-10","000000-000","10/20/2017 9:36:39 AM","0000-00","0","no battery","V"
"10/20/2017","12:39:12","5","default","957498349","OXY5","89.568","min","156.581","μmol/L","Humid","21.198","deg","91007","µV","35.653","°C","1019.000","hPa","37.0","pmil","0","55.500","deg","20.000","°C","100.000","%a.s.","22.500","deg","20.000","°C","1013.000","hPa","0.861","-0.02056","0.00035","-0.00011","0","14.7","Humid","26.25","0","52.00","344513.60","SABD0000000001","AAV1.0.0.11","2.0.0.28","PSt7-10","000000-000","10/20/2017 9:36:39 AM","0000-00","0","no battery","V"
"10/20/2017","12:39:13","5","default","957498349","OXY5","89.585","min","156.524","μmol/L","Humid","21.201","deg","91004","µV","35.656","°C","1019.000","hPa","37.0","pmil","0","55.500","deg","20.000","°C","100.000","%a.s.","22.500","deg","20.000","°C","1013.000","hPa","0.861","-0.02056","0.00035","-0.00011","0","14.7","Humid","26.25","0","52.00","344519.80","SABD0000000001","AAV1.0.0.11","2.0.0.28","PSt7-10","000000-000","10/20/2017 9:36:39 AM","0000-00","0","no battery","V"
"10/20/2017","12:39:14","5","default","957498349","OXY5","89.601","min","156.537","μmol/L","Humid","21.203","deg","90997","µV","35.649","°C","1019.000","hPa","37.0","pmil","0","55.500","deg","20.000","°C","100.000","%a.s.","22.500","deg","20.000","°C","1013.000","hPa","0.861","-0.02056","0.00035","-0.00011","0","14.7","Humid","26.25","0","52.00","344520.70","SABD0000000001","AAV1.0.0.11","2.0.0.28","PSt7-10","000000-000","10/20/2017 9:36:39 AM","0000-00","0","no battery","V"
"10/20/2017","12:39:15","5","default","957498349","OXY5","89.618","min","156.514","μmol/L","Humid","21.198","deg","91009","µV","35.665","°C","1019.000","hPa","37.0","pmil","0","55.500","deg","20.000","°C","100.000","%a.s.","22.500","deg","20.000","°C","1013.000","hPa","0.861","-0.02056","0.00035","-0.00011","0","14.7","Humid","26.25","0","52.00","344523.28","SABD0000000001","AAV1.0.0.11","2.0.0.28","PSt7-10","000000-000","10/20/2017 9:36:39 AM","0000-00","0","no battery","V"
"10/20/2017","12:39:16","5","default","957498349","OXY5","89.635","min","156.335","μmol/L","Humid","21.204","deg","91002","µV","35.681","°C","1019.000","hPa","37.0","pmil","0","55.500","deg","20.000","°C","100.000","%a.s.","22.500","deg","20.000","°C","1013.000","hPa","0.861","-0.02056","0.00035","-0.00011","0","14.7","Humid","26.25","0","52.00","344513.88","SABD0000000001","AAV1.0.0.11","2.0.0.28","PSt7-10","000000-000","10/20/2017 9:36:39 AM","0000-00","0","no battery","V"
"10/20/2017","12:39:17","5","default","957498349","OXY5","89.651","min","156.346","μmol/L","Humid","21.201","deg","91002","µV","35.686","°C","1019.000","hPa","37.0","pmil","0","55.500","deg","20.000","°C","100.000","%a.s.","22.500","deg","20.000","°C","1013.000","hPa","0.861","-0.02056","0.00035","-0.00011","0","14.7","Humid","26.25","0","52.00","344519.97","SABD0000000001","AAV1.0.0.11","2.0.0.28","PSt7-10","000000-000","10/20/2017 9:36:39 AM","0000-00","0","no battery","V"
"10/20/2017","12:39:18","5","default","957498349","OXY5","89.668","min","156.536","μmol/L","Humid","21.199","deg","90995","µV","35.659","°C","1019.000","hPa","37.0","pmil","0","55.500","deg","20.000","°C","100.000","%a.s.","22.500","deg","20.000","°C","1013.000","hPa","0.861","-0.02056","0.00035","-0.00011","0","14.7","Humid","26.25","0","52.00","344511.01","SABD0000000001","AAV1.0.0.11","2.0.0.28","PSt7-10","000000-000","10/20/2017 9:36:39 AM","0000-00","0","no battery","V"
"10/20/2017","12:39:19","5","default","957498349","OXY5","89.685","min","156.443","μmol/L","Humid","21.199","deg","90997","µV","35.675","°C","1019.000","hPa","37.0","pmil","0","55.500","deg","20.000","°C","100.000","%a.s.","22.500","deg","20.000","°C","1013.000","hPa","0.861","-0.02056","0.00035","-0.00011","0","14.7","Humid","26.25","0","52.00","344511.90","SABD0000000001","AAV1.0.0.11","2.0.0.28","PSt7-10","000000-000","10/20/2017 9:36:39 AM","0000-00","0","no battery","V"
"10/20/2017","12:39:20","5","default","957498349","OXY5","89.701","min","156.552","μmol/L","Humid","21.198","deg","91001","µV","35.658","°C","1019.000","hPa","37.0","pmil","0","55.500","deg","20.000","°C","100.000","%a.s.","22.500","deg","20.000","°C","1013.000","hPa","0.861","-0.02056","0.00035","-0.00011","0","14.7","Humid","26.25","0","52.00","344510.92","SABD0000000001","AAV1.0.0.11","2.0.0.28","PSt7-10","000000-000","10/20/2017 9:36:39 AM","0000-00","0","no battery","V"
"10/20/2017","12:39:21","5","default","957498349","OXY5","89.718","min","156.440","μmol/L","Humid","21.201","deg","90999","µV","35.670","°C","1019.000","hPa","37.0","pmil","0","55.500","deg","20.000","°C","100.000","%a.s.","22.500","deg","20.000","°C","1013.000","hPa","0.861","-0.02056","0.00035","-0.00011","0","14.7","Humid","26.25","0","52.00","344508.10","SABD0000000001","AAV1.0.0.11","2.0.0.28","PSt7-10","000000-000","10/20/2017 9:36:39 AM","0000-00","0","no battery","V"
"10/20/2017","12:39:22","5","default","957498349","OXY5","89.735","min","156.560","μmol/L","Humid","21.201","deg","90995","µV","35.650","°C","1019.000","hPa","37.0","pmil","0","55.500","deg","20.000","°C","100.000","%a.s.","22.500","deg","20.000","°C","1013.000","hPa","0.861","-0.02056","0.00035","-0.00011","0","14.7","Humid","26.25","0","52.00","344519.72","SABD0000000001","AAV1.0.0.11","2.0.0.28","PSt7-10","000000-000","10/20/2017 9:36:39 AM","0000-00","0","no battery","V"
"10/20/2017","12:39:23","5","default","957498349","OXY5","89.751","min","156.550","μmol/L","Humid","21.201","deg","90995","µV","35.651","°C","1019.000","hPa","37.0","pmil","0","55.500","deg","20.000","°C","100.000","%a.s.","22.500","deg","20.000","°C","1013.000","hPa","0.861","-0.02056","0.00035","-0.00011","0","14.7","Humid","26.25","0","52.00","344510.43","SABD0000000001","AAV1.0.0.11","2.0.0.28","PSt7-10","000000-000","10/20/2017 9:36:39 AM","0000-00","0","no battery","V"
"10/20/2017","12:39:24","5","default","957498349","OXY5","89.768","min","156.485","μmol/L","Humid","21.200","deg","91003","µV","35.665","°C","1019.000","hPa","37.0","pmil","0","55.500","deg","20.000","°C","100.000","%a.s.","22.500","deg","20.000","°C","1013.000","hPa","0.861","-0.02056","0.00035","-0.00011","0","14.7","Humid","26.25","0","52.00","344527.48","SABD0000000001","AAV1.0.0.11","2.0.0.28","PSt7-10","000000-000","10/20/2017 9:36:39 AM","0000-00","0","no battery","V"
"10/20/2017","12:39:25","5","default","957498349","OXY5","89.785","min","156.440","μmol/L","Humid","21.198","deg","90998","µV","35.677","°C","1019.000","hPa","37.0","pmil","0","55.500","deg","20.000","°C","100.000","%a.s.","22.500","deg","20.000","°C","1013.000","hPa","0.861","-0.02056","0.00035","-0.00011","0","14.7","Humid","26.25","0","52.00","344499.38","SABD0000000001","AAV1.0.0.11","2.0.0.28","PSt7-10","000000-000","10/20/2017 9:36:39 AM","0000-00","0","no battery","V"
"10/20/2017","12:39:26","5","default","957498349","OXY5","89.801","min","156.359","μmol/L","Humid","21.200","deg","91000","µV","35.686","°C","1019.000","hPa","37.0","pmil","0","55.500","deg","20.000","°C","100.000","%a.s.","22.500","deg","20.000","°C","1013.000","hPa","0.861","-0.02056","0.00035","-0.00011","0","14.7","Humid","26.25","0","52.00","344508.56","SABD0000000001","AAV1.0.0.11","2.0.0.28","PSt7-10","000000-000","10/20/2017 9:36:39 AM","0000-00","0","no battery","V"
"10/20/2017","12:39:27","5","default","957498349","OXY5","89.818","min","156.599","μmol/L","Humid","21.195","deg","91000","µV","35.658","°C","1019.000","hPa","37.0","pmil","0","55.500","deg","20.000","°C","100.000","%a.s.","22.500","deg","20.000","°C","1013.000","hPa","0.861","-0.02056","0.00035","-0.00011","0","14.7","Humid","26.25","0","52.00","344506.39","SABD0000000001","AAV1.0.0.11","2.0.0.28","PSt7-10","000000-000","10/20/2017 9:36:39 AM","0000-00","0","no battery","V"
"10/20/2017","12:39:28","5","default","957498349","OXY5","89.835","min","156.499","μmol/L","Humid","21.201","deg","91007","µV","35.660","°C","1019.000","hPa","37.0","pmil","0","55.500","deg","20.000","°C","100.000","%a.s.","22.500","deg","20.000","°C","1013.000","hPa","0.861","-0.02056","0.00035","-0.00011","0","14.7","Humid","26.25","0","52.00","344510.66","SABD0000000001","AAV1.0.0.11","2.0.0.28","PSt7-10","000000-000","10/20/2017 9:36:39 AM","0000-00","0","no battery","V"
"10/20/2017","12:39:29","5","default","957498349","OXY5","89.851","min","156.466","μmol/L","Humid","21.204","deg","91001","µV","35.659","°C","1019.000","hPa","37.0","pmil","0","55.500","deg","20.000","°C","100.000","%a.s.","22.500","deg","20.000","°C","1013.000","hPa","0.861","-0.02056","0.00035","-0.00011","0","14.7","Humid","26.25","0","52.00","344491.18","SABD0000000001","AAV1.0.0.11","2.0.0.28","PSt7-10","000000-000","10/20/2017 9:36:39 AM","0000-00","0","no battery","V"
"10/20/2017","12:39:30","5","default","957498349","OXY5","89.868","min","156.497","μmol/L","Humid","21.202","deg","90994","µV","35.658","°C","1019.000","hPa","37.0","pmil","0","55.500","deg","20.000","°C","100.000","%a.s.","22.500","deg","20.000","°C","1013.000","hPa","0.861","-0.02056","0.00035","-0.00011","0","14.7","Humid","26.25","0","52.00","344508.58","SABD0000000001","AAV1.0.0.11","2.0.0.28","PSt7-10","000000-000","10/20/2017 9:36:39 AM","0000-00","0","no battery","V"
"10/20/2017","12:39:31","5","default","957498349","OXY5","89.885","min","156.579","μmol/L","Humid","21.198","deg","91008","µV","35.654","°C","1019.000","hPa","37.0","pmil","0","55.500","deg","20.000","°C","100.000","%a.s.","22.500","deg","20.000","°C","1013.000","hPa","0.861","-0.02056","0.00035","-0.00011","0","14.7","Humid","26.25","0","52.00","344517.56","SABD0000000001","AAV1.0.0.11","2.0.0.28","PSt7-10","000000-000","10/20/2017 9:36:39 AM","0000-00","0","no battery","V"
"10/20/2017","12:39:32","5","default","957498349","OXY5","89.901","min","156.650","μmol/L","Humid","21.194","deg","91000","µV","35.651","°C","1019.000","hPa","37.0","pmil","0","55.500","deg","20.000","°C","100.000","%a.s.","22.500","deg","20.000","°C","1013.000","hPa","0.861","-0.02056","0.00035","-0.00011","0","14.7","Humid","26.25","0","52.00","344506.94","SABD0000000001","AAV1.0.0.11","2.0.0.28","PSt7-10","000000-000","10/20/2017 9:36:39 AM","0000-00","0","no battery","V"
"10/20/2017","12:39:33","5","default","957498349","OXY5","89.918","min","156.479","μmol/L","Humid","21.200","deg","91002","µV","35.666","°C","1019.000","hPa","37.0","pmil","0","55.500","deg","20.000","°C","100.000","%a.s.","22.500","deg","20.000","°C","1013.000","hPa","0.861","-0.02056","0.00035","-0.00011","0","14.7","Humid","26.25","0","52.00","344507.64","SABD0000000001","AAV1.0.0.11","2.0.0.28","PSt7-10","000000-000","10/20/2017 9:36:39 AM","0000-00","0","no battery","V"
"10/20/2017","12:39:34","5","default","957498349","OXY5","89.935","min","156.502","μmol/L","Humid","21.200","deg","90997","µV","35.662","°C","1019.000","hPa","37.0","pmil","0","55.500","deg","20.000","°C","100.000","%a.s.","22.500","deg","20.000","°C","1013.000","hPa","0.861","-0.02056","0.00035","-0.00011","0","14.7","Humid","26.25","0","52.00","344497.65","SABD0000000001","AAV1.0.0.11","2.0.0.28","PSt7-10","000000-000","10/20/2017 9:36:39 AM","0000-00","0","no battery","V"
"10/20/2017","12:39:35","5","default","957498349","OXY5","89.951","min","156.392","μmol/L","Humid","21.198","deg","91007","µV","35.686","°C","1019.000","hPa","37.0","pmil","0","55.500","deg","20.000","°C","100.000","%a.s.","22.500","deg","20.000","°C","1013.000","hPa","0.861","-0.02056","0.00035","-0.00011","0","14.7","Humid","26.25","0","52.00","344483.80","SABD0000000001","AAV1.0.0.11","2.0.0.28","PSt7-10","000000-000","10/20/2017 9:36:39 AM","0000-00","0","no battery","V"
"10/20/2017","12:39:36","5","default","957498349","OXY5","89.968","min","156.343","μmol/L","Humid","21.202","deg","91006","µV","35.684","°C","1019.000","hPa","37.0","pmil","0","55.500","deg","20.000","°C","100.000","%a.s.","22.500","deg","20.000","°C","1013.000","hPa","0.861","-0.02056","0.00035","-0.00011","0","14.7","Humid","26.25","0","52.00","344506.08","SABD0000000001","AAV1.0.0.11","2.0.0.28","PSt7-10","000000-000","10/20/2017 9:36:39 AM","0000-00","0","no battery","V"
"10/20/2017","12:39:37","5","default","957498349","OXY5","89.985","min","156.505","μmol/L","Humid","21.198","deg","90995","µV","35.666","°C","1019.000","hPa","37.0","pmil","0","55.500","deg","20.000","°C","100.000","%a.s.","22.500","deg","20.000","°C","1013.000","hPa","0.861","-0.02056","0.00035","-0.00011","0","14.7","Humid","26.25","0","52.00","344495.48","SABD0000000001","AAV1.0.0.11","2.0.0.28","PSt7-10","000000-000","10/20/2017 9:36:39 AM","0000-00","0","no battery","V"
"10/20/2017","12:39:38","5","default","957498349","OXY5","90.001","min","156.507","μmol/L","Humid","21.196","deg","90993","µV","35.671","°C","1019.000","hPa","37.0","pmil","0","55.500","deg","20.000","°C","100.000","%a.s.","22.500","deg","20.000","°C","1013.000","hPa","0.861","-0.02056","0.00035","-0.00011","0","14.7","Humid","26.25","0","52.00","344502.77","SABD0000000001","AAV1.0.0.11","2.0.0.28","PSt7-10","000000-000","10/20/2017 9:36:39 AM","0000-00","0","no battery","V"
"10/20/2017","12:39:39","5","default","957498349","OXY5","90.018","min","156.512","μmol/L","Humid","21.197","deg","90993","µV","35.668","°C","1019.000","hPa","37.0","pmil","0","55.500","deg","20.000","°C","100.000","%a.s.","22.500","deg","20.000","°C","1013.000","hPa","0.861","-0.02056","0.00035","-0.00011","0","14.7","Humid","26.25","0","52.00","344496.93","SABD0000000001","AAV1.0.0.11","2.0.0.28","PSt7-10","000000-000","10/20/2017 9:36:39 AM","0000-00","0","no battery","V"
"10/20/2017","12:39:40","5","default","957498349","OXY5","90.035","min","156.543","μmol/L","Humid","21.199","deg","90991","µV","35.658","°C","1019.000","hPa","37.0","pmil","0","55.500","deg","20.000","°C","100.000","%a.s.","22.500","deg","20.000","°C","1013.000","hPa","0.861","-0.02056","0.00035","-0.00011","0","14.7","Humid","26.25","0","52.00","344489.48","SABD0000000001","AAV1.0.0.11","2.0.0.28","PSt7-10","000000-000","10/20/2017 9:36:39 AM","0000-00","0","no battery","V"
"10/20/2017","12:39:42","5","default","957498349","OXY5","90.066","min","156.434","μmol/L","Humid","21.205","deg","91026","µV","35.662","°C","1019.000","hPa","37.0","pmil","0","55.500","deg","20.000","°C","100.000","%a.s.","22.500","deg","20.000","°C","1013.000","hPa","0.861","-0.02056","0.00035","-0.00011","0","14.7","Humid","26.25","0","52.00","344526.33","SABD0000000001","AAV1.0.0.11","2.0.0.28","PSt7-10","000000-000","10/20/2017 9:36:39 AM","0000-00","0","no battery","V"
"10/20/2017","12:39:42","5","default","957498349","OXY5","90.068","min","156.483","μmol/L","Humid","21.199","deg","90983","µV","35.668","°C","1019.000","hPa","37.0","pmil","0","55.500","deg","20.000","°C","100.000","%a.s.","22.500","deg","20.000","°C","1013.000","hPa","0.861","-0.02056","0.00035","-0.00011","0","14.7","Humid","26.25","0","52.00","344459.17","SABD0000000001","AAV1.0.0.11","2.0.0.28","PSt7-10","000000-000","10/20/2017 9:36:39 AM","0000-00","0","no battery","V"
"10/20/2017","12:39:43","5","default","957498349","OXY5","90.085","min","156.422","μmol/L","Humid","21.200","deg","90988","µV","35.676","°C","1019.000","hPa","37.0","pmil","0","55.500","deg","20.000","°C","100.000","%a.s.","22.500","deg","20.000","°C","1013.000","hPa","0.861","-0.02056","0.00035","-0.00011","0","14.7","Humid","26.25","0","52.00","344478.12","SABD0000000001","AAV1.0.0.11","2.0.0.28","PSt7-10","000000-000","10/20/2017 9:36:39 AM","0000-00","0","no battery","V"
"10/20/2017","12:39:44","5","default","957498349","OXY5","90.101","min","156.493","μmol/L","Humid","21.196","deg","90993","µV","35.673","°C","1019.000","hPa","37.0","pmil","0","55.500","deg","20.000","°C","100.000","%a.s.","22.500","deg","20.000","°C","1013.000","hPa","0.861","-0.02056","0.00035","-0.00011","0","14.7","Humid","26.25","0","52.00","344470.92","SABD0000000001","AAV1.0.0.11","2.0.0.28","PSt7-10","000000-000","10/20/2017 9:36:39 AM","0000-00","0","no battery","V"
"10/20/2017","12:39:45","5","default","957498349","OXY5","90.118","min","156.512","μmol/L","Humid","21.197","deg","90996","µV","35.667","°C","1019.000","hPa","37.0","pmil","0","55.500","deg","20.000","°C","100.000","%a.s.","22.500","deg","20.000","°C","1013.000","hPa","0.861","-0.02056","0.00035","-0.00011","0","14.7","Humid","26.25","0","52.00","344485.41","SABD0000000001","AAV1.0.0.11","2.0.0.28","PSt7-10","000000-000","10/20/2017 9:36:39 AM","0000-00","0","no battery","V"
"10/20/2017","12:39:46","5","default","957498349","OXY5","90.135","min","156.510","μmol/L","Humid","21.199","deg","90994","µV","35.663","°C","1019.000","hPa","37.0","pmil","0","55.500","deg","20.000","°C","100.000","%a.s.","22.500","deg","20.000","°C","1013.000","hPa","0.861","-0.02056","0.00035","-0.00011","0","14.7","Humid","26.25","0","52.00","344484.99","SABD0000000001","AAV1.0.0.11","2.0.0.28","PSt7-10","000000-000","10/20/2017 9:36:39 AM","0000-00","0","no battery","V"
"10/20/2017","12:39:47","5","default","957498349","OXY5","90.151","min","156.475","μmol/L","Humid","21.202","deg","90993","µV","35.662","°C","1019.000","hPa","37.0","pmil","0","55.500","deg","20.000","°C","100.000","%a.s.","22.500","deg","20.000","°C","1013.000","hPa","0.861","-0.02056","0.00035","-0.00011","0","14.7","Humid","26.25","0","52.00","344485.26","SABD0000000001","AAV1.0.0.11","2.0.0.28","PSt7-10","000000-000","10/20/2017 9:36:39 AM","0000-00","0","no battery","V"
"10/20/2017","12:39:48","5","default","957498349","OXY5","90.168","min","156.468","μmol/L","Humid","21.199","deg","90991","µV","35.670","°C","1019.000","hPa","37.0","pmil","0","55.500","deg","20.000","°C","100.000","%a.s.","22.500","deg","20.000","°C","1013.000","hPa","0.861","-0.02056","0.00035","-0.00011","0","14.7","Humid","26.25","0","52.00","344484.32","SABD0000000001","AAV1.0.0.11","2.0.0.28","PSt7-10","000000-000","10/20/2017 9:36:39 AM","0000-00","0","no battery","V"
"10/20/2017","12:39:49","5","default","957498349","OXY5","90.185","min","156.438","μmol/L","Humid","21.199","deg","90997","µV","35.675","°C","1019.000","hPa","37.0","pmil","0","55.500","deg","20.000","°C","100.000","%a.s.","22.500","deg","20.000","°C","1013.000","hPa","0.861","-0.02056","0.00035","-0.00011","0","14.7","Humid","26.25","0","52.00","344492.26","SABD0000000001","AAV1.0.0.11","2.0.0.28","PSt7-10","000000-000","10/20/2017 9:36:39 AM","0000-00","0","no battery","V"
"10/20/2017","12:39:50","5","default","957498349","OXY5","90.202","min","156.416","μmol/L","Humid","21.201","deg","90987","µV","35.674","°C","1019.000","hPa","37.0","pmil","0","55.500","deg","20.000","°C","100.000","%a.s.","22.500","deg","20.000","°C","1013.000","hPa","0.861","-0.02056","0.00035","-0.00011","0","14.7","Humid","26.25","0","52.00","344480.85","SABD0000000001","AAV1.0.0.11","2.0.0.28","PSt7-10","000000-000","10/20/2017 9:36:39 AM","0000-00","0","no battery","V"
"10/20/2017","12:39:51","5","default","957498349","OXY5","90.218","min","156.430","μmol/L","Humid","21.200","deg","90988","µV","35.674","°C","1019.000","hPa","37.0","pmil","0","55.500","deg","20.000","°C","100.000","%a.s.","22.500","deg","20.000","°C","1013.000","hPa","0.861","-0.02056","0.00035","-0.00011","0","14.7","Humid","26.25","0","52.00","344474.46","SABD0000000001","AAV1.0.0.11","2.0.0.28","PSt7-10","000000-000","10/20/2017 9:36:39 AM","0000-00","0","no battery","V"
"10/20/2017","12:39:52","5","default","957498349","OXY5","90.235","min","156.488","μmol/L","Humid","21.200","deg","90980","µV","35.664","°C","1019.000","hPa","37.0","pmil","0","55.500","deg","20.000","°C","100.000","%a.s.","22.500","deg","20.000","°C","1013.000","hPa","0.861","-0.02056","0.00035","-0.00011","0","14.7","Humid","26.25","0","52.00","344459.53","SABD0000000001","AAV1.0.0.11","2.0.0.28","PSt7-10","000000-000","10/20/2017 9:36:39 AM","0000-00","0","no battery","V"
"10/20/2017","12:39:53","5","default","957498349","OXY5","90.252","min","156.481","μmol/L","Humid","21.199","deg","90985","µV","35.668","°C","1019.000","hPa","37.0","pmil","0","55.500","deg","20.000","°C","100.000","%a.s.","22.500","deg","20.000","°C","1013.000","hPa","0.861","-0.02056","0.00035","-0.00011","0","14.7","Humid","26.25","0","52.00","344481.12","SABD0000000001","AAV1.0.0.11","2.0.0.28","PSt7-10","000000-000","10/20/2017 9:36:39 AM","0000-00","0","no battery","V"
"10/20/2017","12:39:54","5","default","957498349","OXY5","90.268","min","156.368","μmol/L","Humid","21.200","deg","90986","µV","35.685","°C","1019.000","hPa","37.0","pmil","0","55.500","deg","20.000","°C","100.000","%a.s.","22.500","deg","20.000","°C","1013.000","hPa","0.861","-0.02056","0.00035","-0.00011","0","14.7","Humid","26.25","0","52.00","344477.96","SABD0000000001","AAV1.0.0.11","2.0.0.28","PSt7-10","000000-000","10/20/2017 9:36:39 AM","0000-00","0","no battery","V"
"10/20/2017","12:39:55","5","default","957498349","OXY5","90.285","min","156.465","μmol/L","Humid","21.195","deg","90985","µV","35.680","°C","1019.000","hPa","37.0","pmil","0","55.500","deg","20.000","°C","100.000","%a.s.","22.500","deg","20.000","°C","1013.000","hPa","0.861","-0.02056","0.00035","-0.00011","0","14.7","Humid","26.25","0","52.00","344468.76","SABD0000000001","AAV1.0.0.11","2.0.0.28","PSt7-10","000000-000","10/20/2017 9:36:39 AM","0000-00","0","no battery","V"
"10/20/2017","12:39:56","5","default","957498349","OXY5","90.302","min","156.332","μmol/L","Humid","21.202","deg","90977","µV","35.686","°C","1019.000","hPa","37.0","pmil","0","55.500","deg","20.000","°C","100.000","%a.s.","22.500","deg","20.000","°C","1013.000","hPa","0.861","-0.02056","0.00035","-0.00011","0","14.7","Humid","26.25","0","52.00","344469.95","SABD0000000001","AAV1.0.0.11","2.0.0.28","PSt7-10","000000-000","10/20/2017 9:36:39 AM","0000-00","0","no battery","V"
"10/20/2017","12:39:57","5","default","957498349","OXY5","90.318","min","156.418","μmol/L","Humid","21.197","deg","90976","µV","35.684","°C","1019.000","hPa","37.0","pmil","0","55.500","deg","20.000","°C","100.000","%a.s.","22.500","deg","20.000","°C","1013.000","hPa","0.861","-0.02056","0.00035","-0.00011","0","14.7","Humid","26.25","0","52.00","344467.82","SABD0000000001","AAV1.0.0.11","2.0.0.28","PSt7-10","000000-000","10/20/2017 9:36:39 AM","0000-00","0","no battery","V"
"10/20/2017","12:39:58","5","default","957498349","OXY5","90.335","min","156.430","μmol/L","Humid","21.201","deg","90973","µV","35.672","°C","1019.000","hPa","37.0","pmil","0","55.500","deg","20.000","°C","100.000","%a.s.","22.500","deg","20.000","°C","1013.000","hPa","0.861","-0.02056","0.00035","-0.00011","0","14.7","Humid","26.25","0","52.00","344474.58","SABD0000000001","AAV1.0.0.11","2.0.0.28","PSt7-10","000000-000","10/20/2017 9:36:39 AM","0000-00","0","no battery","V"
"10/20/2017","12:39:59","5","default","957498349","OXY5","90.352","min","156.419","μmol/L","Humid","21.200","deg","90978","µV","35.676","°C","1019.000","hPa","37.0","pmil","0","55.500","deg","20.000","°C","100.000","%a.s.","22.500","deg","20.000","°C","1013.000","hPa","0.861","-0.02056","0.00035","-0.00011","0","14.7","Humid","26.25","0","52.00","344472.78","SABD0000000001","AAV1.0.0.11","2.0.0.28","PSt7-10","000000-000","10/20/2017 9:36:39 AM","0000-00","0","no battery","V"
"10/20/2017","12:40:00","5","default","957498349","OXY5","90.368","min","156.409","μmol/L","Humid","21.198","deg","90968","µV","35.683","°C","1019.000","hPa","37.0","pmil","0","55.500","deg","20.000","°C","100.000","%a.s.","22.500","deg","20.000","°C","1013.000","hPa","0.861","-0.02056","0.00035","-0.00011","0","14.7","Humid","26.25","0","52.00","344450.75","SABD0000000001","AAV1.0.0.11","2.0.0.28","PSt7-10","000000-000","10/20/2017 9:36:39 AM","0000-00","0","no battery","V"
"10/20/2017","12:40:01","5","default","957498349","OXY5","90.385","min","156.436","μmol/L","Humid","21.200","deg","90973","µV","35.673","°C","1019.000","hPa","37.0","pmil","0","55.500","deg","20.000","°C","100.000","%a.s.","22.500","deg","20.000","°C","1013.000","hPa","0.861","-0.02056","0.00035","-0.00011","0","14.7","Humid","26.25","0","52.00","344466.67","SABD0000000001","AAV1.0.0.11","2.0.0.28","PSt7-10","000000-000","10/20/2017 9:36:39 AM","0000-00","0","no battery","V"
"10/20/2017","12:40:02","5","default","957498349","OXY5","90.401","min","156.491","μmol/L","Humid","21.201","deg","90967","µV","35.662","°C","1019.000","hPa","37.0","pmil","0","55.500","deg","20.000","°C","100.000","%a.s.","22.500","deg","20.000","°C","1013.000","hPa","0.861","-0.02056","0.00035","-0.00011","0","14.7","Humid","26.25","0","52.00","344443.86","SABD0000000001","AAV1.0.0.11","2.0.0.28","PSt7-10","000000-000","10/20/2017 9:36:39 AM","0000-00","0","no battery","V"
"10/20/2017","12:40:03","5","default","957498349","OXY5","90.418","min","156.386","μmol/L","Humid","21.200","deg","90963","µV","35.682","°C","1019.000","hPa","37.0","pmil","0","55.500","deg","20.000","°C","100.000","%a.s.","22.500","deg","20.000","°C","1013.000","hPa","0.861","-0.02056","0.00035","-0.00011","0","14.7","Humid","26.25","0","52.00","344447.46","SABD0000000001","AAV1.0.0.11","2.0.0.28","PSt7-10","000000-000","10/20/2017 9:36:39 AM","0000-00","0","no battery","V"
"10/20/2017","12:40:04","5","default","957498349","OXY5","90.434","min","156.464","μmol/L","Humid","21.198","deg","90966","µV","35.673","°C","1019.000","hPa","37.0","pmil","0","55.500","deg","20.000","°C","100.000","%a.s.","22.500","deg","20.000","°C","1013.000","hPa","0.861","-0.02056","0.00035","-0.00011","0","14.7","Humid","26.25","0","52.00","344458.32","SABD0000000001","AAV1.0.0.11","2.0.0.28","PSt7-10","000000-000","10/20/2017 9:36:39 AM","0000-00","0","no battery","V"
"10/20/2017","12:40:05","5","default","957498349","OXY5","90.451","min","156.410","μmol/L","Humid","21.201","deg","90967","µV","35.675","°C","1019.000","hPa","37.0","pmil","0","55.500","deg","20.000","°C","100.000","%a.s.","22.500","deg","20.000","°C","1013.000","hPa","0.861","-0.02056","0.00035","-0.00011","0","14.7","Humid","26.25","0","52.00","344459.56","SABD0000000001","AAV1.0.0.11","2.0.0.28","PSt7-10","000000-000","10/20/2017 9:36:39 AM","0000-00","0","no battery","V"
"10/20/2017","12:40:06","5","default","957498349","OXY5","90.468","min","156.491","μmol/L","Humid","21.197","deg","90962","µV","35.671","°C","1019.000","hPa","37.0","pmil","0","55.500","deg","20.000","°C","100.000","%a.s.","22.500","deg","20.000","°C","1013.000","hPa","0.861","-0.02056","0.00035","-0.00011","0","14.7","Humid","26.25","0","52.00","344451.71","SABD0000000001","AAV1.0.0.11","2.0.0.28","PSt7-10","000000-000","10/20/2017 9:36:39 AM","0000-00","0","no battery","V"
"10/20/2017","12:40:07","5","default","957498349","OXY5","90.484","min","156.555","μmol/L","Humid","21.199","deg","90959","µV","35.655","°C","1019.000","hPa","37.0","pmil","0","55.500","deg","20.000","°C","100.000","%a.s.","22.500","deg","20.000","°C","1013.000","hPa","0.861","-0.02056","0.00035","-0.00011","0","14.7","Humid","26.25","0","52.00","344440.22","SABD0000000001","AAV1.0.0.11","2.0.0.28","PSt7-10","000000-000","10/20/2017 9:36:39 AM","0000-00","0","no battery","V"
"10/20/2017","12:40:08","5","default","957498349","OXY5","90.501","min","156.618","μmol/L","Humid","21.194","deg","90956","µV","35.657","°C","1019.000","hPa","37.0","pmil","0","55.500","deg","20.000","°C","100.000","%a.s.","22.500","deg","20.000","°C","1013.000","hPa","0.861","-0.02056","0.00035","-0.00011","0","14.7","Humid","26.25","0","52.00","344442.53","SABD0000000001","AAV1.0.0.11","2.0.0.28","PSt7-10","000000-000","10/20/2017 9:36:39 AM","0000-00","0","no battery","V"
"10/20/2017","12:40:09","5","default","957498349","OXY5","90.518","min","156.507","μmol/L","Humid","21.200","deg","90964","µV","35.661","°C","1019.000","hPa","37.0","pmil","0","55.500","deg","20.000","°C","100.000","%a.s.","22.500","deg","20.000","°C","1013.000","hPa","0.861","-0.02056","0.00035","-0.00011","0","14.7","Humid","26.25","0","52.00","344437.74","SABD0000000001","AAV1.0.0.11","2.0.0.28","PSt7-10","000000-000","10/20/2017 9:36:39 AM","0000-00","0","no battery","V"
"10/20/2017","12:40:10","5","default","957498349","OXY5","90.534","min","156.505","μmol/L","Humid","21.201","deg","90960","µV","35.659","°C","1019.000","hPa","37.0","pmil","0","55.500","deg","20.000","°C","100.000","%a.s.","22.500","deg","20.000","°C","1013.000","hPa","0.861","-0.02056","0.00035","-0.00011","0","14.7","Humid","26.25","0","52.00","344436.76","SABD0000000001","AAV1.0.0.11","2.0.0.28","PSt7-10","000000-000","10/20/2017 9:36:39 AM","0000-00","0","no battery","V"
"10/20/2017","12:40:11","5","default","957498349","OXY5","90.551","min","156.515","μmol/L","Humid","21.196","deg","90959","µV","35.669","°C","1019.000","hPa","37.0","pmil","0","55.500","deg","20.000","°C","100.000","%a.s.","22.500","deg","20.000","°C","1013.000","hPa","0.861","-0.02056","0.00035","-0.00011","0","14.7","Humid","26.25","0","52.00","344437.63","SABD0000000001","AAV1.0.0.11","2.0.0.28","PSt7-10","000000-000","10/20/2017 9:36:39 AM","0000-00","0","no battery","V"
"10/20/2017","12:40:12","5","default","957498349","OXY5","90.568","min","156.377","μmol/L","Humid","21.198","deg","90956","µV","35.688","°C","1019.000","hPa","37.0","pmil","0","55.500","deg","20.000","°C","100.000","%a.s.","22.500","deg","20.000","°C","1013.000","hPa","0.861","-0.02056","0.00035","-0.00011","0","14.7","Humid","26.25","0","52.00","344448.03","SABD0000000001","AAV1.0.0.11","2.0.0.28","PSt7-10","000000-000","10/20/2017 9:36:39 AM","0000-00","0","no battery","V"
"10/20/2017","12:40:13","5","default","957498349","OXY5","90.585","min","156.373","μmol/L","Humid","21.198","deg","90962","µV","35.689","°C","1019.000","hPa","37.0","pmil","0","55.500","deg","20.000","°C","100.000","%a.s.","22.500","deg","20.000","°C","1013.000","hPa","0.861","-0.02056","0.00035","-0.00011","0","14.7","Humid","26.25","0","52.00","344444.99","SABD0000000001","AAV1.0.0.11","2.0.0.28","PSt7-10","000000-000","10/20/2017 9:36:39 AM","0000-00","0","no battery","V"
"10/20/2017","12:40:14","5","default","957498349","OXY5","90.601","min","156.490","μmol/L","Humid","21.196","deg","90956","µV","35.674","°C","1019.000","hPa","37.0","pmil","0","55.500","deg","20.000","°C","100.000","%a.s.","22.500","deg","20.000","°C","1013.000","hPa","0.861","-0.02056","0.00035","-0.00011","0","14.7","Humid","26.25","0","52.00","344453.93","SABD0000000001","AAV1.0.0.11","2.0.0.28","PSt7-10","000000-000","10/20/2017 9:36:39 AM","0000-00","0","no battery","V"
"10/20/2017","12:40:15","5","default","957498349","OXY5","90.618","min","156.408","μmol/L","Humid","21.201","deg","90950","µV","35.676","°C","1019.000","hPa","37.0","pmil","0","55.500","deg","20.000","°C","100.000","%a.s.","22.500","deg","20.000","°C","1013.000","hPa","0.861","-0.02056","0.00035","-0.00011","0","14.7","Humid","26.25","0","52.00","344443.58","SABD0000000001","AAV1.0.0.11","2.0.0.28","PSt7-10","000000-000","10/20/2017 9:36:39 AM","0000-00","0","no battery","V"
"10/20/2017","12:40:16","5","default","957498349","OXY5","90.635","min","156.404","μmol/L","Humid","21.200","deg","90961","µV","35.679","°C","1019.000","hPa","37.0","pmil","0","55.500","deg","20.000","°C","100.000","%a.s.","22.500","deg","20.000","°C","1013.000","hPa","0.861","-0.02056","0.00035","-0.00011","0","14.7","Humid","26.25","0","52.00","344442.74","SABD0000000001","AAV1.0.0.11","2.0.0.28","PSt7-10","000000-000","10/20/2017 9:36:39 AM","0000-00","0","no battery","V"
"10/20/2017","12:40:17","5","default","957498349","OXY5","90.651","min","156.345","μmol/L","Humid","21.199","deg","90958","µV","35.691","°C","1019.000","hPa","37.0","pmil","0","55.500","deg","20.000","°C","100.000","%a.s.","22.500","deg","20.000","°C","1013.000","hPa","0.861","-0.02056","0.00035","-0.00011","0","14.7","Humid","26.25","0","52.00","344443.99","SABD0000000001","AAV1.0.0.11","2.0.0.28","PSt7-10","000000-000","10/20/2017 9:36:39 AM","0000-00","0","no battery","V"
"10/20/2017","12:40:18","5","default","957498349","OXY5","90.668","min","156.450","μmol/L","Humid","21.197","deg","90955","µV","35.678","°C","1019.000","hPa","37.0","pmil","0","55.500","deg","20.000","°C","100.000","%a.s.","22.500","deg","20.000","°C","1013.000","hPa","0.861","-0.02056","0.00035","-0.00011","0","14.7","Humid","26.25","0","52.00","344450.52","SABD0000000001","AAV1.0.0.11","2.0.0.28","PSt7-10","000000-000","10/20/2017 9:36:39 AM","0000-00","0","no battery","V"
"10/20/2017","12:40:19","5","default","957498349","OXY5","90.685","min","156.418","μmol/L","Humid","21.201","deg","90957","µV","35.674","°C","1019.000","hPa","37.0","pmil","0","55.500","deg","20.000","°C","100.000","%a.s.","22.500","deg","20.000","°C","1013.000","hPa","0.861","-0.02056","0.00035","-0.00011","0","14.7","Humid","26.25","0","52.00","344449.35","SABD0000000001","AAV1.0.0.11","2.0.0.28","PSt7-10","000000-000","10/20/2017 9:36:39 AM","0000-00","0","no battery","V"
"10/20/2017","12:40:20","5","default","957498349","OXY5","90.701","min","156.411","μmol/L","Humid","21.201","deg","90953","µV","35.675","°C","1019.000","hPa","37.0","pmil","0","55.500","deg","20.000","°C","100.000","%a.s.","22.500","deg","20.000","°C","1013.000","hPa","0.861","-0.02056","0.00035","-0.00011","0","14.7","Humid","26.25","0","52.00","344428.45","SABD0000000001","AAV1.0.0.11","2.0.0.28","PSt7-10","000000-000","10/20/2017 9:36:39 AM","0000-00","0","no battery","V"
"10/20/2017","12:40:21","5","default","957498349","OXY5","90.718","min","156.425","μmol/L","Humid","21.197","deg","90953","µV","35.682","°C","1019.000","hPa","37.0","pmil","0","55.500","deg","20.000","°C","100.000","%a.s.","22.500","deg","20.000","°C","1013.000","hPa","0.861","-0.02056","0.00035","-0.00011","0","14.7","Humid","26.25","0","52.00","344440.63","SABD0000000001","AAV1.0.0.11","2.0.0.28","PSt7-10","000000-000","10/20/2017 9:36:39 AM","0000-00","0","no battery","V"
"10/20/2017","12:40:22","5","default","957498349","OXY5","90.735","min","156.373","μmol/L","Humid","21.201","deg","90957","µV","35.682","°C","1019.000","hPa","37.0","pmil","0","55.500","deg","20.000","°C","100.000","%a.s.","22.500","deg","20.000","°C","1013.000","hPa","0.861","-0.02056","0.00035","-0.00011","0","14.7","Humid","26.25","0","52.00","344440.16","SABD0000000001","AAV1.0.0.11","2.0.0.28","PSt7-10","000000-000","10/20/2017 9:36:39 AM","0000-00","0","no battery","V"
"10/20/2017","12:40:23","5","default","957498349","OXY5","90.751","min","156.437","μmol/L","Humid","21.198","deg","90954","µV","35.678","°C","1019.000","hPa","37.0","pmil","0","55.500","deg","20.000","°C","100.000","%a.s.","22.500","deg","20.000","°C","1013.000","hPa","0.861","-0.02056","0.00035","-0.00011","0","14.7","Humid","26.25","0","52.00","344439.46","SABD0000000001","AAV1.0.0.11","2.0.0.28","PSt7-10","000000-000","10/20/2017 9:36:39 AM","0000-00","0","no battery","V"
"10/20/2017","12:40:24","5","default","957498349","OXY5","90.768","min","156.438","μmol/L","Humid","21.199","deg","90950","µV","35.675","°C","1019.000","hPa","37.0","pmil","0","55.500","deg","20.000","°C","100.000","%a.s.","22.500","deg","20.000","°C","1013.000","hPa","0.861","-0.02056","0.00035","-0.00011","0","14.7","Humid","26.25","0","52.00","344430.43","SABD0000000001","AAV1.0.0.11","2.0.0.28","PSt7-10","000000-000","10/20/2017 9:36:39 AM","0000-00","0","no battery","V"
"10/20/2017","12:40:25","5","default","957498349","OXY5","90.785","min","156.437","μmol/L","Humid","21.201","deg","90950","µV","35.671","°C","1019.000","hPa","37.0","pmil","0","55.500","deg","20.000","°C","100.000","%a.s.","22.500","deg","20.000","°C","1013.000","hPa","0.861","-0.02056","0.00035","-0.00011","0","14.7","Humid","26.25","0","52.00","344429.45","SABD0000000001","AAV1.0.0.11","2.0.0.28","PSt7-10","000000-000","10/20/2017 9:36:39 AM","0000-00","0","no battery","V"
"10/20/2017","12:40:26","5","default","957498349","OXY5","90.802","min","156.429","μmol/L","Humid","21.200","deg","90949","µV","35.675","°C","1019.000","hPa","37.0","pmil","0","55.500","deg","20.000","°C","100.000","%a.s.","22.500","deg","20.000","°C","1013.000","hPa","0.861","-0.02056","0.00035","-0.00011","0","14.7","Humid","26.25","0","52.00","344412.16","SABD0000000001","AAV1.0.0.11","2.0.0.28","PSt7-10","000000-000","10/20/2017 9:36:39 AM","0000-00","0","no battery","V"
"10/20/2017","12:40:27","5","default","957498349","OXY5","90.818","min","156.454","μmol/L","Humid","21.198","deg","90947","µV","35.675","°C","1019.000","hPa","37.0","pmil","0","55.500","deg","20.000","°C","100.000","%a.s.","22.500","deg","20.000","°C","1013.000","hPa","0.861","-0.02056","0.00035","-0.00011","0","14.7","Humid","26.25","0","52.00","344420.73","SABD0000000001","AAV1.0.0.11","2.0.0.28","PSt7-10","000000-000","10/20/2017 9:36:39 AM","0000-00","0","no battery","V"
"10/20/2017","12:40:28","5","default","957498349","OXY5","90.835","min","156.388","μmol/L","Humid","21.198","deg","90943","µV","35.686","°C","1019.000","hPa","37.0","pmil","0","55.500","deg","20.000","°C","100.000","%a.s.","22.500","deg","20.000","°C","1013.000","hPa","0.861","-0.02056","0.00035","-0.00011","0","14.7","Humid","26.25","0","52.00","344430.40","SABD0000000001","AAV1.0.0.11","2.0.0.28","PSt7-10","000000-000","10/20/2017 9:36:39 AM","0000-00","0","no battery","V"
"10/20/2017","12:40:29","5","default","957498349","OXY5","90.852","min","156.475","μmol/L","Humid","21.199","deg","90946","µV","35.669","°C","1019.000","hPa","37.0","pmil","0","55.500","deg","20.000","°C","100.000","%a.s.","22.500","deg","20.000","°C","1013.000","hPa","0.861","-0.02056","0.00035","-0.00011","0","14.7","Humid","26.25","0","52.00","344419.95","SABD0000000001","AAV1.0.0.11","2.0.0.28","PSt7-10","000000-000","10/20/2017 9:36:39 AM","0000-00","0","no battery","V"
"10/20/2017","12:40:30","5","default","957498349","OXY5","90.868","min","156.478","μmol/L","Humid","21.199","deg","90948","µV","35.668","°C","1019.000","hPa","37.0","pmil","0","55.500","deg","20.000","°C","100.000","%a.s.","22.500","deg","20.000","°C","1013.000","hPa","0.861","-0.02056","0.00035","-0.00011","0","14.7","Humid","26.25","0","52.00","344436.00","SABD0000000001","AAV1.0.0.11","2.0.0.28","PSt7-10","000000-000","10/20/2017 9:36:39 AM","0000-00","0","no battery","V"
"10/20/2017","12:40:31","5","default","957498349","OXY5","90.885","min","156.403","μmol/L","Humid","21.203","deg","90940","µV","35.672","°C","1019.000","hPa","37.0","pmil","0","55.500","deg","20.000","°C","100.000","%a.s.","22.500","deg","20.000","°C","1013.000","hPa","0.861","-0.02056","0.00035","-0.00011","0","14.7","Humid","26.25","0","52.00","344417.69","SABD0000000001","AAV1.0.0.11","2.0.0.28","PSt7-10","000000-000","10/20/2017 9:36:39 AM","0000-00","0","no battery","V"
"10/20/2017","12:40:32","5","default","957498349","OXY5","90.902","min","156.439","μmol/L","Humid","21.195","deg","90947","µV","35.685","°C","1019.000","hPa","37.0","pmil","0","55.500","deg","20.000","°C","100.000","%a.s.","22.500","deg","20.000","°C","1013.000","hPa","0.861","-0.02056","0.00035","-0.00011","0","14.7","Humid","26.25","0","52.00","344409.90","SABD0000000001","AAV1.0.0.11","2.0.0.28","PSt7-10","000000-000","10/20/2017 9:36:39 AM","0000-00","0","no battery","V"
"10/20/2017","12:40:33","5","default","957498349","OXY5","90.918","min","156.385","μmol/L","Humid","21.197","deg","90946","µV","35.689","°C","1019.000","hPa","37.0","pmil","0","55.500","deg","20.000","°C","100.000","%a.s.","22.500","deg","20.000","°C","1013.000","hPa","0.861","-0.02056","0.00035","-0.00011","0","14.7","Humid","26.25","0","52.00","344423.50","SABD0000000001","AAV1.0.0.11","2.0.0.28","PSt7-10","000000-000","10/20/2017 9:36:39 AM","0000-00","0","no battery","V"
"10/20/2017","12:40:34","5","default","957498349","OXY5","90.935","min","156.337","μmol/L","Humid","21.202","deg","90939","µV","35.685","°C","1019.000","hPa","37.0","pmil","0","55.500","deg","20.000","°C","100.000","%a.s.","22.500","deg","20.000","°C","1013.000","hPa","0.861","-0.02056","0.00035","-0.00011","0","14.7","Humid","26.25","0","52.00","344412.13","SABD0000000001","AAV1.0.0.11","2.0.0.28","PSt7-10","000000-000","10/20/2017 9:36:39 AM","0000-00","0","no battery","V"
"10/20/2017","12:40:35","5","default","957498349","OXY5","90.952","min","156.394","μmol/L","Humid","21.196","deg","90945","µV","35.690","°C","1019.000","hPa","37.0","pmil","0","55.500","deg","20.000","°C","100.000","%a.s.","22.500","deg","20.000","°C","1013.000","hPa","0.861","-0.02056","0.00035","-0.00011","0","14.7","Humid","26.25","0","52.00","344405.76","SABD0000000001","AAV1.0.0.11","2.0.0.28","PSt7-10","000000-000","10/20/2017 9:36:39 AM","0000-00","0","no battery","V"
"10/20/2017","12:40:36","5","default","957498349","OXY5","90.968","min","156.322","μmol/L","Humid","21.198","deg","90945","µV","35.697","°C","1019.000","hPa","37.0","pmil","0","55.500","deg","20.000","°C","100.000","%a.s.","22.500","deg","20.000","°C","1013.000","hPa","0.861","-0.02056","0.00035","-0.00011","0","14.7","Humid","26.25","0","52.00","344417.06","SABD0000000001","AAV1.0.0.11","2.0.0.28","PSt7-10","000000-000","10/20/2017 9:36:39 AM","0000-00","0","no battery","V"
"10/20/2017","12:40:37","5","default","957498349","OXY5","90.985","min","156.427","μmol/L","Humid","21.198","deg","90937","µV","35.680","°C","1019.000","hPa","37.0","pmil","0","55.500","deg","20.000","°C","100.000","%a.s.","22.500","deg","20.000","°C","1013.000","hPa","0.861","-0.02056","0.00035","-0.00011","0","14.7","Humid","26.25","0","52.00","344409.70","SABD0000000001","AAV1.0.0.11","2.0.0.28","PSt7-10","000000-000","10/20/2017 9:36:39 AM","0000-00","0","no battery","V"
"10/20/2017","12:40:38","5","default","957498349","OXY5","91.002","min","156.345","μmol/L","Humid","21.200","deg","90942","µV","35.689","°C","1019.000","hPa","37.0","pmil","0","55.500","deg","20.000","°C","100.000","%a.s.","22.500","deg","20.000","°C","1013.000","hPa","0.861","-0.02056","0.00035","-0.00011","0","14.7","Humid","26.25","0","52.00","344422.43","SABD0000000001","AAV1.0.0.11","2.0.0.28","PSt7-10","000000-000","10/20/2017 9:36:39 AM","0000-00","0","no battery","V"
"10/20/2017","12:40:39","5","default","957498349","OXY5","91.018","min","156.407","μmol/L","Humid","21.198","deg","90945","µV","35.683","°C","1019.000","hPa","37.0","pmil","0","55.500","deg","20.000","°C","100.000","%a.s.","22.500","deg","20.000","°C","1013.000","hPa","0.861","-0.02056","0.00035","-0.00011","0","14.7","Humid","26.25","0","52.00","344408.14","SABD0000000001","AAV1.0.0.11","2.0.0.28","PSt7-10","000000-000","10/20/2017 9:36:39 AM","0000-00","0","no battery","V"
"10/20/2017","12:40:40","5","default","957498349","OXY5","91.035","min","156.400","μmol/L","Humid","21.198","deg","90945","µV","35.684","°C","1019.000","hPa","37.0","pmil","0","55.500","deg","20.000","°C","100.000","%a.s.","22.500","deg","20.000","°C","1013.000","hPa","0.861","-0.02056","0.00035","-0.00011","0","14.7","Humid","26.25","0","52.00","344414.05","SABD0000000001","AAV1.0.0.11","2.0.0.28","PSt7-10","000000-000","10/20/2017 9:36:39 AM","0000-00","0","no battery","V"
"10/20/2017","12:40:41","5","default","957498349","OXY5","91.052","min","156.369","μmol/L","Humid","21.199","deg","90945","µV","35.687","°C","1019.000","hPa","37.0","pmil","0","55.500","deg","20.000","°C","100.000","%a.s.","22.500","deg","20.000","°C","1013.000","hPa","0.861","-0.02056","0.00035","-0.00011","0","14.7","Humid","26.25","0","52.00","344398.36","SABD0000000001","AAV1.0.0.11","2.0.0.28","PSt7-10","000000-000","10/20/2017 9:36:39 AM","0000-00","0","no battery","V"
"10/20/2017","12:40:42","5","default","957498349","OXY5","91.068","min","156.325","μmol/L","Humid","21.199","deg","90933","µV","35.694","°C","1019.000","hPa","37.0","pmil","0","55.500","deg","20.000","°C","100.000","%a.s.","22.500","deg","20.000","°C","1013.000","hPa","0.861","-0.02056","0.00035","-0.00011","0","14.7","Humid","26.25","0","52.00","344395.55","SABD0000000001","AAV1.0.0.11","2.0.0.28","PSt7-10","000000-000","10/20/2017 9:36:39 AM","0000-00","0","no battery","V"
"10/20/2017","12:40:43","5","default","957498349","OXY5","91.085","min","156.451","μmol/L","Humid","21.197","deg","90941","µV","35.678","°C","1019.000","hPa","37.0","pmil","0","55.500","deg","20.000","°C","100.000","%a.s.","22.500","deg","20.000","°C","1013.000","hPa","0.861","-0.02056","0.00035","-0.00011","0","14.7","Humid","26.25","0","52.00","344409.47","SABD0000000001","AAV1.0.0.11","2.0.0.28","PSt7-10","000000-000","10/20/2017 9:36:39 AM","0000-00","0","no battery","V"
"10/20/2017","12:40:44","5","default","957498349","OXY5","91.101","min","156.444","μmol/L","Humid","21.199","deg","90933","µV","35.674","°C","1019.000","hPa","37.0","pmil","0","55.500","deg","20.000","°C","100.000","%a.s.","22.500","deg","20.000","°C","1013.000","hPa","0.861","-0.02056","0.00035","-0.00011","0","14.7","Humid","26.25","0","52.00","344403.03","SABD0000000001","AAV1.0.0.11","2.0.0.28","PSt7-10","000000-000","10/20/2017 9:36:39 AM","0000-00","0","no battery","V"
"10/20/2017","12:40:45","5","default","957498349","OXY5","91.118","min","156.431","μmol/L","Humid","21.201","deg","90941","µV","35.672","°C","1019.000","hPa","37.0","pmil","0","55.500","deg","20.000","°C","100.000","%a.s.","22.500","deg","20.000","°C","1013.000","hPa","0.861","-0.02056","0.00035","-0.00011","0","14.7","Humid","26.25","0","52.00","344406.50","SABD0000000001","AAV1.0.0.11","2.0.0.28","PSt7-10","000000-000","10/20/2017 9:36:39 AM","0000-00","0","no battery","V"
"10/20/2017","12:40:46","5","default","957498349","OXY5","91.134","min","156.446","μmol/L","Humid","21.197","deg","90939","µV","35.679","°C","1019.000","hPa","37.0","pmil","0","55.500","deg","20.000","°C","100.000","%a.s.","22.500","deg","20.000","°C","1013.000","hPa","0.861","-0.02056","0.00035","-0.00011","0","14.7","Humid","26.25","0","52.00","344401.67","SABD0000000001","AAV1.0.0.11","2.0.0.28","PSt7-10","000000-000","10/20/2017 9:36:39 AM","0000-00","0","no battery","V"
"10/20/2017","12:40:47","5","default","957498349","OXY5","91.151","min","156.431","μmol/L","Humid","21.197","deg","90942","µV","35.681","°C","1019.000","hPa","37.0","pmil","0","55.500","deg","20.000","°C","100.000","%a.s.","22.500","deg","20.000","°C","1013.000","hPa","0.861","-0.02056","0.00035","-0.00011","0","14.7","Humid","26.25","0","52.00","344407.29","SABD0000000001","AAV1.0.0.11","2.0.0.28","PSt7-10","000000-000","10/20/2017 9:36:39 AM","0000-00","0","no battery","V"
"10/20/2017","12:40:48","5","default","957498349","OXY5","91.168","min","156.426","μmol/L","Humid","21.199","deg","90933","µV","35.677","°C","1019.000","hPa","37.0","pmil","0","55.500","deg","20.000","°C","100.000","%a.s.","22.500","deg","20.000","°C","1013.000","hPa","0.861","-0.02056","0.00035","-0.00011","0","14.7","Humid","26.25","0","52.00","344412.39","SABD0000000001","AAV1.0.0.11","2.0.0.28","PSt7-10","000000-000","10/20/2017 9:36:39 AM","0000-00","0","no battery","V"
"10/20/2017","12:40:49","5","default","957498349","OXY5","91.185","min","156.450","μmol/L","Humid","21.197","deg","90941","µV","35.678","°C","1019.000","hPa","37.0","pmil","0","55.500","deg","20.000","°C","100.000","%a.s.","22.500","deg","20.000","°C","1013.000","hPa","0.861","-0.02056","0.00035","-0.00011","0","14.7","Humid","26.25","0","52.00","344402.65","SABD0000000001","AAV1.0.0.11","2.0.0.28","PSt7-10","000000-000","10/20/2017 9:36:39 AM","0000-00","0","no battery","V"
"10/20/2017","12:40:50","5","default","957498349","OXY5","91.201","min","156.403","μmol/L","Humid","21.195","deg","90937","µV","35.691","°C","1019.000","hPa","37.0","pmil","0","55.500","deg","20.000","°C","100.000","%a.s.","22.500","deg","20.000","°C","1013.000","hPa","0.861","-0.02056","0.00035","-0.00011","0","14.7","Humid","26.25","0","52.00","344395.40","SABD0000000001","AAV1.0.0.11","2.0.0.28","PSt7-10","000000-000","10/20/2017 9:36:39 AM","0000-00","0","no battery","V"
"10/20/2017","12:40:51","5","default","957498349","OXY5","91.218","min","156.345","μmol/L","Humid","21.199","deg","90938","µV","35.691","°C","1019.000","hPa","37.0","pmil","0","55.500","deg","20.000","°C","100.000","%a.s.","22.500","deg","20.000","°C","1013.000","hPa","0.861","-0.02056","0.00035","-0.00011","0","14.7","Humid","26.25","0","52.00","344403.46","SABD0000000001","AAV1.0.0.11","2.0.0.28","PSt7-10","000000-000","10/20/2017 9:36:39 AM","0000-00","0","no battery","V"
"10/20/2017","12:40:52","5","default","957498349","OXY5","91.235","min","156.397","μmol/L","Humid","21.198","deg","90936","µV","35.685","°C","1019.000","hPa","37.0","pmil","0","55.500","deg","20.000","°C","100.000","%a.s.","22.500","deg","20.000","°C","1013.000","hPa","0.861","-0.02056","0.00035","-0.00011","0","14.7","Humid","26.25","0","52.00","344407.17","SABD0000000001","AAV1.0.0.11","2.0.0.28","PSt7-10","000000-000","10/20/2017 9:36:39 AM","0000-00","0","no battery","V"
"10/20/2017","12:40:53","5","default","957498349","OXY5","91.251","min","156.474","μmol/L","Humid","21.196","deg","90934","µV","35.676","°C","1019.000","hPa","37.0","pmil","0","55.500","deg","20.000","°C","100.000","%a.s.","22.500","deg","20.000","°C","1013.000","hPa","0.861","-0.02056","0.00035","-0.00011","0","14.7","Humid","26.25","0","52.00","344408.95","SABD0000000001","AAV1.0.0.11","2.0.0.28","PSt7-10","000000-000","10/20/2017 9:36:39 AM","0000-00","0","no battery","V"
"10/20/2017","12:40:54","5","default","957498349","OXY5","91.268","min","156.339","μmol/L","Humid","21.201","deg","90940","µV","35.687","°C","1019.000","hPa","37.0","pmil","0","55.500","deg","20.000","°C","100.000","%a.s.","22.500","deg","20.000","°C","1013.000","hPa","0.861","-0.02056","0.00035","-0.00011","0","14.7","Humid","26.25","0","52.00","344393.16","SABD0000000001","AAV1.0.0.11","2.0.0.28","PSt7-10","000000-000","10/20/2017 9:36:39 AM","0000-00","0","no battery","V"
"10/20/2017","12:40:55","5","default","957498349","OXY5","91.285","min","156.344","μmol/L","Humid","21.198","deg","90937","µV","35.694","°C","1019.000","hPa","37.0","pmil","0","55.500","deg","20.000","°C","100.000","%a.s.","22.500","deg","20.000","°C","1013.000","hPa","0.861","-0.02056","0.00035","-0.00011","0","14.7","Humid","26.25","0","52.00","344403.78","SABD0000000001","AAV1.0.0.11","2.0.0.28","PSt7-10","000000-000","10/20/2017 9:36:39 AM","0000-00","0","no battery","V"
"10/20/2017","12:40:56","5","default","957498349","OXY5","91.301","min","156.280","μmol/L","Humid","21.198","deg","90934","µV","35.705","°C","1019.000","hPa","37.0","pmil","0","55.500","deg","20.000","°C","100.000","%a.s.","22.500","deg","20.000","°C","1013.000","hPa","0.861","-0.02056","0.00035","-0.00011","0","14.7","Humid","26.25","0","52.00","344387.55","SABD0000000001","AAV1.0.0.11","2.0.0.28","PSt7-10","000000-000","10/20/2017 9:36:39 AM","0000-00","0","no battery","V"
"10/20/2017","12:40:57","5","default","957498349","OXY5","91.318","min","156.359","μmol/L","Humid","21.199","deg","90933","µV","35.689","°C","1019.000","hPa","37.0","pmil","0","55.500","deg","20.000","°C","100.000","%a.s.","22.500","deg","20.000","°C","1013.000","hPa","0.861","-0.02056","0.00035","-0.00011","0","14.7","Humid","26.25","0","52.00","344401.93","SABD0000000001","AAV1.0.0.11","2.0.0.28","PSt7-10","000000-000","10/20/2017 9:36:39 AM","0000-00","0","no battery","V"
"10/20/2017","12:40:58","5","default","957498349","OXY5","91.335","min","156.386","μmol/L","Humid","21.197","deg","90935","µV","35.689","°C","1019.000","hPa","37.0","pmil","0","55.500","deg","20.000","°C","100.000","%a.s.","22.500","deg","20.000","°C","1013.000","hPa","0.861","-0.02056","0.00035","-0.00011","0","14.7","Humid","26.25","0","52.00","344388.40","SABD0000000001","AAV1.0.0.11","2.0.0.28","PSt7-10","000000-000","10/20/2017 9:36:39 AM","0000-00","0","no battery","V"
"10/20/2017","12:40:59","5","default","957498349","OXY5","91.351","min","156.461","μmol/L","Humid","21.198","deg","90926","µV","35.674","°C","1019.000","hPa","37.0","pmil","0","55.500","deg","20.000","°C","100.000","%a.s.","22.500","deg","20.000","°C","1013.000","hPa","0.861","-0.02056","0.00035","-0.00011","0","14.7","Humid","26.25","0","52.00","344388.97","SABD0000000001","AAV1.0.0.11","2.0.0.28","PSt7-10","000000-000","10/20/2017 9:36:39 AM","0000-00","0","no battery","V"
"10/20/2017","12:41:00","5","default","957498349","OXY5","91.368","min","156.391","μmol/L","Humid","21.201","deg","90935","µV","35.679","°C","1019.000","hPa","37.0","pmil","0","55.500","deg","20.000","°C","100.000","%a.s.","22.500","deg","20.000","°C","1013.000","hPa","0.861","-0.02056","0.00035","-0.00011","0","14.7","Humid","26.25","0","52.00","344379.64","SABD0000000001","AAV1.0.0.11","2.0.0.28","PSt7-10","000000-000","10/20/2017 9:36:39 AM","0000-00","0","no battery","V"
"10/20/2017","12:41:01","5","default","957498349","OXY5","91.385","min","156.462","μmol/L","Humid","21.197","deg","90931","µV","35.676","°C","1019.000","hPa","37.0","pmil","0","55.500","deg","20.000","°C","100.000","%a.s.","22.500","deg","20.000","°C","1013.000","hPa","0.861","-0.02056","0.00035","-0.00011","0","14.7","Humid","26.25","0","52.00","344390.51","SABD0000000001","AAV1.0.0.11","2.0.0.28","PSt7-10","000000-000","10/20/2017 9:36:39 AM","0000-00","0","no battery","V"
"10/20/2017","12:41:02","5","default","957498349","OXY5","91.402","min","156.373","μmol/L","Humid","21.200","deg","90929","µV","35.684","°C","1019.000","hPa","37.0","pmil","0","55.500","deg","20.000","°C","100.000","%a.s.","22.500","deg","20.000","°C","1013.000","hPa","0.861","-0.02056","0.00035","-0.00011","0","14.7","Humid","26.25","0","52.00","344382.16","SABD0000000001","AAV1.0.0.11","2.0.0.28","PSt7-10","000000-000","10/20/2017 9:36:39 AM","0000-00","0","no battery","V"
"10/20/2017","12:41:03","5","default","957498349","OXY5","91.418","min","156.350","μmol/L","Humid","21.199","deg","90929","µV","35.690","°C","1019.000","hPa","37.0","pmil","0","55.500","deg","20.000","°C","100.000","%a.s.","22.500","deg","20.000","°C","1013.000","hPa","0.861","-0.02056","0.00035","-0.00011","0","14.7","Humid","26.25","0","52.00","344387.74","SABD0000000001","AAV1.0.0.11","2.0.0.28","PSt7-10","000000-000","10/20/2017 9:36:39 AM","0000-00","0","no battery","V"
"10/20/2017","12:41:04","5","default","957498349","OXY5","91.435","min","156.400","μmol/L","Humid","21.201","deg","90933","µV","35.677","°C","1019.000","hPa","37.0","pmil","0","55.500","deg","20.000","°C","100.000","%a.s.","22.500","deg","20.000","°C","1013.000","hPa","0.861","-0.02056","0.00035","-0.00011","0","14.7","Humid","26.25","0","52.00","344393.94","SABD0000000001","AAV1.0.0.11","2.0.0.28","PSt7-10","000000-000","10/20/2017 9:36:39 AM","0000-00","0","no battery","V"
"10/20/2017","12:41:05","5","default","957498349","OXY5","91.452","min","156.385","μmol/L","Humid","21.194","deg","90933","µV","35.696","°C","1019.000","hPa","37.0","pmil","0","55.500","deg","20.000","°C","100.000","%a.s.","22.500","deg","20.000","°C","1013.000","hPa","0.861","-0.02056","0.00035","-0.00011","0","14.7","Humid","26.25","0","52.00","344382.82","SABD0000000001","AAV1.0.0.11","2.0.0.28","PSt7-10","000000-000","10/20/2017 9:36:39 AM","0000-00","0","no battery","V"
"10/20/2017","12:41:06","5","default","957498349","OXY5","91.468","min","156.488","μmol/L","Humid","21.195","deg","90931","µV","35.676","°C","1019.000","hPa","37.0","pmil","0","55.500","deg","20.000","°C","100.000","%a.s.","22.500","deg","20.000","°C","1013.000","hPa","0.861","-0.02056","0.00035","-0.00011","0","14.7","Humid","26.25","0","52.00","344364.09","SABD0000000001","AAV1.0.0.11","2.0.0.28","PSt7-10","000000-000","10/20/2017 9:36:39 AM","0000-00","0","no battery","V"
"10/20/2017","12:41:07","5","default","957498349","OXY5","91.485","min","156.434","μmol/L","Humid","21.197","deg","90925","µV","35.681","°C","1019.000","hPa","37.0","pmil","0","55.500","deg","20.000","°C","100.000","%a.s.","22.500","deg","20.000","°C","1013.000","hPa","0.861","-0.02056","0.00035","-0.00011","0","14.7","Humid","26.25","0","52.00","344377.17","SABD0000000001","AAV1.0.0.11","2.0.0.28","PSt7-10","000000-000","10/20/2017 9:36:39 AM","0000-00","0","no battery","V"
"10/20/2017","12:41:08","5","default","957498349","OXY5","91.502","min","156.419","μmol/L","Humid","21.200","deg","90930","µV","35.676","°C","1019.000","hPa","37.0","pmil","0","55.500","deg","20.000","°C","100.000","%a.s.","22.500","deg","20.000","°C","1013.000","hPa","0.861","-0.02056","0.00035","-0.00011","0","14.7","Humid","26.25","0","52.00","344393.27","SABD0000000001","AAV1.0.0.11","2.0.0.28","PSt7-10","000000-000","10/20/2017 9:36:39 AM","0000-00","0","no battery","V"
"10/20/2017","12:41:09","5","default","957498349","OXY5","91.518","min","156.462","μmol/L","Humid","21.199","deg","90936","µV","35.671","°C","1019.000","hPa","37.0","pmil","0","55.500","deg","20.000","°C","100.000","%a.s.","22.500","deg","20.000","°C","1013.000","hPa","0.861","-0.02056","0.00035","-0.00011","0","14.7","Humid","26.25","0","52.00","344379.17","SABD0000000001","AAV1.0.0.11","2.0.0.28","PSt7-10","000000-000","10/20/2017 9:36:39 AM","0000-00","0","no battery","V"
"10/20/2017","12:41:10","5","default","957498349","OXY5","91.535","min","156.283","μmol/L","Humid","21.196","deg","90927","µV","35.709","°C","1019.000","hPa","37.0","pmil","0","55.500","deg","20.000","°C","100.000","%a.s.","22.500","deg","20.000","°C","1013.000","hPa","0.861","-0.02056","0.00035","-0.00011","0","14.7","Humid","26.25","0","52.00","344379.77","SABD0000000001","AAV1.0.0.11","2.0.0.28","PSt7-10","000000-000","10/20/2017 9:36:39 AM","0000-00","0","no battery","V"
"10/20/2017","12:41:11","5","default","957498349","OXY5","91.552","min","156.414","μmol/L","Humid","21.192","deg","90929","µV","35.696","°C","1019.000","hPa","37.0","pmil","0","55.500","deg","20.000","°C","100.000","%a.s.","22.500","deg","20.000","°C","1013.000","hPa","0.861","-0.02056","0.00035","-0.00011","0","14.7","Humid","26.25","0","52.00","344375.74","SABD0000000001","AAV1.0.0.11","2.0.0.28","PSt7-10","000000-000","10/20/2017 9:36:39 AM","0000-00","0","no battery","V"
"10/20/2017","12:41:12","5","default","957498349","OXY5","91.568","min","156.371","μmol/L","Humid","21.197","deg","90925","µV","35.692","°C","1019.000","hPa","37.0","pmil","0","55.500","deg","20.000","°C","100.000","%a.s.","22.500","deg","20.000","°C","1013.000","hPa","0.861","-0.02056","0.00035","-0.00011","0","14.7","Humid","26.25","0","52.00","344372.46","SABD0000000001","AAV1.0.0.11","2.0.0.28","PSt7-10","000000-000","10/20/2017 9:36:39 AM","0000-00","0","no battery","V"
"10/20/2017","12:41:13","5","default","957498349","OXY5","91.585","min","156.277","μmol/L","Humid","21.201","deg","90930","µV","35.698","°C","1019.000","hPa","37.0","pmil","0","55.500","deg","20.000","°C","100.000","%a.s.","22.500","deg","20.000","°C","1013.000","hPa","0.861","-0.02056","0.00035","-0.00011","0","14.7","Humid","26.25","0","52.00","344383.19","SABD0000000001","AAV1.0.0.11","2.0.0.28","PSt7-10","000000-000","10/20/2017 9:36:39 AM","0000-00","0","no battery","V"
"10/20/2017","12:41:14","5","default","957498349","OXY5","91.601","min","156.358","μmol/L","Humid","21.197","deg","90928","µV","35.694","°C","1019.000","hPa","37.0","pmil","0","55.500","deg","20.000","°C","100.000","%a.s.","22.500","deg","20.000","°C","1013.000","hPa","0.861","-0.02056","0.00035","-0.00011","0","14.7","Humid","26.25","0","52.00","344356.03","SABD0000000001","AAV1.0.0.11","2.0.0.28","PSt7-10","000000-000","10/20/2017 9:36:39 AM","0000-00","0","no battery","V"
"10/20/2017","12:41:15","5","default","957498349","OXY5","91.618","min","156.368","μmol/L","Humid","21.198","deg","90929","µV","35.690","°C","1019.000","hPa","37.0","pmil","0","55.500","deg","20.000","°C","100.000","%a.s.","22.500","deg","20.000","°C","1013.000","hPa","0.861","-0.02056","0.00035","-0.00011","0","14.7","Humid","26.25","0","52.00","344364.16","SABD0000000001","AAV1.0.0.11","2.0.0.28","PSt7-10","000000-000","10/20/2017 9:36:39 AM","0000-00","0","no battery","V"
"10/20/2017","12:41:16","5","default","957498349","OXY5","91.634","min","156.382","μmol/L","Humid","21.196","deg","90927","µV","35.692","°C","1019.000","hPa","37.0","pmil","0","55.500","deg","20.000","°C","100.000","%a.s.","22.500","deg","20.000","°C","1013.000","hPa","0.861","-0.02056","0.00035","-0.00011","0","14.7","Humid","26.25","0","52.00","344366.44","SABD0000000001","AAV1.0.0.11","2.0.0.28","PSt7-10","000000-000","10/20/2017 9:36:39 AM","0000-00","0","no battery","V"
"10/20/2017","12:41:17","5","default","957498349","OXY5","91.651","min","156.324","μmol/L","Humid","21.201","deg","90929","µV","35.690","°C","1019.000","hPa","37.0","pmil","0","55.500","deg","20.000","°C","100.000","%a.s.","22.500","deg","20.000","°C","1013.000","hPa","0.861","-0.02056","0.00035","-0.00011","0","14.7","Humid","26.25","0","52.00","344366.44","SABD0000000001","AAV1.0.0.11","2.0.0.28","PSt7-10","000000-000","10/20/2017 9:36:39 AM","0000-00","0","no battery","V"
"10/20/2017","12:41:18","5","default","957498349","OXY5","91.668","min","156.408","μmol/L","Humid","21.195","deg","90930","µV","35.690","°C","1019.000","hPa","37.0","pmil","0","55.500","deg","20.000","°C","100.000","%a.s.","22.500","deg","20.000","°C","1013.000","hPa","0.861","-0.02056","0.00035","-0.00011","0","14.7","Humid","26.25","0","52.00","344351.78","SABD0000000001","AAV1.0.0.11","2.0.0.28","PSt7-10","000000-000","10/20/2017 9:36:39 AM","0000-00","0","no battery","V"
"10/20/2017","12:41:19","5","default","957498349","OXY5","91.684","min","156.315","μmol/L","Humid","21.199","deg","90923","µV","35.696","°C","1019.000","hPa","37.0","pmil","0","55.500","deg","20.000","°C","100.000","%a.s.","22.500","deg","20.000","°C","1013.000","hPa","0.861","-0.02056","0.00035","-0.00011","0","14.7","Humid","26.25","0","52.00","344368.45","SABD0000000001","AAV1.0.0.11","2.0.0.28","PSt7-10","000000-000","10/20/2017 9:36:39 AM","0000-00","0","no battery","V"
"10/20/2017","12:41:20","5","default","957498349","OXY5","91.701","min","156.361","μmol/L","Humid","21.196","deg","90928","µV","35.696","°C","1019.000","hPa","37.0","pmil","0","55.500","deg","20.000","°C","100.000","%a.s.","22.500","deg","20.000","°C","1013.000","hPa","0.861","-0.02056","0.00035","-0.00011","0","14.7","Humid","26.25","0","52.00","344374.95","SABD0000000001","AAV1.0.0.11","2.0.0.28","PSt7-10","000000-000","10/20/2017 9:36:39 AM","0000-00","0","no battery","V"
"10/20/2017","12:41:21","5","default","957498349","OXY5","91.718","min","156.299","μmol/L","Humid","21.196","deg","90925","µV","35.706","°C","1019.000","hPa","37.0","pmil","0","55.500","deg","20.000","°C","100.000","%a.s.","22.500","deg","20.000","°C","1013.000","hPa","0.861","-0.02056","0.00035","-0.00011","0","14.7","Humid","26.25","0","52.00","344356.19","SABD0000000001","AAV1.0.0.11","2.0.0.28","PSt7-10","000000-000","10/20/2017 9:36:39 AM","0000-00","0","no battery","V"
"10/20/2017","12:41:22","5","default","957498349","OXY5","91.734","min","156.372","μmol/L","Humid","21.199","deg","90928","µV","35.687","°C","1019.000","hPa","37.0","pmil","0","55.500","deg","20.000","°C","100.000","%a.s.","22.500","deg","20.000","°C","1013.000","hPa","0.861","-0.02056","0.00035","-0.00011","0","14.7","Humid","26.25","0","52.00","344354.42","SABD0000000001","AAV1.0.0.11","2.0.0.28","PSt7-10","000000-000","10/20/2017 9:36:39 AM","0000-00","0","no battery","V"
"10/20/2017","12:41:23","5","default","957498349","OXY5","91.751","min","156.360","μmol/L","Humid","21.196","deg","90931","µV","35.696","°C","1019.000","hPa","37.0","pmil","0","55.500","deg","20.000","°C","100.000","%a.s.","22.500","deg","20.000","°C","1013.000","hPa","0.861","-0.02056","0.00035","-0.00011","0","14.7","Humid","26.25","0","52.00","344361.06","SABD0000000001","AAV1.0.0.11","2.0.0.28","PSt7-10","000000-000","10/20/2017 9:36:39 AM","0000-00","0","no battery","V"
"10/20/2017","12:41:24","5","default","957498349","OXY5","91.768","min","156.429","μmol/L","Humid","21.196","deg","90927","µV","35.684","°C","1019.000","hPa","37.0","pmil","0","55.500","deg","20.000","°C","100.000","%a.s.","22.500","deg","20.000","°C","1013.000","hPa","0.861","-0.02056","0.00035","-0.00011","0","14.7","Humid","26.25","0","52.00","344363.90","SABD0000000001","AAV1.0.0.11","2.0.0.28","PSt7-10","000000-000","10/20/2017 9:36:39 AM","0000-00","0","no battery","V"
"10/20/2017","12:41:25","5","default","957498349","OXY5","91.785","min","156.262","μmol/L","Humid","21.201","deg","90930","µV","35.701","°C","1019.000","hPa","37.0","pmil","0","55.500","deg","20.000","°C","100.000","%a.s.","22.500","deg","20.000","°C","1013.000","hPa","0.861","-0.02056","0.00035","-0.00011","0","14.7","Humid","26.25","0","52.00","344359.16","SABD0000000001","AAV1.0.0.11","2.0.0.28","PSt7-10","000000-000","10/20/2017 9:36:39 AM","0000-00","0","no battery","V"
"10/20/2017","12:41:26","5","default","957498349","OXY5","91.801","min","156.270","μmol/L","Humid","21.200","deg","90935","µV","35.702","°C","1019.000","hPa","37.0","pmil","0","55.500","deg","20.000","°C","100.000","%a.s.","22.500","deg","20.000","°C","1013.000","hPa","0.861","-0.02056","0.00035","-0.00011","0","14.7","Humid","26.25","0","52.00","344359.38","SABD0000000001","AAV1.0.0.11","2.0.0.28","PSt7-10","000000-000","10/20/2017 9:36:39 AM","0000-00","0","no battery","V"
"10/20/2017","12:41:27","5","default","957498349","OXY5","91.818","min","156.390","μmol/L","Humid","21.196","deg","90921","µV","35.691","°C","1019.000","hPa","37.0","pmil","0","55.500","deg","20.000","°C","100.000","%a.s.","22.500","deg","20.000","°C","1013.000","hPa","0.861","-0.02056","0.00035","-0.00011","0","14.7","Humid","26.25","0","52.00","344357.23","SABD0000000001","AAV1.0.0.11","2.0.0.28","PSt7-10","000000-000","10/20/2017 9:36:39 AM","0000-00","0","no battery","V"
"10/20/2017","12:41:28","5","default","957498349","OXY5","91.835","min","156.280","μmol/L","Humid","21.199","deg","90924","µV","35.702","°C","1019.000","hPa","37.0","pmil","0","55.500","deg","20.000","°C","100.000","%a.s.","22.500","deg","20.000","°C","1013.000","hPa","0.861","-0.02056","0.00035","-0.00011","0","14.7","Humid","26.25","0","52.00","344358.92","SABD0000000001","AAV1.0.0.11","2.0.0.28","PSt7-10","000000-000","10/20/2017 9:36:39 AM","0000-00","0","no battery","V"
"10/20/2017","12:41:29","5","default","957498349","OXY5","91.851","min","156.317","μmol/L","Humid","21.197","deg","90929","µV","35.701","°C","1019.000","hPa","37.0","pmil","0","55.500","deg","20.000","°C","100.000","%a.s.","22.500","deg","20.000","°C","1013.000","hPa","0.861","-0.02056","0.00035","-0.00011","0","14.7","Humid","26.25","0","52.00","344355.14","SABD0000000001","AAV1.0.0.11","2.0.0.28","PSt7-10","000000-000","10/20/2017 9:36:39 AM","0000-00","0","no battery","V"
"10/20/2017","12:41:30","5","default","957498349","OXY5","91.868","min","156.363","μmol/L","Humid","21.198","deg","90933","µV","35.691","°C","1019.000","hPa","37.0","pmil","0","55.500","deg","20.000","°C","100.000","%a.s.","22.500","deg","20.000","°C","1013.000","hPa","0.861","-0.02056","0.00035","-0.00011","0","14.7","Humid","26.25","0","52.00","344359.92","SABD0000000001","AAV1.0.0.11","2.0.0.28","PSt7-10","000000-000","10/20/2017 9:36:39 AM","0000-00","0","no battery","V"
"10/20/2017","12:41:31","5","default","957498349","OXY5","91.885","min","156.340","μmol/L","Humid","21.200","deg","90921","µV","35.690","°C","1019.000","hPa","37.0","pmil","0","55.500","deg","20.000","°C","100.000","%a.s.","22.500","deg","20.000","°C","1013.000","hPa","0.861","-0.02056","0.00035","-0.00011","0","14.7","Humid","26.25","0","52.00","344348.82","SABD0000000001","AAV1.0.0.11","2.0.0.28","PSt7-10","000000-000","10/20/2017 9:36:39 AM","0000-00","0","no battery","V"
"10/20/2017","12:41:32","5","default","957498349","OXY5","91.901","min","156.212","μmol/L","Humid","21.198","deg","90919","µV","35.716","°C","1019.000","hPa","37.0","pmil","0","55.500","deg","20.000","°C","100.000","%a.s.","22.500","deg","20.000","°C","1013.000","hPa","0.861","-0.02056","0.00035","-0.00011","0","14.7","Humid","26.25","0","52.00","344347.35","SABD0000000001","AAV1.0.0.11","2.0.0.28","PSt7-10","000000-000","10/20/2017 9:36:39 AM","0000-00","0","no battery","V"
"10/20/2017","12:41:33","5","default","957498349","OXY5","91.918","min","156.339","μmol/L","Humid","21.197","deg","90929","µV","35.697","°C","1019.000","hPa","37.0","pmil","0","55.500","deg","20.000","°C","100.000","%a.s.","22.500","deg","20.000","°C","1013.000","hPa","0.861","-0.02056","0.00035","-0.00011","0","14.7","Humid","26.25","0","52.00","344350.97","SABD0000000001","AAV1.0.0.11","2.0.0.28","PSt7-10","000000-000","10/20/2017 9:36:39 AM","0000-00","0","no battery","V"
"10/20/2017","12:41:34","5","default","957498349","OXY5","91.935","min","156.333","μmol/L","Humid","21.199","deg","90927","µV","35.693","°C","1019.000","hPa","37.0","pmil","0","55.500","deg","20.000","°C","100.000","%a.s.","22.500","deg","20.000","°C","1013.000","hPa","0.861","-0.02056","0.00035","-0.00011","0","14.7","Humid","26.25","0","52.00","344353.60","SABD0000000001","AAV1.0.0.11","2.0.0.28","PSt7-10","000000-000","10/20/2017 9:36:39 AM","0000-00","0","no battery","V"
"10/20/2017","12:41:35","5","default","957498349","OXY5","91.951","min","156.356","μmol/L","Humid","21.196","deg","90914","µV","35.697","°C","1019.000","hPa","37.0","pmil","0","55.500","deg","20.000","°C","100.000","%a.s.","22.500","deg","20.000","°C","1013.000","hPa","0.861","-0.02056","0.00035","-0.00011","0","14.7","Humid","26.25","0","52.00","344352.60","SABD0000000001","AAV1.0.0.11","2.0.0.28","PSt7-10","000000-000","10/20/2017 9:36:39 AM","0000-00","0","no battery","V"
"10/20/2017","12:41:36","5","default","957498349","OXY5","91.968","min","156.395","μmol/L","Humid","21.194","deg","90918","µV","35.695","°C","1019.000","hPa","37.0","pmil","0","55.500","deg","20.000","°C","100.000","%a.s.","22.500","deg","20.000","°C","1013.000","hPa","0.861","-0.02056","0.00035","-0.00011","0","14.7","Humid","26.25","0","52.00","344342.24","SABD0000000001","AAV1.0.0.11","2.0.0.28","PSt7-10","000000-000","10/20/2017 9:36:39 AM","0000-00","0","no battery","V"
"10/20/2017","12:41:37","5","default","957498349","OXY5","91.985","min","156.359","μmol/L","Humid","21.194","deg","90924","µV","35.701","°C","1019.000","hPa","37.0","pmil","0","55.500","deg","20.000","°C","100.000","%a.s.","22.500","deg","20.000","°C","1013.000","hPa","0.861","-0.02056","0.00035","-0.00011","0","14.7","Humid","26.25","0","52.00","344341.55","SABD0000000001","AAV1.0.0.11","2.0.0.28","PSt7-10","000000-000","10/20/2017 9:36:39 AM","0000-00","0","no battery","V"
"10/20/2017","12:41:38","5","default","957498349","OXY5","92.001","min","156.282","μmol/L","Humid","21.197","deg","90920","µV","35.707","°C","1019.000","hPa","37.0","pmil","0","55.500","deg","20.000","°C","100.000","%a.s.","22.500","deg","20.000","°C","1013.000","hPa","0.861","-0.02056","0.00035","-0.00011","0","14.7","Humid","26.25","0","52.00","344341.16","SABD0000000001","AAV1.0.0.11","2.0.0.28","PSt7-10","000000-000","10/20/2017 9:36:39 AM","0000-00","0","no battery","V"
"10/20/2017","12:41:39","5","default","957498349","OXY5","92.018","min","156.299","μmol/L","Humid","21.198","deg","90918","µV","35.701","°C","1019.000","hPa","37.0","pmil","0","55.500","deg","20.000","°C","100.000","%a.s.","22.500","deg","20.000","°C","1013.000","hPa","0.861","-0.02056","0.00035","-0.00011","0","14.7","Humid","26.25","0","52.00","344347.87","SABD0000000001","AAV1.0.0.11","2.0.0.28","PSt7-10","000000-000","10/20/2017 9:36:39 AM","0000-00","0","no battery","V"
"10/20/2017","12:41:40","5","default","957498349","OXY5","92.035","min","156.335","μmol/L","Humid","21.198","deg","90915","µV","35.695","°C","1019.000","hPa","37.0","pmil","0","55.500","deg","20.000","°C","100.000","%a.s.","22.500","deg","20.000","°C","1013.000","hPa","0.861","-0.02056","0.00035","-0.00011","0","14.7","Humid","26.25","0","52.00","344332.78","SABD0000000001","AAV1.0.0.11","2.0.0.28","PSt7-10","000000-000","10/20/2017 9:36:39 AM","0000-00","0","no battery","V"
"10/20/2017","12:41:41","5","default","957498349","OXY5","92.051","min","156.481","μmol/L","Humid","21.193","deg","90924","µV","35.682","°C","1019.000","hPa","37.0","pmil","0","55.500","deg","20.000","°C","100.000","%a.s.","22.500","deg","20.000","°C","1013.000","hPa","0.861","-0.02056","0.00035","-0.00011","0","14.7","Humid","26.25","0","52.00","344349.36","SABD0000000001","AAV1.0.0.11","2.0.0.28","PSt7-10","000000-000","10/20/2017 9:36:39 AM","0000-00","0","no battery","V"
"10/20/2017","12:41:42","5","default","957498349","OXY5","92.068","min","156.441","μmol/L","Humid","21.196","deg","90925","µV","35.682","°C","1019.000","hPa","37.0","pmil","0","55.500","deg","20.000","°C","100.000","%a.s.","22.500","deg","20.000","°C","1013.000","hPa","0.861","-0.02056","0.00035","-0.00011","0","14.7","Humid","26.25","0","52.00","344336.94","SABD0000000001","AAV1.0.0.11","2.0.0.28","PSt7-10","000000-000","10/20/2017 9:36:39 AM","0000-00","0","no battery","V"
"10/20/2017","12:41:43","5","default","957498349","OXY5","92.085","min","156.362","μmol/L","Humid","21.195","deg","90920","µV","35.698","°C","1019.000","hPa","37.0","pmil","0","55.500","deg","20.000","°C","100.000","%a.s.","22.500","deg","20.000","°C","1013.000","hPa","0.861","-0.02056","0.00035","-0.00011","0","14.7","Humid","26.25","0","52.00","344337.35","SABD0000000001","AAV1.0.0.11","2.0.0.28","PSt7-10","000000-000","10/20/2017 9:36:39 AM","0000-00","0","no battery","V"
"10/20/2017","12:41:44","5","default","957498349","OXY5","92.102","min","156.309","μmol/L","Humid","21.200","deg","90924","µV","35.695","°C","1019.000","hPa","37.0","pmil","0","55.500","deg","20.000","°C","100.000","%a.s.","22.500","deg","20.000","°C","1013.000","hPa","0.861","-0.02056","0.00035","-0.00011","0","14.7","Humid","26.25","0","52.00","344345.76","SABD0000000001","AAV1.0.0.11","2.0.0.28","PSt7-10","000000-000","10/20/2017 9:36:39 AM","0000-00","0","no battery","V"
"10/20/2017","12:41:45","5","default","957498349","OXY5","92.118","min","156.451","μmol/L","Humid","21.195","deg","90914","µV","35.683","°C","1019.000","hPa","37.0","pmil","0","55.500","deg","20.000","°C","100.000","%a.s.","22.500","deg","20.000","°C","1013.000","hPa","0.861","-0.02056","0.00035","-0.00011","0","14.7","Humid","26.25","0","52.00","344336.12","SABD0000000001","AAV1.0.0.11","2.0.0.28","PSt7-10","000000-000","10/20/2017 9:36:39 AM","0000-00","0","no battery","V"
"10/20/2017","12:41:46","5","default","957498349","OXY5","92.134","min","156.310","μmol/L","Humid","21.200","deg","90920","µV","35.695","°C","1019.000","hPa","37.0","pmil","0","55.500","deg","20.000","°C","100.000","%a.s.","22.500","deg","20.000","°C","1013.000","hPa","0.861","-0.02056","0.00035","-0.00011","0","14.7","Humid","26.25","0","52.00","344333.29","SABD0000000001","AAV1.0.0.11","2.0.0.28","PSt7-10","000000-000","10/20/2017 9:36:39 AM","0000-00","0","no battery","V"
"10/20/2017","12:41:48","5","default","957498349","OXY5","92.163","min","156.244","μmol/L","Humid","21.196","deg","90933","µV","35.715","°C","1019.000","hPa","37.0","pmil","0","55.500","deg","20.000","°C","100.000","%a.s.","22.500","deg","20.000","°C","1013.000","hPa","0.861","-0.02056","0.00035","-0.00011","0","14.7","Humid","26.25","0","52.00","344362.19","SABD0000000001","AAV1.0.0.11","2.0.0.28","PSt7-10","000000-000","10/20/2017 9:36:39 AM","0000-00","0","no battery","V"
"10/20/2017","12:41:49","5","default","957498349","OXY5","92.185","min","156.295","μmol/L","Humid","21.195","deg","90929","µV","35.709","°C","1019.000","hPa","37.0","pmil","0","55.500","deg","20.000","°C","100.000","%a.s.","22.500","deg","20.000","°C","1013.000","hPa","0.861","-0.02056","0.00035","-0.00011","0","14.7","Humid","26.25","0","52.00","344362.26","SABD0000000001","AAV1.0.0.11","2.0.0.28","PSt7-10","000000-000","10/20/2017 9:36:39 AM","0000-00","0","no battery","V"
"10/20/2017","12:41:50","5","default","957498349","OXY5","92.201","min","156.317","μmol/L","Humid","21.199","deg","90929","µV","35.696","°C","1019.000","hPa","37.0","pmil","0","55.500","deg","20.000","°C","100.000","%a.s.","22.500","deg","20.000","°C","1013.000","hPa","0.861","-0.02056","0.00035","-0.00011","0","14.7","Humid","26.25","0","52.00","344360.67","SABD0000000001","AAV1.0.0.11","2.0.0.28","PSt7-10","000000-000","10/20/2017 9:36:39 AM","0000-00","0","no battery","V"
"10/20/2017","12:41:51","5","default","957498349","OXY5","92.221","min","156.346","μmol/L","Humid","21.198","deg","90926","µV","35.693","°C","1019.000","hPa","37.0","pmil","0","55.500","deg","20.000","°C","100.000","%a.s.","22.500","deg","20.000","°C","1013.000","hPa","0.861","-0.02056","0.00035","-0.00011","0","14.7","Humid","26.25","0","52.00","344342.18","SABD0000000001","AAV1.0.0.11","2.0.0.28","PSt7-10","000000-000","10/20/2017 9:36:39 AM","0000-00","0","no battery","V"
"10/20/2017","12:41:52","5","default","957498349","OXY5","92.235","min","156.405","μmol/L","Humid","21.196","deg","90924","µV","35.688","°C","1019.000","hPa","37.0","pmil","0","55.500","deg","20.000","°C","100.000","%a.s.","22.500","deg","20.000","°C","1013.000","hPa","0.861","-0.02056","0.00035","-0.00011","0","14.7","Humid","26.25","0","52.00","344329.93","SABD0000000001","AAV1.0.0.11","2.0.0.28","PSt7-10","000000-000","10/20/2017 9:36:39 AM","0000-00","0","no battery","V"
"10/20/2017","12:41:53","5","default","957498349","OXY5","92.252","min","156.221","μmol/L","Humid","21.201","deg","90923","µV","35.707","°C","1019.000","hPa","37.0","pmil","0","55.500","deg","20.000","°C","100.000","%a.s.","22.500","deg","20.000","°C","1013.000","hPa","0.861","-0.02056","0.00035","-0.00011","0","14.7","Humid","26.25","0","52.00","344337.94","SABD0000000001","AAV1.0.0.11","2.0.0.28","PSt7-10","000000-000","10/20/2017 9:36:39 AM","0000-00","0","no battery","V"
"10/20/2017","12:41:54","5","default","957498349","OXY5","92.268","min","156.319","μmol/L","Humid","21.194","deg","90920","µV","35.708","°C","1019.000","hPa","37.0","pmil","0","55.500","deg","20.000","°C","100.000","%a.s.","22.500","deg","20.000","°C","1013.000","hPa","0.861","-0.02056","0.00035","-0.00011","0","14.7","Humid","26.25","0","52.00","344317.82","SABD0000000001","AAV1.0.0.11","2.0.0.28","PSt7-10","000000-000","10/20/2017 9:36:39 AM","0000-00","0","no battery","V"
"10/20/2017","12:41:55","5","default","957498349","OXY5","92.285","min","156.294","μmol/L","Humid","21.201","deg","90915","µV","35.695","°C","1019.000","hPa","37.0","pmil","0","55.500","deg","20.000","°C","100.000","%a.s.","22.500","deg","20.000","°C","1013.000","hPa","0.861","-0.02056","0.00035","-0.00011","0","14.7","Humid","26.25","0","52.00","344314.60","SABD0000000001","AAV1.0.0.11","2.0.0.28","PSt7-10","000000-000","10/20/2017 9:36:39 AM","0000-00","0","no battery","V"
"10/20/2017","12:41:56","5","default","957498349","OXY5","92.301","min","156.383","μmol/L","Humid","21.196","deg","90922","µV","35.692","°C","1019.000","hPa","37.0","pmil","0","55.500","deg","20.000","°C","100.000","%a.s.","22.500","deg","20.000","°C","1013.000","hPa","0.861","-0.02056","0.00035","-0.00011","0","14.7","Humid","26.25","0","52.00","344321.39","SABD0000000001","AAV1.0.0.11","2.0.0.28","PSt7-10","000000-000","10/20/2017 9:36:39 AM","0000-00","0","no battery","V"
"10/20/2017","12:41:57","5","default","957498349","OXY5","92.321","min","156.383","μmol/L","Humid","21.196","deg","90924","µV","35.692","°C","1019.000","hPa","37.0","pmil","0","55.500","deg","20.000","°C","100.000","%a.s.","22.500","deg","20.000","°C","1013.000","hPa","0.861","-0.02056","0.00035","-0.00011","0","14.7","Humid","26.25","0","52.00","344349.14","SABD0000000001","AAV1.0.0.11","2.0.0.28","PSt7-10","000000-000","10/20/2017 9:36:39 AM","0000-00","0","no battery","V"
"10/20/2017","12:41:58","5","default","957498349","OXY5","92.335","min","156.313","μmol/L","Humid","21.197","deg","90915","µV","35.701","°C","1019.000","hPa","37.0","pmil","0","55.500","deg","20.000","°C","100.000","%a.s.","22.500","deg","20.000","°C","1013.000","hPa","0.861","-0.02056","0.00035","-0.00011","0","14.7","Humid","26.25","0","52.00","344310.21","SABD0000000001","AAV1.0.0.11","2.0.0.28","PSt7-10","000000-000","10/20/2017 9:36:39 AM","0000-00","0","no battery","V"
"10/20/2017","12:41:59","5","default","957498349","OXY5","92.351","min","156.288","μmol/L","Humid","21.199","deg","90915","µV","35.701","°C","1019.000","hPa","37.0","pmil","0","55.500","deg","20.000","°C","100.000","%a.s.","22.500","deg","20.000","°C","1013.000","hPa","0.861","-0.02056","0.00035","-0.00011","0","14.7","Humid","26.25","0","52.00","344303.95","SABD0000000001","AAV1.0.0.11","2.0.0.28","PSt7-10","000000-000","10/20/2017 9:36:39 AM","0000-00","0","no battery","V"
"10/20/2017","12:42:00","5","default","957498349","OXY5","92.368","min","156.432","μmol/L","Humid","21.198","deg","90908","µV","35.679","°C","1019.000","hPa","37.0","pmil","0","55.500","deg","20.000","°C","100.000","%a.s.","22.500","deg","20.000","°C","1013.000","hPa","0.861","-0.02056","0.00035","-0.00011","0","14.7","Humid","26.25","0","52.00","344307.64","SABD0000000001","AAV1.0.0.11","2.0.0.28","PSt7-10","000000-000","10/20/2017 9:36:39 AM","0000-00","0","no battery","V"
"10/20/2017","12:42:01","5","default","957498349","OXY5","92.385","min","156.379","μmol/L","Humid","21.198","deg","90906","µV","35.688","°C","1019.000","hPa","37.0","pmil","0","55.500","deg","20.000","°C","100.000","%a.s.","22.500","deg","20.000","°C","1013.000","hPa","0.861","-0.02056","0.00035","-0.00011","0","14.7","Humid","26.25","0","52.00","344314.15","SABD0000000001","AAV1.0.0.11","2.0.0.28","PSt7-10","000000-000","10/20/2017 9:36:39 AM","0000-00","0","no battery","V"
"10/20/2017","12:42:02","5","default","957498349","OXY5","92.401","min","156.381","μmol/L","Humid","21.193","deg","90916","µV","35.699","°C","1019.000","hPa","37.0","pmil","0","55.500","deg","20.000","°C","100.000","%a.s.","22.500","deg","20.000","°C","1013.000","hPa","0.861","-0.02056","0.00035","-0.00011","0","14.7","Humid","26.25","0","52.00","344313.53","SABD0000000001","AAV1.0.0.11","2.0.0.28","PSt7-10","000000-000","10/20/2017 9:36:39 AM","0000-00","0","no battery","V"
"10/20/2017","12:42:03","5","default","957498349","OXY5","92.418","min","156.342","μmol/L","Humid","21.197","deg","90912","µV","35.697","°C","1019.000","hPa","37.0","pmil","0","55.500","deg","20.000","°C","100.000","%a.s.","22.500","deg","20.000","°C","1013.000","hPa","0.861","-0.02056","0.00035","-0.00011","0","14.7","Humid","26.25","0","52.00","344310.98","SABD0000000001","AAV1.0.0.11","2.0.0.28","PSt7-10","000000-000","10/20/2017 9:36:39 AM","0000-00","0","no battery","V"
"10/20/2017","12:42:04","5","default","957498349","OXY5","92.435","min","156.459","μmol/L","Humid","21.194","deg","90920","µV","35.684","°C","1019.000","hPa","37.0","pmil","0","55.500","deg","20.000","°C","100.000","%a.s.","22.500","deg","20.000","°C","1013.000","hPa","0.861","-0.02056","0.00035","-0.00011","0","14.7","Humid","26.25","0","52.00","344309.18","SABD0000000001","AAV1.0.0.11","2.0.0.28","PSt7-10","000000-000","10/20/2017 9:36:39 AM","0000-00","0","no battery","V"
"10/20/2017","12:42:05","5","default","957498349","OXY5","92.452","min","156.442","μmol/L","Humid","21.195","deg","90918","µV","35.684","°C","1019.000","hPa","37.0","pmil","0","55.500","deg","20.000","°C","100.000","%a.s.","22.500","deg","20.000","°C","1013.000","hPa","0.861","-0.02056","0.00035","-0.00011","0","14.7","Humid","26.25","0","52.00","344299.78","SABD0000000001","AAV1.0.0.11","2.0.0.28","PSt7-10","000000-000","10/20/2017 9:36:39 AM","0000-00","0","no battery","V"
"10/20/2017","12:42:06","5","default","957498349","OXY5","92.468","min","156.381","μmol/L","Humid","21.197","deg","90910","µV","35.690","°C","1019.000","hPa","37.0","pmil","0","55.500","deg","20.000","°C","100.000","%a.s.","22.500","deg","20.000","°C","1013.000","hPa","0.861","-0.02056","0.00035","-0.00011","0","14.7","Humid","26.25","0","52.00","344281.76","SABD0000000001","AAV1.0.0.11","2.0.0.28","PSt7-10","000000-000","10/20/2017 9:36:39 AM","0000-00","0","no battery","V"
"10/20/2017","12:42:07","5","default","957498349","OXY5","92.485","min","156.297","μmol/L","Humid","21.193","deg","90912","µV","35.714","°C","1019.000","hPa","37.0","pmil","0","55.500","deg","20.000","°C","100.000","%a.s.","22.500","deg","20.000","°C","1013.000","hPa","0.861","-0.02056","0.00035","-0.00011","0","14.7","Humid","26.25","0","52.00","344297.01","SABD0000000001","AAV1.0.0.11","2.0.0.28","PSt7-10","000000-000","10/20/2017 9:36:39 AM","0000-00","0","no battery","V"
"10/20/2017","12:42:08","5","default","957498349","OXY5","92.501","min","156.292","μmol/L","Humid","21.194","deg","90906","µV","35.712","°C","1019.000","hPa","37.0","pmil","0","55.500","deg","20.000","°C","100.000","%a.s.","22.500","deg","20.000","°C","1013.000","hPa","0.861","-0.02056","0.00035","-0.00011","0","14.7","Humid","26.25","0","52.00","344294.75","SABD0000000001","AAV1.0.0.11","2.0.0.28","PSt7-10","000000-000","10/20/2017 9:36:39 AM","0000-00","0","no battery","V"
"10/20/2017","12:42:09","5","default","957498349","OXY5","92.518","min","156.327","μmol/L","Humid","21.198","deg","90907","µV","35.697","°C","1019.000","hPa","37.0","pmil","0","55.500","deg","20.000","°C","100.000","%a.s.","22.500","deg","20.000","°C","1013.000","hPa","0.861","-0.02056","0.00035","-0.00011","0","14.7","Humid","26.25","0","52.00","344295.75","SABD0000000001","AAV1.0.0.11","2.0.0.28","PSt7-10","000000-000","10/20/2017 9:36:39 AM","0000-00","0","no battery","V"
"10/20/2017","12:42:10","5","default","957498349","OXY5","92.534","min","156.340","μmol/L","Humid","21.196","deg","90910","µV","35.699","°C","1019.000","hPa","37.0","pmil","0","55.500","deg","20.000","°C","100.000","%a.s.","22.500","deg","20.000","°C","1013.000","hPa","0.861","-0.02056","0.00035","-0.00011","0","14.7","Humid","26.25","0","52.00","344301.59","SABD0000000001","AAV1.0.0.11","2.0.0.28","PSt7-10","000000-000","10/20/2017 9:36:39 AM","0000-00","0","no battery","V"
"10/20/2017","12:42:11","5","default","957498349","OXY5","92.551","min","156.237","μmol/L","Humid","21.197","deg","90909","µV","35.714","°C","1019.000","hPa","37.0","pmil","0","55.500","deg","20.000","°C","100.000","%a.s.","22.500","deg","20.000","°C","1013.000","hPa","0.861","-0.02056","0.00035","-0.00011","0","14.7","Humid","26.25","0","52.00","344297.80","SABD0000000001","AAV1.0.0.11","2.0.0.28","PSt7-10","000000-000","10/20/2017 9:36:39 AM","0000-00","0","no battery","V"
"10/20/2017","12:42:12","5","default","957498349","OXY5","92.568","min","156.261","μmol/L","Humid","21.198","deg","90905","µV","35.708","°C","1019.000","hPa","37.0","pmil","0","55.500","deg","20.000","°C","100.000","%a.s.","22.500","deg","20.000","°C","1013.000","hPa","0.861","-0.02056","0.00035","-0.00011","0","14.7","Humid","26.25","0","52.00","344292.66","SABD0000000001","AAV1.0.0.11","2.0.0.28","PSt7-10","000000-000","10/20/2017 9:36:39 AM","0000-00","0","no battery","V"
"10/20/2017","12:42:13","5","default","957498349","OXY5","92.584","min","156.327","μmol/L","Humid","21.199","deg","90907","µV","35.694","°C","1019.000","hPa","37.0","pmil","0","55.500","deg","20.000","°C","100.000","%a.s.","22.500","deg","20.000","°C","1013.000","hPa","0.861","-0.02056","0.00035","-0.00011","0","14.7","Humid","26.25","0","52.00","344298.91","SABD0000000001","AAV1.0.0.11","2.0.0.28","PSt7-10","000000-000","10/20/2017 9:36:39 AM","0000-00","0","no battery","V"
"10/20/2017","12:42:14","5","default","957498349","OXY5","92.601","min","156.341","μmol/L","Humid","21.198","deg","90911","µV","35.694","°C","1019.000","hPa","37.0","pmil","0","55.500","deg","20.000","°C","100.000","%a.s.","22.500","deg","20.000","°C","1013.000","hPa","0.861","-0.02056","0.00035","-0.00011","0","14.7","Humid","26.25","0","52.00","344296.80","SABD0000000001","AAV1.0.0.11","2.0.0.28","PSt7-10","000000-000","10/20/2017 9:36:39 AM","0000-00","0","no battery","V"
"10/20/2017","12:42:15","5","default","957498349","OXY5","92.618","min","156.248","μmol/L","Humid","21.196","deg","90913","µV","35.715","°C","1019.000","hPa","37.0","pmil","0","55.500","deg","20.000","°C","100.000","%a.s.","22.500","deg","20.000","°C","1013.000","hPa","0.861","-0.02056","0.00035","-0.00011","0","14.7","Humid","26.25","0","52.00","344292.75","SABD0000000001","AAV1.0.0.11","2.0.0.28","PSt7-10","000000-000","10/20/2017 9:36:39 AM","0000-00","0","no battery","V"
"10/20/2017","12:42:16","5","default","957498349","OXY5","92.634","min","156.286","μmol/L","Humid","21.193","deg","90913","µV","35.716","°C","1019.000","hPa","37.0","pmil","0","55.500","deg","20.000","°C","100.000","%a.s.","22.500","deg","20.000","°C","1013.000","hPa","0.861","-0.02056","0.00035","-0.00011","0","14.7","Humid","26.25","0","52.00","344285.50","SABD0000000001","AAV1.0.0.11","2.0.0.28","PSt7-10","000000-000","10/20/2017 9:36:39 AM","0000-00","0","no battery","V"
"10/20/2017","12:42:17","5","default","957498349","OXY5","92.651","min","156.245","μmol/L","Humid","21.198","deg","90911","µV","35.711","°C","1019.000","hPa","37.0","pmil","0","55.500","deg","20.000","°C","100.000","%a.s.","22.500","deg","20.000","°C","1013.000","hPa","0.861","-0.02056","0.00035","-0.00011","0","14.7","Humid","26.25","0","52.00","344280.08","SABD0000000001","AAV1.0.0.11","2.0.0.28","PSt7-10","000000-000","10/20/2017 9:36:39 AM","0000-00","0","no battery","V"
"10/20/2017","12:42:18","5","default","957498349","OXY5","92.668","min","156.398","μmol/L","Humid","21.194","deg","90913","µV","35.694","°C","1019.000","hPa","37.0","pmil","0","55.500","deg","20.000","°C","100.000","%a.s.","22.500","deg","20.000","°C","1013.000","hPa","0.861","-0.02056","0.00035","-0.00011","0","14.7","Humid","26.25","0","52.00","344288.80","SABD0000000001","AAV1.0.0.11","2.0.0.28","PSt7-10","000000-000","10/20/2017 9:36:39 AM","0000-00","0","no battery","V"
"10/20/2017","12:42:19","5","default","957498349","OXY5","92.685","min","156.490","μmol/L","Humid","21.192","deg","90910","µV","35.683","°C","1019.000","hPa","37.0","pmil","0","55.500","deg","20.000","°C","100.000","%a.s.","22.500","deg","20.000","°C","1013.000","hPa","0.861","-0.02056","0.00035","-0.00011","0","14.7","Humid","26.25","0","52.00","344292.51","SABD0000000001","AAV1.0.0.11","2.0.0.28","PSt7-10","000000-000","10/20/2017 9:36:39 AM","0000-00","0","no battery","V"
"10/20/2017","12:42:20","5","default","957498349","OXY5","92.701","min","156.295","μmol/L","Humid","21.195","deg","90908","µV","35.709","°C","1019.000","hPa","37.0","pmil","0","55.500","deg","20.000","°C","100.000","%a.s.","22.500","deg","20.000","°C","1013.000","hPa","0.861","-0.02056","0.00035","-0.00011","0","14.7","Humid","26.25","0","52.00","344280.72","SABD0000000001","AAV1.0.0.11","2.0.0.28","PSt7-10","000000-000","10/20/2017 9:36:39 AM","0000-00","0","no battery","V"
"10/20/2017","12:42:21","5","default","957498349","OXY5","92.718","min","156.361","μmol/L","Humid","21.195","deg","90907","µV","35.698","°C","1019.000","hPa","37.0","pmil","0","55.500","deg","20.000","°C","100.000","%a.s.","22.500","deg","20.000","°C","1013.000","hPa","0.861","-0.02056","0.00035","-0.00011","0","14.7","Humid","26.25","0","52.00","344280.55","SABD0000000001","AAV1.0.0.11","2.0.0.28","PSt7-10","000000-000","10/20/2017 9:36:39 AM","0000-00","0","no battery","V"
"10/20/2017","12:42:22","5","default","957498349","OXY5","92.735","min","156.300","μmol/L","Humid","21.197","deg","90905","µV","35.704","°C","1019.000","hPa","37.0","pmil","0","55.500","deg","20.000","°C","100.000","%a.s.","22.500","deg","20.000","°C","1013.000","hPa","0.861","-0.02056","0.00035","-0.00011","0","14.7","Humid","26.25","0","52.00","344294.20","SABD0000000001","AAV1.0.0.11","2.0.0.28","PSt7-10","000000-000","10/20/2017 9:36:39 AM","0000-00","0","no battery","V"
"10/20/2017","12:42:23","5","default","957498349","OXY5","92.751","min","156.395","μmol/L","Humid","21.195","deg","90915","µV","35.692","°C","1019.000","hPa","37.0","pmil","0","55.500","deg","20.000","°C","100.000","%a.s.","22.500","deg","20.000","°C","1013.000","hPa","0.861","-0.02056","0.00035","-0.00011","0","14.7","Humid","26.25","0","52.00","344286.67","SABD0000000001","AAV1.0.0.11","2.0.0.28","PSt7-10","000000-000","10/20/2017 9:36:39 AM","0000-00","0","no battery","V"
"10/20/2017","12:42:24","5","default","957498349","OXY5","92.768","min","156.372","μmol/L","Humid","21.197","deg","90907","µV","35.691","°C","1019.000","hPa","37.0","pmil","0","55.500","deg","20.000","°C","100.000","%a.s.","22.500","deg","20.000","°C","1013.000","hPa","0.861","-0.02056","0.00035","-0.00011","0","14.7","Humid","26.25","0","52.00","344274.65","SABD0000000001","AAV1.0.0.11","2.0.0.28","PSt7-10","000000-000","10/20/2017 9:36:39 AM","0000-00","0","no battery","V"
"10/20/2017","12:42:25","5","default","957498349","OXY5","92.785","min","156.329","μmol/L","Humid","21.194","deg","90912","µV","35.706","°C","1019.000","hPa","37.0","pmil","0","55.500","deg","20.000","°C","100.000","%a.s.","22.500","deg","20.000","°C","1013.000","hPa","0.861","-0.02056","0.00035","-0.00011","0","14.7","Humid","26.25","0","52.00","344279.70","SABD0000000001","AAV1.0.0.11","2.0.0.28","PSt7-10","000000-000","10/20/2017 9:36:39 AM","0000-00","0","no battery","V"
"10/20/2017","12:42:26","5","default","957498349","OXY5","92.801","min","156.238","μmol/L","Humid","21.195","deg","90906","µV","35.719","°C","1019.000","hPa","37.0","pmil","0","55.500","deg","20.000","°C","100.000","%a.s.","22.500","deg","20.000","°C","1013.000","hPa","0.861","-0.02056","0.00035","-0.00011","0","14.7","Humid","26.25","0","52.00","344267.21","SABD0000000001","AAV1.0.0.11","2.0.0.28","PSt7-10","000000-000","10/20/2017 9:36:39 AM","0000-00","0","no battery","V"
"10/20/2017","12:42:27","5","default","957498349","OXY5","92.818","min","156.184","μmol/L","Humid","21.197","deg","90913","µV","35.723","°C","1019.000","hPa","37.0","pmil","0","55.500","deg","20.000","°C","100.000","%a.s.","22.500","deg","20.000","°C","1013.000","hPa","0.861","-0.02056","0.00035","-0.00011","0","14.7","Humid","26.25","0","52.00","344282.65","SABD0000000001","AAV1.0.0.11","2.0.0.28","PSt7-10","000000-000","10/20/2017 9:36:39 AM","0000-00","0","no battery","V"
"10/20/2017","12:42:28","5","default","957498349","OXY5","92.835","min","156.361","μmol/L","Humid","21.193","deg","90903","µV","35.703","°C","1019.000","hPa","37.0","pmil","0","55.500","deg","20.000","°C","100.000","%a.s.","22.500","deg","20.000","°C","1013.000","hPa","0.861","-0.02056","0.00035","-0.00011","0","14.7","Humid","26.25","0","52.00","344270.32","SABD0000000001","AAV1.0.0.11","2.0.0.28","PSt7-10","000000-000","10/20/2017 9:36:39 AM","0000-00","0","no battery","V"
"10/20/2017","12:42:29","5","default","957498349","OXY5","92.851","min","156.258","μmol/L","Humid","21.199","deg","90906","µV","35.706","°C","1019.000","hPa","37.0","pmil","0","55.500","deg","20.000","°C","100.000","%a.s.","22.500","deg","20.000","°C","1013.000","hPa","0.861","-0.02056","0.00035","-0.00011","0","14.7","Humid","26.25","0","52.00","344267.53","SABD0000000001","AAV1.0.0.11","2.0.0.28","PSt7-10","000000-000","10/20/2017 9:36:39 AM","0000-00","0","no battery","V"
"10/20/2017","12:42:30","5","default","957498349","OXY5","92.868","min","156.247","μmol/L","Humid","21.196","deg","90903","µV","35.715","°C","1019.000","hPa","37.0","pmil","0","55.500","deg","20.000","°C","100.000","%a.s.","22.500","deg","20.000","°C","1013.000","hPa","0.861","-0.02056","0.00035","-0.00011","0","14.7","Humid","26.25","0","52.00","344256.17","SABD0000000001","AAV1.0.0.11","2.0.0.28","PSt7-10","000000-000","10/20/2017 9:36:39 AM","0000-00","0","no battery","V"
"10/20/2017","12:42:31","5","default","957498349","OXY5","92.885","min","156.309","μmol/L","Humid","21.197","deg","90905","µV","35.702","°C","1019.000","hPa","37.0","pmil","0","55.500","deg","20.000","°C","100.000","%a.s.","22.500","deg","20.000","°C","1013.000","hPa","0.861","-0.02056","0.00035","-0.00011","0","14.7","Humid","26.25","0","52.00","344272.80","SABD0000000001","AAV1.0.0.11","2.0.0.28","PSt7-10","000000-000","10/20/2017 9:36:39 AM","0000-00","0","no battery","V"
"10/20/2017","12:42:32","5","default","957498349","OXY5","92.901","min","156.343","μmol/L","Humid","21.194","deg","90904","µV","35.703","°C","1019.000","hPa","37.0","pmil","0","55.500","deg","20.000","°C","100.000","%a.s.","22.500","deg","20.000","°C","1013.000","hPa","0.861","-0.02056","0.00035","-0.00011","0","14.7","Humid","26.25","0","52.00","344262.27","SABD0000000001","AAV1.0.0.11","2.0.0.28","PSt7-10","000000-000","10/20/2017 9:36:39 AM","0000-00","0","no battery","V"
"10/20/2017","12:42:33","5","default","957498349","OXY5","92.918","min","156.324","μmol/L","Humid","21.199","deg","90909","µV","35.695","°C","1019.000","hPa","37.0","pmil","0","55.500","deg","20.000","°C","100.000","%a.s.","22.500","deg","20.000","°C","1013.000","hPa","0.861","-0.02056","0.00035","-0.00011","0","14.7","Humid","26.25","0","52.00","344269.60","SABD0000000001","AAV1.0.0.11","2.0.0.28","PSt7-10","000000-000","10/20/2017 9:36:39 AM","0000-00","0","no battery","V"
"10/20/2017","12:42:34","5","default","957498349","OXY5","92.935","min","156.322","μmol/L","Humid","21.195","deg","90905","µV","35.705","°C","1019.000","hPa","37.0","pmil","0","55.500","deg","20.000","°C","100.000","%a.s.","22.500","deg","20.000","°C","1013.000","hPa","0.861","-0.02056","0.00035","-0.00011","0","14.7","Humid","26.25","0","52.00","344270.11","SABD0000000001","AAV1.0.0.11","2.0.0.28","PSt7-10","000000-000","10/20/2017 9:36:39 AM","0000-00","0","no battery","V"
"10/20/2017","12:42:35","5","default","957498349","OXY5","92.951","min","156.362","μmol/L","Humid","21.192","deg","90912","µV","35.705","°C","1019.000","hPa","37.0","pmil","0","55.500","deg","20.000","°C","100.000","%a.s.","22.500","deg","20.000","°C","1013.000","hPa","0.861","-0.02056","0.00035","-0.00011","0","14.7","Humid","26.25","0","52.00","344271.42","SABD0000000001","AAV1.0.0.11","2.0.0.28","PSt7-10","000000-000","10/20/2017 9:36:39 AM","0000-00","0","no battery","V"
"10/20/2017","12:42:36","5","default","957498349","OXY5","92.968","min","156.342","μmol/L","Humid","21.191","deg","90908","µV","35.711","°C","1019.000","hPa","37.0","pmil","0","55.500","deg","20.000","°C","100.000","%a.s.","22.500","deg","20.000","°C","1013.000","hPa","0.861","-0.02056","0.00035","-0.00011","0","14.7","Humid","26.25","0","52.00","344263.73","SABD0000000001","AAV1.0.0.11","2.0.0.28","PSt7-10","000000-000","10/20/2017 9:36:39 AM","0000-00","0","no battery","V"
"10/20/2017","12:42:37","5","default","957498349","OXY5","92.985","min","156.344","μmol/L","Humid","21.198","deg","90910","µV","35.694","°C","1019.000","hPa","37.0","pmil","0","55.500","deg","20.000","°C","100.000","%a.s.","22.500","deg","20.000","°C","1013.000","hPa","0.861","-0.02056","0.00035","-0.00011","0","14.7","Humid","26.25","0","52.00","344255.39","SABD0000000001","AAV1.0.0.11","2.0.0.28","PSt7-10","000000-000","10/20/2017 9:36:39 AM","0000-00","0","no battery","V"
"10/20/2017","12:42:38","5","default","957498349","OXY5","93.002","min","156.394","μmol/L","Humid","21.195","deg","90899","µV","35.692","°C","1019.000","hPa","37.0","pmil","0","55.500","deg","20.000","°C","100.000","%a.s.","22.500","deg","20.000","°C","1013.000","hPa","0.861","-0.02056","0.00035","-0.00011","0","14.7","Humid","26.25","0","52.00","344254.22","SABD0000000001","AAV1.0.0.11","2.0.0.28","PSt7-10","000000-000","10/20/2017 9:36:39 AM","0000-00","0","no battery","V"
"10/20/2017","12:42:39","5","default","957498349","OXY5","93.018","min","156.337","μmol/L","Humid","21.196","deg","90906","µV","35.700","°C","1019.000","hPa","37.0","pmil","0","55.500","deg","20.000","°C","100.000","%a.s.","22.500","deg","20.000","°C","1013.000","hPa","0.861","-0.02056","0.00035","-0.00011","0","14.7","Humid","26.25","0","52.00","344259.88","SABD0000000001","AAV1.0.0.11","2.0.0.28","PSt7-10","000000-000","10/20/2017 9:36:39 AM","0000-00","0","no battery","V"
"10/20/2017","12:42:40","5","default","957498349","OXY5","93.035","min","156.258","μmol/L","Humid","21.193","deg","90910","µV","35.720","°C","1019.000","hPa","37.0","pmil","0","55.500","deg","20.000","°C","100.000","%a.s.","22.500","deg","20.000","°C","1013.000","hPa","0.861","-0.02056","0.00035","-0.00011","0","14.7","Humid","26.25","0","52.00","344257.91","SABD0000000001","AAV1.0.0.11","2.0.0.28","PSt7-10","000000-000","10/20/2017 9:36:39 AM","0000-00","0","no battery","V"
"10/20/2017","12:42:41","5","default","957498349","OXY5","93.052","min","156.198","μmol/L","Humid","21.201","deg","90904","µV","35.711","°C","1019.000","hPa","37.0","pmil","0","55.500","deg","20.000","°C","100.000","%a.s.","22.500","deg","20.000","°C","1013.000","hPa","0.861","-0.02056","0.00035","-0.00011","0","14.7","Humid","26.25","0","52.00","344265.47","SABD0000000001","AAV1.0.0.11","2.0.0.28","PSt7-10","000000-000","10/20/2017 9:36:39 AM","0000-00","0","no battery","V"
"10/20/2017","12:42:42","5","default","957498349","OXY5","93.068","min","156.369","μmol/L","Humid","21.195","deg","90903","µV","35.697","°C","1019.000","hPa","37.0","pmil","0","55.500","deg","20.000","°C","100.000","%a.s.","22.500","deg","20.000","°C","1013.000","hPa","0.861","-0.02056","0.00035","-0.00011","0","14.7","Humid","26.25","0","52.00","344266.38","SABD0000000001","AAV1.0.0.11","2.0.0.28","PSt7-10","000000-000","10/20/2017 9:36:39 AM","0000-00","0","no battery","V"
"10/20/2017","12:42:43","5","default","957498349","OXY5","93.085","min","156.424","μmol/L","Humid","21.195","deg","90903","µV","35.687","°C","1019.000","hPa","37.0","pmil","0","55.500","deg","20.000","°C","100.000","%a.s.","22.500","deg","20.000","°C","1013.000","hPa","0.861","-0.02056","0.00035","-0.00011","0","14.7","Humid","26.25","0","52.00","344257.26","SABD0000000001","AAV1.0.0.11","2.0.0.28","PSt7-10","000000-000","10/20/2017 9:36:39 AM","0000-00","0","no battery","V"
"10/20/2017","12:42:44","5","default","957498349","OXY5","93.102","min","156.329","μmol/L","Humid","21.198","deg","90904","µV","35.696","°C","1019.000","hPa","37.0","pmil","0","55.500","deg","20.000","°C","100.000","%a.s.","22.500","deg","20.000","°C","1013.000","hPa","0.861","-0.02056","0.00035","-0.00011","0","14.7","Humid","26.25","0","52.00","344266.45","SABD0000000001","AAV1.0.0.11","2.0.0.28","PSt7-10","000000-000","10/20/2017 9:36:39 AM","0000-00","0","no battery","V"
"10/20/2017","12:42:45","5","default","957498349","OXY5","93.118","min","156.210","μmol/L","Humid","21.196","deg","90904","µV","35.721","°C","1019.000","hPa","37.0","pmil","0","55.500","deg","20.000","°C","100.000","%a.s.","22.500","deg","20.000","°C","1013.000","hPa","0.861","-0.02056","0.00035","-0.00011","0","14.7","Humid","26.25","0","52.00","344258.40","SABD0000000001","AAV1.0.0.11","2.0.0.28","PSt7-10","000000-000","10/20/2017 9:36:39 AM","0000-00","0","no battery","V"
"10/20/2017","12:42:46","5","default","957498349","OXY5","93.135","min","156.312","μmol/L","Humid","21.193","deg","90910","µV","35.711","°C","1019.000","hPa","37.0","pmil","0","55.500","deg","20.000","°C","100.000","%a.s.","22.500","deg","20.000","°C","1013.000","hPa","0.861","-0.02056","0.00035","-0.00011","0","14.7","Humid","26.25","0","52.00","344252.74","SABD0000000001","AAV1.0.0.11","2.0.0.28","PSt7-10","000000-000","10/20/2017 9:36:39 AM","0000-00","0","no battery","V"
"10/20/2017","12:42:47","5","default","957498349","OXY5","93.152","min","156.396","μmol/L","Humid","21.191","deg","90908","µV","35.701","°C","1019.000","hPa","37.0","pmil","0","55.500","deg","20.000","°C","100.000","%a.s.","22.500","deg","20.000","°C","1013.000","hPa","0.861","-0.02056","0.00035","-0.00011","0","14.7","Humid","26.25","0","52.00","344254.67","SABD0000000001","AAV1.0.0.11","2.0.0.28","PSt7-10","000000-000","10/20/2017 9:36:39 AM","0000-00","0","no battery","V"
"10/20/2017","12:42:48","5","default","957498349","OXY5","93.168","min","156.282","μmol/L","Humid","21.195","deg","90905","µV","35.711","°C","1019.000","hPa","37.0","pmil","0","55.500","deg","20.000","°C","100.000","%a.s.","22.500","deg","20.000","°C","1013.000","hPa","0.861","-0.02056","0.00035","-0.00011","0","14.7","Humid","26.25","0","52.00","344246.55","SABD0000000001","AAV1.0.0.11","2.0.0.28","PSt7-10","000000-000","10/20/2017 9:36:39 AM","0000-00","0","no battery","V"
"10/20/2017","12:42:49","5","default","957498349","OXY5","93.185","min","156.271","μmol/L","Humid","21.197","deg","90908","µV","35.709","°C","1019.000","hPa","37.0","pmil","0","55.500","deg","20.000","°C","100.000","%a.s.","22.500","deg","20.000","°C","1013.000","hPa","0.861","-0.02056","0.00035","-0.00011","0","14.7","Humid","26.25","0","52.00","344256.35","SABD0000000001","AAV1.0.0.11","2.0.0.28","PSt7-10","000000-000","10/20/2017 9:36:39 AM","0000-00","0","no battery","V"
"10/20/2017","12:42:50","5","default","957498349","OXY5","93.202","min","156.335","μmol/L","Humid","21.191","deg","90907","µV","35.712","°C","1019.000","hPa","37.0","pmil","0","55.500","deg","20.000","°C","100.000","%a.s.","22.500","deg","20.000","°C","1013.000","hPa","0.861","-0.02056","0.00035","-0.00011","0","14.7","Humid","26.25","0","52.00","344255.72","SABD0000000001","AAV1.0.0.11","2.0.0.28","PSt7-10","000000-000","10/20/2017 9:36:39 AM","0000-00","0","no battery","V"
"10/20/2017","12:42:51","5","default","957498349","OXY5","93.218","min","156.314","μmol/L","Humid","21.196","deg","90905","µV","35.704","°C","1019.000","hPa","37.0","pmil","0","55.500","deg","20.000","°C","100.000","%a.s.","22.500","deg","20.000","°C","1013.000","hPa","0.861","-0.02056","0.00035","-0.00011","0","14.7","Humid","26.25","0","52.00","344257.78","SABD0000000001","AAV1.0.0.11","2.0.0.28","PSt7-10","000000-000","10/20/2017 9:36:39 AM","0000-00","0","no battery","V"
"10/20/2017","12:42:52","5","default","957498349","OXY5","93.235","min","156.297","μmol/L","Humid","21.196","deg","90907","µV","35.706","°C","1019.000","hPa","37.0","pmil","0","55.500","deg","20.000","°C","100.000","%a.s.","22.500","deg","20.000","°C","1013.000","hPa","0.861","-0.02056","0.00035","-0.00011","0","14.7","Humid","26.25","0","52.00","344263.84","SABD0000000001","AAV1.0.0.11","2.0.0.28","PSt7-10","000000-000","10/20/2017 9:36:39 AM","0000-00","0","no battery","V"
"10/20/2017","12:42:53","5","default","957498349","OXY5","93.252","min","156.249","μmol/L","Humid","21.196","deg","90904","µV","35.715","°C","1019.000","hPa","37.0","pmil","0","55.500","deg","20.000","°C","100.000","%a.s.","22.500","deg","20.000","°C","1013.000","hPa","0.861","-0.02056","0.00035","-0.00011","0","14.7","Humid","26.25","0","52.00","344259.63","SABD0000000001","AAV1.0.0.11","2.0.0.28","PSt7-10","000000-000","10/20/2017 9:36:39 AM","0000-00","0","no battery","V"
"10/20/2017","12:42:54","5","default","957498349","OXY5","93.268","min","156.299","μmol/L","Humid","21.193","deg","90905","µV","35.713","°C","1019.000","hPa","37.0","pmil","0","55.500","deg","20.000","°C","100.000","%a.s.","22.500","deg","20.000","°C","1013.000","hPa","0.861","-0.02056","0.00035","-0.00011","0","14.7","Humid","26.25","0","52.00","344251.59","SABD0000000001","AAV1.0.0.11","2.0.0.28","PSt7-10","000000-000","10/20/2017 9:36:39 AM","0000-00","0","no battery","V"
"10/20/2017","12:42:55","5","default","957498349","OXY5","93.285","min","156.333","μmol/L","Humid","21.194","deg","90895","µV","35.705","°C","1019.000","hPa","37.0","pmil","0","55.500","deg","20.000","°C","100.000","%a.s.","22.500","deg","20.000","°C","1013.000","hPa","0.861","-0.02056","0.00035","-0.00011","0","14.7","Humid","26.25","0","52.00","344239.70","SABD0000000001","AAV1.0.0.11","2.0.0.28","PSt7-10","000000-000","10/20/2017 9:36:39 AM","0000-00","0","no battery","V"
"10/20/2017","12:42:56","5","default","957498349","OXY5","93.302","min","156.247","μmol/L","Humid","21.196","deg","90900","µV","35.715","°C","1019.000","hPa","37.0","pmil","0","55.500","deg","20.000","°C","100.000","%a.s.","22.500","deg","20.000","°C","1013.000","hPa","0.861","-0.02056","0.00035","-0.00011","0","14.7","Humid","26.25","0","52.00","344251.93","SABD0000000001","AAV1.0.0.11","2.0.0.28","PSt7-10","000000-000","10/20/2017 9:36:39 AM","0000-00","0","no battery","V"
"10/20/2017","12:42:57","5","default","957498349","OXY5","93.318","min","156.239","μmol/L","Humid","21.197","deg","90907","µV","35.714","°C","1019.000","hPa","37.0","pmil","0","55.500","deg","20.000","°C","100.000","%a.s.","22.500","deg","20.000","°C","1013.000","hPa","0.861","-0.02056","0.00035","-0.00011","0","14.7","Humid","26.25","0","52.00","344257.45","SABD0000000001","AAV1.0.0.11","2.0.0.28","PSt7-10","000000-000","10/20/2017 9:36:39 AM","0000-00","0","no battery","V"
"10/20/2017","12:42:58","5","default","957498349","OXY5","93.335","min","156.284","μmol/L","Humid","21.196","deg","90902","µV","35.709","°C","1019.000","hPa","37.0","pmil","0","55.500","deg","20.000","°C","100.000","%a.s.","22.500","deg","20.000","°C","1013.000","hPa","0.861","-0.02056","0.00035","-0.00011","0","14.7","Humid","26.25","0","52.00","344247.32","SABD0000000001","AAV1.0.0.11","2.0.0.28","PSt7-10","000000-000","10/20/2017 9:36:39 AM","0000-00","0","no battery","V"
"10/20/2017","12:42:59","5","default","957498349","OXY5","93.352","min","156.300","μmol/L","Humid","21.195","deg","90904","µV","35.708","°C","1019.000","hPa","37.0","pmil","0","55.500","deg","20.000","°C","100.000","%a.s.","22.500","deg","20.000","°C","1013.000","hPa","0.861","-0.02056","0.00035","-0.00011","0","14.7","Humid","26.25","0","52.00","344254.74","SABD0000000001","AAV1.0.0.11","2.0.0.28","PSt7-10","000000-000","10/20/2017 9:36:39 AM","0000-00","0","no battery","V"
"10/20/2017","12:43:00","5","default","957498349","OXY5","93.368","min","156.321","μmol/L","Humid","21.193","deg","90904","µV","35.710","°C","1019.000","hPa","37.0","pmil","0","55.500","deg","20.000","°C","100.000","%a.s.","22.500","deg","20.000","°C","1013.000","hPa","0.861","-0.02056","0.00035","-0.00011","0","14.7","Humid","26.25","0","52.00","344248.73","SABD0000000001","AAV1.0.0.11","2.0.0.28","PSt7-10","000000-000","10/20/2017 9:36:39 AM","0000-00","0","no battery","V"
"10/20/2017","12:43:01","5","default","957498349","OXY5","93.385","min","156.382","μmol/L","Humid","21.196","deg","90907","µV","35.692","°C","1019.000","hPa","37.0","pmil","0","55.500","deg","20.000","°C","100.000","%a.s.","22.500","deg","20.000","°C","1013.000","hPa","0.861","-0.02056","0.00035","-0.00011","0","14.7","Humid","26.25","0","52.00","344257.75","SABD0000000001","AAV1.0.0.11","2.0.0.28","PSt7-10","000000-000","10/20/2017 9:36:39 AM","0000-00","0","no battery","V"
"10/20/2017","12:43:02","5","default","957498349","OXY5","93.402","min","156.395","μmol/L","Humid","21.191","deg","90900","µV","35.702","°C","1019.000","hPa","37.0","pmil","0","55.500","deg","20.000","°C","100.000","%a.s.","22.500","deg","20.000","°C","1013.000","hPa","0.861","-0.02056","0.00035","-0.00011","0","14.7","Humid","26.25","0","52.00","344246.87","SABD0000000001","AAV1.0.0.11","2.0.0.28","PSt7-10","000000-000","10/20/2017 9:36:39 AM","0000-00","0","no battery","V"
"10/20/2017","12:43:03","5","default","957498349","OXY5","93.418","min","156.270","μmol/L","Humid","21.193","deg","90904","µV","35.718","°C","1019.000","hPa","37.0","pmil","0","55.500","deg","20.000","°C","100.000","%a.s.","22.500","deg","20.000","°C","1013.000","hPa","0.861","-0.02056","0.00035","-0.00011","0","14.7","Humid","26.25","0","52.00","344251.32","SABD0000000001","AAV1.0.0.11","2.0.0.28","PSt7-10","000000-000","10/20/2017 9:36:39 AM","0000-00","0","no battery","V"
"10/20/2017","12:43:04","5","default","957498349","OXY5","93.435","min","156.237","μmol/L","Humid","21.191","deg","90901","µV","35.728","°C","1019.000","hPa","37.0","pmil","0","55.500","deg","20.000","°C","100.000","%a.s.","22.500","deg","20.000","°C","1013.000","hPa","0.861","-0.02056","0.00035","-0.00011","0","14.7","Humid","26.25","0","52.00","344243.14","SABD0000000001","AAV1.0.0.11","2.0.0.28","PSt7-10","000000-000","10/20/2017 9:36:39 AM","0000-00","0","no battery","V"
"10/20/2017","12:43:05","5","default","957498349","OXY5","93.452","min","156.275","μmol/L","Humid","21.192","deg","90895","µV","35.720","°C","1019.000","hPa","37.0","pmil","0","55.500","deg","20.000","°C","100.000","%a.s.","22.500","deg","20.000","°C","1013.000","hPa","0.861","-0.02056","0.00035","-0.00011","0","14.7","Humid","26.25","0","52.00","344235.78","SABD0000000001","AAV1.0.0.11","2.0.0.28","PSt7-10","000000-000","10/20/2017 9:36:39 AM","0000-00","0","no battery","V"
"10/20/2017","12:43:06","5","default","957498349","OXY5","93.468","min","156.289","μmol/L","Humid","21.193","deg","90899","µV","35.715","°C","1019.000","hPa","37.0","pmil","0","55.500","deg","20.000","°C","100.000","%a.s.","22.500","deg","20.000","°C","1013.000","hPa","0.861","-0.02056","0.00035","-0.00011","0","14.7","Humid","26.25","0","52.00","344225.08","SABD0000000001","AAV1.0.0.11","2.0.0.28","PSt7-10","000000-000","10/20/2017 9:36:39 AM","0000-00","0","no battery","V"
"10/20/2017","12:43:07","5","default","957498349","OXY5","93.485","min","156.364","μmol/L","Humid","21.191","deg","90901","µV","35.707","°C","1019.000","hPa","37.0","pmil","0","55.500","deg","20.000","°C","100.000","%a.s.","22.500","deg","20.000","°C","1013.000","hPa","0.861","-0.02056","0.00035","-0.00011","0","14.7","Humid","26.25","0","52.00","344232.35","SABD0000000001","AAV1.0.0.11","2.0.0.28","PSt7-10","000000-000","10/20/2017 9:36:39 AM","0000-00","0","no battery","V"
"10/20/2017","12:43:08","5","default","957498349","OXY5","93.502","min","156.233","μmol/L","Humid","21.195","deg","90894","µV","35.720","°C","1019.000","hPa","37.0","pmil","0","55.500","deg","20.000","°C","100.000","%a.s.","22.500","deg","20.000","°C","1013.000","hPa","0.861","-0.02056","0.00035","-0.00011","0","14.7","Humid","26.25","0","52.00","344234.51","SABD0000000001","AAV1.0.0.11","2.0.0.28","PSt7-10","000000-000","10/20/2017 9:36:39 AM","0000-00","0","no battery","V"
"10/20/2017","12:43:09","5","default","957498349","OXY5","93.518","min","156.326","μmol/L","Humid","21.193","deg","90900","µV","35.709","°C","1019.000","hPa","37.0","pmil","0","55.500","deg","20.000","°C","100.000","%a.s.","22.500","deg","20.000","°C","1013.000","hPa","0.861","-0.02056","0.00035","-0.00011","0","14.7","Humid","26.25","0","52.00","344244.73","SABD0000000001","AAV1.0.0.11","2.0.0.28","PSt7-10","000000-000","10/20/2017 9:36:39 AM","0000-00","0","no battery","V"
"10/20/2017","12:43:10","5","default","957498349","OXY5","93.535","min","156.303","μmol/L","Humid","21.193","deg","90900","µV","35.713","°C","1019.000","hPa","37.0","pmil","0","55.500","deg","20.000","°C","100.000","%a.s.","22.500","deg","20.000","°C","1013.000","hPa","0.861","-0.02056","0.00035","-0.00011","0","14.7","Humid","26.25","0","52.00","344235.90","SABD0000000001","AAV1.0.0.11","2.0.0.28","PSt7-10","000000-000","10/20/2017 9:36:39 AM","0000-00","0","no battery","V"
"10/20/2017","12:43:11","5","default","957498349","OXY5","93.552","min","156.138","μmol/L","Humid","21.196","deg","90904","µV","35.733","°C","1019.000","hPa","37.0","pmil","0","55.500","deg","20.000","°C","100.000","%a.s.","22.500","deg","20.000","°C","1013.000","hPa","0.861","-0.02056","0.00035","-0.00011","0","14.7","Humid","26.25","0","52.00","344231.93","SABD0000000001","AAV1.0.0.11","2.0.0.28","PSt7-10","000000-000","10/20/2017 9:36:39 AM","0000-00","0","no battery","V"
"10/20/2017","12:43:12","5","default","957498349","OXY5","93.568","min","156.254","μmol/L","Humid","21.191","deg","90907","µV","35.726","°C","1019.000","hPa","37.0","pmil","0","55.500","deg","20.000","°C","100.000","%a.s.","22.500","deg","20.000","°C","1013.000","hPa","0.861","-0.02056","0.00035","-0.00011","0","14.7","Humid","26.25","0","52.00","344231.54","SABD0000000001","AAV1.0.0.11","2.0.0.28","PSt7-10","000000-000","10/20/2017 9:36:39 AM","0000-00","0","no battery","V"
"10/20/2017","12:43:13","5","default","957498349","OXY5","93.585","min","156.287","μmol/L","Humid","21.194","deg","90900","µV","35.713","°C","1019.000","hPa","37.0","pmil","0","55.500","deg","20.000","°C","100.000","%a.s.","22.500","deg","20.000","°C","1013.000","hPa","0.861","-0.02056","0.00035","-0.00011","0","14.7","Humid","26.25","0","52.00","344226.17","SABD0000000001","AAV1.0.0.11","2.0.0.28","PSt7-10","000000-000","10/20/2017 9:36:39 AM","0000-00","0","no battery","V"
"10/20/2017","12:43:14","5","default","957498349","OXY5","93.602","min","156.252","μmol/L","Humid","21.194","deg","90898","µV","35.719","°C","1019.000","hPa","37.0","pmil","0","55.500","deg","20.000","°C","100.000","%a.s.","22.500","deg","20.000","°C","1013.000","hPa","0.861","-0.02056","0.00035","-0.00011","0","14.7","Humid","26.25","0","52.00","344219.78","SABD0000000001","AAV1.0.0.11","2.0.0.28","PSt7-10","000000-000","10/20/2017 9:36:39 AM","0000-00","0","no battery","V"
"10/20/2017","12:43:15","5","default","957498349","OXY5","93.618","min","156.310","μmol/L","Humid","21.198","deg","90896","µV","35.699","°C","1019.000","hPa","37.0","pmil","0","55.500","deg","20.000","°C","100.000","%a.s.","22.500","deg","20.000","°C","1013.000","hPa","0.861","-0.02056","0.00035","-0.00011","0","14.7","Humid","26.25","0","52.00","344222.84","SABD0000000001","AAV1.0.0.11","2.0.0.28","PSt7-10","000000-000","10/20/2017 9:36:39 AM","0000-00","0","no battery","V"
"10/20/2017","12:43:16","5","default","957498349","OXY5","93.635","min","156.281","μmol/L","Humid","21.195","deg","90899","µV","35.712","°C","1019.000","hPa","37.0","pmil","0","55.500","deg","20.000","°C","100.000","%a.s.","22.500","deg","20.000","°C","1013.000","hPa","0.861","-0.02056","0.00035","-0.00011","0","14.7","Humid","26.25","0","52.00","344213.01","SABD0000000001","AAV1.0.0.11","2.0.0.28","PSt7-10","000000-000","10/20/2017 9:36:39 AM","0000-00","0","no battery","V"
"10/20/2017","12:43:17","5","default","957498349","OXY5","93.651","min","156.298","μmol/L","Humid","21.193","deg","90896","µV","35.713","°C","1019.000","hPa","37.0","pmil","0","55.500","deg","20.000","°C","100.000","%a.s.","22.500","deg","20.000","°C","1013.000","hPa","0.861","-0.02056","0.00035","-0.00011","0","14.7","Humid","26.25","0","52.00","344228.58","SABD0000000001","AAV1.0.0.11","2.0.0.28","PSt7-10","000000-000","10/20/2017 9:36:39 AM","0000-00","0","no battery","V"
"10/20/2017","12:43:18","5","default","957498349","OXY5","93.668","min","156.285","μmol/L","Humid","21.192","deg","90898","µV","35.718","°C","1019.000","hPa","37.0","pmil","0","55.500","deg","20.000","°C","100.000","%a.s.","22.500","deg","20.000","°C","1013.000","hPa","0.861","-0.02056","0.00035","-0.00011","0","14.7","Humid","26.25","0","52.00","344232.03","SABD0000000001","AAV1.0.0.11","2.0.0.28","PSt7-10","000000-000","10/20/2017 9:36:39 AM","0000-00","0","no battery","V"
"10/20/2017","12:43:19","5","default","957498349","OXY5","93.685","min","156.280","μmol/L","Humid","21.196","deg","90897","µV","35.709","°C","1019.000","hPa","37.0","pmil","0","55.500","deg","20.000","°C","100.000","%a.s.","22.500","deg","20.000","°C","1013.000","hPa","0.861","-0.02056","0.00035","-0.00011","0","14.7","Humid","26.25","0","52.00","344214.36","SABD0000000001","AAV1.0.0.11","2.0.0.28","PSt7-10","000000-000","10/20/2017 9:36:39 AM","0000-00","0","no battery","V"
"10/20/2017","12:43:20","5","default","957498349","OXY5","93.701","min","156.393","μmol/L","Humid","21.190","deg","90902","µV","35.704","°C","1019.000","hPa","37.0","pmil","0","55.500","deg","20.000","°C","100.000","%a.s.","22.500","deg","20.000","°C","1013.000","hPa","0.861","-0.02056","0.00035","-0.00011","0","14.7","Humid","26.25","0","52.00","344219.57","SABD0000000001","AAV1.0.0.11","2.0.0.28","PSt7-10","000000-000","10/20/2017 9:36:39 AM","0000-00","0","no battery","V"
"10/20/2017","12:43:21","5","default","957498349","OXY5","93.723","min","156.194","μmol/L","Humid","21.195","deg","90906","µV","35.726","°C","1019.000","hPa","37.0","pmil","0","55.500","deg","20.000","°C","100.000","%a.s.","22.500","deg","20.000","°C","1013.000","hPa","0.861","-0.02056","0.00035","-0.00011","0","14.7","Humid","26.25","0","52.00","344243.16","SABD0000000001","AAV1.0.0.11","2.0.0.28","PSt7-10","000000-000","10/20/2017 9:36:39 AM","0000-00","0","no battery","V"
"10/20/2017","12:43:22","5","default","957498349","OXY5","93.735","min","156.217","μmol/L","Humid","21.193","deg","90897","µV","35.727","°C","1019.000","hPa","37.0","pmil","0","55.500","deg","20.000","°C","100.000","%a.s.","22.500","deg","20.000","°C","1013.000","hPa","0.861","-0.02056","0.00035","-0.00011","0","14.7","Humid","26.25","0","52.00","344212.64","SABD0000000001","AAV1.0.0.11","2.0.0.28","PSt7-10","000000-000","10/20/2017 9:36:39 AM","0000-00","0","no battery","V"
"10/20/2017","12:43:24","5","default","957498349","OXY5","93.761","min","156.219","μmol/L","Humid","21.195","deg","90910","µV","35.722","°C","1019.000","hPa","37.0","pmil","0","55.500","deg","20.000","°C","100.000","%a.s.","22.500","deg","20.000","°C","1013.000","hPa","0.861","-0.02056","0.00035","-0.00011","0","14.7","Humid","26.25","0","52.00","344236.11","SABD0000000001","AAV1.0.0.11","2.0.0.28","PSt7-10","000000-000","10/20/2017 9:36:39 AM","0000-00","0","no battery","V"
"10/20/2017","12:43:25","5","default","957498349","OXY5","93.785","min","156.364","μmol/L","Humid","21.187","deg","90910","µV","35.717","°C","1019.000","hPa","37.0","pmil","0","55.500","deg","20.000","°C","100.000","%a.s.","22.500","deg","20.000","°C","1013.000","hPa","0.861","-0.02056","0.00035","-0.00011","0","14.7","Humid","26.25","0","52.00","344256.75","SABD0000000001","AAV1.0.0.11","2.0.0.28","PSt7-10","000000-000","10/20/2017 9:36:39 AM","0000-00","0","no battery","V"
"10/20/2017","12:43:26","5","default","957498349","OXY5","93.801","min","156.239","μmol/L","Humid","21.193","deg","90902","µV","35.724","°C","1019.000","hPa","37.0","pmil","0","55.500","deg","20.000","°C","100.000","%a.s.","22.500","deg","20.000","°C","1013.000","hPa","0.861","-0.02056","0.00035","-0.00011","0","14.7","Humid","26.25","0","52.00","344236.61","SABD0000000001","AAV1.0.0.11","2.0.0.28","PSt7-10","000000-000","10/20/2017 9:36:39 AM","0000-00","0","no battery","V"
"10/20/2017","12:43:27","5","default","957498349","OXY5","93.818","min","156.237","μmol/L","Humid","21.194","deg","90900","µV","35.721","°C","1019.000","hPa","37.0","pmil","0","55.500","deg","20.000","°C","100.000","%a.s.","22.500","deg","20.000","°C","1013.000","hPa","0.861","-0.02056","0.00035","-0.00011","0","14.7","Humid","26.25","0","52.00","344230.58","SABD0000000001","AAV1.0.0.11","2.0.0.28","PSt7-10","000000-000","10/20/2017 9:36:39 AM","0000-00","0","no battery","V"
"10/20/2017","12:43:28","5","default","957498349","OXY5","93.835","min","156.286","μmol/L","Humid","21.193","deg","90897","µV","35.715","°C","1019.000","hPa","37.0","pmil","0","55.500","deg","20.000","°C","100.000","%a.s.","22.500","deg","20.000","°C","1013.000","hPa","0.861","-0.02056","0.00035","-0.00011","0","14.7","Humid","26.25","0","52.00","344217.38","SABD0000000001","AAV1.0.0.11","2.0.0.28","PSt7-10","000000-000","10/20/2017 9:36:39 AM","0000-00","0","no battery","V"
"10/20/2017","12:43:29","5","default","957498349","OXY5","93.851","min","156.178","μmol/L","Humid","21.196","deg","90901","µV","35.727","°C","1019.000","hPa","37.0","pmil","0","55.500","deg","20.000","°C","100.000","%a.s.","22.500","deg","20.000","°C","1013.000","hPa","0.861","-0.02056","0.00035","-0.00011","0","14.7","Humid","26.25","0","52.00","344228.60","SABD0000000001","AAV1.0.0.11","2.0.0.28","PSt7-10","000000-000","10/20/2017 9:36:39 AM","0000-00","0","no battery","V"
"10/20/2017","12:43:30","5","default","957498349","OXY5","93.868","min","156.338","μmol/L","Humid","21.195","deg","90896","µV","35.702","°C","1019.000","hPa","37.0","pmil","0","55.500","deg","20.000","°C","100.000","%a.s.","22.500","deg","20.000","°C","1013.000","hPa","0.861","-0.02056","0.00035","-0.00011","0","14.7","Humid","26.25","0","52.00","344220.42","SABD0000000001","AAV1.0.0.11","2.0.0.28","PSt7-10","000000-000","10/20/2017 9:36:39 AM","0000-00","0","no battery","V"
"10/20/2017","12:43:31","5","default","957498349","OXY5","93.885","min","156.314","μmol/L","Humid","21.193","deg","90898","µV","35.711","°C","1019.000","hPa","37.0","pmil","0","55.500","deg","20.000","°C","100.000","%a.s.","22.500","deg","20.000","°C","1013.000","hPa","0.861","-0.02056","0.00035","-0.00011","0","14.7","Humid","26.25","0","52.00","344215.81","SABD0000000001","AAV1.0.0.11","2.0.0.28","PSt7-10","000000-000","10/20/2017 9:36:39 AM","0000-00","0","no battery","V"
"10/20/2017","12:43:32","5","default","957498349","OXY5","93.902","min","156.234","μmol/L","Humid","21.198","deg","90906","µV","35.712","°C","1019.000","hPa","37.0","pmil","0","55.500","deg","20.000","°C","100.000","%a.s.","22.500","deg","20.000","°C","1013.000","hPa","0.861","-0.02056","0.00035","-0.00011","0","14.7","Humid","26.25","0","52.00","344231.97","SABD0000000001","AAV1.0.0.11","2.0.0.28","PSt7-10","000000-000","10/20/2017 9:36:39 AM","0000-00","0","no battery","V"
"10/20/2017","12:43:33","5","default","957498349","OXY5","93.918","min","156.155","μmol/L","Humid","21.196","deg","90899","µV","35.731","°C","1019.000","hPa","37.0","pmil","0","55.500","deg","20.000","°C","100.000","%a.s.","22.500","deg","20.000","°C","1013.000","hPa","0.861","-0.02056","0.00035","-0.00011","0","14.7","Humid","26.25","0","52.00","344209.95","SABD0000000001","AAV1.0.0.11","2.0.0.28","PSt7-10","000000-000","10/20/2017 9:36:39 AM","0000-00","0","no battery","V"
"10/20/2017","12:43:34","5","default","957498349","OXY5","93.935","min","156.187","μmol/L","Humid","21.195","deg","90903","µV","35.728","°C","1019.000","hPa","37.0","pmil","0","55.500","deg","20.000","°C","100.000","%a.s.","22.500","deg","20.000","°C","1013.000","hPa","0.861","-0.02056","0.00035","-0.00011","0","14.7","Humid","26.25","0","52.00","344208.13","SABD0000000001","AAV1.0.0.11","2.0.0.28","PSt7-10","000000-000","10/20/2017 9:36:39 AM","0000-00","0","no battery","V"
"10/20/2017","12:43:35","5","default","957498349","OXY5","93.953","min","156.261","μmol/L","Humid","21.192","deg","90900","µV","35.722","°C","1019.000","hPa","37.0","pmil","0","55.500","deg","20.000","°C","100.000","%a.s.","22.500","deg","20.000","°C","1013.000","hPa","0.861","-0.02056","0.00035","-0.00011","0","14.7","Humid","26.25","0","52.00","344224.45","SABD0000000001","AAV1.0.0.11","2.0.0.28","PSt7-10","000000-000","10/20/2017 9:36:39 AM","0000-00","0","no battery","V"
"10/20/2017","12:43:36","5","default","957498349","OXY5","93.968","min","156.300","μmol/L","Humid","21.191","deg","90892","µV","35.718","°C","1019.000","hPa","37.0","pmil","0","55.500","deg","20.000","°C","100.000","%a.s.","22.500","deg","20.000","°C","1013.000","hPa","0.861","-0.02056","0.00035","-0.00011","0","14.7","Humid","26.25","0","52.00","344200.90","SABD0000000001","AAV1.0.0.11","2.0.0.28","PSt7-10","000000-000","10/20/2017 9:36:39 AM","0000-00","0","no battery","V"
"10/20/2017","12:43:37","5","default","957498349","OXY5","93.985","min","156.245","μmol/L","Humid","21.192","deg","90894","µV","35.725","°C","1019.000","hPa","37.0","pmil","0","55.500","deg","20.000","°C","100.000","%a.s.","22.500","deg","20.000","°C","1013.000","hPa","0.861","-0.02056","0.00035","-0.00011","0","14.7","Humid","26.25","0","52.00","344199.54","SABD0000000001","AAV1.0.0.11","2.0.0.28","PSt7-10","000000-000","10/20/2017 9:36:39 AM","0000-00","0","no battery","V"
"10/20/2017","12:43:38","5","default","957498349","OXY5","94.002","min","156.216","μmol/L","Humid","21.194","deg","90894","µV","35.725","°C","1019.000","hPa","37.0","pmil","0","55.500","deg","20.000","°C","100.000","%a.s.","22.500","deg","20.000","°C","1013.000","hPa","0.861","-0.02056","0.00035","-0.00011","0","14.7","Humid","26.25","0","52.00","344199.32","SABD0000000001","AAV1.0.0.11","2.0.0.28","PSt7-10","000000-000","10/20/2017 9:36:39 AM","0000-00","0","no battery","V"
"10/20/2017","12:43:39","5","default","957498349","OXY5","94.018","min","156.234","μmol/L","Humid","21.195","deg","90895","µV","35.719","°C","1019.000","hPa","37.0","pmil","0","55.500","deg","20.000","°C","100.000","%a.s.","22.500","deg","20.000","°C","1013.000","hPa","0.861","-0.02056","0.00035","-0.00011","0","14.7","Humid","26.25","0","52.00","344196.15","SABD0000000001","AAV1.0.0.11","2.0.0.28","PSt7-10","000000-000","10/20/2017 9:36:39 AM","0000-00","0","no battery","V"
"10/20/2017","12:43:40","5","default","957498349","OXY5","94.038","min","156.236","μmol/L","Humid","21.197","deg","90904","µV","35.714","°C","1019.000","hPa","37.0","pmil","0","55.500","deg","20.000","°C","100.000","%a.s.","22.500","deg","20.000","°C","1013.000","hPa","0.861","-0.02056","0.00035","-0.00011","0","14.7","Humid","26.25","0","52.00","344211.28","SABD0000000001","AAV1.0.0.11","2.0.0.28","PSt7-10","000000-000","10/20/2017 9:36:39 AM","0000-00","0","no battery","V"
"10/20/2017","12:43:41","5","default","957498349","OXY5","94.051","min","156.364","μmol/L","Humid","21.194","deg","90889","µV","35.700","°C","1019.000","hPa","37.0","pmil","0","55.500","deg","20.000","°C","100.000","%a.s.","22.500","deg","20.000","°C","1013.000","hPa","0.861","-0.02056","0.00035","-0.00011","0","14.7","Humid","26.25","0","52.00","344180.23","SABD0000000001","AAV1.0.0.11","2.0.0.28","PSt7-10","000000-000","10/20/2017 9:36:39 AM","0000-00","0","no battery","V"
"10/20/2017","12:43:42","5","default","957498349","OXY5","94.068","min","156.163","μmol/L","Humid","21.192","deg","90899","µV","35.739","°C","1019.000","hPa","37.0","pmil","0","55.500","deg","20.000","°C","100.000","%a.s.","22.500","deg","20.000","°C","1013.000","hPa","0.861","-0.02056","0.00035","-0.00011","0","14.7","Humid","26.25","0","52.00","344204.92","SABD0000000001","AAV1.0.0.11","2.0.0.28","PSt7-10","000000-000","10/20/2017 9:36:39 AM","0000-00","0","no battery","V"
"10/20/2017","12:43:43","5","default","957498349","OXY5","94.084","min","156.281","μmol/L","Humid","21.192","deg","90896","µV","35.719","°C","1019.000","hPa","37.0","pmil","0","55.500","deg","20.000","°C","100.000","%a.s.","22.500","deg","20.000","°C","1013.000","hPa","0.861","-0.02056","0.00035","-0.00011","0","14.7","Humid","26.25","0","52.00","344200.32","SABD0000000001","AAV1.0.0.11","2.0.0.28","PSt7-10","000000-000","10/20/2017 9:36:39 AM","0000-00","0","no battery","V"
"10/20/2017","12:43:44","5","default","957498349","OXY5","94.101","min","156.161","μmol/L","Humid","21.195","deg","90894","µV","35.732","°C","1019.000","hPa","37.0","pmil","0","55.500","deg","20.000","°C","100.000","%a.s.","22.500","deg","20.000","°C","1013.000","hPa","0.861","-0.02056","0.00035","-0.00011","0","14.7","Humid","26.25","0","52.00","344204.89","SABD0000000001","AAV1.0.0.11","2.0.0.28","PSt7-10","000000-000","10/20/2017 9:36:39 AM","0000-00","0","no battery","V"
"10/20/2017","12:43:45","5","default","957498349","OXY5","94.118","min","156.177","μmol/L","Humid","21.199","deg","90889","µV","35.720","°C","1019.000","hPa","37.0","pmil","0","55.500","deg","20.000","°C","100.000","%a.s.","22.500","deg","20.000","°C","1013.000","hPa","0.861","-0.02056","0.00035","-0.00011","0","14.7","Humid","26.25","0","52.00","344193.48","SABD0000000001","AAV1.0.0.11","2.0.0.28","PSt7-10","000000-000","10/20/2017 9:36:39 AM","0000-00","0","no battery","V"
"10/20/2017","12:43:46","5","default","957498349","OXY5","94.135","min","156.139","μmol/L","Humid","21.195","deg","90896","µV","35.736","°C","1019.000","hPa","37.0","pmil","0","55.500","deg","20.000","°C","100.000","%a.s.","22.500","deg","20.000","°C","1013.000","hPa","0.861","-0.02056","0.00035","-0.00011","0","14.7","Humid","26.25","0","52.00","344186.89","SABD0000000001","AAV1.0.0.11","2.0.0.28","PSt7-10","000000-000","10/20/2017 9:36:39 AM","0000-00","0","no battery","V"
"10/20/2017","12:43:47","5","default","957498349","OXY5","94.151","min","156.218","μmol/L","Humid","21.195","deg","90897","µV","35.722","°C","1019.000","hPa","37.0","pmil","0","55.500","deg","20.000","°C","100.000","%a.s.","22.500","deg","20.000","°C","1013.000","hPa","0.861","-0.02056","0.00035","-0.00011","0","14.7","Humid","26.25","0","52.00","344187.37","SABD0000000001","AAV1.0.0.11","2.0.0.28","PSt7-10","000000-000","10/20/2017 9:36:39 AM","0000-00","0","no battery","V"
"10/20/2017","12:43:48","5","default","957498349","OXY5","94.168","min","156.215","μmol/L","Humid","21.194","deg","90891","µV","35.725","°C","1019.000","hPa","37.0","pmil","0","55.500","deg","20.000","°C","100.000","%a.s.","22.500","deg","20.000","°C","1013.000","hPa","0.861","-0.02056","0.00035","-0.00011","0","14.7","Humid","26.25","0","52.00","344175.60","SABD0000000001","AAV1.0.0.11","2.0.0.28","PSt7-10","000000-000","10/20/2017 9:36:39 AM","0000-00","0","no battery","V"
"10/20/2017","12:43:49","5","default","957498349","OXY5","94.185","min","156.271","μmol/L","Humid","21.195","deg","90893","µV","35.713","°C","1019.000","hPa","37.0","pmil","0","55.500","deg","20.000","°C","100.000","%a.s.","22.500","deg","20.000","°C","1013.000","hPa","0.861","-0.02056","0.00035","-0.00011","0","14.7","Humid","26.25","0","52.00","344198.15","SABD0000000001","AAV1.0.0.11","2.0.0.28","PSt7-10","000000-000","10/20/2017 9:36:39 AM","0000-00","0","no battery","V"
"10/20/2017","12:43:50","5","default","957498349","OXY5","94.202","min","156.269","μmol/L","Humid","21.194","deg","90895","µV","35.716","°C","1019.000","hPa","37.0","pmil","0","55.500","deg","20.000","°C","100.000","%a.s.","22.500","deg","20.000","°C","1013.000","hPa","0.861","-0.02056","0.00035","-0.00011","0","14.7","Humid","26.25","0","52.00","344191.23","SABD0000000001","AAV1.0.0.11","2.0.0.28","PSt7-10","000000-000","10/20/2017 9:36:39 AM","0000-00","0","no battery","V"
"10/20/2017","12:43:51","5","default","957498349","OXY5","94.218","min","156.254","μmol/L","Humid","21.190","deg","90894","µV","35.728","°C","1019.000","hPa","37.0","pmil","0","55.500","deg","20.000","°C","100.000","%a.s.","22.500","deg","20.000","°C","1013.000","hPa","0.861","-0.02056","0.00035","-0.00011","0","14.7","Humid","26.25","0","52.00","344206.29","SABD0000000001","AAV1.0.0.11","2.0.0.28","PSt7-10","000000-000","10/20/2017 9:36:39 AM","0000-00","0","no battery","V"
"10/20/2017","12:43:52","5","default","957498349","OXY5","94.234","min","156.222","μmol/L","Humid","21.192","deg","90895","µV","35.729","°C","1019.000","hPa","37.0","pmil","0","55.500","deg","20.000","°C","100.000","%a.s.","22.500","deg","20.000","°C","1013.000","hPa","0.861","-0.02056","0.00035","-0.00011","0","14.7","Humid","26.25","0","52.00","344199.55","SABD0000000001","AAV1.0.0.11","2.0.0.28","PSt7-10","000000-000","10/20/2017 9:36:39 AM","0000-00","0","no battery","V"
"10/20/2017","12:43:53","5","default","957498349","OXY5","94.251","min","156.309","μmol/L","Humid","21.191","deg","90881","µV","35.716","°C","1019.000","hPa","37.0","pmil","0","55.500","deg","20.000","°C","100.000","%a.s.","22.500","deg","20.000","°C","1013.000","hPa","0.861","-0.02056","0.00035","-0.00011","0","14.7","Humid","26.25","0","52.00","344189.81","SABD0000000001","AAV1.0.0.11","2.0.0.28","PSt7-10","000000-000","10/20/2017 9:36:39 AM","0000-00","0","no battery","V"
"10/20/2017","12:43:54","5","default","957498349","OXY5","94.268","min","156.250","μmol/L","Humid","21.193","deg","90890","µV","35.722","°C","1019.000","hPa","37.0","pmil","0","55.500","deg","20.000","°C","100.000","%a.s.","22.500","deg","20.000","°C","1013.000","hPa","0.861","-0.02056","0.00035","-0.00011","0","14.7","Humid","26.25","0","52.00","344175.14","SABD0000000001","AAV1.0.0.11","2.0.0.28","PSt7-10","000000-000","10/20/2017 9:36:39 AM","0000-00","0","no battery","V"
"10/20/2017","12:43:55","5","default","957498349","OXY5","94.284","min","156.177","μmol/L","Humid","21.196","deg","90891","µV","35.727","°C","1019.000","hPa","37.0","pmil","0","55.500","deg","20.000","°C","100.000","%a.s.","22.500","deg","20.000","°C","1013.000","hPa","0.861","-0.02056","0.00035","-0.00011","0","14.7","Humid","26.25","0","52.00","344188.72","SABD0000000001","AAV1.0.0.11","2.0.0.28","PSt7-10","000000-000","10/20/2017 9:36:39 AM","0000-00","0","no battery","V"
"10/20/2017","12:43:56","5","default","957498349","OXY5","94.301","min","156.281","μmol/L","Humid","21.192","deg","90888","µV","35.719","°C","1019.000","hPa","37.0","pmil","0","55.500","deg","20.000","°C","100.000","%a.s.","22.500","deg","20.000","°C","1013.000","hPa","0.861","-0.02056","0.00035","-0.00011","0","14.7","Humid","26.25","0","52.00","344183.63","SABD0000000001","AAV1.0.0.11","2.0.0.28","PSt7-10","000000-000","10/20/2017 9:36:39 AM","0000-00","0","no battery","V"
"10/20/2017","12:43:57","5","default","957498349","OXY5","94.318","min","156.234","μmol/L","Humid","21.195","deg","90890","µV","35.720","°C","1019.000","hPa","37.0","pmil","0","55.500","deg","20.000","°C","100.000","%a.s.","22.500","deg","20.000","°C","1013.000","hPa","0.861","-0.02056","0.00035","-0.00011","0","14.7","Humid","26.25","0","52.00","344185.91","SABD0000000001","AAV1.0.0.11","2.0.0.28","PSt7-10","000000-000","10/20/2017 9:36:39 AM","0000-00","0","no battery","V"
"10/20/2017","12:43:58","5","default","957498349","OXY5","94.335","min","156.409","μmol/L","Humid","21.193","deg","90889","µV","35.695","°C","1019.000","hPa","37.0","pmil","0","55.500","deg","20.000","°C","100.000","%a.s.","22.500","deg","20.000","°C","1013.000","hPa","0.861","-0.02056","0.00035","-0.00011","0","14.7","Humid","26.25","0","52.00","344183.36","SABD0000000001","AAV1.0.0.11","2.0.0.28","PSt7-10","000000-000","10/20/2017 9:36:39 AM","0000-00","0","no battery","V"
"10/20/2017","12:43:59","5","default","957498349","OXY5","94.351","min","156.296","μmol/L","Humid","21.194","deg","90886","µV","35.711","°C","1019.000","hPa","37.0","pmil","0","55.500","deg","20.000","°C","100.000","%a.s.","22.500","deg","20.000","°C","1013.000","hPa","0.861","-0.02056","0.00035","-0.00011","0","14.7","Humid","26.25","0","52.00","344192.51","SABD0000000001","AAV1.0.0.11","2.0.0.28","PSt7-10","000000-000","10/20/2017 9:36:39 AM","0000-00","0","no battery","V"
"10/20/2017","12:44:00","5","default","957498349","OXY5","94.368","min","156.280","μmol/L","Humid","21.190","deg","90892","µV","35.724","°C","1019.000","hPa","37.0","pmil","0","55.500","deg","20.000","°C","100.000","%a.s.","22.500","deg","20.000","°C","1013.000","hPa","0.861","-0.02056","0.00035","-0.00011","0","14.7","Humid","26.25","0","52.00","344187.78","SABD0000000001","AAV1.0.0.11","2.0.0.28","PSt7-10","000000-000","10/20/2017 9:36:39 AM","0000-00","0","no battery","V"
"10/20/2017","12:44:01","5","default","957498349","OXY5","94.385","min","156.144","μmol/L","Humid","21.197","deg","90892","µV","35.730","°C","1019.000","hPa","37.0","pmil","0","55.500","deg","20.000","°C","100.000","%a.s.","22.500","deg","20.000","°C","1013.000","hPa","0.861","-0.02056","0.00035","-0.00011","0","14.7","Humid","26.25","0","52.00","344195.74","SABD0000000001","AAV1.0.0.11","2.0.0.28","PSt7-10","000000-000","10/20/2017 9:36:39 AM","0000-00","0","no battery","V"
"10/20/2017","12:44:02","5","default","957498349","OXY5","94.401","min","156.199","μmol/L","Humid","21.194","deg","90893","µV","35.728","°C","1019.000","hPa","37.0","pmil","0","55.500","deg","20.000","°C","100.000","%a.s.","22.500","deg","20.000","°C","1013.000","hPa","0.861","-0.02056","0.00035","-0.00011","0","14.7","Humid","26.25","0","52.00","344193.90","SABD0000000001","AAV1.0.0.11","2.0.0.28","PSt7-10","000000-000","10/20/2017 9:36:39 AM","0000-00","0","no battery","V"
"10/20/2017","12:44:03","5","default","957498349","OXY5","94.418","min","156.123","μmol/L","Humid","21.197","deg","90889","µV","35.734","°C","1019.000","hPa","37.0","pmil","0","55.500","deg","20.000","°C","100.000","%a.s.","22.500","deg","20.000","°C","1013.000","hPa","0.861","-0.02056","0.00035","-0.00011","0","14.7","Humid","26.25","0","52.00","344180.17","SABD0000000001","AAV1.0.0.11","2.0.0.28","PSt7-10","000000-000","10/20/2017 9:36:39 AM","0000-00","0","no battery","V"
"10/20/2017","12:44:04","5","default","957498349","OXY5","94.435","min","156.190","μmol/L","Humid","21.193","deg","90885","µV","35.732","°C","1019.000","hPa","37.0","pmil","0","55.500","deg","20.000","°C","100.000","%a.s.","22.500","deg","20.000","°C","1013.000","hPa","0.861","-0.02056","0.00035","-0.00011","0","14.7","Humid","26.25","0","52.00","344182.01","SABD0000000001","AAV1.0.0.11","2.0.0.28","PSt7-10","000000-000","10/20/2017 9:36:39 AM","0000-00","0","no battery","V"
"10/20/2017","12:44:05","5","default","957498349","OXY5","94.452","min","156.139","μmol/L","Humid","21.197","deg","90896","µV","35.731","°C","1019.000","hPa","37.0","pmil","0","55.500","deg","20.000","°C","100.000","%a.s.","22.500","deg","20.000","°C","1013.000","hPa","0.861","-0.02056","0.00035","-0.00011","0","14.7","Humid","26.25","0","52.00","344179.63","SABD0000000001","AAV1.0.0.11","2.0.0.28","PSt7-10","000000-000","10/20/2017 9:36:39 AM","0000-00","0","no battery","V"
"10/20/2017","12:44:06","5","default","957498349","OXY5","94.468","min","156.171","μmol/L","Humid","21.191","deg","90889","µV","35.740","°C","1019.000","hPa","37.0","pmil","0","55.500","deg","20.000","°C","100.000","%a.s.","22.500","deg","20.000","°C","1013.000","hPa","0.861","-0.02056","0.00035","-0.00011","0","14.7","Humid","26.25","0","52.00","344175.81","SABD0000000001","AAV1.0.0.11","2.0.0.28","PSt7-10","000000-000","10/20/2017 9:36:39 AM","0000-00","0","no battery","V"
"10/20/2017","12:44:07","5","default","957498349","OXY5","94.485","min","156.250","μmol/L","Humid","21.190","deg","90882","µV","35.729","°C","1019.000","hPa","37.0","pmil","0","55.500","deg","20.000","°C","100.000","%a.s.","22.500","deg","20.000","°C","1013.000","hPa","0.861","-0.02056","0.00035","-0.00011","0","14.7","Humid","26.25","0","52.00","344171.89","SABD0000000001","AAV1.0.0.11","2.0.0.28","PSt7-10","000000-000","10/20/2017 9:36:39 AM","0000-00","0","no battery","V"
"10/20/2017","12:44:08","5","default","957498349","OXY5","94.502","min","156.229","μmol/L","Humid","21.196","deg","90881","µV","35.718","°C","1019.000","hPa","37.0","pmil","0","55.500","deg","20.000","°C","100.000","%a.s.","22.500","deg","20.000","°C","1013.000","hPa","0.861","-0.02056","0.00035","-0.00011","0","14.7","Humid","26.25","0","52.00","344160.06","SABD0000000001","AAV1.0.0.11","2.0.0.28","PSt7-10","000000-000","10/20/2017 9:36:39 AM","0000-00","0","no battery","V"
"10/20/2017","12:44:09","5","default","957498349","OXY5","94.518","min","156.226","μmol/L","Humid","21.199","deg","90885","µV","35.711","°C","1019.000","hPa","37.0","pmil","0","55.500","deg","20.000","°C","100.000","%a.s.","22.500","deg","20.000","°C","1013.000","hPa","0.861","-0.02056","0.00035","-0.00011","0","14.7","Humid","26.25","0","52.00","344159.55","SABD0000000001","AAV1.0.0.11","2.0.0.28","PSt7-10","000000-000","10/20/2017 9:36:39 AM","0000-00","0","no battery","V"
"10/20/2017","12:44:10","5","default","957498349","OXY5","94.535","min","156.130","μmol/L","Humid","21.197","deg","90883","µV","35.732","°C","1019.000","hPa","37.0","pmil","0","55.500","deg","20.000","°C","100.000","%a.s.","22.500","deg","20.000","°C","1013.000","hPa","0.861","-0.02056","0.00035","-0.00011","0","14.7","Humid","26.25","0","52.00","344171.06","SABD0000000001","AAV1.0.0.11","2.0.0.28","PSt7-10","000000-000","10/20/2017 9:36:39 AM","0000-00","0","no battery","V"
"10/20/2017","12:44:11","5","default","957498349","OXY5","94.551","min","156.204","μmol/L","Humid","21.194","deg","90886","µV","35.727","°C","1019.000","hPa","37.0","pmil","0","55.500","deg","20.000","°C","100.000","%a.s.","22.500","deg","20.000","°C","1013.000","hPa","0.861","-0.02056","0.00035","-0.00011","0","14.7","Humid","26.25","0","52.00","344174.15","SABD0000000001","AAV1.0.0.11","2.0.0.28","PSt7-10","000000-000","10/20/2017 9:36:39 AM","0000-00","0","no battery","V"
"10/20/2017","12:44:12","5","default","957498349","OXY5","94.568","min","156.257","μmol/L","Humid","21.191","deg","90890","µV","35.725","°C","1019.000","hPa","37.0","pmil","0","55.500","deg","20.000","°C","100.000","%a.s.","22.500","deg","20.000","°C","1013.000","hPa","0.861","-0.02056","0.00035","-0.00011","0","14.7","Humid","26.25","0","52.00","344178.79","SABD0000000001","AAV1.0.0.11","2.0.0.28","PSt7-10","000000-000","10/20/2017 9:36:39 AM","0000-00","0","no battery","V"
"10/20/2017","12:44:13","5","default","957498349","OXY5","94.584","min","156.176","μmol/L","Humid","21.195","deg","90891","µV","35.729","°C","1019.000","hPa","37.0","pmil","0","55.500","deg","20.000","°C","100.000","%a.s.","22.500","deg","20.000","°C","1013.000","hPa","0.861","-0.02056","0.00035","-0.00011","0","14.7","Humid","26.25","0","52.00","344166.80","SABD0000000001","AAV1.0.0.11","2.0.0.28","PSt7-10","000000-000","10/20/2017 9:36:39 AM","0000-00","0","no battery","V"
"10/20/2017","12:44:14","5","default","957498349","OXY5","94.601","min","156.289","μmol/L","Humid","21.193","deg","90889","µV","35.715","°C","1019.000","hPa","37.0","pmil","0","55.500","deg","20.000","°C","100.000","%a.s.","22.500","deg","20.000","°C","1013.000","hPa","0.861","-0.02056","0.00035","-0.00011","0","14.7","Humid","26.25","0","52.00","344170.60","SABD0000000001","AAV1.0.0.11","2.0.0.28","PSt7-10","000000-000","10/20/2017 9:36:39 AM","0000-00","0","no battery","V"
"10/20/2017","12:44:15","5","default","957498349","OXY5","94.618","min","156.327","μmol/L","Humid","21.192","deg","90891","µV","35.711","°C","1019.000","hPa","37.0","pmil","0","55.500","deg","20.000","°C","100.000","%a.s.","22.500","deg","20.000","°C","1013.000","hPa","0.861","-0.02056","0.00035","-0.00011","0","14.7","Humid","26.25","0","52.00","344172.87","SABD0000000001","AAV1.0.0.11","2.0.0.28","PSt7-10","000000-000","10/20/2017 9:36:39 AM","0000-00","0","no battery","V"
"10/20/2017","12:44:16","5","default","957498349","OXY5","94.634","min","156.134","μmol/L","Humid","21.196","deg","90892","µV","35.734","°C","1019.000","hPa","37.0","pmil","0","55.500","deg","20.000","°C","100.000","%a.s.","22.500","deg","20.000","°C","1013.000","hPa","0.861","-0.02056","0.00035","-0.00011","0","14.7","Humid","26.25","0","52.00","344169.13","SABD0000000001","AAV1.0.0.11","2.0.0.28","PSt7-10","000000-000","10/20/2017 9:36:39 AM","0000-00","0","no battery","V"
"10/20/2017","12:44:17","5","default","957498349","OXY5","94.651","min","156.267","μmol/L","Humid","21.193","deg","90891","µV","35.719","°C","1019.000","hPa","37.0","pmil","0","55.500","deg","20.000","°C","100.000","%a.s.","22.500","deg","20.000","°C","1013.000","hPa","0.861","-0.02056","0.00035","-0.00011","0","14.7","Humid","26.25","0","52.00","344165.89","SABD0000000001","AAV1.0.0.11","2.0.0.28","PSt7-10","000000-000","10/20/2017 9:36:39 AM","0000-00","0","no battery","V"
"10/20/2017","12:44:18","5","default","957498349","OXY5","94.668","min","156.261","μmol/L","Humid","21.192","deg","90888","µV","35.722","°C","1019.000","hPa","37.0","pmil","0","55.500","deg","20.000","°C","100.000","%a.s.","22.500","deg","20.000","°C","1013.000","hPa","0.861","-0.02056","0.00035","-0.00011","0","14.7","Humid","26.25","0","52.00","344161.34","SABD0000000001","AAV1.0.0.11","2.0.0.28","PSt7-10","000000-000","10/20/2017 9:36:39 AM","0000-00","0","no battery","V"
"10/20/2017","12:44:19","5","default","957498349","OXY5","94.685","min","156.234","μmol/L","Humid","21.197","deg","90881","µV","35.715","°C","1019.000","hPa","37.0","pmil","0","55.500","deg","20.000","°C","100.000","%a.s.","22.500","deg","20.000","°C","1013.000","hPa","0.861","-0.02056","0.00035","-0.00011","0","14.7","Humid","26.25","0","52.00","344177.68","SABD0000000001","AAV1.0.0.11","2.0.0.28","PSt7-10","000000-000","10/20/2017 9:36:39 AM","0000-00","0","no battery","V"
"10/20/2017","12:44:20","5","default","957498349","OXY5","94.701","min","156.046","μmol/L","Humid","21.196","deg","90885","µV","35.749","°C","1019.000","hPa","37.0","pmil","0","55.500","deg","20.000","°C","100.000","%a.s.","22.500","deg","20.000","°C","1013.000","hPa","0.861","-0.02056","0.00035","-0.00011","0","14.7","Humid","26.25","0","52.00","344177.96","SABD0000000001","AAV1.0.0.11","2.0.0.28","PSt7-10","000000-000","10/20/2017 9:36:39 AM","0000-00","0","no battery","V"
"10/20/2017","12:44:21","5","default","957498349","OXY5","94.718","min","156.177","μmol/L","Humid","21.189","deg","90887","µV","35.744","°C","1019.000","hPa","37.0","pmil","0","55.500","deg","20.000","°C","100.000","%a.s.","22.500","deg","20.000","°C","1013.000","hPa","0.861","-0.02056","0.00035","-0.00011","0","14.7","Humid","26.25","0","52.00","344171.83","SABD0000000001","AAV1.0.0.11","2.0.0.28","PSt7-10","000000-000","10/20/2017 9:36:39 AM","0000-00","0","no battery","V"
"10/20/2017","12:44:22","5","default","957498349","OXY5","94.735","min","156.220","μmol/L","Humid","21.191","deg","90891","µV","35.731","°C","1019.000","hPa","37.0","pmil","0","55.500","deg","20.000","°C","100.000","%a.s.","22.500","deg","20.000","°C","1013.000","hPa","0.861","-0.02056","0.00035","-0.00011","0","14.7","Humid","26.25","0","52.00","344170.58","SABD0000000001","AAV1.0.0.11","2.0.0.28","PSt7-10","000000-000","10/20/2017 9:36:39 AM","0000-00","0","no battery","V"
"10/20/2017","12:44:23","5","default","957498349","OXY5","94.751","min","156.226","μmol/L","Humid","21.194","deg","90888","µV","35.723","°C","1019.000","hPa","37.0","pmil","0","55.500","deg","20.000","°C","100.000","%a.s.","22.500","deg","20.000","°C","1013.000","hPa","0.861","-0.02056","0.00035","-0.00011","0","14.7","Humid","26.25","0","52.00","344170.83","SABD0000000001","AAV1.0.0.11","2.0.0.28","PSt7-10","000000-000","10/20/2017 9:36:39 AM","0000-00","0","no battery","V"
"10/20/2017","12:44:24","5","default","957498349","OXY5","94.768","min","156.232","μmol/L","Humid","21.194","deg","90887","µV","35.722","°C","1019.000","hPa","37.0","pmil","0","55.500","deg","20.000","°C","100.000","%a.s.","22.500","deg","20.000","°C","1013.000","hPa","0.861","-0.02056","0.00035","-0.00011","0","14.7","Humid","26.25","0","52.00","344165.77","SABD0000000001","AAV1.0.0.11","2.0.0.28","PSt7-10","000000-000","10/20/2017 9:36:39 AM","0000-00","0","no battery","V"
"10/20/2017","12:44:25","5","default","957498349","OXY5","94.785","min","156.194","μmol/L","Humid","21.195","deg","90879","µV","35.726","°C","1019.000","hPa","37.0","pmil","0","55.500","deg","20.000","°C","100.000","%a.s.","22.500","deg","20.000","°C","1013.000","hPa","0.861","-0.02056","0.00035","-0.00011","0","14.7","Humid","26.25","0","52.00","344169.32","SABD0000000001","AAV1.0.0.11","2.0.0.28","PSt7-10","000000-000","10/20/2017 9:36:39 AM","0000-00","0","no battery","V"
"10/20/2017","12:44:26","5","default","957498349","OXY5","94.802","min","156.255","μmol/L","Humid","21.189","deg","90890","µV","35.730","°C","1019.000","hPa","37.0","pmil","0","55.500","deg","20.000","°C","100.000","%a.s.","22.500","deg","20.000","°C","1013.000","hPa","0.861","-0.02056","0.00035","-0.00011","0","14.7","Humid","26.25","0","52.00","344155.73","SABD0000000001","AAV1.0.0.11","2.0.0.28","PSt7-10","000000-000","10/20/2017 9:36:39 AM","0000-00","0","no battery","V"
"10/20/2017","12:44:27","5","default","957498349","OXY5","94.818","min","156.244","μmol/L","Humid","21.193","deg","90887","µV","35.723","°C","1019.000","hPa","37.0","pmil","0","55.500","deg","20.000","°C","100.000","%a.s.","22.500","deg","20.000","°C","1013.000","hPa","0.861","-0.02056","0.00035","-0.00011","0","14.7","Humid","26.25","0","52.00","344173.21","SABD0000000001","AAV1.0.0.11","2.0.0.28","PSt7-10","000000-000","10/20/2017 9:36:39 AM","0000-00","0","no battery","V"
"10/20/2017","12:44:28","5","default","957498349","OXY5","94.835","min","156.252","μmol/L","Humid","21.194","deg","90882","µV","35.719","°C","1019.000","hPa","37.0","pmil","0","55.500","deg","20.000","°C","100.000","%a.s.","22.500","deg","20.000","°C","1013.000","hPa","0.861","-0.02056","0.00035","-0.00011","0","14.7","Humid","26.25","0","52.00","344143.81","SABD0000000001","AAV1.0.0.11","2.0.0.28","PSt7-10","000000-000","10/20/2017 9:36:39 AM","0000-00","0","no battery","V"
"10/20/2017","12:44:29","5","default","957498349","OXY5","94.852","min","156.276","μmol/L","Humid","21.191","deg","90877","µV","35.722","°C","1019.000","hPa","37.0","pmil","0","55.500","deg","20.000","°C","100.000","%a.s.","22.500","deg","20.000","°C","1013.000","hPa","0.861","-0.02056","0.00035","-0.00011","0","14.7","Humid","26.25","0","52.00","344155.39","SABD0000000001","AAV1.0.0.11","2.0.0.28","PSt7-10","000000-000","10/20/2017 9:36:39 AM","0000-00","0","no battery","V"
"10/20/2017","12:44:30","5","default","957498349","OXY5","94.868","min","156.222","μmol/L","Humid","21.193","deg","90889","µV","35.726","°C","1019.000","hPa","37.0","pmil","0","55.500","deg","20.000","°C","100.000","%a.s.","22.500","deg","20.000","°C","1013.000","hPa","0.861","-0.02056","0.00035","-0.00011","0","14.7","Humid","26.25","0","52.00","344152.30","SABD0000000001","AAV1.0.0.11","2.0.0.28","PSt7-10","000000-000","10/20/2017 9:36:39 AM","0000-00","0","no battery","V"
"10/20/2017","12:44:31","5","default","957498349","OXY5","94.885","min","156.265","μmol/L","Humid","21.192","deg","90879","µV","35.721","°C","1019.000","hPa","37.0","pmil","0","55.500","deg","20.000","°C","100.000","%a.s.","22.500","deg","20.000","°C","1013.000","hPa","0.861","-0.02056","0.00035","-0.00011","0","14.7","Humid","26.25","0","52.00","344161.38","SABD0000000001","AAV1.0.0.11","2.0.0.28","PSt7-10","000000-000","10/20/2017 9:36:39 AM","0000-00","0","no battery","V"
"10/20/2017","12:44:32","5","default","957498349","OXY5","94.902","min","156.155","μmol/L","Humid","21.192","deg","90885","µV","35.740","°C","1019.000","hPa","37.0","pmil","0","55.500","deg","20.000","°C","100.000","%a.s.","22.500","deg","20.000","°C","1013.000","hPa","0.861","-0.02056","0.00035","-0.00011","0","14.7","Humid","26.25","0","52.00","344162.15","SABD0000000001","AAV1.0.0.11","2.0.0.28","PSt7-10","000000-000","10/20/2017 9:36:39 AM","0000-00","0","no battery","V"
"10/20/2017","12:44:33","5","default","957498349","OXY5","94.918","min","156.257","μmol/L","Humid","21.191","deg","90885","µV","35.725","°C","1019.000","hPa","37.0","pmil","0","55.500","deg","20.000","°C","100.000","%a.s.","22.500","deg","20.000","°C","1013.000","hPa","0.861","-0.02056","0.00035","-0.00011","0","14.7","Humid","26.25","0","52.00","344158.19","SABD0000000001","AAV1.0.0.11","2.0.0.28","PSt7-10","000000-000","10/20/2017 9:36:39 AM","0000-00","0","no battery","V"
"10/20/2017","12:44:34","5","default","957498349","OXY5","94.935","min","156.276","μmol/L","Humid","21.194","deg","90880","µV","35.715","°C","1019.000","hPa","37.0","pmil","0","55.500","deg","20.000","°C","100.000","%a.s.","22.500","deg","20.000","°C","1013.000","hPa","0.861","-0.02056","0.00035","-0.00011","0","14.7","Humid","26.25","0","52.00","344160.96","SABD0000000001","AAV1.0.0.11","2.0.0.28","PSt7-10","000000-000","10/20/2017 9:36:39 AM","0000-00","0","no battery","V"
"10/20/2017","12:44:35","5","default","957498349","OXY5","94.952","min","156.272","μmol/L","Humid","21.191","deg","90883","µV","35.723","°C","1019.000","hPa","37.0","pmil","0","55.500","deg","20.000","°C","100.000","%a.s.","22.500","deg","20.000","°C","1013.000","hPa","0.861","-0.02056","0.00035","-0.00011","0","14.7","Humid","26.25","0","52.00","344138.23","SABD0000000001","AAV1.0.0.11","2.0.0.28","PSt7-10","000000-000","10/20/2017 9:36:39 AM","0000-00","0","no battery","V"
"10/20/2017","12:44:36","5","default","957498349","OXY5","94.968","min","156.363","μmol/L","Humid","21.192","deg","90886","µV","35.705","°C","1019.000","hPa","37.0","pmil","0","55.500","deg","20.000","°C","100.000","%a.s.","22.500","deg","20.000","°C","1013.000","hPa","0.861","-0.02056","0.00035","-0.00011","0","14.7","Humid","26.25","0","52.00","344153.43","SABD0000000001","AAV1.0.0.11","2.0.0.28","PSt7-10","000000-000","10/20/2017 9:36:39 AM","0000-00","0","no battery","V"
"10/20/2017","12:44:37","5","default","957498349","OXY5","94.985","min","156.274","μmol/L","Humid","21.192","deg","90879","µV","35.720","°C","1019.000","hPa","37.0","pmil","0","55.500","deg","20.000","°C","100.000","%a.s.","22.500","deg","20.000","°C","1013.000","hPa","0.861","-0.02056","0.00035","-0.00011","0","14.7","Humid","26.25","0","52.00","344145.68","SABD0000000001","AAV1.0.0.11","2.0.0.28","PSt7-10","000000-000","10/20/2017 9:36:39 AM","0000-00","0","no battery","V"
"10/20/2017","12:44:38","5","default","957498349","OXY5","95.002","min","156.186","μmol/L","Humid","21.191","deg","90883","µV","35.737","°C","1019.000","hPa","37.0","pmil","0","55.500","deg","20.000","°C","100.000","%a.s.","22.500","deg","20.000","°C","1013.000","hPa","0.861","-0.02056","0.00035","-0.00011","0","14.7","Humid","26.25","0","52.00","344149.54","SABD0000000001","AAV1.0.0.11","2.0.0.28","PSt7-10","000000-000","10/20/2017 9:36:39 AM","0000-00","0","no battery","V"
"10/20/2017","12:44:39","5","default","957498349","OXY5","95.018","min","156.136","μmol/L","Humid","21.191","deg","90894","µV","35.746","°C","1019.000","hPa","37.0","pmil","0","55.500","deg","20.000","°C","100.000","%a.s.","22.500","deg","20.000","°C","1013.000","hPa","0.861","-0.02056","0.00035","-0.00011","0","14.7","Humid","26.25","0","52.00","344148.75","SABD0000000001","AAV1.0.0.11","2.0.0.28","PSt7-10","000000-000","10/20/2017 9:36:39 AM","0000-00","0","no battery","V"
"10/20/2017","12:44:40","5","default","957498349","OXY5","95.035","min","156.097","μmol/L","Humid","21.196","deg","90884","µV","35.741","°C","1019.000","hPa","37.0","pmil","0","55.500","deg","20.000","°C","100.000","%a.s.","22.500","deg","20.000","°C","1013.000","hPa","0.861","-0.02056","0.00035","-0.00011","0","14.7","Humid","26.25","0","52.00","344138.98","SABD0000000001","AAV1.0.0.11","2.0.0.28","PSt7-10","000000-000","10/20/2017 9:36:39 AM","0000-00","0","no battery","V"
"10/20/2017","12:44:41","5","default","957498349","OXY5","95.052","min","156.202","μmol/L","Humid","21.191","deg","90884","µV","35.735","°C","1019.000","hPa","37.0","pmil","0","55.500","deg","20.000","°C","100.000","%a.s.","22.500","deg","20.000","°C","1013.000","hPa","0.861","-0.02056","0.00035","-0.00011","0","14.7","Humid","26.25","0","52.00","344156.09","SABD0000000001","AAV1.0.0.11","2.0.0.28","PSt7-10","000000-000","10/20/2017 9:36:39 AM","0000-00","0","no battery","V"
"10/20/2017","12:44:42","5","default","957498349","OXY5","95.068","min","156.119","μmol/L","Humid","21.195","deg","90882","µV","35.739","°C","1019.000","hPa","37.0","pmil","0","55.500","deg","20.000","°C","100.000","%a.s.","22.500","deg","20.000","°C","1013.000","hPa","0.861","-0.02056","0.00035","-0.00011","0","14.7","Humid","26.25","0","52.00","344151.47","SABD0000000001","AAV1.0.0.11","2.0.0.28","PSt7-10","000000-000","10/20/2017 9:36:39 AM","0000-00","0","no battery","V"
"10/20/2017","12:44:43","5","default","957498349","OXY5","95.085","min","156.198","μmol/L","Humid","21.192","deg","90879","µV","35.733","°C","1019.000","hPa","37.0","pmil","0","55.500","deg","20.000","°C","100.000","%a.s.","22.500","deg","20.000","°C","1013.000","hPa","0.861","-0.02056","0.00035","-0.00011","0","14.7","Humid","26.25","0","52.00","344141.02","SABD0000000001","AAV1.0.0.11","2.0.0.28","PSt7-10","000000-000","10/20/2017 9:36:39 AM","0000-00","0","no battery","V"
"10/20/2017","12:44:44","5","default","957498349","OXY5","95.102","min","156.077","μmol/L","Humid","21.198","deg","90883","µV","35.739","°C","1019.000","hPa","37.0","pmil","0","55.500","deg","20.000","°C","100.000","%a.s.","22.500","deg","20.000","°C","1013.000","hPa","0.861","-0.02056","0.00035","-0.00011","0","14.7","Humid","26.25","0","52.00","344153.45","SABD0000000001","AAV1.0.0.11","2.0.0.28","PSt7-10","000000-000","10/20/2017 9:36:39 AM","0000-00","0","no battery","V"
"10/20/2017","12:44:45","5","default","957498349","OXY5","95.118","min","156.228","μmol/L","Humid","21.193","deg","90890","µV","35.725","°C","1019.000","hPa","37.0","pmil","0","55.500","deg","20.000","°C","100.000","%a.s.","22.500","deg","20.000","°C","1013.000","hPa","0.861","-0.02056","0.00035","-0.00011","0","14.7","Humid","26.25","0","52.00","344141.82","SABD0000000001","AAV1.0.0.11","2.0.0.28","PSt7-10","000000-000","10/20/2017 9:36:39 AM","0000-00","0","no battery","V"
"10/20/2017","12:44:46","5","default","957498349","OXY5","95.135","min","156.231","μmol/L","Humid","21.191","deg","90876","µV","35.730","°C","1019.000","hPa","37.0","pmil","0","55.500","deg","20.000","°C","100.000","%a.s.","22.500","deg","20.000","°C","1013.000","hPa","0.861","-0.02056","0.00035","-0.00011","0","14.7","Humid","26.25","0","52.00","344122.98","SABD0000000001","AAV1.0.0.11","2.0.0.28","PSt7-10","000000-000","10/20/2017 9:36:39 AM","0000-00","0","no battery","V"
"10/20/2017","12:44:47","5","default","957498349","OXY5","95.152","min","156.128","μmol/L","Humid","21.194","deg","90887","µV","35.740","°C","1019.000","hPa","37.0","pmil","0","55.500","deg","20.000","°C","100.000","%a.s.","22.500","deg","20.000","°C","1013.000","hPa","0.861","-0.02056","0.00035","-0.00011","0","14.7","Humid","26.25","0","52.00","344125.84","SABD0000000001","AAV1.0.0.11","2.0.0.28","PSt7-10","000000-000","10/20/2017 9:36:39 AM","0000-00","0","no battery","V"
"10/20/2017","12:44:48","5","default","957498349","OXY5","95.168","min","156.224","μmol/L","Humid","21.191","deg","90876","µV","35.731","°C","1019.000","hPa","37.0","pmil","0","55.500","deg","20.000","°C","100.000","%a.s.","22.500","deg","20.000","°C","1013.000","hPa","0.861","-0.02056","0.00035","-0.00011","0","14.7","Humid","26.25","0","52.00","344131.73","SABD0000000001","AAV1.0.0.11","2.0.0.28","PSt7-10","000000-000","10/20/2017 9:36:39 AM","0000-00","0","no battery","V"
"10/20/2017","12:44:49","5","default","957498349","OXY5","95.185","min","156.170","μmol/L","Humid","21.194","deg","90886","µV","35.733","°C","1019.000","hPa","37.0","pmil","0","55.500","deg","20.000","°C","100.000","%a.s.","22.500","deg","20.000","°C","1013.000","hPa","0.861","-0.02056","0.00035","-0.00011","0","14.7","Humid","26.25","0","52.00","344132.69","SABD0000000001","AAV1.0.0.11","2.0.0.28","PSt7-10","000000-000","10/20/2017 9:36:39 AM","0000-00","0","no battery","V"
"10/20/2017","12:44:50","5","default","957498349","OXY5","95.202","min","156.275","μmol/L","Humid","21.191","deg","90891","µV","35.722","°C","1019.000","hPa","37.0","pmil","0","55.500","deg","20.000","°C","100.000","%a.s.","22.500","deg","20.000","°C","1013.000","hPa","0.861","-0.02056","0.00035","-0.00011","0","14.7","Humid","26.25","0","52.00","344124.60","SABD0000000001","AAV1.0.0.11","2.0.0.28","PSt7-10","000000-000","10/20/2017 9:36:39 AM","0000-00","0","no battery","V"
"10/20/2017","12:44:51","5","default","957498349","OXY5","95.218","min","156.230","μmol/L","Humid","21.192","deg","90880","µV","35.727","°C","1019.000","hPa","37.0","pmil","0","55.500","deg","20.000","°C","100.000","%a.s.","22.500","deg","20.000","°C","1013.000","hPa","0.861","-0.02056","0.00035","-0.00011","0","14.7","Humid","26.25","0","52.00","344127.11","SABD0000000001","AAV1.0.0.11","2.0.0.28","PSt7-10","000000-000","10/20/2017 9:36:39 AM","0000-00","0","no battery","V"
"10/20/2017","12:44:52","5","default","957498349","OXY5","95.235","min","156.151","μmol/L","Humid","21.196","deg","90880","µV","35.731","°C","1019.000","hPa","37.0","pmil","0","55.500","deg","20.000","°C","100.000","%a.s.","22.500","deg","20.000","°C","1013.000","hPa","0.861","-0.02056","0.00035","-0.00011","0","14.7","Humid","26.25","0","52.00","344123.53","SABD0000000001","AAV1.0.0.11","2.0.0.28","PSt7-10","000000-000","10/20/2017 9:36:39 AM","0000-00","0","no battery","V"
"10/20/2017","12:44:53","5","default","957498349","OXY5","95.252","min","156.164","μmol/L","Humid","21.198","deg","90875","µV","35.724","°C","1019.000","hPa","37.0","pmil","0","55.500","deg","20.000","°C","100.000","%a.s.","22.500","deg","20.000","°C","1013.000","hPa","0.861","-0.02056","0.00035","-0.00011","0","14.7","Humid","26.25","0","52.00","344109.09","SABD0000000001","AAV1.0.0.11","2.0.0.28","PSt7-10","000000-000","10/20/2017 9:36:39 AM","0000-00","0","no battery","V"
"10/20/2017","12:44:54","5","default","957498349","OXY5","95.268","min","156.202","μmol/L","Humid","21.192","deg","90878","µV","35.732","°C","1019.000","hPa","37.0","pmil","0","55.500","deg","20.000","°C","100.000","%a.s.","22.500","deg","20.000","°C","1013.000","hPa","0.861","-0.02056","0.00035","-0.00011","0","14.7","Humid","26.25","0","52.00","344129.55","SABD0000000001","AAV1.0.0.11","2.0.0.28","PSt7-10","000000-000","10/20/2017 9:36:39 AM","0000-00","0","no battery","V"
"10/20/2017","12:44:55","5","default","957498349","OXY5","95.285","min","156.210","μmol/L","Humid","21.195","deg","90879","µV","35.724","°C","1019.000","hPa","37.0","pmil","0","55.500","deg","20.000","°C","100.000","%a.s.","22.500","deg","20.000","°C","1013.000","hPa","0.861","-0.02056","0.00035","-0.00011","0","14.7","Humid","26.25","0","52.00","344117.65","SABD0000000001","AAV1.0.0.11","2.0.0.28","PSt7-10","000000-000","10/20/2017 9:36:39 AM","0000-00","0","no battery","V"
"10/20/2017","12:44:56","5","default","957498349","OXY5","95.302","min","156.243","μmol/L","Humid","21.190","deg","90877","µV","35.730","°C","1019.000","hPa","37.0","pmil","0","55.500","deg","20.000","°C","100.000","%a.s.","22.500","deg","20.000","°C","1013.000","hPa","0.861","-0.02056","0.00035","-0.00011","0","14.7","Humid","26.25","0","52.00","344108.43","SABD0000000001","AAV1.0.0.11","2.0.0.28","PSt7-10","000000-000","10/20/2017 9:36:39 AM","0000-00","0","no battery","V"
"10/20/2017","12:44:57","5","default","957498349","OXY5","95.318","min","156.223","μmol/L","Humid","21.191","deg","90882","µV","35.731","°C","1019.000","hPa","37.0","pmil","0","55.500","deg","20.000","°C","100.000","%a.s.","22.500","deg","20.000","°C","1013.000","hPa","0.861","-0.02056","0.00035","-0.00011","0","14.7","Humid","26.25","0","52.00","344122.57","SABD0000000001","AAV1.0.0.11","2.0.0.28","PSt7-10","000000-000","10/20/2017 9:36:39 AM","0000-00","0","no battery","V"
"10/20/2017","12:44:58","5","default","957498349","OXY5","95.335","min","156.124","μmol/L","Humid","21.194","deg","90878","µV","35.741","°C","1019.000","hPa","37.0","pmil","0","55.500","deg","20.000","°C","100.000","%a.s.","22.500","deg","20.000","°C","1013.000","hPa","0.861","-0.02056","0.00035","-0.00011","0","14.7","Humid","26.25","0","52.00","344114.04","SABD0000000001","AAV1.0.0.11","2.0.0.28","PSt7-10","000000-000","10/20/2017 9:36:39 AM","0000-00","0","no battery","V"
"10/20/2017","12:44:59","5","default","957498349","OXY5","95.352","min","156.162","μmol/L","Humid","21.192","deg","90882","µV","35.739","°C","1019.000","hPa","37.0","pmil","0","55.500","deg","20.000","°C","100.000","%a.s.","22.500","deg","20.000","°C","1013.000","hPa","0.861","-0.02056","0.00035","-0.00011","0","14.7","Humid","26.25","0","52.00","344100.52","SABD0000000001","AAV1.0.0.11","2.0.0.28","PSt7-10","000000-000","10/20/2017 9:36:39 AM","0000-00","0","no battery","V"
"10/20/2017","12:45:00","5","default","957498349","OXY5","95.368","min","156.193","μmol/L","Humid","21.190","deg","90879","µV","35.738","°C","1019.000","hPa","37.0","pmil","0","55.500","deg","20.000","°C","100.000","%a.s.","22.500","deg","20.000","°C","1013.000","hPa","0.861","-0.02056","0.00035","-0.00011","0","14.7","Humid","26.25","0","52.00","344110.72","SABD0000000001","AAV1.0.0.11","2.0.0.28","PSt7-10","000000-000","10/20/2017 9:36:39 AM","0000-00","0","no battery","V"
"10/20/2017","12:45:01","5","default","957498349","OXY5","95.385","min","156.193","μmol/L","Humid","21.191","deg","90877","µV","35.736","°C","1019.000","hPa","37.0","pmil","0","55.500","deg","20.000","°C","100.000","%a.s.","22.500","deg","20.000","°C","1013.000","hPa","0.861","-0.02056","0.00035","-0.00011","0","14.7","Humid","26.25","0","52.00","344115.58","SABD0000000001","AAV1.0.0.11","2.0.0.28","PSt7-10","000000-000","10/20/2017 9:36:39 AM","0000-00","0","no battery","V"
"10/20/2017","12:45:02","5","default","957498349","OXY5","95.402","min","156.140","μmol/L","Humid","21.193","deg","90875","µV","35.740","°C","1019.000","hPa","37.0","pmil","0","55.500","deg","20.000","°C","100.000","%a.s.","22.500","deg","20.000","°C","1013.000","hPa","0.861","-0.02056","0.00035","-0.00011","0","14.7","Humid","26.25","0","52.00","344110.43","SABD0000000001","AAV1.0.0.11","2.0.0.28","PSt7-10","000000-000","10/20/2017 9:36:39 AM","0000-00","0","no battery","V"
"10/20/2017","12:45:03","5","default","957498349","OXY5","95.418","min","156.202","μmol/L","Humid","21.191","deg","90877","µV","35.735","°C","1019.000","hPa","37.0","pmil","0","55.500","deg","20.000","°C","100.000","%a.s.","22.500","deg","20.000","°C","1013.000","hPa","0.861","-0.02056","0.00035","-0.00011","0","14.7","Humid","26.25","0","52.00","344109.51","SABD0000000001","AAV1.0.0.11","2.0.0.28","PSt7-10","000000-000","10/20/2017 9:36:39 AM","0000-00","0","no battery","V"
"10/20/2017","12:45:04","5","default","957498349","OXY5","95.435","min","156.211","μmol/L","Humid","21.191","deg","90879","µV","35.733","°C","1019.000","hPa","37.0","pmil","0","55.500","deg","20.000","°C","100.000","%a.s.","22.500","deg","20.000","°C","1013.000","hPa","0.861","-0.02056","0.00035","-0.00011","0","14.7","Humid","26.25","0","52.00","344108.29","SABD0000000001","AAV1.0.0.11","2.0.0.28","PSt7-10","000000-000","10/20/2017 9:36:39 AM","0000-00","0","no battery","V"
"10/20/2017","12:45:05","5","default","957498349","OXY5","95.452","min","156.241","μmol/L","Humid","21.192","deg","90879","µV","35.725","°C","1019.000","hPa","37.0","pmil","0","55.500","deg","20.000","°C","100.000","%a.s.","22.500","deg","20.000","°C","1013.000","hPa","0.861","-0.02056","0.00035","-0.00011","0","14.7","Humid","26.25","0","52.00","344097.21","SABD0000000001","AAV1.0.0.11","2.0.0.28","PSt7-10","000000-000","10/20/2017 9:36:39 AM","0000-00","0","no battery","V"
"10/20/2017","12:45:06","5","default","957498349","OXY5","95.468","min","156.228","μmol/L","Humid","21.191","deg","90880","µV","35.730","°C","1019.000","hPa","37.0","pmil","0","55.500","deg","20.000","°C","100.000","%a.s.","22.500","deg","20.000","°C","1013.000","hPa","0.861","-0.02056","0.00035","-0.00011","0","14.7","Humid","26.25","0","52.00","344092.16","SABD0000000001","AAV1.0.0.11","2.0.0.28","PSt7-10","000000-000","10/20/2017 9:36:39 AM","0000-00","0","no battery","V"
"10/20/2017","12:45:07","5","default","957498349","OXY5","95.485","min","156.105","μmol/L","Humid","21.194","deg","90873","µV","35.744","°C","1019.000","hPa","37.0","pmil","0","55.500","deg","20.000","°C","100.000","%a.s.","22.500","deg","20.000","°C","1013.000","hPa","0.861","-0.02056","0.00035","-0.00011","0","14.7","Humid","26.25","0","52.00","344096.48","SABD0000000001","AAV1.0.0.11","2.0.0.28","PSt7-10","000000-000","10/20/2017 9:36:39 AM","0000-00","0","no battery","V"
"10/20/2017","12:45:08","5","default","957498349","OXY5","95.502","min","156.225","μmol/L","Humid","21.190","deg","90879","µV","35.733","°C","1019.000","hPa","37.0","pmil","0","55.500","deg","20.000","°C","100.000","%a.s.","22.500","deg","20.000","°C","1013.000","hPa","0.861","-0.02056","0.00035","-0.00011","0","14.7","Humid","26.25","0","52.00","344094.95","SABD0000000001","AAV1.0.0.11","2.0.0.28","PSt7-10","000000-000","10/20/2017 9:36:39 AM","0000-00","0","no battery","V"
"10/20/2017","12:45:09","5","default","957498349","OXY5","95.518","min","156.194","μmol/L","Humid","21.194","deg","90875","µV","35.729","°C","1019.000","hPa","37.0","pmil","0","55.500","deg","20.000","°C","100.000","%a.s.","22.500","deg","20.000","°C","1013.000","hPa","0.861","-0.02056","0.00035","-0.00011","0","14.7","Humid","26.25","0","52.00","344086.98","SABD0000000001","AAV1.0.0.11","2.0.0.28","PSt7-10","000000-000","10/20/2017 9:36:39 AM","0000-00","0","no battery","V"
"10/20/2017","12:45:10","5","default","957498349","OXY5","95.535","min","156.116","μmol/L","Humid","21.196","deg","90873","µV","35.737","°C","1019.000","hPa","37.0","pmil","0","55.500","deg","20.000","°C","100.000","%a.s.","22.500","deg","20.000","°C","1013.000","hPa","0.861","-0.02056","0.00035","-0.00011","0","14.7","Humid","26.25","0","52.00","344088.60","SABD0000000001","AAV1.0.0.11","2.0.0.28","PSt7-10","000000-000","10/20/2017 9:36:39 AM","0000-00","0","no battery","V"
"10/20/2017","12:45:11","5","default","957498349","OXY5","95.552","min","156.187","μmol/L","Humid","21.192","deg","90876","µV","35.735","°C","1019.000","hPa","37.0","pmil","0","55.500","deg","20.000","°C","100.000","%a.s.","22.500","deg","20.000","°C","1013.000","hPa","0.861","-0.02056","0.00035","-0.00011","0","14.7","Humid","26.25","0","52.00","344094.87","SABD0000000001","AAV1.0.0.11","2.0.0.28","PSt7-10","000000-000","10/20/2017 9:36:39 AM","0000-00","0","no battery","V"
"10/20/2017","12:45:12","5","default","957498349","OXY5","95.568","min","156.180","μmol/L","Humid","21.192","deg","90873","µV","35.736","°C","1019.000","hPa","37.0","pmil","0","55.500","deg","20.000","°C","100.000","%a.s.","22.500","deg","20.000","°C","1013.000","hPa","0.861","-0.02056","0.00035","-0.00011","0","14.7","Humid","26.25","0","52.00","344082.17","SABD0000000001","AAV1.0.0.11","2.0.0.28","PSt7-10","000000-000","10/20/2017 9:36:39 AM","0000-00","0","no battery","V"
"10/20/2017","12:45:13","5","default","957498349","OXY5","95.585","min","156.149","μmol/L","Humid","21.193","deg","90869","µV","35.739","°C","1019.000","hPa","37.0","pmil","0","55.500","deg","20.000","°C","100.000","%a.s.","22.500","deg","20.000","°C","1013.000","hPa","0.861","-0.02056","0.00035","-0.00011","0","14.7","Humid","26.25","0","52.00","344087.08","SABD0000000001","AAV1.0.0.11","2.0.0.28","PSt7-10","000000-000","10/20/2017 9:36:39 AM","0000-00","0","no battery","V"
"10/20/2017","12:45:14","5","default","957498349","OXY5","95.602","min","156.134","μmol/L","Humid","21.193","deg","90880","µV","35.741","°C","1019.000","hPa","37.0","pmil","0","55.500","deg","20.000","°C","100.000","%a.s.","22.500","deg","20.000","°C","1013.000","hPa","0.861","-0.02056","0.00035","-0.00011","0","14.7","Humid","26.25","0","52.00","344082.23","SABD0000000001","AAV1.0.0.11","2.0.0.28","PSt7-10","000000-000","10/20/2017 9:36:39 AM","0000-00","0","no battery","V"
"10/20/2017","12:45:15","5","default","957498349","OXY5","95.618","min","156.165","μmol/L","Humid","21.193","deg","90875","µV","35.736","°C","1019.000","hPa","37.0","pmil","0","55.500","deg","20.000","°C","100.000","%a.s.","22.500","deg","20.000","°C","1013.000","hPa","0.861","-0.02056","0.00035","-0.00011","0","14.7","Humid","26.25","0","52.00","344072.55","SABD0000000001","AAV1.0.0.11","2.0.0.28","PSt7-10","000000-000","10/20/2017 9:36:39 AM","0000-00","0","no battery","V"
"10/20/2017","12:45:16","5","default","957498349","OXY5","95.634","min","156.058","μmol/L","Humid","21.194","deg","90876","µV","35.752","°C","1019.000","hPa","37.0","pmil","0","55.500","deg","20.000","°C","100.000","%a.s.","22.500","deg","20.000","°C","1013.000","hPa","0.861","-0.02056","0.00035","-0.00011","0","14.7","Humid","26.25","0","52.00","344081.93","SABD0000000001","AAV1.0.0.11","2.0.0.28","PSt7-10","000000-000","10/20/2017 9:36:39 AM","0000-00","0","no battery","V"
"10/20/2017","12:45:17","5","default","957498349","OXY5","95.651","min","156.102","μmol/L","Humid","21.189","deg","90878","µV","35.756","°C","1019.000","hPa","37.0","pmil","0","55.500","deg","20.000","°C","100.000","%a.s.","22.500","deg","20.000","°C","1013.000","hPa","0.861","-0.02056","0.00035","-0.00011","0","14.7","Humid","26.25","0","52.00","344076.62","SABD0000000001","AAV1.0.0.11","2.0.0.28","PSt7-10","000000-000","10/20/2017 9:36:39 AM","0000-00","0","no battery","V"
"10/20/2017","12:45:18","5","default","957498349","OXY5","95.668","min","156.176","μmol/L","Humid","21.194","deg","90879","µV","35.732","°C","1019.000","hPa","37.0","pmil","0","55.500","deg","20.000","°C","100.000","%a.s.","22.500","deg","20.000","°C","1013.000","hPa","0.861","-0.02056","0.00035","-0.00011","0","14.7","Humid","26.25","0","52.00","344077.75","SABD0000000001","AAV1.0.0.11","2.0.0.28","PSt7-10","000000-000","10/20/2017 9:36:39 AM","0000-00","0","no battery","V"
"10/20/2017","12:45:19","5","default","957498349","OXY5","95.684","min","156.217","μmol/L","Humid","21.190","deg","90875","µV","35.734","°C","1019.000","hPa","37.0","pmil","0","55.500","deg","20.000","°C","100.000","%a.s.","22.500","deg","20.000","°C","1013.000","hPa","0.861","-0.02056","0.00035","-0.00011","0","14.7","Humid","26.25","0","52.00","344086.17","SABD0000000001","AAV1.0.0.11","2.0.0.28","PSt7-10","000000-000","10/20/2017 9:36:39 AM","0000-00","0","no battery","V"
"10/20/2017","12:45:20","5","default","957498349","OXY5","95.701","min","156.183","μmol/L","Humid","21.193","deg","90878","µV","35.733","°C","1019.000","hPa","37.0","pmil","0","55.500","deg","20.000","°C","100.000","%a.s.","22.500","deg","20.000","°C","1013.000","hPa","0.861","-0.02056","0.00035","-0.00011","0","14.7","Humid","26.25","0","52.00","344084.42","SABD0000000001","AAV1.0.0.11","2.0.0.28","PSt7-10","000000-000","10/20/2017 9:36:39 AM","0000-00","0","no battery","V"
"10/20/2017","12:45:21","5","default","957498349","OXY5","95.718","min","156.093","μmol/L","Humid","21.196","deg","90879","µV","35.741","°C","1019.000","hPa","37.0","pmil","0","55.500","deg","20.000","°C","100.000","%a.s.","22.500","deg","20.000","°C","1013.000","hPa","0.861","-0.02056","0.00035","-0.00011","0","14.7","Humid","26.25","0","52.00","344092.58","SABD0000000001","AAV1.0.0.11","2.0.0.28","PSt7-10","000000-000","10/20/2017 9:36:39 AM","0000-00","0","no battery","V"
"10/20/2017","12:45:22","5","default","957498349","OXY5","95.734","min","156.178","μmol/L","Humid","21.190","deg","90879","µV","35.741","°C","1019.000","hPa","37.0","pmil","0","55.500","deg","20.000","°C","100.000","%a.s.","22.500","deg","20.000","°C","1013.000","hPa","0.861","-0.02056","0.00035","-0.00011","0","14.7","Humid","26.25","0","52.00","344082.65","SABD0000000001","AAV1.0.0.11","2.0.0.28","PSt7-10","000000-000","10/20/2017 9:36:39 AM","0000-00","0","no battery","V"
"10/20/2017","12:45:23","5","default","957498349","OXY5","95.751","min","156.293","μmol/L","Humid","21.187","deg","90881","µV","35.729","°C","1019.000","hPa","37.0","pmil","0","55.500","deg","20.000","°C","100.000","%a.s.","22.500","deg","20.000","°C","1013.000","hPa","0.861","-0.02056","0.00035","-0.00011","0","14.7","Humid","26.25","0","52.00","344078.23","SABD0000000001","AAV1.0.0.11","2.0.0.28","PSt7-10","000000-000","10/20/2017 9:36:39 AM","0000-00","0","no battery","V"
"10/20/2017","12:45:24","5","default","957498349","OXY5","95.768","min","156.226","μmol/L","Humid","21.188","deg","90880","µV","35.738","°C","1019.000","hPa","37.0","pmil","0","55.500","deg","20.000","°C","100.000","%a.s.","22.500","deg","20.000","°C","1013.000","hPa","0.861","-0.02056","0.00035","-0.00011","0","14.7","Humid","26.25","0","52.00","344086.61","SABD0000000001","AAV1.0.0.11","2.0.0.28","PSt7-10","000000-000","10/20/2017 9:36:39 AM","0000-00","0","no battery","V"
"10/20/2017","12:45:25","5","default","957498349","OXY5","95.784","min","156.229","μmol/L","Humid","21.191","deg","90885","µV","35.730","°C","1019.000","hPa","37.0","pmil","0","55.500","deg","20.000","°C","100.000","%a.s.","22.500","deg","20.000","°C","1013.000","hPa","0.861","-0.02056","0.00035","-0.00011","0","14.7","Humid","26.25","0","52.00","344088.31","SABD0000000001","AAV1.0.0.11","2.0.0.28","PSt7-10","000000-000","10/20/2017 9:36:39 AM","0000-00","0","no battery","V"
"10/20/2017","12:45:26","5","default","957498349","OXY5","95.801","min","156.064","μmol/L","Humid","21.193","deg","90878","µV","35.753","°C","1019.000","hPa","37.0","pmil","0","55.500","deg","20.000","°C","100.000","%a.s.","22.500","deg","20.000","°C","1013.000","hPa","0.861","-0.02056","0.00035","-0.00011","0","14.7","Humid","26.25","0","52.00","344073.02","SABD0000000001","AAV1.0.0.11","2.0.0.28","PSt7-10","000000-000","10/20/2017 9:36:39 AM","0000-00","0","no battery","V"
"10/20/2017","12:45:27","5","default","957498349","OXY5","95.818","min","156.144","μmol/L","Humid","21.189","deg","90872","µV","35.749","°C","1019.000","hPa","37.0","pmil","0","55.500","deg","20.000","°C","100.000","%a.s.","22.500","deg","20.000","°C","1013.000","hPa","0.861","-0.02056","0.00035","-0.00011","0","14.7","Humid","26.25","0","52.00","344059.53","SABD0000000001","AAV1.0.0.11","2.0.0.28","PSt7-10","000000-000","10/20/2017 9:36:39 AM","0000-00","0","no battery","V"
"10/20/2017","12:45:28","5","default","957498349","OXY5","95.835","min","156.276","μmol/L","Humid","21.189","deg","90875","µV","35.727","°C","1019.000","hPa","37.0","pmil","0","55.500","deg","20.000","°C","100.000","%a.s.","22.500","deg","20.000","°C","1013.000","hPa","0.861","-0.02056","0.00035","-0.00011","0","14.7","Humid","26.25","0","52.00","344067.69","SABD0000000001","AAV1.0.0.11","2.0.0.28","PSt7-10","000000-000","10/20/2017 9:36:39 AM","0000-00","0","no battery","V"
"10/20/2017","12:45:29","5","default","957498349","OXY5","95.851","min","156.137","μmol/L","Humid","21.192","deg","90871","µV","35.743","°C","1019.000","hPa","37.0","pmil","0","55.500","deg","20.000","°C","100.000","%a.s.","22.500","deg","20.000","°C","1013.000","hPa","0.861","-0.02056","0.00035","-0.00011","0","14.7","Humid","26.25","0","52.00","344077.45","SABD0000000001","AAV1.0.0.11","2.0.0.28","PSt7-10","000000-000","10/20/2017 9:36:39 AM","0000-00","0","no battery","V"
"10/20/2017","12:45:30","5","default","957498349","OXY5","95.868","min","156.095","μmol/L","Humid","21.195","deg","90871","µV","35.743","°C","1019.000","hPa","37.0","pmil","0","55.500","deg","20.000","°C","100.000","%a.s.","22.500","deg","20.000","°C","1013.000","hPa","0.861","-0.02056","0.00035","-0.00011","0","14.7","Humid","26.25","0","52.00","344074.19","SABD0000000001","AAV1.0.0.11","2.0.0.28","PSt7-10","000000-000","10/20/2017 9:36:39 AM","0000-00","0","no battery","V"
"10/20/2017","12:45:31","5","default","957498349","OXY5","95.885","min","156.161","μmol/L","Humid","21.190","deg","90874","µV","35.744","°C","1019.000","hPa","37.0","pmil","0","55.500","deg","20.000","°C","100.000","%a.s.","22.500","deg","20.000","°C","1013.000","hPa","0.861","-0.02056","0.00035","-0.00011","0","14.7","Humid","26.25","0","52.00","344063.61","SABD0000000001","AAV1.0.0.11","2.0.0.28","PSt7-10","000000-000","10/20/2017 9:36:39 AM","0000-00","0","no battery","V"
"10/20/2017","12:45:32","5","default","957498349","OXY5","95.901","min","156.180","μmol/L","Humid","21.191","deg","90876","µV","35.738","°C","1019.000","hPa","37.0","pmil","0","55.500","deg","20.000","°C","100.000","%a.s.","22.500","deg","20.000","°C","1013.000","hPa","0.861","-0.02056","0.00035","-0.00011","0","14.7","Humid","26.25","0","52.00","344073.21","SABD0000000001","AAV1.0.0.11","2.0.0.28","PSt7-10","000000-000","10/20/2017 9:36:39 AM","0000-00","0","no battery","V"
"10/20/2017","12:45:33","5","default","957498349","OXY5","95.918","min","156.213","μmol/L","Humid","21.193","deg","90874","µV","35.728","°C","1019.000","hPa","37.0","pmil","0","55.500","deg","20.000","°C","100.000","%a.s.","22.500","deg","20.000","°C","1013.000","hPa","0.861","-0.02056","0.00035","-0.00011","0","14.7","Humid","26.25","0","52.00","344068.73","SABD0000000001","AAV1.0.0.11","2.0.0.28","PSt7-10","000000-000","10/20/2017 9:36:39 AM","0000-00","0","no battery","V"
"10/20/2017","12:45:34","5","default","957498349","OXY5","95.935","min","156.222","μmol/L","Humid","21.193","deg","90871","µV","35.726","°C","1019.000","hPa","37.0","pmil","0","55.500","deg","20.000","°C","100.000","%a.s.","22.500","deg","20.000","°C","1013.000","hPa","0.861","-0.02056","0.00035","-0.00011","0","14.7","Humid","26.25","0","52.00","344068.67","SABD0000000001","AAV1.0.0.11","2.0.0.28","PSt7-10","000000-000","10/20/2017 9:36:39 AM","0000-00","0","no battery","V"
"10/20/2017","12:45:35","5","default","957498349","OXY5","95.951","min","156.048","μmol/L","Humid","21.195","deg","90873","µV","35.751","°C","1019.000","hPa","37.0","pmil","0","55.500","deg","20.000","°C","100.000","%a.s.","22.500","deg","20.000","°C","1013.000","hPa","0.861","-0.02056","0.00035","-0.00011","0","14.7","Humid","26.25","0","52.00","344058.77","SABD0000000001","AAV1.0.0.11","2.0.0.28","PSt7-10","000000-000","10/20/2017 9:36:39 AM","0000-00","0","no battery","V"
"10/20/2017","12:45:36","5","default","957498349","OXY5","95.968","min","156.113","μmol/L","Humid","21.190","deg","90871","µV","35.752","°C","1019.000","hPa","37.0","pmil","0","55.500","deg","20.000","°C","100.000","%a.s.","22.500","deg","20.000","°C","1013.000","hPa","0.861","-0.02056","0.00035","-0.00011","0","14.7","Humid","26.25","0","52.00","344070.44","SABD0000000001","AAV1.0.0.11","2.0.0.28","PSt7-10","000000-000","10/20/2017 9:36:39 AM","0000-00","0","no battery","V"
"10/20/2017","12:45:37","5","default","957498349","OXY5","95.985","min","156.100","μmol/L","Humid","21.193","deg","90875","µV","35.747","°C","1019.000","hPa","37.0","pmil","0","55.500","deg","20.000","°C","100.000","%a.s.","22.500","deg","20.000","°C","1013.000","hPa","0.861","-0.02056","0.00035","-0.00011","0","14.7","Humid","26.25","0","52.00","344067.49","SABD0000000001","AAV1.0.0.11","2.0.0.28","PSt7-10","000000-000","10/20/2017 9:36:39 AM","0000-00","0","no battery","V"
"10/20/2017","12:45:38","5","default","957498349","OXY5","96.001","min","156.184","μmol/L","Humid","21.189","deg","90883","µV","35.742","°C","1019.000","hPa","37.0","pmil","0","55.500","deg","20.000","°C","100.000","%a.s.","22.500","deg","20.000","°C","1013.000","hPa","0.861","-0.02056","0.00035","-0.00011","0","14.7","Humid","26.25","0","52.00","344071.91","SABD0000000001","AAV1.0.0.11","2.0.0.28","PSt7-10","000000-000","10/20/2017 9:36:39 AM","0000-00","0","no battery","V"
"10/20/2017","12:45:39","5","default","957498349","OXY5","96.018","min","156.215","μmol/L","Humid","21.190","deg","90878","µV","35.735","°C","1019.000","hPa","37.0","pmil","0","55.500","deg","20.000","°C","100.000","%a.s.","22.500","deg","20.000","°C","1013.000","hPa","0.861","-0.02056","0.00035","-0.00011","0","14.7","Humid","26.25","0","52.00","344065.93","SABD0000000001","AAV1.0.0.11","2.0.0.28","PSt7-10","000000-000","10/20/2017 9:36:39 AM","0000-00","0","no battery","V"
"10/20/2017","12:45:40","5","default","957498349","OXY5","96.035","min","156.077","μmol/L","Humid","21.194","deg","90873","µV","35.749","°C","1019.000","hPa","37.0","pmil","0","55.500","deg","20.000","°C","100.000","%a.s.","22.500","deg","20.000","°C","1013.000","hPa","0.861","-0.02056","0.00035","-0.00011","0","14.7","Humid","26.25","0","52.00","344063.81","SABD0000000001","AAV1.0.0.11","2.0.0.28","PSt7-10","000000-000","10/20/2017 9:36:39 AM","0000-00","0","no battery","V"
"10/20/2017","12:45:41","5","default","957498349","OXY5","96.051","min","156.090","μmol/L","Humid","21.188","deg","90876","µV","35.761","°C","1019.000","hPa","37.0","pmil","0","55.500","deg","20.000","°C","100.000","%a.s.","22.500","deg","20.000","°C","1013.000","hPa","0.861","-0.02056","0.00035","-0.00011","0","14.7","Humid","26.25","0","52.00","344051.32","SABD0000000001","AAV1.0.0.11","2.0.0.28","PSt7-10","000000-000","10/20/2017 9:36:39 AM","0000-00","0","no battery","V"
"10/20/2017","12:45:42","5","default","957498349","OXY5","96.068","min","156.053","μmol/L","Humid","21.191","deg","90873","µV","35.760","°C","1019.000","hPa","37.0","pmil","0","55.500","deg","20.000","°C","100.000","%a.s.","22.500","deg","20.000","°C","1013.000","hPa","0.861","-0.02056","0.00035","-0.00011","0","14.7","Humid","26.25","0","52.00","344058.05","SABD0000000001","AAV1.0.0.11","2.0.0.28","PSt7-10","000000-000","10/20/2017 9:36:39 AM","0000-00","0","no battery","V"
"10/20/2017","12:45:43","5","default","957498349","OXY5","96.085","min","156.257","μmol/L","Humid","21.192","deg","90879","µV","35.723","°C","1019.000","hPa","37.0","pmil","0","55.500","deg","20.000","°C","100.000","%a.s.","22.500","deg","20.000","°C","1013.000","hPa","0.861","-0.02056","0.00035","-0.00011","0","14.7","Humid","26.25","0","52.00","344046.68","SABD0000000001","AAV1.0.0.11","2.0.0.28","PSt7-10","000000-000","10/20/2017 9:36:39 AM","0000-00","0","no battery","V"
"10/20/2017","12:45:44","5","default","957498349","OXY5","96.101","min","156.096","μmol/L","Humid","21.194","deg","90871","µV","35.745","°C","1019.000","hPa","37.0","pmil","0","55.500","deg","20.000","°C","100.000","%a.s.","22.500","deg","20.000","°C","1013.000","hPa","0.861","-0.02056","0.00035","-0.00011","0","14.7","Humid","26.25","0","52.00","344036.77","SABD0000000001","AAV1.0.0.11","2.0.0.28","PSt7-10","000000-000","10/20/2017 9:36:39 AM","0000-00","0","no battery","V"
"10/20/2017","12:45:45","5","default","957498349","OXY5","96.118","min","156.178","μmol/L","Humid","21.190","deg","90877","µV","35.741","°C","1019.000","hPa","37.0","pmil","0","55.500","deg","20.000","°C","100.000","%a.s.","22.500","deg","20.000","°C","1013.000","hPa","0.861","-0.02056","0.00035","-0.00011","0","14.7","Humid","26.25","0","52.00","344037.90","SABD0000000001","AAV1.0.0.11","2.0.0.28","PSt7-10","000000-000","10/20/2017 9:36:39 AM","0000-00","0","no battery","V"
"10/20/2017","12:45:46","5","default","957498349","OXY5","96.135","min","156.137","μmol/L","Humid","21.191","deg","90878","µV","35.745","°C","1019.000","hPa","37.0","pmil","0","55.500","deg","20.000","°C","100.000","%a.s.","22.500","deg","20.000","°C","1013.000","hPa","0.861","-0.02056","0.00035","-0.00011","0","14.7","Humid","26.25","0","52.00","344032.09","SABD0000000001","AAV1.0.0.11","2.0.0.28","PSt7-10","000000-000","10/20/2017 9:36:39 AM","0000-00","0","no battery","V"
"10/20/2017","12:45:47","5","default","957498349","OXY5","96.151","min","156.150","μmol/L","Humid","21.191","deg","90887","µV","35.743","°C","1019.000","hPa","37.0","pmil","0","55.500","deg","20.000","°C","100.000","%a.s.","22.500","deg","20.000","°C","1013.000","hPa","0.861","-0.02056","0.00035","-0.00011","0","14.7","Humid","26.25","0","52.00","344046.68","SABD0000000001","AAV1.0.0.11","2.0.0.28","PSt7-10","000000-000","10/20/2017 9:36:39 AM","0000-00","0","no battery","V"
"10/20/2017","12:45:48","5","default","957498349","OXY5","96.168","min","156.171","μmol/L","Humid","21.190","deg","90881","µV","35.742","°C","1019.000","hPa","37.0","pmil","0","55.500","deg","20.000","°C","100.000","%a.s.","22.500","deg","20.000","°C","1013.000","hPa","0.861","-0.02056","0.00035","-0.00011","0","14.7","Humid","26.25","0","52.00","344043.91","SABD0000000001","AAV1.0.0.11","2.0.0.28","PSt7-10","000000-000","10/20/2017 9:36:39 AM","0000-00","0","no battery","V"
"10/20/2017","12:45:49","5","default","957498349","OXY5","96.185","min","156.280","μmol/L","Humid","21.187","deg","90878","µV","35.731","°C","1019.000","hPa","37.0","pmil","0","55.500","deg","20.000","°C","100.000","%a.s.","22.500","deg","20.000","°C","1013.000","hPa","0.861","-0.02056","0.00035","-0.00011","0","14.7","Humid","26.25","0","52.00","344048.28","SABD0000000001","AAV1.0.0.11","2.0.0.28","PSt7-10","000000-000","10/20/2017 9:36:39 AM","0000-00","0","no battery","V"
"10/20/2017","12:45:50","5","default","957498349","OXY5","96.201","min","156.169","μmol/L","Humid","21.191","deg","90884","µV","35.740","°C","1019.000","hPa","37.0","pmil","0","55.500","deg","20.000","°C","100.000","%a.s.","22.500","deg","20.000","°C","1013.000","hPa","0.861","-0.02056","0.00035","-0.00011","0","14.7","Humid","26.25","0","52.00","344026.23","SABD0000000001","AAV1.0.0.11","2.0.0.28","PSt7-10","000000-000","10/20/2017 9:36:39 AM","0000-00","0","no battery","V"
"10/20/2017","12:45:51","5","default","957498349","OXY5","96.218","min","156.157","μmol/L","Humid","21.190","deg","90883","µV","35.745","°C","1019.000","hPa","37.0","pmil","0","55.500","deg","20.000","°C","100.000","%a.s.","22.500","deg","20.000","°C","1013.000","hPa","0.861","-0.02056","0.00035","-0.00011","0","14.7","Humid","26.25","0","52.00","344033.79","SABD0000000001","AAV1.0.0.11","2.0.0.28","PSt7-10","000000-000","10/20/2017 9:36:39 AM","0000-00","0","no battery","V"
"10/20/2017","12:45:52","5","default","957498349","OXY5","96.235","min","156.190","μmol/L","Humid","21.192","deg","90891","µV","35.734","°C","1019.000","hPa","37.0","pmil","0","55.500","deg","20.000","°C","100.000","%a.s.","22.500","deg","20.000","°C","1013.000","hPa","0.861","-0.02056","0.00035","-0.00011","0","14.7","Humid","26.25","0","52.00","344055.49","SABD0000000001","AAV1.0.0.11","2.0.0.28","PSt7-10","000000-000","10/20/2017 9:36:39 AM","0000-00","0","no battery","V"
"10/20/2017","12:45:53","5","default","957498349","OXY5","96.252","min","156.220","μmol/L","Humid","21.191","deg","90888","µV","35.731","°C","1019.000","hPa","37.0","pmil","0","55.500","deg","20.000","°C","100.000","%a.s.","22.500","deg","20.000","°C","1013.000","hPa","0.861","-0.02056","0.00035","-0.00011","0","14.7","Humid","26.25","0","52.00","344036.54","SABD0000000001","AAV1.0.0.11","2.0.0.28","PSt7-10","000000-000","10/20/2017 9:36:39 AM","0000-00","0","no battery","V"
"10/20/2017","12:45:54","5","default","957498349","OXY5","96.268","min","156.208","μmol/L","Humid","21.189","deg","90886","µV","35.738","°C","1019.000","hPa","37.0","pmil","0","55.500","deg","20.000","°C","100.000","%a.s.","22.500","deg","20.000","°C","1013.000","hPa","0.861","-0.02056","0.00035","-0.00011","0","14.7","Humid","26.25","0","52.00","344038.33","SABD0000000001","AAV1.0.0.11","2.0.0.28","PSt7-10","000000-000","10/20/2017 9:36:39 AM","0000-00","0","no battery","V"
"10/20/2017","12:45:55","5","default","957498349","OXY5","96.285","min","156.030","μmol/L","Humid","21.191","deg","90888","µV","35.764","°C","1019.000","hPa","37.0","pmil","0","55.500","deg","20.000","°C","100.000","%a.s.","22.500","deg","20.000","°C","1013.000","hPa","0.861","-0.02056","0.00035","-0.00011","0","14.7","Humid","26.25","0","52.00","344027.88","SABD0000000001","AAV1.0.0.11","2.0.0.28","PSt7-10","000000-000","10/20/2017 9:36:39 AM","0000-00","0","no battery","V"
"10/20/2017","12:45:56","5","default","957498349","OXY5","96.302","min","156.047","μmol/L","Humid","21.193","deg","90895","µV","35.756","°C","1019.000","hPa","37.0","pmil","0","55.500","deg","20.000","°C","100.000","%a.s.","22.500","deg","20.000","°C","1013.000","hPa","0.861","-0.02056","0.00035","-0.00011","0","14.7","Humid","26.25","0","52.00","344037.34","SABD0000000001","AAV1.0.0.11","2.0.0.28","PSt7-10","000000-000","10/20/2017 9:36:39 AM","0000-00","0","no battery","V"
"10/20/2017","12:45:57","5","default","957498349","OXY5","96.318","min","156.147","μmol/L","Humid","21.188","deg","90891","µV","35.751","°C","1019.000","hPa","37.0","pmil","0","55.500","deg","20.000","°C","100.000","%a.s.","22.500","deg","20.000","°C","1013.000","hPa","0.861","-0.02056","0.00035","-0.00011","0","14.7","Humid","26.25","0","52.00","344028.78","SABD0000000001","AAV1.0.0.11","2.0.0.28","PSt7-10","000000-000","10/20/2017 9:36:39 AM","0000-00","0","no battery","V"
"10/20/2017","12:45:58","5","default","957498349","OXY5","96.335","min","156.180","μmol/L","Humid","21.187","deg","90894","µV","35.748","°C","1019.000","hPa","37.0","pmil","0","55.500","deg","20.000","°C","100.000","%a.s.","22.500","deg","20.000","°C","1013.000","hPa","0.861","-0.02056","0.00035","-0.00011","0","14.7","Humid","26.25","0","52.00","344033.88","SABD0000000001","AAV1.0.0.11","2.0.0.28","PSt7-10","000000-000","10/20/2017 9:36:39 AM","0000-00","0","no battery","V"
"10/20/2017","12:45:59","5","default","957498349","OXY5","96.352","min","156.016","μmol/L","Humid","21.195","deg","90891","µV","35.757","°C","1019.000","hPa","37.0","pmil","0","55.500","deg","20.000","°C","100.000","%a.s.","22.500","deg","20.000","°C","1013.000","hPa","0.861","-0.02056","0.00035","-0.00011","0","14.7","Humid","26.25","0","52.00","344035.19","SABD0000000001","AAV1.0.0.11","2.0.0.28","PSt7-10","000000-000","10/20/2017 9:36:39 AM","0000-00","0","no battery","V"
"10/20/2017","12:46:00","5","default","957498349","OXY5","96.368","min","156.159","μmol/L","Humid","21.189","deg","90896","µV","35.747","°C","1019.000","hPa","37.0","pmil","0","55.500","deg","20.000","°C","100.000","%a.s.","22.500","deg","20.000","°C","1013.000","hPa","0.861","-0.02056","0.00035","-0.00011","0","14.7","Humid","26.25","0","52.00","344045.07","SABD0000000001","AAV1.0.0.11","2.0.0.28","PSt7-10","000000-000","10/20/2017 9:36:39 AM","0000-00","0","no battery","V"
"10/20/2017","12:46:01","5","default","957498349","OXY5","96.385","min","156.136","μmol/L","Humid","21.194","deg","90892","µV","35.739","°C","1019.000","hPa","37.0","pmil","0","55.500","deg","20.000","°C","100.000","%a.s.","22.500","deg","20.000","°C","1013.000","hPa","0.861","-0.02056","0.00035","-0.00011","0","14.7","Humid","26.25","0","52.00","344045.61","SABD0000000001","AAV1.0.0.11","2.0.0.28","PSt7-10","000000-000","10/20/2017 9:36:39 AM","0000-00","0","no battery","V"
"10/20/2017","12:46:02","5","default","957498349","OXY5","96.402","min","156.098","μmol/L","Humid","21.193","deg","90898","µV","35.747","°C","1019.000","hPa","37.0","pmil","0","55.500","deg","20.000","°C","100.000","%a.s.","22.500","deg","20.000","°C","1013.000","hPa","0.861","-0.02056","0.00035","-0.00011","0","14.7","Humid","26.25","0","52.00","344036.25","SABD0000000001","AAV1.0.0.11","2.0.0.28","PSt7-10","000000-000","10/20/2017 9:36:39 AM","0000-00","0","no battery","V"
"10/20/2017","12:46:03","5","default","957498349","OXY5","96.418","min","156.071","μmol/L","Humid","21.193","deg","90903","µV","35.752","°C","1019.000","hPa","37.0","pmil","0","55.500","deg","20.000","°C","100.000","%a.s.","22.500","deg","20.000","°C","1013.000","hPa","0.861","-0.02056","0.00035","-0.00011","0","14.7","Humid","26.25","0","52.00","344044.95","SABD0000000001","AAV1.0.0.11","2.0.0.28","PSt7-10","000000-000","10/20/2017 9:36:39 AM","0000-00","0","no battery","V"
"10/20/2017","12:46:04","5","default","957498349","OXY5","96.435","min","156.168","μmol/L","Humid","21.188","deg","90898","µV","35.747","°C","1019.000","hPa","37.0","pmil","0","55.500","deg","20.000","°C","100.000","%a.s.","22.500","deg","20.000","°C","1013.000","hPa","0.861","-0.02056","0.00035","-0.00011","0","14.7","Humid","26.25","0","52.00","344022.48","SABD0000000001","AAV1.0.0.11","2.0.0.28","PSt7-10","000000-000","10/20/2017 9:36:39 AM","0000-00","0","no battery","V"
"10/20/2017","12:46:05","5","default","957498349","OXY5","96.452","min","156.131","μmol/L","Humid","21.189","deg","90905","µV","35.751","°C","1019.000","hPa","37.0","pmil","0","55.500","deg","20.000","°C","100.000","%a.s.","22.500","deg","20.000","°C","1013.000","hPa","0.861","-0.02056","0.00035","-0.00011","0","14.7","Humid","26.25","0","52.00","344029.07","SABD0000000001","AAV1.0.0.11","2.0.0.28","PSt7-10","000000-000","10/20/2017 9:36:39 AM","0000-00","0","no battery","V"
"10/20/2017","12:46:06","5","default","957498349","OXY5","96.468","min","156.120","μmol/L","Humid","21.190","deg","90904","µV","35.751","°C","1019.000","hPa","37.0","pmil","0","55.500","deg","20.000","°C","100.000","%a.s.","22.500","deg","20.000","°C","1013.000","hPa","0.861","-0.02056","0.00035","-0.00011","0","14.7","Humid","26.25","0","52.00","344037.68","SABD0000000001","AAV1.0.0.11","2.0.0.28","PSt7-10","000000-000","10/20/2017 9:36:39 AM","0000-00","0","no battery","V"
"10/20/2017","12:46:07","5","default","957498349","OXY5","96.485","min","156.123","μmol/L","Humid","21.193","deg","90900","µV","35.743","°C","1019.000","hPa","37.0","pmil","0","55.500","deg","20.000","°C","100.000","%a.s.","22.500","deg","20.000","°C","1013.000","hPa","0.861","-0.02056","0.00035","-0.00011","0","14.7","Humid","26.25","0","52.00","344040.44","SABD0000000001","AAV1.0.0.11","2.0.0.28","PSt7-10","000000-000","10/20/2017 9:36:39 AM","0000-00","0","no battery","V"
"10/20/2017","12:46:08","5","default","957498349","OXY5","96.502","min","156.110","μmol/L","Humid","21.190","deg","90904","µV","35.753","°C","1019.000","hPa","37.0","pmil","0","55.500","deg","20.000","°C","100.000","%a.s.","22.500","deg","20.000","°C","1013.000","hPa","0.861","-0.02056","0.00035","-0.00011","0","14.7","Humid","26.25","0","52.00","344023.06","SABD0000000001","AAV1.0.0.11","2.0.0.28","PSt7-10","000000-000","10/20/2017 9:36:39 AM","0000-00","0","no battery","V"
"10/20/2017","12:46:09","5","default","957498349","OXY5","96.518","min","156.251","μmol/L","Humid","21.186","deg","90913","µV","35.738","°C","1019.000","hPa","37.0","pmil","0","55.500","deg","20.000","°C","100.000","%a.s.","22.500","deg","20.000","°C","1013.000","hPa","0.861","-0.02056","0.00035","-0.00011","0","14.7","Humid","26.25","0","52.00","344046.05","SABD0000000001","AAV1.0.0.11","2.0.0.28","PSt7-10","000000-000","10/20/2017 9:36:39 AM","0000-00","0","no battery","V"
"10/20/2017","12:46:10","5","default","957498349","OXY5","96.535","min","156.188","μmol/L","Humid","21.190","deg","90908","µV","35.739","°C","1019.000","hPa","37.0","pmil","0","55.500","deg","20.000","°C","100.000","%a.s.","22.500","deg","20.000","°C","1013.000","hPa","0.861","-0.02056","0.00035","-0.00011","0","14.7","Humid","26.25","0","52.00","344028.09","SABD0000000001","AAV1.0.0.11","2.0.0.28","PSt7-10","000000-000","10/20/2017 9:36:39 AM","0000-00","0","no battery","V"
"10/20/2017","12:46:11","5","default","957498349","OXY5","96.552","min","156.194","μmol/L","Humid","21.189","deg","90904","µV","35.741","°C","1019.000","hPa","37.0","pmil","0","55.500","deg","20.000","°C","100.000","%a.s.","22.500","deg","20.000","°C","1013.000","hPa","0.861","-0.02056","0.00035","-0.00011","0","14.7","Humid","26.25","0","52.00","344040.57","SABD0000000001","AAV1.0.0.11","2.0.0.28","PSt7-10","000000-000","10/20/2017 9:36:39 AM","0000-00","0","no battery","V"
"10/20/2017","12:46:12","5","default","957498349","OXY5","96.568","min","156.153","μmol/L","Humid","21.193","deg","90903","µV","35.738","°C","1019.000","hPa","37.0","pmil","0","55.500","deg","20.000","°C","100.000","%a.s.","22.500","deg","20.000","°C","1013.000","hPa","0.861","-0.02056","0.00035","-0.00011","0","14.7","Humid","26.25","0","52.00","344029.94","SABD0000000001","AAV1.0.0.11","2.0.0.28","PSt7-10","000000-000","10/20/2017 9:36:39 AM","0000-00","0","no battery","V"
"10/20/2017","12:46:13","5","default","957498349","OXY5","96.584","min","156.061","μmol/L","Humid","21.193","deg","90898","µV","35.754","°C","1019.000","hPa","37.0","pmil","0","55.500","deg","20.000","°C","100.000","%a.s.","22.500","deg","20.000","°C","1013.000","hPa","0.861","-0.02056","0.00035","-0.00011","0","14.7","Humid","26.25","0","52.00","344019.59","SABD0000000001","AAV1.0.0.11","2.0.0.28","PSt7-10","000000-000","10/20/2017 9:36:39 AM","0000-00","0","no battery","V"
"10/20/2017","12:46:14","5","default","957498349","OXY5","96.601","min","156.094","μmol/L","Humid","21.186","deg","90908","µV","35.765","°C","1019.000","hPa","37.0","pmil","0","55.500","deg","20.000","°C","100.000","%a.s.","22.500","deg","20.000","°C","1013.000","hPa","0.861","-0.02056","0.00035","-0.00011","0","14.7","Humid","26.25","0","52.00","344028.12","SABD0000000001","AAV1.0.0.11","2.0.0.28","PSt7-10","000000-000","10/20/2017 9:36:39 AM","0000-00","0","no battery","V"
"10/20/2017","12:46:15","5","default","957498349","OXY5","96.618","min","156.063","μmol/L","Humid","21.193","deg","90905","µV","35.753","°C","1019.000","hPa","37.0","pmil","0","55.500","deg","20.000","°C","100.000","%a.s.","22.500","deg","20.000","°C","1013.000","hPa","0.861","-0.02056","0.00035","-0.00011","0","14.7","Humid","26.25","0","52.00","344038.38","SABD0000000001","AAV1.0.0.11","2.0.0.28","PSt7-10","000000-000","10/20/2017 9:36:39 AM","0000-00","0","no battery","V"
"10/20/2017","12:46:16","5","default","957498349","OXY5","96.634","min","156.150","μmol/L","Humid","21.188","deg","90912","µV","35.750","°C","1019.000","hPa","37.0","pmil","0","55.500","deg","20.000","°C","100.000","%a.s.","22.500","deg","20.000","°C","1013.000","hPa","0.861","-0.02056","0.00035","-0.00011","0","14.7","Humid","26.25","0","52.00","344039.47","SABD0000000001","AAV1.0.0.11","2.0.0.28","PSt7-10","000000-000","10/20/2017 9:36:39 AM","0000-00","0","no battery","V"
"10/20/2017","12:46:17","5","default","957498349","OXY5","96.651","min","156.094","μmol/L","Humid","21.194","deg","90908","µV","35.746","°C","1019.000","hPa","37.0","pmil","0","55.500","deg","20.000","°C","100.000","%a.s.","22.500","deg","20.000","°C","1013.000","hPa","0.861","-0.02056","0.00035","-0.00011","0","14.7","Humid","26.25","0","52.00","344031.57","SABD0000000001","AAV1.0.0.11","2.0.0.28","PSt7-10","000000-000","10/20/2017 9:36:39 AM","0000-00","0","no battery","V"
"10/20/2017","12:46:18","5","default","957498349","OXY5","96.668","min","156.088","μmol/L","Humid","21.189","deg","90912","µV","35.759","°C","1019.000","hPa","37.0","pmil","0","55.500","deg","20.000","°C","100.000","%a.s.","22.500","deg","20.000","°C","1013.000","hPa","0.861","-0.02056","0.00035","-0.00011","0","14.7","Humid","26.25","0","52.00","344025.34","SABD0000000001","AAV1.0.0.11","2.0.0.28","PSt7-10","000000-000","10/20/2017 9:36:39 AM","0000-00","0","no battery","V"
"10/20/2017","12:46:19","5","default","957498349","OXY5","96.684","min","156.114","μmol/L","Humid","21.186","deg","90912","µV","35.761","°C","1019.000","hPa","37.0","pmil","0","55.500","deg","20.000","°C","100.000","%a.s.","22.500","deg","20.000","°C","1013.000","hPa","0.861","-0.02056","0.00035","-0.00011","0","14.7","Humid","26.25","0","52.00","344034.45","SABD0000000001","AAV1.0.0.11","2.0.0.28","PSt7-10","000000-000","10/20/2017 9:36:39 AM","0000-00","0","no battery","V"
"10/20/2017","12:46:20","5","default","957498349","OXY5","96.701","min","156.071","μmol/L","Humid","21.194","deg","90905","µV","35.750","°C","1019.000","hPa","37.0","pmil","0","55.500","deg","20.000","°C","100.000","%a.s.","22.500","deg","20.000","°C","1013.000","hPa","0.861","-0.02056","0.00035","-0.00011","0","14.7","Humid","26.25","0","52.00","344034.22","SABD0000000001","AAV1.0.0.11","2.0.0.28","PSt7-10","000000-000","10/20/2017 9:36:39 AM","0000-00","0","no battery","V"
"10/20/2017","12:46:21","5","default","957498349","OXY5","96.718","min","156.164","μmol/L","Humid","21.191","deg","90910","µV","35.741","°C","1019.000","hPa","37.0","pmil","0","55.500","deg","20.000","°C","100.000","%a.s.","22.500","deg","20.000","°C","1013.000","hPa","0.861","-0.02056","0.00035","-0.00011","0","14.7","Humid","26.25","0","52.00","344051.18","SABD0000000001","AAV1.0.0.11","2.0.0.28","PSt7-10","000000-000","10/20/2017 9:36:39 AM","0000-00","0","no battery","V"
"10/20/2017","12:46:22","5","default","957498349","OXY5","96.734","min","156.128","μmol/L","Humid","21.188","deg","90910","µV","35.754","°C","1019.000","hPa","37.0","pmil","0","55.500","deg","20.000","°C","100.000","%a.s.","22.500","deg","20.000","°C","1013.000","hPa","0.861","-0.02056","0.00035","-0.00011","0","14.7","Humid","26.25","0","52.00","344034.17","SABD0000000001","AAV1.0.0.11","2.0.0.28","PSt7-10","000000-000","10/20/2017 9:36:39 AM","0000-00","0","no battery","V"
"10/20/2017","12:46:23","5","default","957498349","OXY5","96.751","min","156.111","μmol/L","Humid","21.191","deg","90917","µV","35.750","°C","1019.000","hPa","37.0","pmil","0","55.500","deg","20.000","°C","100.000","%a.s.","22.500","deg","20.000","°C","1013.000","hPa","0.861","-0.02056","0.00035","-0.00011","0","14.7","Humid","26.25","0","52.00","344040.64","SABD0000000001","AAV1.0.0.11","2.0.0.28","PSt7-10","000000-000","10/20/2017 9:36:39 AM","0000-00","0","no battery","V"
"10/20/2017","12:46:24","5","default","957498349","OXY5","96.768","min","156.069","μmol/L","Humid","21.191","deg","90913","µV","35.757","°C","1019.000","hPa","37.0","pmil","0","55.500","deg","20.000","°C","100.000","%a.s.","22.500","deg","20.000","°C","1013.000","hPa","0.861","-0.02056","0.00035","-0.00011","0","14.7","Humid","26.25","0","52.00","344026.56","SABD0000000001","AAV1.0.0.11","2.0.0.28","PSt7-10","000000-000","10/20/2017 9:36:39 AM","0000-00","0","no battery","V"
"10/20/2017","12:46:25","5","default","957498349","OXY5","96.784","min","156.134","μmol/L","Humid","21.192","deg","90912","µV","35.744","°C","1019.000","hPa","37.0","pmil","0","55.500","deg","20.000","°C","100.000","%a.s.","22.500","deg","20.000","°C","1013.000","hPa","0.861","-0.02056","0.00035","-0.00011","0","14.7","Humid","26.25","0","52.00","344018.82","SABD0000000001","AAV1.0.0.11","2.0.0.28","PSt7-10","000000-000","10/20/2017 9:36:39 AM","0000-00","0","no battery","V"
"10/20/2017","12:46:26","5","default","957498349","OXY5","96.801","min","156.150","μmol/L","Humid","21.189","deg","90910","µV","35.748","°C","1019.000","hPa","37.0","pmil","0","55.500","deg","20.000","°C","100.000","%a.s.","22.500","deg","20.000","°C","1013.000","hPa","0.861","-0.02056","0.00035","-0.00011","0","14.7","Humid","26.25","0","52.00","344030.81","SABD0000000001","AAV1.0.0.11","2.0.0.28","PSt7-10","000000-000","10/20/2017 9:36:39 AM","0000-00","0","no battery","V"
"10/20/2017","12:46:27","5","default","957498349","OXY5","96.818","min","156.184","μmol/L","Humid","21.189","deg","90904","µV","35.742","°C","1019.000","hPa","37.0","pmil","0","55.500","deg","20.000","°C","100.000","%a.s.","22.500","deg","20.000","°C","1013.000","hPa","0.861","-0.02056","0.00035","-0.00011","0","14.7","Humid","26.25","0","52.00","344019.52","SABD0000000001","AAV1.0.0.11","2.0.0.28","PSt7-10","000000-000","10/20/2017 9:36:39 AM","0000-00","0","no battery","V"
"10/20/2017","12:46:28","5","default","957498349","OXY5","96.834","min","156.111","μmol/L","Humid","21.190","deg","90905","µV","35.752","°C","1019.000","hPa","37.0","pmil","0","55.500","deg","20.000","°C","100.000","%a.s.","22.500","deg","20.000","°C","1013.000","hPa","0.861","-0.02056","0.00035","-0.00011","0","14.7","Humid","26.25","0","52.00","344023.72","SABD0000000001","AAV1.0.0.11","2.0.0.28","PSt7-10","000000-000","10/20/2017 9:36:39 AM","0000-00","0","no battery","V"
"10/20/2017","12:46:29","5","default","957498349","OXY5","96.851","min","156.045","μmol/L","Humid","21.193","deg","90909","µV","35.756","°C","1019.000","hPa","37.0","pmil","0","55.500","deg","20.000","°C","100.000","%a.s.","22.500","deg","20.000","°C","1013.000","hPa","0.861","-0.02056","0.00035","-0.00011","0","14.7","Humid","26.25","0","52.00","344019.50","SABD0000000001","AAV1.0.0.11","2.0.0.28","PSt7-10","000000-000","10/20/2017 9:36:39 AM","0000-00","0","no battery","V"
"10/20/2017","12:46:30","5","default","957498349","OXY5","96.868","min","156.152","μmol/L","Humid","21.194","deg","90915","µV","35.736","°C","1019.000","hPa","37.0","pmil","0","55.500","deg","20.000","°C","100.000","%a.s.","22.500","deg","20.000","°C","1013.000","hPa","0.861","-0.02056","0.00035","-0.00011","0","14.7","Humid","26.25","0","52.00","344007.10","SABD0000000001","AAV1.0.0.11","2.0.0.28","PSt7-10","000000-000","10/20/2017 9:36:39 AM","0000-00","0","no battery","V"
"10/20/2017","12:46:31","5","default","957498349","OXY5","96.884","min","156.083","μmol/L","Humid","21.194","deg","90899","µV","35.748","°C","1019.000","hPa","37.0","pmil","0","55.500","deg","20.000","°C","100.000","%a.s.","22.500","deg","20.000","°C","1013.000","hPa","0.861","-0.02056","0.00035","-0.00011","0","14.7","Humid","26.25","0","52.00","344018.71","SABD0000000001","AAV1.0.0.11","2.0.0.28","PSt7-10","000000-000","10/20/2017 9:36:39 AM","0000-00","0","no battery","V"
"10/20/2017","12:46:32","5","default","957498349","OXY5","96.901","min","156.134","μmol/L","Humid","21.194","deg","90906","µV","35.739","°C","1019.000","hPa","37.0","pmil","0","55.500","deg","20.000","°C","100.000","%a.s.","22.500","deg","20.000","°C","1013.000","hPa","0.861","-0.02056","0.00035","-0.00011","0","14.7","Humid","26.25","0","52.00","344010.32","SABD0000000001","AAV1.0.0.11","2.0.0.28","PSt7-10","000000-000","10/20/2017 9:36:39 AM","0000-00","0","no battery","V"
"10/20/2017","12:46:33","5","default","957498349","OXY5","96.918","min","156.041","μmol/L","Humid","21.192","deg","90909","µV","35.759","°C","1019.000","hPa","37.0","pmil","0","55.500","deg","20.000","°C","100.000","%a.s.","22.500","deg","20.000","°C","1013.000","hPa","0.861","-0.02056","0.00035","-0.00011","0","14.7","Humid","26.25","0","52.00","344007.27","SABD0000000001","AAV1.0.0.11","2.0.0.28","PSt7-10","000000-000","10/20/2017 9:36:39 AM","0000-00","0","no battery","V"
"10/20/2017","12:46:34","5","default","957498349","OXY5","96.934","min","155.980","μmol/L","Humid","21.191","deg","90909","µV","35.772","°C","1019.000","hPa","37.0","pmil","0","55.500","deg","20.000","°C","100.000","%a.s.","22.500","deg","20.000","°C","1013.000","hPa","0.861","-0.02056","0.00035","-0.00011","0","14.7","Humid","26.25","0","52.00","344020.38","SABD0000000001","AAV1.0.0.11","2.0.0.28","PSt7-10","000000-000","10/20/2017 9:36:39 AM","0000-00","0","no battery","V"
"10/20/2017","12:46:35","5","default","957498349","OXY5","96.951","min","156.048","μmol/L","Humid","21.194","deg","90912","µV","35.754","°C","1019.000","hPa","37.0","pmil","0","55.500","deg","20.000","°C","100.000","%a.s.","22.500","deg","20.000","°C","1013.000","hPa","0.861","-0.02056","0.00035","-0.00011","0","14.7","Humid","26.25","0","52.00","344005.58","SABD0000000001","AAV1.0.0.11","2.0.0.28","PSt7-10","000000-000","10/20/2017 9:36:39 AM","0000-00","0","no battery","V"
"10/20/2017","12:46:36","5","default","957498349","OXY5","96.968","min","156.033","μmol/L","Humid","21.190","deg","90912","µV","35.766","°C","1019.000","hPa","37.0","pmil","0","55.500","deg","20.000","°C","100.000","%a.s.","22.500","deg","20.000","°C","1013.000","hPa","0.861","-0.02056","0.00035","-0.00011","0","14.7","Humid","26.25","0","52.00","344005.93","SABD0000000001","AAV1.0.0.11","2.0.0.28","PSt7-10","000000-000","10/20/2017 9:36:39 AM","0000-00","0","no battery","V"
"10/20/2017","12:46:37","5","default","957498349","OXY5","96.984","min","156.044","μmol/L","Humid","21.189","deg","90908","µV","35.766","°C","1019.000","hPa","37.0","pmil","0","55.500","deg","20.000","°C","100.000","%a.s.","22.500","deg","20.000","°C","1013.000","hPa","0.861","-0.02056","0.00035","-0.00011","0","14.7","Humid","26.25","0","52.00","344007.09","SABD0000000001","AAV1.0.0.11","2.0.0.28","PSt7-10","000000-000","10/20/2017 9:36:39 AM","0000-00","0","no battery","V"
"10/20/2017","12:46:38","5","default","957498349","OXY5","97.001","min","156.044","μmol/L","Humid","21.193","deg","90912","µV","35.757","°C","1019.000","hPa","37.0","pmil","0","55.500","deg","20.000","°C","100.000","%a.s.","22.500","deg","20.000","°C","1013.000","hPa","0.861","-0.02056","0.00035","-0.00011","0","14.7","Humid","26.25","0","52.00","344018.99","SABD0000000001","AAV1.0.0.11","2.0.0.28","PSt7-10","000000-000","10/20/2017 9:36:39 AM","0000-00","0","no battery","V"
"10/20/2017","12:46:39","5","default","957498349","OXY5","97.018","min","156.038","μmol/L","Humid","21.192","deg","90907","µV","35.760","°C","1019.000","hPa","37.0","pmil","0","55.500","deg","20.000","°C","100.000","%a.s.","22.500","deg","20.000","°C","1013.000","hPa","0.861","-0.02056","0.00035","-0.00011","0","14.7","Humid","26.25","0","52.00","343998.17","SABD0000000001","AAV1.0.0.11","2.0.0.28","PSt7-10","000000-000","10/20/2017 9:36:39 AM","0000-00","0","no battery","V"
"10/20/2017","12:46:40","5","default","957498349","OXY5","97.035","min","156.041","μmol/L","Humid","21.193","deg","90903","µV","35.757","°C","1019.000","hPa","37.0","pmil","0","55.500","deg","20.000","°C","100.000","%a.s.","22.500","deg","20.000","°C","1013.000","hPa","0.861","-0.02056","0.00035","-0.00011","0","14.7","Humid","26.25","0","52.00","344007.85","SABD0000000001","AAV1.0.0.11","2.0.0.28","PSt7-10","000000-000","10/20/2017 9:36:39 AM","0000-00","0","no battery","V"
"10/20/2017","12:46:41","5","default","957498349","OXY5","97.051","min","156.187","μmol/L","Humid","21.190","deg","90915","µV","35.739","°C","1019.000","hPa","37.0","pmil","0","55.500","deg","20.000","°C","100.000","%a.s.","22.500","deg","20.000","°C","1013.000","hPa","0.861","-0.02056","0.00035","-0.00011","0","14.7","Humid","26.25","0","52.00","344019.87","SABD0000000001","AAV1.0.0.11","2.0.0.28","PSt7-10","000000-000","10/20/2017 9:36:39 AM","0000-00","0","no battery","V"
"10/20/2017","12:46:42","5","default","957498349","OXY5","97.068","min","156.052","μmol/L","Humid","21.191","deg","90906","µV","35.760","°C","1019.000","hPa","37.0","pmil","0","55.500","deg","20.000","°C","100.000","%a.s.","22.500","deg","20.000","°C","1013.000","hPa","0.861","-0.02056","0.00035","-0.00011","0","14.7","Humid","26.25","0","52.00","344012.55","SABD0000000001","AAV1.0.0.11","2.0.0.28","PSt7-10","000000-000","10/20/2017 9:36:39 AM","0000-00","0","no battery","V"
"10/20/2017","12:46:43","5","default","957498349","OXY5","97.085","min","155.996","μmol/L","Humid","21.195","deg","90907","µV","35.760","°C","1019.000","hPa","37.0","pmil","0","55.500","deg","20.000","°C","100.000","%a.s.","22.500","deg","20.000","°C","1013.000","hPa","0.861","-0.02056","0.00035","-0.00011","0","14.7","Humid","26.25","0","52.00","343999.97","SABD0000000001","AAV1.0.0.11","2.0.0.28","PSt7-10","000000-000","10/20/2017 9:36:39 AM","0000-00","0","no battery","V"
"10/20/2017","12:46:44","5","default","957498349","OXY5","97.101","min","156.064","μmol/L","Humid","21.191","deg","90904","µV","35.758","°C","1019.000","hPa","37.0","pmil","0","55.500","deg","20.000","°C","100.000","%a.s.","22.500","deg","20.000","°C","1013.000","hPa","0.861","-0.02056","0.00035","-0.00011","0","14.7","Humid","26.25","0","52.00","344016.79","SABD0000000001","AAV1.0.0.11","2.0.0.28","PSt7-10","000000-000","10/20/2017 9:36:39 AM","0000-00","0","no battery","V"
"10/20/2017","12:46:45","5","default","957498349","OXY5","97.118","min","156.159","μmol/L","Humid","21.187","deg","90908","µV","35.751","°C","1019.000","hPa","37.0","pmil","0","55.500","deg","20.000","°C","100.000","%a.s.","22.500","deg","20.000","°C","1013.000","hPa","0.861","-0.02056","0.00035","-0.00011","0","14.7","Humid","26.25","0","52.00","344026.38","SABD0000000001","AAV1.0.0.11","2.0.0.28","PSt7-10","000000-000","10/20/2017 9:36:39 AM","0000-00","0","no battery","V"
"10/20/2017","12:46:46","5","default","957498349","OXY5","97.135","min","156.265","μmol/L","Humid","21.186","deg","90901","µV","35.736","°C","1019.000","hPa","37.0","pmil","0","55.500","deg","20.000","°C","100.000","%a.s.","22.500","deg","20.000","°C","1013.000","hPa","0.861","-0.02056","0.00035","-0.00011","0","14.7","Humid","26.25","0","52.00","344003.80","SABD0000000001","AAV1.0.0.11","2.0.0.28","PSt7-10","000000-000","10/20/2017 9:36:39 AM","0000-00","0","no battery","V"
"10/20/2017","12:46:47","5","default","957498349","OXY5","97.151","min","156.092","μmol/L","Humid","21.191","deg","90905","µV","35.753","°C","1019.000","hPa","37.0","pmil","0","55.500","deg","20.000","°C","100.000","%a.s.","22.500","deg","20.000","°C","1013.000","hPa","0.861","-0.02056","0.00035","-0.00011","0","14.7","Humid","26.25","0","52.00","344007.26","SABD0000000001","AAV1.0.0.11","2.0.0.28","PSt7-10","000000-000","10/20/2017 9:36:39 AM","0000-00","0","no battery","V"
"10/20/2017","12:46:48","5","default","957498349","OXY5","97.168","min","156.155","μmol/L","Humid","21.190","deg","90903","µV","35.745","°C","1019.000","hPa","37.0","pmil","0","55.500","deg","20.000","°C","100.000","%a.s.","22.500","deg","20.000","°C","1013.000","hPa","0.861","-0.02056","0.00035","-0.00011","0","14.7","Humid","26.25","0","52.00","344019.37","SABD0000000001","AAV1.0.0.11","2.0.0.28","PSt7-10","000000-000","10/20/2017 9:36:39 AM","0000-00","0","no battery","V"
"10/20/2017","12:46:49","5","default","957498349","OXY5","97.185","min","156.176","μmol/L","Humid","21.188","deg","90903","µV","35.746","°C","1019.000","hPa","37.0","pmil","0","55.500","deg","20.000","°C","100.000","%a.s.","22.500","deg","20.000","°C","1013.000","hPa","0.861","-0.02056","0.00035","-0.00011","0","14.7","Humid","26.25","0","52.00","344014.70","SABD0000000001","AAV1.0.0.11","2.0.0.28","PSt7-10","000000-000","10/20/2017 9:36:39 AM","0000-00","0","no battery","V"
"10/20/2017","12:46:50","5","default","957498349","OXY5","97.201","min","156.127","μmol/L","Humid","21.192","deg","90906","µV","35.745","°C","1019.000","hPa","37.0","pmil","0","55.500","deg","20.000","°C","100.000","%a.s.","22.500","deg","20.000","°C","1013.000","hPa","0.861","-0.02056","0.00035","-0.00011","0","14.7","Humid","26.25","0","52.00","344006.85","SABD0000000001","AAV1.0.0.11","2.0.0.28","PSt7-10","000000-000","10/20/2017 9:36:39 AM","0000-00","0","no battery","V"
"10/20/2017","12:46:51","5","default","957498349","OXY5","97.218","min","156.046","μmol/L","Humid","21.189","deg","90899","µV","35.766","°C","1019.000","hPa","37.0","pmil","0","55.500","deg","20.000","°C","100.000","%a.s.","22.500","deg","20.000","°C","1013.000","hPa","0.861","-0.02056","0.00035","-0.00011","0","14.7","Humid","26.25","0","52.00","344009.77","SABD0000000001","AAV1.0.0.11","2.0.0.28","PSt7-10","000000-000","10/20/2017 9:36:39 AM","0000-00","0","no battery","V"
"10/20/2017","12:46:52","5","default","957498349","OXY5","97.235","min","155.983","μmol/L","Humid","21.193","deg","90900","µV","35.767","°C","1019.000","hPa","37.0","pmil","0","55.500","deg","20.000","°C","100.000","%a.s.","22.500","deg","20.000","°C","1013.000","hPa","0.861","-0.02056","0.00035","-0.00011","0","14.7","Humid","26.25","0","52.00","344009.23","SABD0000000001","AAV1.0.0.11","2.0.0.28","PSt7-10","000000-000","10/20/2017 9:36:39 AM","0000-00","0","no battery","V"
"10/20/2017","12:46:53","5","default","957498349","OXY5","97.251","min","156.045","μmol/L","Humid","21.191","deg","90893","µV","35.761","°C","1019.000","hPa","37.0","pmil","0","55.500","deg","20.000","°C","100.000","%a.s.","22.500","deg","20.000","°C","1013.000","hPa","0.861","-0.02056","0.00035","-0.00011","0","14.7","Humid","26.25","0","52.00","343989.49","SABD0000000001","AAV1.0.0.11","2.0.0.28","PSt7-10","000000-000","10/20/2017 9:36:39 AM","0000-00","0","no battery","V"
"10/20/2017","12:46:54","5","default","957498349","OXY5","97.268","min","156.107","μmol/L","Humid","21.189","deg","90891","µV","35.755","°C","1019.000","hPa","37.0","pmil","0","55.500","deg","20.000","°C","100.000","%a.s.","22.500","deg","20.000","°C","1013.000","hPa","0.861","-0.02056","0.00035","-0.00011","0","14.7","Humid","26.25","0","52.00","343992.46","SABD0000000001","AAV1.0.0.11","2.0.0.28","PSt7-10","000000-000","10/20/2017 9:36:39 AM","0000-00","0","no battery","V"
"10/20/2017","12:46:55","5","default","957498349","OXY5","97.285","min","156.097","μmol/L","Humid","21.193","deg","90890","µV","35.748","°C","1019.000","hPa","37.0","pmil","0","55.500","deg","20.000","°C","100.000","%a.s.","22.500","deg","20.000","°C","1013.000","hPa","0.861","-0.02056","0.00035","-0.00011","0","14.7","Humid","26.25","0","52.00","344000.96","SABD0000000001","AAV1.0.0.11","2.0.0.28","PSt7-10","000000-000","10/20/2017 9:36:39 AM","0000-00","0","no battery","V"
"10/20/2017","12:46:56","5","default","957498349","OXY5","97.301","min","156.117","μmol/L","Humid","21.188","deg","90894","µV","35.756","°C","1019.000","hPa","37.0","pmil","0","55.500","deg","20.000","°C","100.000","%a.s.","22.500","deg","20.000","°C","1013.000","hPa","0.861","-0.02056","0.00035","-0.00011","0","14.7","Humid","26.25","0","52.00","343992.44","SABD0000000001","AAV1.0.0.11","2.0.0.28","PSt7-10","000000-000","10/20/2017 9:36:39 AM","0000-00","0","no battery","V"
"10/20/2017","12:46:57","5","default","957498349","OXY5","97.318","min","156.078","μmol/L","Humid","21.187","deg","90892","µV","35.765","°C","1019.000","hPa","37.0","pmil","0","55.500","deg","20.000","°C","100.000","%a.s.","22.500","deg","20.000","°C","1013.000","hPa","0.861","-0.02056","0.00035","-0.00011","0","14.7","Humid","26.25","0","52.00","343993.63","SABD0000000001","AAV1.0.0.11","2.0.0.28","PSt7-10","000000-000","10/20/2017 9:36:39 AM","0000-00","0","no battery","V"
"10/20/2017","12:46:58","5","default","957498349","OXY5","97.335","min","156.094","μmol/L","Humid","21.192","deg","90898","µV","35.750","°C","1019.000","hPa","37.0","pmil","0","55.500","deg","20.000","°C","100.000","%a.s.","22.500","deg","20.000","°C","1013.000","hPa","0.861","-0.02056","0.00035","-0.00011","0","14.7","Humid","26.25","0","52.00","344007.87","SABD0000000001","AAV1.0.0.11","2.0.0.28","PSt7-10","000000-000","10/20/2017 9:36:39 AM","0000-00","0","no battery","V"
"10/20/2017","12:46:59","5","default","957498349","OXY5","97.352","min","156.072","μmol/L","Humid","21.190","deg","90891","µV","35.759","°C","1019.000","hPa","37.0","pmil","0","55.500","deg","20.000","°C","100.000","%a.s.","22.500","deg","20.000","°C","1013.000","hPa","0.861","-0.02056","0.00035","-0.00011","0","14.7","Humid","26.25","0","52.00","343986.45","SABD0000000001","AAV1.0.0.11","2.0.0.28","PSt7-10","000000-000","10/20/2017 9:36:39 AM","0000-00","0","no battery","V"
"10/20/2017","12:47:00","5","default","957498349","OXY5","97.368","min","156.073","μmol/L","Humid","21.187","deg","90884","µV","35.766","°C","1019.000","hPa","37.0","pmil","0","55.500","deg","20.000","°C","100.000","%a.s.","22.500","deg","20.000","°C","1013.000","hPa","0.861","-0.02056","0.00035","-0.00011","0","14.7","Humid","26.25","0","52.00","343972.96","SABD0000000001","AAV1.0.0.11","2.0.0.28","PSt7-10","000000-000","10/20/2017 9:36:39 AM","0000-00","0","no battery","V"
"10/20/2017","12:47:01","5","default","957498349","OXY5","97.384","min","156.026","μmol/L","Humid","21.191","deg","90885","µV","35.764","°C","1019.000","hPa","37.0","pmil","0","55.500","deg","20.000","°C","100.000","%a.s.","22.500","deg","20.000","°C","1013.000","hPa","0.861","-0.02056","0.00035","-0.00011","0","14.7","Humid","26.25","0","52.00","343999.42","SABD0000000001","AAV1.0.0.11","2.0.0.28","PSt7-10","000000-000","10/20/2017 9:36:39 AM","0000-00","0","no battery","V"
"10/20/2017","12:47:02","5","default","957498349","OXY5","97.401","min","156.034","μmol/L","Humid","21.187","deg","90887","µV","35.773","°C","1019.000","hPa","37.0","pmil","0","55.500","deg","20.000","°C","100.000","%a.s.","22.500","deg","20.000","°C","1013.000","hPa","0.861","-0.02056","0.00035","-0.00011","0","14.7","Humid","26.25","0","52.00","343983.80","SABD0000000001","AAV1.0.0.11","2.0.0.28","PSt7-10","000000-000","10/20/2017 9:36:39 AM","0000-00","0","no battery","V"
"10/20/2017","12:47:03","5","default","957498349","OXY5","97.418","min","156.090","μmol/L","Humid","21.189","deg","90884","µV","35.758","°C","1019.000","hPa","37.0","pmil","0","55.500","deg","20.000","°C","100.000","%a.s.","22.500","deg","20.000","°C","1013.000","hPa","0.861","-0.02056","0.00035","-0.00011","0","14.7","Humid","26.25","0","52.00","343985.31","SABD0000000001","AAV1.0.0.11","2.0.0.28","PSt7-10","000000-000","10/20/2017 9:36:39 AM","0000-00","0","no battery","V"
"10/20/2017","12:47:04","5","default","957498349","OXY5","97.434","min","156.102","μmol/L","Humid","21.191","deg","90884","µV","35.751","°C","1019.000","hPa","37.0","pmil","0","55.500","deg","20.000","°C","100.000","%a.s.","22.500","deg","20.000","°C","1013.000","hPa","0.861","-0.02056","0.00035","-0.00011","0","14.7","Humid","26.25","0","52.00","343986.27","SABD0000000001","AAV1.0.0.11","2.0.0.28","PSt7-10","000000-000","10/20/2017 9:36:39 AM","0000-00","0","no battery","V"
"10/20/2017","12:47:05","5","default","957498349","OXY5","97.451","min","156.128","μmol/L","Humid","21.192","deg","90885","µV","35.745","°C","1019.000","hPa","37.0","pmil","0","55.500","deg","20.000","°C","100.000","%a.s.","22.500","deg","20.000","°C","1013.000","hPa","0.861","-0.02056","0.00035","-0.00011","0","14.7","Humid","26.25","0","52.00","343990.64","SABD0000000001","AAV1.0.0.11","2.0.0.28","PSt7-10","000000-000","10/20/2017 9:36:39 AM","0000-00","0","no battery","V"
"10/20/2017","12:47:06","5","default","957498349","OXY5","97.468","min","156.104","μmol/L","Humid","21.188","deg","90879","µV","35.758","°C","1019.000","hPa","37.0","pmil","0","55.500","deg","20.000","°C","100.000","%a.s.","22.500","deg","20.000","°C","1013.000","hPa","0.861","-0.02056","0.00035","-0.00011","0","14.7","Humid","26.25","0","52.00","343979.06","SABD0000000001","AAV1.0.0.11","2.0.0.28","PSt7-10","000000-000","10/20/2017 9:36:39 AM","0000-00","0","no battery","V"
"10/20/2017","12:47:07","5","default","957498349","OXY5","97.484","min","156.091","μmol/L","Humid","21.189","deg","90881","µV","35.758","°C","1019.000","hPa","37.0","pmil","0","55.500","deg","20.000","°C","100.000","%a.s.","22.500","deg","20.000","°C","1013.000","hPa","0.861","-0.02056","0.00035","-0.00011","0","14.7","Humid","26.25","0","52.00","343984.92","SABD0000000001","AAV1.0.0.11","2.0.0.28","PSt7-10","000000-000","10/20/2017 9:36:39 AM","0000-00","0","no battery","V"
"10/20/2017","12:47:08","5","default","957498349","OXY5","97.501","min","156.163","μmol/L","Humid","21.189","deg","90882","µV","35.746","°C","1019.000","hPa","37.0","pmil","0","55.500","deg","20.000","°C","100.000","%a.s.","22.500","deg","20.000","°C","1013.000","hPa","0.861","-0.02056","0.00035","-0.00011","0","14.7","Humid","26.25","0","52.00","343987.13","SABD0000000001","AAV1.0.0.11","2.0.0.28","PSt7-10","000000-000","10/20/2017 9:36:39 AM","0000-00","0","no battery","V"
"10/20/2017","12:47:09","5","default","957498349","OXY5","97.518","min","156.094","μmol/L","Humid","21.189","deg","90883","µV","35.758","°C","1019.000","hPa","37.0","pmil","0","55.500","deg","20.000","°C","100.000","%a.s.","22.500","deg","20.000","°C","1013.000","hPa","0.861","-0.02056","0.00035","-0.00011","0","14.7","Humid","26.25","0","52.00","343960.47","SABD0000000001","AAV1.0.0.11","2.0.0.28","PSt7-10","000000-000","10/20/2017 9:36:39 AM","0000-00","0","no battery","V"
"10/20/2017","12:47:10","5","default","957498349","OXY5","97.534","min","156.023","μmol/L","Humid","21.188","deg","90885","µV","35.772","°C","1019.000","hPa","37.0","pmil","0","55.500","deg","20.000","°C","100.000","%a.s.","22.500","deg","20.000","°C","1013.000","hPa","0.861","-0.02056","0.00035","-0.00011","0","14.7","Humid","26.25","0","52.00","343963.67","SABD0000000001","AAV1.0.0.11","2.0.0.28","PSt7-10","000000-000","10/20/2017 9:36:39 AM","0000-00","0","no battery","V"
"10/20/2017","12:47:11","5","default","957498349","OXY5","97.551","min","155.988","μmol/L","Humid","21.191","deg","90882","µV","35.771","°C","1019.000","hPa","37.0","pmil","0","55.500","deg","20.000","°C","100.000","%a.s.","22.500","deg","20.000","°C","1013.000","hPa","0.861","-0.02056","0.00035","-0.00011","0","14.7","Humid","26.25","0","52.00","343977.83","SABD0000000001","AAV1.0.0.11","2.0.0.28","PSt7-10","000000-000","10/20/2017 9:36:39 AM","0000-00","0","no battery","V"
"10/20/2017","12:47:12","5","default","957498349","OXY5","97.568","min","156.007","μmol/L","Humid","21.190","deg","90880","µV","35.770","°C","1019.000","hPa","37.0","pmil","0","55.500","deg","20.000","°C","100.000","%a.s.","22.500","deg","20.000","°C","1013.000","hPa","0.861","-0.02056","0.00035","-0.00011","0","14.7","Humid","26.25","0","52.00","343973.69","SABD0000000001","AAV1.0.0.11","2.0.0.28","PSt7-10","000000-000","10/20/2017 9:36:39 AM","0000-00","0","no battery","V"
"10/20/2017","12:47:13","5","default","957498349","OXY5","97.584","min","156.047","μmol/L","Humid","21.191","deg","90890","µV","35.761","°C","1019.000","hPa","37.0","pmil","0","55.500","deg","20.000","°C","100.000","%a.s.","22.500","deg","20.000","°C","1013.000","hPa","0.861","-0.02056","0.00035","-0.00011","0","14.7","Humid","26.25","0","52.00","343983.77","SABD0000000001","AAV1.0.0.11","2.0.0.28","PSt7-10","000000-000","10/20/2017 9:36:39 AM","0000-00","0","no battery","V"
"10/20/2017","12:47:14","5","default","957498349","OXY5","97.601","min","156.076","μmol/L","Humid","21.191","deg","90904","µV","35.756","°C","1019.000","hPa","37.0","pmil","0","55.500","deg","20.000","°C","100.000","%a.s.","22.500","deg","20.000","°C","1013.000","hPa","0.861","-0.02056","0.00035","-0.00011","0","14.7","Humid","26.25","0","52.00","343965.14","SABD0000000001","AAV1.0.0.11","2.0.0.28","PSt7-10","000000-000","10/20/2017 9:36:39 AM","0000-00","0","no battery","V"
"10/20/2017","12:47:15","5","default","957498349","OXY5","97.618","min","156.029","μmol/L","Humid","21.192","deg","90898","µV","35.761","°C","1019.000","hPa","37.0","pmil","0","55.500","deg","20.000","°C","100.000","%a.s.","22.500","deg","20.000","°C","1013.000","hPa","0.861","-0.02056","0.00035","-0.00011","0","14.7","Humid","26.25","0","52.00","343974.13","SABD0000000001","AAV1.0.0.11","2.0.0.28","PSt7-10","000000-000","10/20/2017 9:36:39 AM","0000-00","0","no battery","V"
"10/20/2017","12:47:16","5","default","957498349","OXY5","97.634","min","156.105","μmol/L","Humid","21.191","deg","90893","µV","35.751","°C","1019.000","hPa","37.0","pmil","0","55.500","deg","20.000","°C","100.000","%a.s.","22.500","deg","20.000","°C","1013.000","hPa","0.861","-0.02056","0.00035","-0.00011","0","14.7","Humid","26.25","0","52.00","343962.68","SABD0000000001","AAV1.0.0.11","2.0.0.28","PSt7-10","000000-000","10/20/2017 9:36:39 AM","0000-00","0","no battery","V"
"10/20/2017","12:47:17","5","default","957498349","OXY5","97.651","min","156.036","μmol/L","Humid","21.191","deg","90899","µV","35.763","°C","1019.000","hPa","37.0","pmil","0","55.500","deg","20.000","°C","100.000","%a.s.","22.500","deg","20.000","°C","1013.000","hPa","0.861","-0.02056","0.00035","-0.00011","0","14.7","Humid","26.25","0","52.00","343967.93","SABD0000000001","AAV1.0.0.11","2.0.0.28","PSt7-10","000000-000","10/20/2017 9:36:39 AM","0000-00","0","no battery","V"
"10/20/2017","12:47:18","5","default","957498349","OXY5","97.668","min","156.022","μmol/L","Humid","21.191","deg","90915","µV","35.765","°C","1019.000","hPa","37.0","pmil","0","55.500","deg","20.000","°C","100.000","%a.s.","22.500","deg","20.000","°C","1013.000","hPa","0.861","-0.02056","0.00035","-0.00011","0","14.7","Humid","26.25","0","52.00","343961.96","SABD0000000001","AAV1.0.0.11","2.0.0.28","PSt7-10","000000-000","10/20/2017 9:36:39 AM","0000-00","0","no battery","V"
"10/20/2017","12:47:19","5","default","957498349","OXY5","97.684","min","156.086","μmol/L","Humid","21.189","deg","90906","µV","35.759","°C","1019.000","hPa","37.0","pmil","0","55.500","deg","20.000","°C","100.000","%a.s.","22.500","deg","20.000","°C","1013.000","hPa","0.861","-0.02056","0.00035","-0.00011","0","14.7","Humid","26.25","0","52.00","343970.73","SABD0000000001","AAV1.0.0.11","2.0.0.28","PSt7-10","000000-000","10/20/2017 9:36:39 AM","0000-00","0","no battery","V"
"10/20/2017","12:47:20","5","default","957498349","OXY5","97.701","min","156.022","μmol/L","Humid","21.189","deg","90899","µV","35.770","°C","1019.000","hPa","37.0","pmil","0","55.500","deg","20.000","°C","100.000","%a.s.","22.500","deg","20.000","°C","1013.000","hPa","0.861","-0.02056","0.00035","-0.00011","0","14.7","Humid","26.25","0","52.00","343967.26","SABD0000000001","AAV1.0.0.11","2.0.0.28","PSt7-10","000000-000","10/20/2017 9:36:39 AM","0000-00","0","no battery","V"
"10/20/2017","12:47:21","5","default","957498349","OXY5","97.718","min","156.067","μmol/L","Humid","21.188","deg","90899","µV","35.765","°C","1019.000","hPa","37.0","pmil","0","55.500","deg","20.000","°C","100.000","%a.s.","22.500","deg","20.000","°C","1013.000","hPa","0.861","-0.02056","0.00035","-0.00011","0","14.7","Humid","26.25","0","52.00","343961.35","SABD0000000001","AAV1.0.0.11","2.0.0.28","PSt7-10","000000-000","10/20/2017 9:36:39 AM","0000-00","0","no battery","V"
"10/20/2017","12:47:22","5","default","957498349","OXY5","97.734","min","156.061","μmol/L","Humid","21.190","deg","90887","µV","35.761","°C","1019.000","hPa","37.0","pmil","0","55.500","deg","20.000","°C","100.000","%a.s.","22.500","deg","20.000","°C","1013.000","hPa","0.861","-0.02056","0.00035","-0.00011","0","14.7","Humid","26.25","0","52.00","343976.28","SABD0000000001","AAV1.0.0.11","2.0.0.28","PSt7-10","000000-000","10/20/2017 9:36:39 AM","0000-00","0","no battery","V"
"10/20/2017","12:47:23","5","default","957498349","OXY5","97.751","min","156.007","μmol/L","Humid","21.187","deg","90895","µV","35.777","°C","1019.000","hPa","37.0","pmil","0","55.500","deg","20.000","°C","100.000","%a.s.","22.500","deg","20.000","°C","1013.000","hPa","0.861","-0.02056","0.00035","-0.00011","0","14.7","Humid","26.25","0","52.00","343950.19","SABD0000000001","AAV1.0.0.11","2.0.0.28","PSt7-10","000000-000","10/20/2017 9:36:39 AM","0000-00","0","no battery","V"
"10/20/2017","12:47:24","5","default","957498349","OXY5","97.768","min","156.041","μmol/L","Humid","21.188","deg","90898","µV","35.769","°C","1019.000","hPa","37.0","pmil","0","55.500","deg","20.000","°C","100.000","%a.s.","22.500","deg","20.000","°C","1013.000","hPa","0.861","-0.02056","0.00035","-0.00011","0","14.7","Humid","26.25","0","52.00","343964.72","SABD0000000001","AAV1.0.0.11","2.0.0.28","PSt7-10","000000-000","10/20/2017 9:36:39 AM","0000-00","0","no battery","V"
"10/20/2017","12:47:25","5","default","957498349","OXY5","97.784","min","156.123","μmol/L","Humid","21.190","deg","90880","µV","35.750","°C","1019.000","hPa","37.0","pmil","0","55.500","deg","20.000","°C","100.000","%a.s.","22.500","deg","20.000","°C","1013.000","hPa","0.861","-0.02056","0.00035","-0.00011","0","14.7","Humid","26.25","0","52.00","343961.13","SABD0000000001","AAV1.0.0.11","2.0.0.28","PSt7-10","000000-000","10/20/2017 9:36:39 AM","0000-00","0","no battery","V"
"10/20/2017","12:47:26","5","default","957498349","OXY5","97.801","min","156.024","μmol/L","Humid","21.193","deg","90854","µV","35.760","°C","1019.000","hPa","37.0","pmil","0","55.500","deg","20.000","°C","100.000","%a.s.","22.500","deg","20.000","°C","1013.000","hPa","0.861","-0.02056","0.00035","-0.00011","0","14.7","Humid","26.25","0","52.00","343963.34","SABD0000000001","AAV1.0.0.11","2.0.0.28","PSt7-10","000000-000","10/20/2017 9:36:39 AM","0000-00","0","no battery","V"
"10/20/2017","12:47:27","5","default","957498349","OXY5","97.818","min","156.048","μmol/L","Humid","21.194","deg","90870","µV","35.754","°C","1019.000","hPa","37.0","pmil","0","55.500","deg","20.000","°C","100.000","%a.s.","22.500","deg","20.000","°C","1013.000","hPa","0.861","-0.02056","0.00035","-0.00011","0","14.7","Humid","26.25","0","52.00","343979.74","SABD0000000001","AAV1.0.0.11","2.0.0.28","PSt7-10","000000-000","10/20/2017 9:36:39 AM","0000-00","0","no battery","V"
"10/20/2017","12:47:28","5","default","957498349","OXY5","97.835","min","156.051","μmol/L","Humid","21.195","deg","90879","µV","35.751","°C","1019.000","hPa","37.0","pmil","0","55.500","deg","20.000","°C","100.000","%a.s.","22.500","deg","20.000","°C","1013.000","hPa","0.861","-0.02056","0.00035","-0.00011","0","14.7","Humid","26.25","0","52.00","343964.28","SABD0000000001","AAV1.0.0.11","2.0.0.28","PSt7-10","000000-000","10/20/2017 9:36:39 AM","0000-00","0","no battery","V"
"10/20/2017","12:47:29","5","default","957498349","OXY5","97.851","min","156.103","μmol/L","Humid","21.188","deg","90873","µV","35.758","°C","1019.000","hPa","37.0","pmil","0","55.500","deg","20.000","°C","100.000","%a.s.","22.500","deg","20.000","°C","1013.000","hPa","0.861","-0.02056","0.00035","-0.00011","0","14.7","Humid","26.25","0","52.00","343961.95","SABD0000000001","AAV1.0.0.11","2.0.0.28","PSt7-10","000000-000","10/20/2017 9:36:39 AM","0000-00","0","no battery","V"
"10/20/2017","12:47:30","5","default","957498349","OXY5","97.868","min","156.068","μmol/L","Humid","21.188","deg","90865","µV","35.764","°C","1019.000","hPa","37.0","pmil","0","55.500","deg","20.000","°C","100.000","%a.s.","22.500","deg","20.000","°C","1013.000","hPa","0.861","-0.02056","0.00035","-0.00011","0","14.7","Humid","26.25","0","52.00","343944.14","SABD0000000001","AAV1.0.0.11","2.0.0.28","PSt7-10","000000-000","10/20/2017 9:36:39 AM","0000-00","0","no battery","V"
"10/20/2017","12:47:31","5","default","957498349","OXY5","97.885","min","155.929","μmol/L","Humid","21.195","deg","90874","µV","35.771","°C","1019.000","hPa","37.0","pmil","0","55.500","deg","20.000","°C","100.000","%a.s.","22.500","deg","20.000","°C","1013.000","hPa","0.861","-0.02056","0.00035","-0.00011","0","14.7","Humid","26.25","0","52.00","343949.71","SABD0000000001","AAV1.0.0.11","2.0.0.28","PSt7-10","000000-000","10/20/2017 9:36:39 AM","0000-00","0","no battery","V"
"10/20/2017","12:47:32","5","default","957498349","OXY5","97.901","min","156.010","μmol/L","Humid","21.189","deg","90885","µV","35.772","°C","1019.000","hPa","37.0","pmil","0","55.500","deg","20.000","°C","100.000","%a.s.","22.500","deg","20.000","°C","1013.000","hPa","0.861","-0.02056","0.00035","-0.00011","0","14.7","Humid","26.25","0","52.00","343952.18","SABD0000000001","AAV1.0.0.11","2.0.0.28","PSt7-10","000000-000","10/20/2017 9:36:39 AM","0000-00","0","no battery","V"
"10/20/2017","12:47:33","5","default","957498349","OXY5","97.918","min","156.040","μmol/L","Humid","21.189","deg","90872","µV","35.767","°C","1019.000","hPa","37.0","pmil","0","55.500","deg","20.000","°C","100.000","%a.s.","22.500","deg","20.000","°C","1013.000","hPa","0.861","-0.02056","0.00035","-0.00011","0","14.7","Humid","26.25","0","52.00","343965.74","SABD0000000001","AAV1.0.0.11","2.0.0.28","PSt7-10","000000-000","10/20/2017 9:36:39 AM","0000-00","0","no battery","V"
"10/20/2017","12:47:34","5","default","957498349","OXY5","97.935","min","156.074","μmol/L","Humid","21.190","deg","90878","µV","35.759","°C","1019.000","hPa","37.0","pmil","0","55.500","deg","20.000","°C","100.000","%a.s.","22.500","deg","20.000","°C","1013.000","hPa","0.861","-0.02056","0.00035","-0.00011","0","14.7","Humid","26.25","0","52.00","343953.03","SABD0000000001","AAV1.0.0.11","2.0.0.28","PSt7-10","000000-000","10/20/2017 9:36:39 AM","0000-00","0","no battery","V"
"10/20/2017","12:47:35","5","default","957498349","OXY5","97.951","min","156.050","μmol/L","Humid","21.192","deg","90877","µV","35.758","°C","1019.000","hPa","37.0","pmil","0","55.500","deg","20.000","°C","100.000","%a.s.","22.500","deg","20.000","°C","1013.000","hPa","0.861","-0.02056","0.00035","-0.00011","0","14.7","Humid","26.25","0","52.00","343950.77","SABD0000000001","AAV1.0.0.11","2.0.0.28","PSt7-10","000000-000","10/20/2017 9:36:39 AM","0000-00","0","no battery","V"
"10/20/2017","12:47:36","5","default","957498349","OXY5","97.968","min","156.119","μmol/L","Humid","21.189","deg","90880","µV","35.753","°C","1019.000","hPa","37.0","pmil","0","55.500","deg","20.000","°C","100.000","%a.s.","22.500","deg","20.000","°C","1013.000","hPa","0.861","-0.02056","0.00035","-0.00011","0","14.7","Humid","26.25","0","52.00","343941.10","SABD0000000001","AAV1.0.0.11","2.0.0.28","PSt7-10","000000-000","10/20/2017 9:36:39 AM","0000-00","0","no battery","V"
"10/20/2017","12:47:37","5","default","957498349","OXY5","97.985","min","156.072","μmol/L","Humid","21.190","deg","90876","µV","35.759","°C","1019.000","hPa","37.0","pmil","0","55.500","deg","20.000","°C","100.000","%a.s.","22.500","deg","20.000","°C","1013.000","hPa","0.861","-0.02056","0.00035","-0.00011","0","14.7","Humid","26.25","0","52.00","343958.79","SABD0000000001","AAV1.0.0.11","2.0.0.28","PSt7-10","000000-000","10/20/2017 9:36:39 AM","0000-00","0","no battery","V"
"10/20/2017","12:47:38","5","default","957498349","OXY5","98.001","min","156.012","μmol/L","Humid","21.189","deg","90875","µV","35.772","°C","1019.000","hPa","37.0","pmil","0","55.500","deg","20.000","°C","100.000","%a.s.","22.500","deg","20.000","°C","1013.000","hPa","0.861","-0.02056","0.00035","-0.00011","0","14.7","Humid","26.25","0","52.00","343946.36","SABD0000000001","AAV1.0.0.11","2.0.0.28","PSt7-10","000000-000","10/20/2017 9:36:39 AM","0000-00","0","no battery","V"
"10/20/2017","12:47:39","5","default","957498349","OXY5","98.018","min","155.972","μmol/L","Humid","21.193","deg","90875","µV","35.769","°C","1019.000","hPa","37.0","pmil","0","55.500","deg","20.000","°C","100.000","%a.s.","22.500","deg","20.000","°C","1013.000","hPa","0.861","-0.02056","0.00035","-0.00011","0","14.7","Humid","26.25","0","52.00","343947.30","SABD0000000001","AAV1.0.0.11","2.0.0.28","PSt7-10","000000-000","10/20/2017 9:36:39 AM","0000-00","0","no battery","V"
"10/20/2017","12:47:40","5","default","957498349","OXY5","98.035","min","156.003","μmol/L","Humid","21.191","deg","90881","µV","35.768","°C","1019.000","hPa","37.0","pmil","0","55.500","deg","20.000","°C","100.000","%a.s.","22.500","deg","20.000","°C","1013.000","hPa","0.861","-0.02056","0.00035","-0.00011","0","14.7","Humid","26.25","0","52.00","343957.33","SABD0000000001","AAV1.0.0.11","2.0.0.28","PSt7-10","000000-000","10/20/2017 9:36:39 AM","0000-00","0","no battery","V"
"10/20/2017","12:47:41","5","default","957498349","OXY5","98.051","min","156.137","μmol/L","Humid","21.185","deg","90874","µV","35.760","°C","1019.000","hPa","37.0","pmil","0","55.500","deg","20.000","°C","100.000","%a.s.","22.500","deg","20.000","°C","1013.000","hPa","0.861","-0.02056","0.00035","-0.00011","0","14.7","Humid","26.25","0","52.00","343947.42","SABD0000000001","AAV1.0.0.11","2.0.0.28","PSt7-10","000000-000","10/20/2017 9:36:39 AM","0000-00","0","no battery","V"
"10/20/2017","12:47:42","5","default","957498349","OXY5","98.068","min","156.084","μmol/L","Humid","21.190","deg","90877","µV","35.757","°C","1019.000","hPa","37.0","pmil","0","55.500","deg","20.000","°C","100.000","%a.s.","22.500","deg","20.000","°C","1013.000","hPa","0.861","-0.02056","0.00035","-0.00011","0","14.7","Humid","26.25","0","52.00","343948.32","SABD0000000001","AAV1.0.0.11","2.0.0.28","PSt7-10","000000-000","10/20/2017 9:36:39 AM","0000-00","0","no battery","V"
"10/20/2017","12:47:43","5","default","957498349","OXY5","98.085","min","156.027","μmol/L","Humid","21.191","deg","90877","µV","35.764","°C","1019.000","hPa","37.0","pmil","0","55.500","deg","20.000","°C","100.000","%a.s.","22.500","deg","20.000","°C","1013.000","hPa","0.861","-0.02056","0.00035","-0.00011","0","14.7","Humid","26.25","0","52.00","343932.25","SABD0000000001","AAV1.0.0.11","2.0.0.28","PSt7-10","000000-000","10/20/2017 9:36:39 AM","0000-00","0","no battery","V"
"10/20/2017","12:47:44","5","default","957498349","OXY5","98.101","min","156.077","μmol/L","Humid","21.187","deg","90872","µV","35.765","°C","1019.000","hPa","37.0","pmil","0","55.500","deg","20.000","°C","100.000","%a.s.","22.500","deg","20.000","°C","1013.000","hPa","0.861","-0.02056","0.00035","-0.00011","0","14.7","Humid","26.25","0","52.00","343950.13","SABD0000000001","AAV1.0.0.11","2.0.0.28","PSt7-10","000000-000","10/20/2017 9:36:39 AM","0000-00","0","no battery","V"
"10/20/2017","12:47:45","5","default","957498349","OXY5","98.118","min","156.062","μmol/L","Humid","21.190","deg","90876","µV","35.761","°C","1019.000","hPa","37.0","pmil","0","55.500","deg","20.000","°C","100.000","%a.s.","22.500","deg","20.000","°C","1013.000","hPa","0.861","-0.02056","0.00035","-0.00011","0","14.7","Humid","26.25","0","52.00","343945.21","SABD0000000001","AAV1.0.0.11","2.0.0.28","PSt7-10","000000-000","10/20/2017 9:36:39 AM","0000-00","0","no battery","V"
"10/20/2017","12:47:46","5","default","957498349","OXY5","98.135","min","156.181","μmol/L","Humid","21.188","deg","90875","µV","35.745","°C","1019.000","hPa","37.0","pmil","0","55.500","deg","20.000","°C","100.000","%a.s.","22.500","deg","20.000","°C","1013.000","hPa","0.861","-0.02056","0.00035","-0.00011","0","14.7","Humid","26.25","0","52.00","343936.02","SABD0000000001","AAV1.0.0.11","2.0.0.28","PSt7-10","000000-000","10/20/2017 9:36:39 AM","0000-00","0","no battery","V"
"10/20/2017","12:47:47","5","default","957498349","OXY5","98.152","min","156.113","μmol/L","Humid","21.191","deg","90880","µV","35.750","°C","1019.000","hPa","37.0","pmil","0","55.500","deg","20.000","°C","100.000","%a.s.","22.500","deg","20.000","°C","1013.000","hPa","0.861","-0.02056","0.00035","-0.00011","0","14.7","Humid","26.25","0","52.00","343932.38","SABD0000000001","AAV1.0.0.11","2.0.0.28","PSt7-10","000000-000","10/20/2017 9:36:39 AM","0000-00","0","no battery","V"
"10/20/2017","12:47:48","5","default","957498349","OXY5","98.168","min","156.000","μmol/L","Humid","21.191","deg","90873","µV","35.769","°C","1019.000","hPa","37.0","pmil","0","55.500","deg","20.000","°C","100.000","%a.s.","22.500","deg","20.000","°C","1013.000","hPa","0.861","-0.02056","0.00035","-0.00011","0","14.7","Humid","26.25","0","52.00","343937.20","SABD0000000001","AAV1.0.0.11","2.0.0.28","PSt7-10","000000-000","10/20/2017 9:36:39 AM","0000-00","0","no battery","V"
"10/20/2017","12:47:49","5","default","957498349","OXY5","98.185","min","156.027","μmol/L","Humid","21.192","deg","90874","µV","35.762","°C","1019.000","hPa","37.0","pmil","0","55.500","deg","20.000","°C","100.000","%a.s.","22.500","deg","20.000","°C","1013.000","hPa","0.861","-0.02056","0.00035","-0.00011","0","14.7","Humid","26.25","0","52.00","343938.29","SABD0000000001","AAV1.0.0.11","2.0.0.28","PSt7-10","000000-000","10/20/2017 9:36:39 AM","0000-00","0","no battery","V"
"10/20/2017","12:47:50","5","default","957498349","OXY5","98.202","min","156.003","μmol/L","Humid","21.190","deg","90874","µV","35.771","°C","1019.000","hPa","37.0","pmil","0","55.500","deg","20.000","°C","100.000","%a.s.","22.500","deg","20.000","°C","1013.000","hPa","0.861","-0.02056","0.00035","-0.00011","0","14.7","Humid","26.25","0","52.00","343932.13","SABD0000000001","AAV1.0.0.11","2.0.0.28","PSt7-10","000000-000","10/20/2017 9:36:39 AM","0000-00","0","no battery","V"
"10/20/2017","12:47:51","5","default","957498349","OXY5","98.218","min","155.945","μmol/L","Humid","21.194","deg","90872","µV","35.771","°C","1019.000","hPa","37.0","pmil","0","55.500","deg","20.000","°C","100.000","%a.s.","22.500","deg","20.000","°C","1013.000","hPa","0.861","-0.02056","0.00035","-0.00011","0","14.7","Humid","26.25","0","52.00","343947.60","SABD0000000001","AAV1.0.0.11","2.0.0.28","PSt7-10","000000-000","10/20/2017 9:36:39 AM","0000-00","0","no battery","V"
"10/20/2017","12:47:52","5","default","957498349","OXY5","98.235","min","155.999","μmol/L","Humid","21.191","deg","90883","µV","35.769","°C","1019.000","hPa","37.0","pmil","0","55.500","deg","20.000","°C","100.000","%a.s.","22.500","deg","20.000","°C","1013.000","hPa","0.861","-0.02056","0.00035","-0.00011","0","14.7","Humid","26.25","0","52.00","343942.64","SABD0000000001","AAV1.0.0.11","2.0.0.28","PSt7-10","000000-000","10/20/2017 9:36:39 AM","0000-00","0","no battery","V"
"10/20/2017","12:47:53","5","default","957498349","OXY5","98.252","min","155.984","μmol/L","Humid","21.191","deg","90878","µV","35.771","°C","1019.000","hPa","37.0","pmil","0","55.500","deg","20.000","°C","100.000","%a.s.","22.500","deg","20.000","°C","1013.000","hPa","0.861","-0.02056","0.00035","-0.00011","0","14.7","Humid","26.25","0","52.00","343948.15","SABD0000000001","AAV1.0.0.11","2.0.0.28","PSt7-10","000000-000","10/20/2017 9:36:39 AM","0000-00","0","no battery","V"
"10/20/2017","12:47:54","5","default","957498349","OXY5","98.268","min","155.995","μmol/L","Humid","21.191","deg","90875","µV","35.770","°C","1019.000","hPa","37.0","pmil","0","55.500","deg","20.000","°C","100.000","%a.s.","22.500","deg","20.000","°C","1013.000","hPa","0.861","-0.02056","0.00035","-0.00011","0","14.7","Humid","26.25","0","52.00","343942.69","SABD0000000001","AAV1.0.0.11","2.0.0.28","PSt7-10","000000-000","10/20/2017 9:36:39 AM","0000-00","0","no battery","V"
"10/20/2017","12:47:55","5","default","957498349","OXY5","98.285","min","156.037","μmol/L","Humid","21.190","deg","90874","µV","35.765","°C","1019.000","hPa","37.0","pmil","0","55.500","deg","20.000","°C","100.000","%a.s.","22.500","deg","20.000","°C","1013.000","hPa","0.861","-0.02056","0.00035","-0.00011","0","14.7","Humid","26.25","0","52.00","343926.74","SABD0000000001","AAV1.0.0.11","2.0.0.28","PSt7-10","000000-000","10/20/2017 9:36:39 AM","0000-00","0","no battery","V"
"10/20/2017","12:47:56","5","default","957498349","OXY5","98.301","min","156.045","μmol/L","Humid","21.192","deg","90869","µV","35.759","°C","1019.000","hPa","37.0","pmil","0","55.500","deg","20.000","°C","100.000","%a.s.","22.500","deg","20.000","°C","1013.000","hPa","0.861","-0.02056","0.00035","-0.00011","0","14.7","Humid","26.25","0","52.00","343941.62","SABD0000000001","AAV1.0.0.11","2.0.0.28","PSt7-10","000000-000","10/20/2017 9:36:39 AM","0000-00","0","no battery","V"
"10/20/2017","12:47:57","5","default","957498349","OXY5","98.318","min","155.951","μmol/L","Humid","21.191","deg","90880","µV","35.777","°C","1019.000","hPa","37.0","pmil","0","55.500","deg","20.000","°C","100.000","%a.s.","22.500","deg","20.000","°C","1013.000","hPa","0.861","-0.02056","0.00035","-0.00011","0","14.7","Humid","26.25","0","52.00","343950.95","SABD0000000001","AAV1.0.0.11","2.0.0.28","PSt7-10","000000-000","10/20/2017 9:36:39 AM","0000-00","0","no battery","V"
"10/20/2017","12:47:58","5","default","957498349","OXY5","98.335","min","156.063","μmol/L","Humid","21.190","deg","90883","µV","35.760","°C","1019.000","hPa","37.0","pmil","0","55.500","deg","20.000","°C","100.000","%a.s.","22.500","deg","20.000","°C","1013.000","hPa","0.861","-0.02056","0.00035","-0.00011","0","14.7","Humid","26.25","0","52.00","343941.46","SABD0000000001","AAV1.0.0.11","2.0.0.28","PSt7-10","000000-000","10/20/2017 9:36:39 AM","0000-00","0","no battery","V"
"10/20/2017","12:47:59","5","default","957498349","OXY5","98.352","min","155.914","μmol/L","Humid","21.190","deg","90874","µV","35.786","°C","1019.000","hPa","37.0","pmil","0","55.500","deg","20.000","°C","100.000","%a.s.","22.500","deg","20.000","°C","1013.000","hPa","0.861","-0.02056","0.00035","-0.00011","0","14.7","Humid","26.25","0","52.00","343931.62","SABD0000000001","AAV1.0.0.11","2.0.0.28","PSt7-10","000000-000","10/20/2017 9:36:39 AM","0000-00","0","no battery","V"
"10/20/2017","12:48:00","5","default","957498349","OXY5","98.368","min","156.114","μmol/L","Humid","21.187","deg","90881","µV","35.759","°C","1019.000","hPa","37.0","pmil","0","55.500","deg","20.000","°C","100.000","%a.s.","22.500","deg","20.000","°C","1013.000","hPa","0.861","-0.02056","0.00035","-0.00011","0","14.7","Humid","26.25","0","52.00","343929.75","SABD0000000001","AAV1.0.0.11","2.0.0.28","PSt7-10","000000-000","10/20/2017 9:36:39 AM","0000-00","0","no battery","V"
"10/20/2017","12:48:01","5","default","957498349","OXY5","98.385","min","156.047","μmol/L","Humid","21.192","deg","90877","µV","35.758","°C","1019.000","hPa","37.0","pmil","0","55.500","deg","20.000","°C","100.000","%a.s.","22.500","deg","20.000","°C","1013.000","hPa","0.861","-0.02056","0.00035","-0.00011","0","14.7","Humid","26.25","0","52.00","343944.76","SABD0000000001","AAV1.0.0.11","2.0.0.28","PSt7-10","000000-000","10/20/2017 9:36:39 AM","0000-00","0","no battery","V"
"10/20/2017","12:48:02","5","default","957498349","OXY5","98.402","min","156.128","μmol/L","Humid","21.187","deg","90873","µV","35.757","°C","1019.000","hPa","37.0","pmil","0","55.500","deg","20.000","°C","100.000","%a.s.","22.500","deg","20.000","°C","1013.000","hPa","0.861","-0.02056","0.00035","-0.00011","0","14.7","Humid","26.25","0","52.00","343933.83","SABD0000000001","AAV1.0.0.11","2.0.0.28","PSt7-10","000000-000","10/20/2017 9:36:39 AM","0000-00","0","no battery","V"
"10/20/2017","12:48:03","5","default","957498349","OXY5","98.418","min","155.942","μmol/L","Humid","21.193","deg","90871","µV","35.774","°C","1019.000","hPa","37.0","pmil","0","55.500","deg","20.000","°C","100.000","%a.s.","22.500","deg","20.000","°C","1013.000","hPa","0.861","-0.02056","0.00035","-0.00011","0","14.7","Humid","26.25","0","52.00","343919.93","SABD0000000001","AAV1.0.0.11","2.0.0.28","PSt7-10","000000-000","10/20/2017 9:36:39 AM","0000-00","0","no battery","V"
"10/20/2017","12:48:04","5","default","957498349","OXY5","98.435","min","156.030","μmol/L","Humid","21.188","deg","90867","µV","35.771","°C","1019.000","hPa","37.0","pmil","0","55.500","deg","20.000","°C","100.000","%a.s.","22.500","deg","20.000","°C","1013.000","hPa","0.861","-0.02056","0.00035","-0.00011","0","14.7","Humid","26.25","0","52.00","343919.59","SABD0000000001","AAV1.0.0.11","2.0.0.28","PSt7-10","000000-000","10/20/2017 9:36:39 AM","0000-00","0","no battery","V"
"10/20/2017","12:48:05","5","default","957498349","OXY5","98.452","min","156.011","μmol/L","Humid","21.192","deg","90867","µV","35.765","°C","1019.000","hPa","37.0","pmil","0","55.500","deg","20.000","°C","100.000","%a.s.","22.500","deg","20.000","°C","1013.000","hPa","0.861","-0.02056","0.00035","-0.00011","0","14.7","Humid","26.25","0","52.00","343914.35","SABD0000000001","AAV1.0.0.11","2.0.0.28","PSt7-10","000000-000","10/20/2017 9:36:39 AM","0000-00","0","no battery","V"
"10/20/2017","12:48:06","5","default","957498349","OXY5","98.468","min","156.050","μmol/L","Humid","21.186","deg","90876","µV","35.772","°C","1019.000","hPa","37.0","pmil","0","55.500","deg","20.000","°C","100.000","%a.s.","22.500","deg","20.000","°C","1013.000","hPa","0.861","-0.02056","0.00035","-0.00011","0","14.7","Humid","26.25","0","52.00","343937.75","SABD0000000001","AAV1.0.0.11","2.0.0.28","PSt7-10","000000-000","10/20/2017 9:36:39 AM","0000-00","0","no battery","V"
"10/20/2017","12:48:07","5","default","957498349","OXY5","98.485","min","155.986","μmol/L","Humid","21.192","deg","90876","µV","35.769","°C","1019.000","hPa","37.0","pmil","0","55.500","deg","20.000","°C","100.000","%a.s.","22.500","deg","20.000","°C","1013.000","hPa","0.861","-0.02056","0.00035","-0.00011","0","14.7","Humid","26.25","0","52.00","343911.36","SABD0000000001","AAV1.0.0.11","2.0.0.28","PSt7-10","000000-000","10/20/2017 9:36:39 AM","0000-00","0","no battery","V"
"10/20/2017","12:48:08","5","default","957498349","OXY5","98.502","min","155.943","μmol/L","Humid","21.185","deg","90877","µV","35.793","°C","1019.000","hPa","37.0","pmil","0","55.500","deg","20.000","°C","100.000","%a.s.","22.500","deg","20.000","°C","1013.000","hPa","0.861","-0.02056","0.00035","-0.00011","0","14.7","Humid","26.25","0","52.00","343920.19","SABD0000000001","AAV1.0.0.11","2.0.0.28","PSt7-10","000000-000","10/20/2017 9:36:39 AM","0000-00","0","no battery","V"
"10/20/2017","12:48:09","5","default","957498349","OXY5","98.519","min","155.953","μmol/L","Humid","21.193","deg","90873","µV","35.772","°C","1019.000","hPa","37.0","pmil","0","55.500","deg","20.000","°C","100.000","%a.s.","22.500","deg","20.000","°C","1013.000","hPa","0.861","-0.02056","0.00035","-0.00011","0","14.7","Humid","26.25","0","52.00","343916.33","SABD0000000001","AAV1.0.0.11","2.0.0.28","PSt7-10","000000-000","10/20/2017 9:36:39 AM","0000-00","0","no battery","V"
"10/20/2017","12:48:10","5","default","957498349","OXY5","98.535","min","156.051","μmol/L","Humid","21.190","deg","90870","µV","35.762","°C","1019.000","hPa","37.0","pmil","0","55.500","deg","20.000","°C","100.000","%a.s.","22.500","deg","20.000","°C","1013.000","hPa","0.861","-0.02056","0.00035","-0.00011","0","14.7","Humid","26.25","0","52.00","343930.76","SABD0000000001","AAV1.0.0.11","2.0.0.28","PSt7-10","000000-000","10/20/2017 9:36:39 AM","0000-00","0","no battery","V"
"10/20/2017","12:48:11","5","default","957498349","OXY5","98.552","min","155.987","μmol/L","Humid","21.187","deg","90871","µV","35.781","°C","1019.000","hPa","37.0","pmil","0","55.500","deg","20.000","°C","100.000","%a.s.","22.500","deg","20.000","°C","1013.000","hPa","0.861","-0.02056","0.00035","-0.00011","0","14.7","Humid","26.25","0","52.00","343908.41","SABD0000000001","AAV1.0.0.11","2.0.0.28","PSt7-10","000000-000","10/20/2017 9:36:39 AM","0000-00","0","no battery","V"
"10/20/2017","12:48:12","5","default","957498349","OXY5","98.569","min","155.946","μmol/L","Humid","21.191","deg","90872","µV","35.778","°C","1019.000","hPa","37.0","pmil","0","55.500","deg","20.000","°C","100.000","%a.s.","22.500","deg","20.000","°C","1013.000","hPa","0.861","-0.02056","0.00035","-0.00011","0","14.7","Humid","26.25","0","52.00","343907.25","SABD0000000001","AAV1.0.0.11","2.0.0.28","PSt7-10","000000-000","10/20/2017 9:36:39 AM","0000-00","0","no battery","V"
"10/20/2017","12:48:13","5","default","957498349","OXY5","98.585","min","155.999","μmol/L","Humid","21.190","deg","90876","µV","35.771","°C","1019.000","hPa","37.0","pmil","0","55.500","deg","20.000","°C","100.000","%a.s.","22.500","deg","20.000","°C","1013.000","hPa","0.861","-0.02056","0.00035","-0.00011","0","14.7","Humid","26.25","0","52.00","343916.96","SABD0000000001","AAV1.0.0.11","2.0.0.28","PSt7-10","000000-000","10/20/2017 9:36:39 AM","0000-00","0","no battery","V"
"10/20/2017","12:48:14","5","default","957498349","OXY5","98.602","min","155.941","μmol/L","Humid","21.193","deg","90872","µV","35.774","°C","1019.000","hPa","37.0","pmil","0","55.500","deg","20.000","°C","100.000","%a.s.","22.500","deg","20.000","°C","1013.000","hPa","0.861","-0.02056","0.00035","-0.00011","0","14.7","Humid","26.25","0","52.00","343923.40","SABD0000000001","AAV1.0.0.11","2.0.0.28","PSt7-10","000000-000","10/20/2017 9:36:39 AM","0000-00","0","no battery","V"
"10/20/2017","12:48:15","5","default","957498349","OXY5","98.618","min","155.924","μmol/L","Humid","21.191","deg","90876","µV","35.782","°C","1019.000","hPa","37.0","pmil","0","55.500","deg","20.000","°C","100.000","%a.s.","22.500","deg","20.000","°C","1013.000","hPa","0.861","-0.02056","0.00035","-0.00011","0","14.7","Humid","26.25","0","52.00","343928.85","SABD0000000001","AAV1.0.0.11","2.0.0.28","PSt7-10","000000-000","10/20/2017 9:36:39 AM","0000-00","0","no battery","V"
"10/20/2017","12:48:16","5","default","957498349","OXY5","98.634","min","155.961","μmol/L","Humid","21.190","deg","90872","µV","35.778","°C","1019.000","hPa","37.0","pmil","0","55.500","deg","20.000","°C","100.000","%a.s.","22.500","deg","20.000","°C","1013.000","hPa","0.861","-0.02056","0.00035","-0.00011","0","14.7","Humid","26.25","0","52.00","343909.53","SABD0000000001","AAV1.0.0.11","2.0.0.28","PSt7-10","000000-000","10/20/2017 9:36:39 AM","0000-00","0","no battery","V"
"10/20/2017","12:48:17","5","default","957498349","OXY5","98.651","min","156.021","μmol/L","Humid","21.189","deg","90875","µV","35.770","°C","1019.000","hPa","37.0","pmil","0","55.500","deg","20.000","°C","100.000","%a.s.","22.500","deg","20.000","°C","1013.000","hPa","0.861","-0.02056","0.00035","-0.00011","0","14.7","Humid","26.25","0","52.00","343914.38","SABD0000000001","AAV1.0.0.11","2.0.0.28","PSt7-10","000000-000","10/20/2017 9:36:39 AM","0000-00","0","no battery","V"
"10/20/2017","12:48:18","5","default","957498349","OXY5","98.668","min","155.928","μmol/L","Humid","21.190","deg","90870","µV","35.783","°C","1019.000","hPa","37.0","pmil","0","55.500","deg","20.000","°C","100.000","%a.s.","22.500","deg","20.000","°C","1013.000","hPa","0.861","-0.02056","0.00035","-0.00011","0","14.7","Humid","26.25","0","52.00","343913.38","SABD0000000001","AAV1.0.0.11","2.0.0.28","PSt7-10","000000-000","10/20/2017 9:36:39 AM","0000-00","0","no battery","V"
"10/20/2017","12:48:19","5","default","957498349","OXY5","98.684","min","156.043","μmol/L","Humid","21.188","deg","90870","µV","35.769","°C","1019.000","hPa","37.0","pmil","0","55.500","deg","20.000","°C","100.000","%a.s.","22.500","deg","20.000","°C","1013.000","hPa","0.861","-0.02056","0.00035","-0.00011","0","14.7","Humid","26.25","0","52.00","343903.45","SABD0000000001","AAV1.0.0.11","2.0.0.28","PSt7-10","000000-000","10/20/2017 9:36:39 AM","0000-00","0","no battery","V"
"10/20/2017","12:48:20","5","default","957498349","OXY5","98.701","min","155.967","μmol/L","Humid","21.192","deg","90869","µV","35.772","°C","1019.000","hPa","37.0","pmil","0","55.500","deg","20.000","°C","100.000","%a.s.","22.500","deg","20.000","°C","1013.000","hPa","0.861","-0.02056","0.00035","-0.00011","0","14.7","Humid","26.25","0","52.00","343893.92","SABD0000000001","AAV1.0.0.11","2.0.0.28","PSt7-10","000000-000","10/20/2017 9:36:39 AM","0000-00","0","no battery","V"
"10/20/2017","12:48:21","5","default","957498349","OXY5","98.718","min","156.022","μmol/L","Humid","21.189","deg","90870","µV","35.770","°C","1019.000","hPa","37.0","pmil","0","55.500","deg","20.000","°C","100.000","%a.s.","22.500","deg","20.000","°C","1013.000","hPa","0.861","-0.02056","0.00035","-0.00011","0","14.7","Humid","26.25","0","52.00","343905.97","SABD0000000001","AAV1.0.0.11","2.0.0.28","PSt7-10","000000-000","10/20/2017 9:36:39 AM","0000-00","0","no battery","V"
"10/20/2017","12:48:22","5","default","957498349","OXY5","98.734","min","156.070","μmol/L","Humid","21.187","deg","90869","µV","35.766","°C","1019.000","hPa","37.0","pmil","0","55.500","deg","20.000","°C","100.000","%a.s.","22.500","deg","20.000","°C","1013.000","hPa","0.861","-0.02056","0.00035","-0.00011","0","14.7","Humid","26.25","0","52.00","343901.01","SABD0000000001","AAV1.0.0.11","2.0.0.28","PSt7-10","000000-000","10/20/2017 9:36:39 AM","0000-00","0","no battery","V"
"10/20/2017","12:48:23","5","default","957498349","OXY5","98.751","min","156.030","μmol/L","Humid","21.192","deg","90871","µV","35.761","°C","1019.000","hPa","37.0","pmil","0","55.500","deg","20.000","°C","100.000","%a.s.","22.500","deg","20.000","°C","1013.000","hPa","0.861","-0.02056","0.00035","-0.00011","0","14.7","Humid","26.25","0","52.00","343900.95","SABD0000000001","AAV1.0.0.11","2.0.0.28","PSt7-10","000000-000","10/20/2017 9:36:39 AM","0000-00","0","no battery","V"
"10/20/2017","12:48:24","5","default","957498349","OXY5","98.768","min","156.097","μmol/L","Humid","21.187","deg","90871","µV","35.762","°C","1019.000","hPa","37.0","pmil","0","55.500","deg","20.000","°C","100.000","%a.s.","22.500","deg","20.000","°C","1013.000","hPa","0.861","-0.02056","0.00035","-0.00011","0","14.7","Humid","26.25","0","52.00","343920.17","SABD0000000001","AAV1.0.0.11","2.0.0.28","PSt7-10","000000-000","10/20/2017 9:36:39 AM","0000-00","0","no battery","V"
"10/20/2017","12:48:25","5","default","957498349","OXY5","98.784","min","156.088","μmol/L","Humid","21.189","deg","90875","µV","35.759","°C","1019.000","hPa","37.0","pmil","0","55.500","deg","20.000","°C","100.000","%a.s.","22.500","deg","20.000","°C","1013.000","hPa","0.861","-0.02056","0.00035","-0.00011","0","14.7","Humid","26.25","0","52.00","343907.98","SABD0000000001","AAV1.0.0.11","2.0.0.28","PSt7-10","000000-000","10/20/2017 9:36:39 AM","0000-00","0","no battery","V"
"10/20/2017","12:48:26","5","default","957498349","OXY5","98.801","min","155.831","μmol/L","Humid","21.193","deg","90872","µV","35.793","°C","1019.000","hPa","37.0","pmil","0","55.500","deg","20.000","°C","100.000","%a.s.","22.500","deg","20.000","°C","1013.000","hPa","0.861","-0.02056","0.00035","-0.00011","0","14.7","Humid","26.25","0","52.00","343907.39","SABD0000000001","AAV1.0.0.11","2.0.0.28","PSt7-10","000000-000","10/20/2017 9:36:39 AM","0000-00","0","no battery","V"
"10/20/2017","12:48:27","5","default","957498349","OXY5","98.818","min","155.990","μmol/L","Humid","21.189","deg","90878","µV","35.775","°C","1019.000","hPa","37.0","pmil","0","55.500","deg","20.000","°C","100.000","%a.s.","22.500","deg","20.000","°C","1013.000","hPa","0.861","-0.02056","0.00035","-0.00011","0","14.7","Humid","26.25","0","52.00","343892.26","SABD0000000001","AAV1.0.0.11","2.0.0.28","PSt7-10","000000-000","10/20/2017 9:36:39 AM","0000-00","0","no battery","V"
"10/20/2017","12:48:28","5","default","957498349","OXY5","98.834","min","155.981","μmol/L","Humid","21.188","deg","90871","µV","35.779","°C","1019.000","hPa","37.0","pmil","0","55.500","deg","20.000","°C","100.000","%a.s.","22.500","deg","20.000","°C","1013.000","hPa","0.861","-0.02056","0.00035","-0.00011","0","14.7","Humid","26.25","0","52.00","343887.22","SABD0000000001","AAV1.0.0.11","2.0.0.28","PSt7-10","000000-000","10/20/2017 9:36:39 AM","0000-00","0","no battery","V"
"10/20/2017","12:48:29","5","default","957498349","OXY5","98.851","min","155.975","μmol/L","Humid","21.189","deg","90873","µV","35.778","°C","1019.000","hPa","37.0","pmil","0","55.500","deg","20.000","°C","100.000","%a.s.","22.500","deg","20.000","°C","1013.000","hPa","0.861","-0.02056","0.00035","-0.00011","0","14.7","Humid","26.25","0","52.00","343904.72","SABD0000000001","AAV1.0.0.11","2.0.0.28","PSt7-10","000000-000","10/20/2017 9:36:39 AM","0000-00","0","no battery","V"
"10/20/2017","12:48:30","5","default","957498349","OXY5","98.868","min","156.053","μmol/L","Humid","21.187","deg","90871","µV","35.769","°C","1019.000","hPa","37.0","pmil","0","55.500","deg","20.000","°C","100.000","%a.s.","22.500","deg","20.000","°C","1013.000","hPa","0.861","-0.02056","0.00035","-0.00011","0","14.7","Humid","26.25","0","52.00","343914.68","SABD0000000001","AAV1.0.0.11","2.0.0.28","PSt7-10","000000-000","10/20/2017 9:36:39 AM","0000-00","0","no battery","V"
"10/20/2017","12:48:31","5","default","957498349","OXY5","98.884","min","155.971","μmol/L","Humid","21.188","deg","90873","µV","35.781","°C","1019.000","hPa","37.0","pmil","0","55.500","deg","20.000","°C","100.000","%a.s.","22.500","deg","20.000","°C","1013.000","hPa","0.861","-0.02056","0.00035","-0.00011","0","14.7","Humid","26.25","0","52.00","343895.32","SABD0000000001","AAV1.0.0.11","2.0.0.28","PSt7-10","000000-000","10/20/2017 9:36:39 AM","0000-00","0","no battery","V"
"10/20/2017","12:48:32","5","default","957498349","OXY5","98.901","min","155.876","μmol/L","Humid","21.193","deg","90870","µV","35.785","°C","1019.000","hPa","37.0","pmil","0","55.500","deg","20.000","°C","100.000","%a.s.","22.500","deg","20.000","°C","1013.000","hPa","0.861","-0.02056","0.00035","-0.00011","0","14.7","Humid","26.25","0","52.00","343894.58","SABD0000000001","AAV1.0.0.11","2.0.0.28","PSt7-10","000000-000","10/20/2017 9:36:39 AM","0000-00","0","no battery","V"
"10/20/2017","12:48:33","5","default","957498349","OXY5","98.918","min","156.061","μmol/L","Humid","21.188","deg","90867","µV","35.766","°C","1019.000","hPa","37.0","pmil","0","55.500","deg","20.000","°C","100.000","%a.s.","22.500","deg","20.000","°C","1013.000","hPa","0.861","-0.02056","0.00035","-0.00011","0","14.7","Humid","26.25","0","52.00","343903.23","SABD0000000001","AAV1.0.0.11","2.0.0.28","PSt7-10","000000-000","10/20/2017 9:36:39 AM","0000-00","0","no battery","V"
"10/20/2017","12:48:34","5","default","957498349","OXY5","98.934","min","156.087","μmol/L","Humid","21.186","deg","90859","µV","35.766","°C","1019.000","hPa","37.0","pmil","0","55.500","deg","20.000","°C","100.000","%a.s.","22.500","deg","20.000","°C","1013.000","hPa","0.861","-0.02056","0.00035","-0.00011","0","14.7","Humid","26.25","0","52.00","343894.32","SABD0000000001","AAV1.0.0.11","2.0.0.28","PSt7-10","000000-000","10/20/2017 9:36:39 AM","0000-00","0","no battery","V"
"10/20/2017","12:48:35","5","default","957498349","OXY5","98.951","min","156.055","μmol/L","Humid","21.188","deg","90871","µV","35.767","°C","1019.000","hPa","37.0","pmil","0","55.500","deg","20.000","°C","100.000","%a.s.","22.500","deg","20.000","°C","1013.000","hPa","0.861","-0.02056","0.00035","-0.00011","0","14.7","Humid","26.25","0","52.00","343882.93","SABD0000000001","AAV1.0.0.11","2.0.0.28","PSt7-10","000000-000","10/20/2017 9:36:39 AM","0000-00","0","no battery","V"
"10/20/2017","12:48:36","5","default","957498349","OXY5","98.968","min","156.041","μmol/L","Humid","21.189","deg","90871","µV","35.767","°C","1019.000","hPa","37.0","pmil","0","55.500","deg","20.000","°C","100.000","%a.s.","22.500","deg","20.000","°C","1013.000","hPa","0.861","-0.02056","0.00035","-0.00011","0","14.7","Humid","26.25","0","52.00","343893.91","SABD0000000001","AAV1.0.0.11","2.0.0.28","PSt7-10","000000-000","10/20/2017 9:36:39 AM","0000-00","0","no battery","V"
"10/20/2017","12:48:37","5","default","957498349","OXY5","98.984","min","155.958","μmol/L","Humid","21.191","deg","90869","µV","35.776","°C","1019.000","hPa","37.0","pmil","0","55.500","deg","20.000","°C","100.000","%a.s.","22.500","deg","20.000","°C","1013.000","hPa","0.861","-0.02056","0.00035","-0.00011","0","14.7","Humid","26.25","0","52.00","343891.92","SABD0000000001","AAV1.0.0.11","2.0.0.28","PSt7-10","000000-000","10/20/2017 9:36:39 AM","0000-00","0","no battery","V"
"10/20/2017","12:48:38","5","default","957498349","OXY5","99.001","min","156.071","μmol/L","Humid","21.186","deg","90868","µV","35.769","°C","1019.000","hPa","37.0","pmil","0","55.500","deg","20.000","°C","100.000","%a.s.","22.500","deg","20.000","°C","1013.000","hPa","0.861","-0.02056","0.00035","-0.00011","0","14.7","Humid","26.25","0","52.00","343897.23","SABD0000000001","AAV1.0.0.11","2.0.0.28","PSt7-10","000000-000","10/20/2017 9:36:39 AM","0000-00","0","no battery","V"
"10/20/2017","12:48:39","5","default","957498349","OXY5","99.018","min","156.079","μmol/L","Humid","21.185","deg","90871","µV","35.770","°C","1019.000","hPa","37.0","pmil","0","55.500","deg","20.000","°C","100.000","%a.s.","22.500","deg","20.000","°C","1013.000","hPa","0.861","-0.02056","0.00035","-0.00011","0","14.7","Humid","26.25","0","52.00","343886.38","SABD0000000001","AAV1.0.0.11","2.0.0.28","PSt7-10","000000-000","10/20/2017 9:36:39 AM","0000-00","0","no battery","V"
"10/20/2017","12:48:40","5","default","957498349","OXY5","99.034","min","156.000","μmol/L","Humid","21.189","deg","90872","µV","35.774","°C","1019.000","hPa","37.0","pmil","0","55.500","deg","20.000","°C","100.000","%a.s.","22.500","deg","20.000","°C","1013.000","hPa","0.861","-0.02056","0.00035","-0.00011","0","14.7","Humid","26.25","0","52.00","343896.27","SABD0000000001","AAV1.0.0.11","2.0.0.28","PSt7-10","000000-000","10/20/2017 9:36:39 AM","0000-00","0","no battery","V"
"10/20/2017","12:48:41","5","default","957498349","OXY5","99.051","min","155.962","μmol/L","Humid","21.193","deg","90873","µV","35.770","°C","1019.000","hPa","37.0","pmil","0","55.500","deg","20.000","°C","100.000","%a.s.","22.500","deg","20.000","°C","1013.000","hPa","0.861","-0.02056","0.00035","-0.00011","0","14.7","Humid","26.25","0","52.00","343897.66","SABD0000000001","AAV1.0.0.11","2.0.0.28","PSt7-10","000000-000","10/20/2017 9:36:39 AM","0000-00","0","no battery","V"
"10/20/2017","12:48:42","5","default","957498349","OXY5","99.068","min","155.932","μmol/L","Humid","21.195","deg","90865","µV","35.771","°C","1019.000","hPa","37.0","pmil","0","55.500","deg","20.000","°C","100.000","%a.s.","22.500","deg","20.000","°C","1013.000","hPa","0.861","-0.02056","0.00035","-0.00011","0","14.7","Humid","26.25","0","52.00","343886.21","SABD0000000001","AAV1.0.0.11","2.0.0.28","PSt7-10","000000-000","10/20/2017 9:36:39 AM","0000-00","0","no battery","V"
"10/20/2017","12:48:43","5","default","957498349","OXY5","99.085","min","155.962","μmol/L","Humid","21.191","deg","90870","µV","35.775","°C","1019.000","hPa","37.0","pmil","0","55.500","deg","20.000","°C","100.000","%a.s.","22.500","deg","20.000","°C","1013.000","hPa","0.861","-0.02056","0.00035","-0.00011","0","14.7","Humid","26.25","0","52.00","343895.57","SABD0000000001","AAV1.0.0.11","2.0.0.28","PSt7-10","000000-000","10/20/2017 9:36:39 AM","0000-00","0","no battery","V"
"10/20/2017","12:48:44","5","default","957498349","OXY5","99.101","min","156.057","μmol/L","Humid","21.185","deg","90876","µV","35.773","°C","1019.000","hPa","37.0","pmil","0","55.500","deg","20.000","°C","100.000","%a.s.","22.500","deg","20.000","°C","1013.000","hPa","0.861","-0.02056","0.00035","-0.00011","0","14.7","Humid","26.25","0","52.00","343896.55","SABD0000000001","AAV1.0.0.11","2.0.0.28","PSt7-10","000000-000","10/20/2017 9:36:39 AM","0000-00","0","no battery","V"
"10/20/2017","12:48:45","5","default","957498349","OXY5","99.118","min","155.932","μmol/L","Humid","21.194","deg","90864","µV","35.773","°C","1019.000","hPa","37.0","pmil","0","55.500","deg","20.000","°C","100.000","%a.s.","22.500","deg","20.000","°C","1013.000","hPa","0.861","-0.02056","0.00035","-0.00011","0","14.7","Humid","26.25","0","52.00","343886.27","SABD0000000001","AAV1.0.0.11","2.0.0.28","PSt7-10","000000-000","10/20/2017 9:36:39 AM","0000-00","0","no battery","V"
"10/20/2017","12:48:46","5","default","957498349","OXY5","99.135","min","156.014","μmol/L","Humid","21.190","deg","90868","µV","35.769","°C","1019.000","hPa","37.0","pmil","0","55.500","deg","20.000","°C","100.000","%a.s.","22.500","deg","20.000","°C","1013.000","hPa","0.861","-0.02056","0.00035","-0.00011","0","14.7","Humid","26.25","0","52.00","343892.66","SABD0000000001","AAV1.0.0.11","2.0.0.28","PSt7-10","000000-000","10/20/2017 9:36:39 AM","0000-00","0","no battery","V"
"10/20/2017","12:48:47","5","default","957498349","OXY5","99.151","min","155.868","μmol/L","Humid","21.191","deg","90864","µV","35.791","°C","1019.000","hPa","37.0","pmil","0","55.500","deg","20.000","°C","100.000","%a.s.","22.500","deg","20.000","°C","1013.000","hPa","0.861","-0.02056","0.00035","-0.00011","0","14.7","Humid","26.25","0","52.00","343896.25","SABD0000000001","AAV1.0.0.11","2.0.0.28","PSt7-10","000000-000","10/20/2017 9:36:39 AM","0000-00","0","no battery","V"
"10/20/2017","12:48:48","5","default","957498349","OXY5","99.168","min","155.969","μmol/L","Humid","21.192","deg","90861","µV","35.772","°C","1019.000","hPa","37.0","pmil","0","55.500","deg","20.000","°C","100.000","%a.s.","22.500","deg","20.000","°C","1013.000","hPa","0.861","-0.02056","0.00035","-0.00011","0","14.7","Humid","26.25","0","52.00","343875.18","SABD0000000001","AAV1.0.0.11","2.0.0.28","PSt7-10","000000-000","10/20/2017 9:36:39 AM","0000-00","0","no battery","V"
"10/20/2017","12:48:49","5","default","957498349","OXY5","99.185","min","155.973","μmol/L","Humid","21.188","deg","90868","µV","35.781","°C","1019.000","hPa","37.0","pmil","0","55.500","deg","20.000","°C","100.000","%a.s.","22.500","deg","20.000","°C","1013.000","hPa","0.861","-0.02056","0.00035","-0.00011","0","14.7","Humid","26.25","0","52.00","343887.91","SABD0000000001","AAV1.0.0.11","2.0.0.28","PSt7-10","000000-000","10/20/2017 9:36:39 AM","0000-00","0","no battery","V"
"10/20/2017","12:48:50","5","default","957498349","OXY5","99.201","min","155.891","μmol/L","Humid","21.192","deg","90867","µV","35.785","°C","1019.000","hPa","37.0","pmil","0","55.500","deg","20.000","°C","100.000","%a.s.","22.500","deg","20.000","°C","1013.000","hPa","0.861","-0.02056","0.00035","-0.00011","0","14.7","Humid","26.25","0","52.00","343893.05","SABD0000000001","AAV1.0.0.11","2.0.0.28","PSt7-10","000000-000","10/20/2017 9:36:39 AM","0000-00","0","no battery","V"
"10/20/2017","12:48:51","5","default","957498349","OXY5","99.218","min","155.921","μmol/L","Humid","21.187","deg","90873","µV","35.792","°C","1019.000","hPa","37.0","pmil","0","55.500","deg","20.000","°C","100.000","%a.s.","22.500","deg","20.000","°C","1013.000","hPa","0.861","-0.02056","0.00035","-0.00011","0","14.7","Humid","26.25","0","52.00","343883.67","SABD0000000001","AAV1.0.0.11","2.0.0.28","PSt7-10","000000-000","10/20/2017 9:36:39 AM","0000-00","0","no battery","V"
"10/20/2017","12:48:52","5","default","957498349","OXY5","99.235","min","155.949","μmol/L","Humid","21.191","deg","90873","µV","35.777","°C","1019.000","hPa","37.0","pmil","0","55.500","deg","20.000","°C","100.000","%a.s.","22.500","deg","20.000","°C","1013.000","hPa","0.861","-0.02056","0.00035","-0.00011","0","14.7","Humid","26.25","0","52.00","343892.55","SABD0000000001","AAV1.0.0.11","2.0.0.28","PSt7-10","000000-000","10/20/2017 9:36:39 AM","0000-00","0","no battery","V"
"10/20/2017","12:48:53","5","default","957498349","OXY5","99.251","min","155.945","μmol/L","Humid","21.191","deg","90872","µV","35.778","°C","1019.000","hPa","37.0","pmil","0","55.500","deg","20.000","°C","100.000","%a.s.","22.500","deg","20.000","°C","1013.000","hPa","0.861","-0.02056","0.00035","-0.00011","0","14.7","Humid","26.25","0","52.00","343879.70","SABD0000000001","AAV1.0.0.11","2.0.0.28","PSt7-10","000000-000","10/20/2017 9:36:39 AM","0000-00","0","no battery","V"
"10/20/2017","12:48:54","5","default","957498349","OXY5","99.268","min","155.974","μmol/L","Humid","21.190","deg","90867","µV","35.776","°C","1019.000","hPa","37.0","pmil","0","55.500","deg","20.000","°C","100.000","%a.s.","22.500","deg","20.000","°C","1013.000","hPa","0.861","-0.02056","0.00035","-0.00011","0","14.7","Humid","26.25","0","52.00","343875.04","SABD0000000001","AAV1.0.0.11","2.0.0.28","PSt7-10","000000-000","10/20/2017 9:36:39 AM","0000-00","0","no battery","V"
"10/20/2017","12:48:55","5","default","957498349","OXY5","99.285","min","156.015","μmol/L","Humid","21.187","deg","90875","µV","35.776","°C","1019.000","hPa","37.0","pmil","0","55.500","deg","20.000","°C","100.000","%a.s.","22.500","deg","20.000","°C","1013.000","hPa","0.861","-0.02056","0.00035","-0.00011","0","14.7","Humid","26.25","0","52.00","343889.17","SABD0000000001","AAV1.0.0.11","2.0.0.28","PSt7-10","000000-000","10/20/2017 9:36:39 AM","0000-00","0","no battery","V"
"10/20/2017","12:48:56","5","default","957498349","OXY5","99.301","min","155.924","μmol/L","Humid","21.189","deg","90869","µV","35.786","°C","1019.000","hPa","37.0","pmil","0","55.500","deg","20.000","°C","100.000","%a.s.","22.500","deg","20.000","°C","1013.000","hPa","0.861","-0.02056","0.00035","-0.00011","0","14.7","Humid","26.25","0","52.00","343880.04","SABD0000000001","AAV1.0.0.11","2.0.0.28","PSt7-10","000000-000","10/20/2017 9:36:39 AM","0000-00","0","no battery","V"
"10/20/2017","12:48:57","5","default","957498349","OXY5","99.318","min","155.888","μmol/L","Humid","21.192","deg","90871","µV","35.785","°C","1019.000","hPa","37.0","pmil","0","55.500","deg","20.000","°C","100.000","%a.s.","22.500","deg","20.000","°C","1013.000","hPa","0.861","-0.02056","0.00035","-0.00011","0","14.7","Humid","26.25","0","52.00","343886.53","SABD0000000001","AAV1.0.0.11","2.0.0.28","PSt7-10","000000-000","10/20/2017 9:36:39 AM","0000-00","0","no battery","V"
"10/20/2017","12:48:58","5","default","957498349","OXY5","99.335","min","156.112","μmol/L","Humid","21.186","deg","90859","µV","35.762","°C","1019.000","hPa","37.0","pmil","0","55.500","deg","20.000","°C","100.000","%a.s.","22.500","deg","20.000","°C","1013.000","hPa","0.861","-0.02056","0.00035","-0.00011","0","14.7","Humid","26.25","0","52.00","343869.85","SABD0000000001","AAV1.0.0.11","2.0.0.28","PSt7-10","000000-000","10/20/2017 9:36:39 AM","0000-00","0","no battery","V"
"10/20/2017","12:48:59","5","default","957498349","OXY5","99.351","min","156.069","μmol/L","Humid","21.187","deg","90864","µV","35.767","°C","1019.000","hPa","37.0","pmil","0","55.500","deg","20.000","°C","100.000","%a.s.","22.500","deg","20.000","°C","1013.000","hPa","0.861","-0.02056","0.00035","-0.00011","0","14.7","Humid","26.25","0","52.00","343872.22","SABD0000000001","AAV1.0.0.11","2.0.0.28","PSt7-10","000000-000","10/20/2017 9:36:39 AM","0000-00","0","no battery","V"
"10/20/2017","12:49:00","5","default","957498349","OXY5","99.368","min","156.002","μmol/L","Humid","21.190","deg","90870","µV","35.771","°C","1019.000","hPa","37.0","pmil","0","55.500","deg","20.000","°C","100.000","%a.s.","22.500","deg","20.000","°C","1013.000","hPa","0.861","-0.02056","0.00035","-0.00011","0","14.7","Humid","26.25","0","52.00","343882.72","SABD0000000001","AAV1.0.0.11","2.0.0.28","PSt7-10","000000-000","10/20/2017 9:36:39 AM","0000-00","0","no battery","V"
"10/20/2017","12:49:01","5","default","957498349","OXY5","99.385","min","155.990","μmol/L","Humid","21.192","deg","90865","µV","35.768","°C","1019.000","hPa","37.0","pmil","0","55.500","deg","20.000","°C","100.000","%a.s.","22.500","deg","20.000","°C","1013.000","hPa","0.861","-0.02056","0.00035","-0.00011","0","14.7","Humid","26.25","0","52.00","343871.30","SABD0000000001","AAV1.0.0.11","2.0.0.28","PSt7-10","000000-000","10/20/2017 9:36:39 AM","0000-00","0","no battery","V"
"10/20/2017","12:49:02","5","default","957498349","OXY5","99.401","min","156.040","μmol/L","Humid","21.187","deg","90866","µV","35.772","°C","1019.000","hPa","37.0","pmil","0","55.500","deg","20.000","°C","100.000","%a.s.","22.500","deg","20.000","°C","1013.000","hPa","0.861","-0.02056","0.00035","-0.00011","0","14.7","Humid","26.25","0","52.00","343886.51","SABD0000000001","AAV1.0.0.11","2.0.0.28","PSt7-10","000000-000","10/20/2017 9:36:39 AM","0000-00","0","no battery","V"
"10/20/2017","12:49:03","5","default","957498349","OXY5","99.418","min","155.976","μmol/L","Humid","21.189","deg","90871","µV","35.778","°C","1019.000","hPa","37.0","pmil","0","55.500","deg","20.000","°C","100.000","%a.s.","22.500","deg","20.000","°C","1013.000","hPa","0.861","-0.02056","0.00035","-0.00011","0","14.7","Humid","26.25","0","52.00","343885.23","SABD0000000001","AAV1.0.0.11","2.0.0.28","PSt7-10","000000-000","10/20/2017 9:36:39 AM","0000-00","0","no battery","V"
"10/20/2017","12:49:04","5","default","957498349","OXY5","99.435","min","155.856","μmol/L","Humid","21.191","deg","90873","µV","35.793","°C","1019.000","hPa","37.0","pmil","0","55.500","deg","20.000","°C","100.000","%a.s.","22.500","deg","20.000","°C","1013.000","hPa","0.861","-0.02056","0.00035","-0.00011","0","14.7","Humid","26.25","0","52.00","343873.43","SABD0000000001","AAV1.0.0.11","2.0.0.28","PSt7-10","000000-000","10/20/2017 9:36:39 AM","0000-00","0","no battery","V"
"10/20/2017","12:49:05","5","default","957498349","OXY5","99.452","min","155.934","μmol/L","Humid","21.187","deg","90874","µV","35.789","°C","1019.000","hPa","37.0","pmil","0","55.500","deg","20.000","°C","100.000","%a.s.","22.500","deg","20.000","°C","1013.000","hPa","0.861","-0.02056","0.00035","-0.00011","0","14.7","Humid","26.25","0","52.00","343876.34","SABD0000000001","AAV1.0.0.11","2.0.0.28","PSt7-10","000000-000","10/20/2017 9:36:39 AM","0000-00","0","no battery","V"
"10/20/2017","12:49:06","5","default","957498349","OXY5","99.468","min","155.897","μmol/L","Humid","21.190","deg","90875","µV","35.789","°C","1019.000","hPa","37.0","pmil","0","55.500","deg","20.000","°C","100.000","%a.s.","22.500","deg","20.000","°C","1013.000","hPa","0.861","-0.02056","0.00035","-0.00011","0","14.7","Humid","26.25","0","52.00","343866.95","SABD0000000001","AAV1.0.0.11","2.0.0.28","PSt7-10","000000-000","10/20/2017 9:36:39 AM","0000-00","0","no battery","V"
"10/20/2017","12:49:07","5","default","957498349","OXY5","99.485","min","155.918","μmol/L","Humid","21.192","deg","90871","µV","35.780","°C","1019.000","hPa","37.0","pmil","0","55.500","deg","20.000","°C","100.000","%a.s.","22.500","deg","20.000","°C","1013.000","hPa","0.861","-0.02056","0.00035","-0.00011","0","14.7","Humid","26.25","0","52.00","343867.54","SABD0000000001","AAV1.0.0.11","2.0.0.28","PSt7-10","000000-000","10/20/2017 9:36:39 AM","0000-00","0","no battery","V"
"10/20/2017","12:49:08","5","default","957498349","OXY5","99.502","min","155.903","μmol/L","Humid","21.190","deg","90865","µV","35.788","°C","1019.000","hPa","37.0","pmil","0","55.500","deg","20.000","°C","100.000","%a.s.","22.500","deg","20.000","°C","1013.000","hPa","0.861","-0.02056","0.00035","-0.00011","0","14.7","Humid","26.25","0","52.00","343880.81","SABD0000000001","AAV1.0.0.11","2.0.0.28","PSt7-10","000000-000","10/20/2017 9:36:39 AM","0000-00","0","no battery","V"
"10/20/2017","12:49:09","5","default","957498349","OXY5","99.518","min","155.923","μmol/L","Humid","21.192","deg","90867","µV","35.779","°C","1019.000","hPa","37.0","pmil","0","55.500","deg","20.000","°C","100.000","%a.s.","22.500","deg","20.000","°C","1013.000","hPa","0.861","-0.02056","0.00035","-0.00011","0","14.7","Humid","26.25","0","52.00","343862.49","SABD0000000001","AAV1.0.0.11","2.0.0.28","PSt7-10","000000-000","10/20/2017 9:36:39 AM","0000-00","0","no battery","V"
"10/20/2017","12:49:10","5","default","957498349","OXY5","99.535","min","156.046","μmol/L","Humid","21.182","deg","90869","µV","35.782","°C","1019.000","hPa","37.0","pmil","0","55.500","deg","20.000","°C","100.000","%a.s.","22.500","deg","20.000","°C","1013.000","hPa","0.861","-0.02056","0.00035","-0.00011","0","14.7","Humid","26.25","0","52.00","343868.80","SABD0000000001","AAV1.0.0.11","2.0.0.28","PSt7-10","000000-000","10/20/2017 9:36:39 AM","0000-00","0","no battery","V"
"10/20/2017","12:49:11","5","default","957498349","OXY5","99.552","min","156.008","μmol/L","Humid","21.189","deg","90866","µV","35.772","°C","1019.000","hPa","37.0","pmil","0","55.500","deg","20.000","°C","100.000","%a.s.","22.500","deg","20.000","°C","1013.000","hPa","0.861","-0.02056","0.00035","-0.00011","0","14.7","Humid","26.25","0","52.00","343874.38","SABD0000000001","AAV1.0.0.11","2.0.0.28","PSt7-10","000000-000","10/20/2017 9:36:39 AM","0000-00","0","no battery","V"
"10/20/2017","12:49:12","5","default","957498349","OXY5","99.568","min","155.902","μmol/L","Humid","21.190","deg","90872","µV","35.788","°C","1019.000","hPa","37.0","pmil","0","55.500","deg","20.000","°C","100.000","%a.s.","22.500","deg","20.000","°C","1013.000","hPa","0.861","-0.02056","0.00035","-0.00011","0","14.7","Humid","26.25","0","52.00","343869.85","SABD0000000001","AAV1.0.0.11","2.0.0.28","PSt7-10","000000-000","10/20/2017 9:36:39 AM","0000-00","0","no battery","V"
"10/20/2017","12:49:13","5","default","957498349","OXY5","99.585","min","155.951","μmol/L","Humid","21.190","deg","90864","µV","35.779","°C","1019.000","hPa","37.0","pmil","0","55.500","deg","20.000","°C","100.000","%a.s.","22.500","deg","20.000","°C","1013.000","hPa","0.861","-0.02056","0.00035","-0.00011","0","14.7","Humid","26.25","0","52.00","343871.25","SABD0000000001","AAV1.0.0.11","2.0.0.28","PSt7-10","000000-000","10/20/2017 9:36:39 AM","0000-00","0","no battery","V"
"10/20/2017","12:49:14","5","default","957498349","OXY5","99.602","min","155.932","μmol/L","Humid","21.189","deg","90870","µV","35.785","°C","1019.000","hPa","37.0","pmil","0","55.500","deg","20.000","°C","100.000","%a.s.","22.500","deg","20.000","°C","1013.000","hPa","0.861","-0.02056","0.00035","-0.00011","0","14.7","Humid","26.25","0","52.00","343863.12","SABD0000000001","AAV1.0.0.11","2.0.0.28","PSt7-10","000000-000","10/20/2017 9:36:39 AM","0000-00","0","no battery","V"
"10/20/2017","12:49:15","5","default","957498349","OXY5","99.618","min","155.920","μmol/L","Humid","21.188","deg","90871","µV","35.790","°C","1019.000","hPa","37.0","pmil","0","55.500","deg","20.000","°C","100.000","%a.s.","22.500","deg","20.000","°C","1013.000","hPa","0.861","-0.02056","0.00035","-0.00011","0","14.7","Humid","26.25","0","52.00","343865.22","SABD0000000001","AAV1.0.0.11","2.0.0.28","PSt7-10","000000-000","10/20/2017 9:36:39 AM","0000-00","0","no battery","V"
"10/20/2017","12:49:16","5","default","957498349","OXY5","99.635","min","155.916","μmol/L","Humid","21.191","deg","90868","µV","35.783","°C","1019.000","hPa","37.0","pmil","0","55.500","deg","20.000","°C","100.000","%a.s.","22.500","deg","20.000","°C","1013.000","hPa","0.861","-0.02056","0.00035","-0.00011","0","14.7","Humid","26.25","0","52.00","343878.13","SABD0000000001","AAV1.0.0.11","2.0.0.28","PSt7-10","000000-000","10/20/2017 9:36:39 AM","0000-00","0","no battery","V"
"10/20/2017","12:49:17","5","default","957498349","OXY5","99.652","min","155.916","μmol/L","Humid","21.189","deg","90867","µV","35.788","°C","1019.000","hPa","37.0","pmil","0","55.500","deg","20.000","°C","100.000","%a.s.","22.500","deg","20.000","°C","1013.000","hPa","0.861","-0.02056","0.00035","-0.00011","0","14.7","Humid","26.25","0","52.00","343871.97","SABD0000000001","AAV1.0.0.11","2.0.0.28","PSt7-10","000000-000","10/20/2017 9:36:39 AM","0000-00","0","no battery","V"
"10/20/2017","12:49:18","5","default","957498349","OXY5","99.668","min","155.993","μmol/L","Humid","21.190","deg","90865","µV","35.772","°C","1019.000","hPa","37.0","pmil","0","55.500","deg","20.000","°C","100.000","%a.s.","22.500","deg","20.000","°C","1013.000","hPa","0.861","-0.02056","0.00035","-0.00011","0","14.7","Humid","26.25","0","52.00","343861.68","SABD0000000001","AAV1.0.0.11","2.0.0.28","PSt7-10","000000-000","10/20/2017 9:36:39 AM","0000-00","0","no battery","V"
"10/20/2017","12:49:19","5","default","957498349","OXY5","99.685","min","155.968","μmol/L","Humid","21.190","deg","90868","µV","35.777","°C","1019.000","hPa","37.0","pmil","0","55.500","deg","20.000","°C","100.000","%a.s.","22.500","deg","20.000","°C","1013.000","hPa","0.861","-0.02056","0.00035","-0.00011","0","14.7","Humid","26.25","0","52.00","343857.31","SABD0000000001","AAV1.0.0.11","2.0.0.28","PSt7-10","000000-000","10/20/2017 9:36:39 AM","0000-00","0","no battery","V"
"10/20/2017","12:49:20","5","default","957498349","OXY5","99.702","min","155.917","μmol/L","Humid","21.191","deg","90869","µV","35.783","°C","1019.000","hPa","37.0","pmil","0","55.500","deg","20.000","°C","100.000","%a.s.","22.500","deg","20.000","°C","1013.000","hPa","0.861","-0.02056","0.00035","-0.00011","0","14.7","Humid","26.25","0","52.00","343863.14","SABD0000000001","AAV1.0.0.11","2.0.0.28","PSt7-10","000000-000","10/20/2017 9:36:39 AM","0000-00","0","no battery","V"
"10/20/2017","12:49:21","5","default","957498349","OXY5","99.718","min","155.963","μmol/L","Humid","21.191","deg","90874","µV","35.775","°C","1019.000","hPa","37.0","pmil","0","55.500","deg","20.000","°C","100.000","%a.s.","22.500","deg","20.000","°C","1013.000","hPa","0.861","-0.02056","0.00035","-0.00011","0","14.7","Humid","26.25","0","52.00","343860.62","SABD0000000001","AAV1.0.0.11","2.0.0.28","PSt7-10","000000-000","10/20/2017 9:36:39 AM","0000-00","0","no battery","V"
"10/20/2017","12:49:22","5","default","957498349","OXY5","99.735","min","156.035","μmol/L","Humid","21.189","deg","90861","µV","35.768","°C","1019.000","hPa","37.0","pmil","0","55.500","deg","20.000","°C","100.000","%a.s.","22.500","deg","20.000","°C","1013.000","hPa","0.861","-0.02056","0.00035","-0.00011","0","14.7","Humid","26.25","0","52.00","343854.21","SABD0000000001","AAV1.0.0.11","2.0.0.28","PSt7-10","000000-000","10/20/2017 9:36:39 AM","0000-00","0","no battery","V"
"10/20/2017","12:49:23","5","default","957498349","OXY5","99.752","min","155.975","μmol/L","Humid","21.185","deg","90860","µV","35.787","°C","1019.000","hPa","37.0","pmil","0","55.500","deg","20.000","°C","100.000","%a.s.","22.500","deg","20.000","°C","1013.000","hPa","0.861","-0.02056","0.00035","-0.00011","0","14.7","Humid","26.25","0","52.00","343846.65","SABD0000000001","AAV1.0.0.11","2.0.0.28","PSt7-10","000000-000","10/20/2017 9:36:39 AM","0000-00","0","no battery","V"
"10/20/2017","12:49:24","5","default","957498349","OXY5","99.768","min","155.863","μmol/L","Humid","21.191","deg","90870","µV","35.792","°C","1019.000","hPa","37.0","pmil","0","55.500","deg","20.000","°C","100.000","%a.s.","22.500","deg","20.000","°C","1013.000","hPa","0.861","-0.02056","0.00035","-0.00011","0","14.7","Humid","26.25","0","52.00","343860.95","SABD0000000001","AAV1.0.0.11","2.0.0.28","PSt7-10","000000-000","10/20/2017 9:36:39 AM","0000-00","0","no battery","V"
"10/20/2017","12:49:25","5","default","957498349","OXY5","99.785","min","155.883","μmol/L","Humid","21.188","deg","90868","µV","35.796","°C","1019.000","hPa","37.0","pmil","0","55.500","deg","20.000","°C","100.000","%a.s.","22.500","deg","20.000","°C","1013.000","hPa","0.861","-0.02056","0.00035","-0.00011","0","14.7","Humid","26.25","0","52.00","343853.89","SABD0000000001","AAV1.0.0.11","2.0.0.28","PSt7-10","000000-000","10/20/2017 9:36:39 AM","0000-00","0","no battery","V"
"10/20/2017","12:49:26","5","default","957498349","OXY5","99.802","min","155.898","μmol/L","Humid","21.189","deg","90865","µV","35.791","°C","1019.000","hPa","37.0","pmil","0","55.500","deg","20.000","°C","100.000","%a.s.","22.500","deg","20.000","°C","1013.000","hPa","0.861","-0.02056","0.00035","-0.00011","0","14.7","Humid","26.25","0","52.00","343849.99","SABD0000000001","AAV1.0.0.11","2.0.0.28","PSt7-10","000000-000","10/20/2017 9:36:39 AM","0000-00","0","no battery","V"
"10/20/2017","12:49:27","5","default","957498349","OXY5","99.818","min","155.988","μmol/L","Humid","21.187","deg","90862","µV","35.780","°C","1019.000","hPa","37.0","pmil","0","55.500","deg","20.000","°C","100.000","%a.s.","22.500","deg","20.000","°C","1013.000","hPa","0.861","-0.02056","0.00035","-0.00011","0","14.7","Humid","26.25","0","52.00","343849.32","SABD0000000001","AAV1.0.0.11","2.0.0.28","PSt7-10","000000-000","10/20/2017 9:36:39 AM","0000-00","0","no battery","V"
"10/20/2017","12:49:28","5","default","957498349","OXY5","99.835","min","156.003","μmol/L","Humid","21.185","deg","90864","µV","35.783","°C","1019.000","hPa","37.0","pmil","0","55.500","deg","20.000","°C","100.000","%a.s.","22.500","deg","20.000","°C","1013.000","hPa","0.861","-0.02056","0.00035","-0.00011","0","14.7","Humid","26.25","0","52.00","343848.49","SABD0000000001","AAV1.0.0.11","2.0.0.28","PSt7-10","000000-000","10/20/2017 9:36:39 AM","0000-00","0","no battery","V"
"10/20/2017","12:49:29","5","default","957498349","OXY5","99.852","min","155.916","μmol/L","Humid","21.190","deg","90868","µV","35.786","°C","1019.000","hPa","37.0","pmil","0","55.500","deg","20.000","°C","100.000","%a.s.","22.500","deg","20.000","°C","1013.000","hPa","0.861","-0.02056","0.00035","-0.00011","0","14.7","Humid","26.25","0","52.00","343858.20","SABD0000000001","AAV1.0.0.11","2.0.0.28","PSt7-10","000000-000","10/20/2017 9:36:39 AM","0000-00","0","no battery","V"
"10/20/2017","12:49:30","5","default","957498349","OXY5","99.868","min","155.902","μmol/L","Humid","21.189","deg","90865","µV","35.790","°C","1019.000","hPa","37.0","pmil","0","55.500","deg","20.000","°C","100.000","%a.s.","22.500","deg","20.000","°C","1013.000","hPa","0.861","-0.02056","0.00035","-0.00011","0","14.7","Humid","26.25","0","52.00","343843.92","SABD0000000001","AAV1.0.0.11","2.0.0.28","PSt7-10","000000-000","10/20/2017 9:36:39 AM","0000-00","0","no battery","V"
"10/20/2017","12:49:31","5","default","957498349","OXY5","99.885","min","155.854","μmol/L","Humid","21.191","deg","90866","µV","35.794","°C","1019.000","hPa","37.0","pmil","0","55.500","deg","20.000","°C","100.000","%a.s.","22.500","deg","20.000","°C","1013.000","hPa","0.861","-0.02056","0.00035","-0.00011","0","14.7","Humid","26.25","0","52.00","343852.14","SABD0000000001","AAV1.0.0.11","2.0.0.28","PSt7-10","000000-000","10/20/2017 9:36:39 AM","0000-00","0","no battery","V"
"10/20/2017","12:49:32","5","default","957498349","OXY5","99.902","min","155.977","μmol/L","Humid","21.191","deg","90868","µV","35.773","°C","1019.000","hPa","37.0","pmil","0","55.500","deg","20.000","°C","100.000","%a.s.","22.500","deg","20.000","°C","1013.000","hPa","0.861","-0.02056","0.00035","-0.00011","0","14.7","Humid","26.25","0","52.00","343832.49","SABD0000000001","AAV1.0.0.11","2.0.0.28","PSt7-10","000000-000","10/20/2017 9:36:39 AM","0000-00","0","no battery","V"
"10/20/2017","12:49:33","5","default","957498349","OXY5","99.918","min","155.864","μmol/L","Humid","21.191","deg","90868","µV","35.792","°C","1019.000","hPa","37.0","pmil","0","55.500","deg","20.000","°C","100.000","%a.s.","22.500","deg","20.000","°C","1013.000","hPa","0.861","-0.02056","0.00035","-0.00011","0","14.7","Humid","26.25","0","52.00","343837.93","SABD0000000001","AAV1.0.0.11","2.0.0.28","PSt7-10","000000-000","10/20/2017 9:36:39 AM","0000-00","0","no battery","V"
"10/20/2017","12:49:34","5","default","957498349","OXY5","99.935","min","156.029","μmol/L","Humid","21.188","deg","90860","µV","35.771","°C","1019.000","hPa","37.0","pmil","0","55.500","deg","20.000","°C","100.000","%a.s.","22.500","deg","20.000","°C","1013.000","hPa","0.861","-0.02056","0.00035","-0.00011","0","14.7","Humid","26.25","0","52.00","343837.78","SABD0000000001","AAV1.0.0.11","2.0.0.28","PSt7-10","000000-000","10/20/2017 9:36:39 AM","0000-00","0","no battery","V"
"10/20/2017","12:49:35","5","default","957498349","OXY5","99.952","min","155.983","μmol/L","Humid","21.188","deg","90862","µV","35.779","°C","1019.000","hPa","37.0","pmil","0","55.500","deg","20.000","°C","100.000","%a.s.","22.500","deg","20.000","°C","1013.000","hPa","0.861","-0.02056","0.00035","-0.00011","0","14.7","Humid","26.25","0","52.00","343840.34","SABD0000000001","AAV1.0.0.11","2.0.0.28","PSt7-10","000000-000","10/20/2017 9:36:39 AM","0000-00","0","no battery","V"
"10/20/2017","12:49:36","5","default","957498349","OXY5","99.968","min","155.938","μmol/L","Humid","21.187","deg","90868","µV","35.789","°C","1019.000","hPa","37.0","pmil","0","55.500","deg","20.000","°C","100.000","%a.s.","22.500","deg","20.000","°C","1013.000","hPa","0.861","-0.02056","0.00035","-0.00011","0","14.7","Humid","26.25","0","52.00","343829.93","SABD0000000001","AAV1.0.0.11","2.0.0.28","PSt7-10","000000-000","10/20/2017 9:36:39 AM","0000-00","0","no battery","V"
"10/20/2017","12:49:37","5","default","957498349","OXY5","99.985","min","155.949","μmol/L","Humid","21.190","deg","90863","µV","35.780","°C","1019.000","hPa","37.0","pmil","0","55.500","deg","20.000","°C","100.000","%a.s.","22.500","deg","20.000","°C","1013.000","hPa","0.861","-0.02056","0.00035","-0.00011","0","14.7","Humid","26.25","0","52.00","343826.94","SABD0000000001","AAV1.0.0.11","2.0.0.28","PSt7-10","000000-000","10/20/2017 9:36:39 AM","0000-00","0","no battery","V"
"10/20/2017","12:49:38","5","default","957498349","OXY5","100.002","min","155.984","μmol/L","Humid","21.190","deg","90865","µV","35.774","°C","1019.000","hPa","37.0","pmil","0","55.500","deg","20.000","°C","100.000","%a.s.","22.500","deg","20.000","°C","1013.000","hPa","0.861","-0.02056","0.00035","-0.00011","0","14.7","Humid","26.25","0","52.00","343851.97","SABD0000000001","AAV1.0.0.11","2.0.0.28","PSt7-10","000000-000","10/20/2017 9:36:39 AM","0000-00","0","no battery","V"
"10/20/2017","12:49:39","5","default","957498349","OXY5","100.018","min","155.984","μmol/L","Humid","21.187","deg","90860","µV","35.781","°C","1019.000","hPa","37.0","pmil","0","55.500","deg","20.000","°C","100.000","%a.s.","22.500","deg","20.000","°C","1013.000","hPa","0.861","-0.02056","0.00035","-0.00011","0","14.7","Humid","26.25","0","52.00","343826.82","SABD0000000001","AAV1.0.0.11","2.0.0.28","PSt7-10","000000-000","10/20/2017 9:36:39 AM","0000-00","0","no battery","V"
"10/20/2017","12:49:40","5","default","957498349","OXY5","100.035","min","155.931","μmol/L","Humid","21.191","deg","90859","µV","35.781","°C","1019.000","hPa","37.0","pmil","0","55.500","deg","20.000","°C","100.000","%a.s.","22.500","deg","20.000","°C","1013.000","hPa","0.861","-0.02056","0.00035","-0.00011","0","14.7","Humid","26.25","0","52.00","343831.85","SABD0000000001","AAV1.0.0.11","2.0.0.28","PSt7-10","000000-000","10/20/2017 9:36:39 AM","0000-00","0","no battery","V"
"10/20/2017","12:49:41","5","default","957498349","OXY5","100.051","min","155.821","μmol/L","Humid","21.196","deg","90861","µV","35.787","°C","1019.000","hPa","37.0","pmil","0","55.500","deg","20.000","°C","100.000","%a.s.","22.500","deg","20.000","°C","1013.000","hPa","0.861","-0.02056","0.00035","-0.00011","0","14.7","Humid","26.25","0","52.00","343845.45","SABD0000000001","AAV1.0.0.11","2.0.0.28","PSt7-10","000000-000","10/20/2017 9:36:39 AM","0000-00","0","no battery","V"
"10/20/2017","12:49:42","5","default","957498349","OXY5","100.068","min","156.044","μmol/L","Humid","21.185","deg","90860","µV","35.776","°C","1019.000","hPa","37.0","pmil","0","55.500","deg","20.000","°C","100.000","%a.s.","22.500","deg","20.000","°C","1013.000","hPa","0.861","-0.02056","0.00035","-0.00011","0","14.7","Humid","26.25","0","52.00","343823.30","SABD0000000001","AAV1.0.0.11","2.0.0.28","PSt7-10","000000-000","10/20/2017 9:36:39 AM","0000-00","0","no battery","V"
"10/20/2017","12:49:43","5","default","957498349","OXY5","100.084","min","155.843","μmol/L","Humid","21.189","deg","90861","µV","35.800","°C","1019.000","hPa","37.0","pmil","0","55.500","deg","20.000","°C","100.000","%a.s.","22.500","deg","20.000","°C","1013.000","hPa","0.861","-0.02056","0.00035","-0.00011","0","14.7","Humid","26.25","0","52.00","343824.18","SABD0000000001","AAV1.0.0.11","2.0.0.28","PSt7-10","000000-000","10/20/2017 9:36:39 AM","0000-00","0","no battery","V"
"10/20/2017","12:49:44","5","default","957498349","OXY5","100.101","min","155.991","μmol/L","Humid","21.184","deg","90862","µV","35.787","°C","1019.000","hPa","37.0","pmil","0","55.500","deg","20.000","°C","100.000","%a.s.","22.500","deg","20.000","°C","1013.000","hPa","0.861","-0.02056","0.00035","-0.00011","0","14.7","Humid","26.25","0","52.00","343819.88","SABD0000000001","AAV1.0.0.11","2.0.0.28","PSt7-10","000000-000","10/20/2017 9:36:39 AM","0000-00","0","no battery","V"
"10/20/2017","12:49:45","5","default","957498349","OXY5","100.118","min","155.926","μmol/L","Humid","21.189","deg","90866","µV","35.786","°C","1019.000","hPa","37.0","pmil","0","55.500","deg","20.000","°C","100.000","%a.s.","22.500","deg","20.000","°C","1013.000","hPa","0.861","-0.02056","0.00035","-0.00011","0","14.7","Humid","26.25","0","52.00","343831.42","SABD0000000001","AAV1.0.0.11","2.0.0.28","PSt7-10","000000-000","10/20/2017 9:36:39 AM","0000-00","0","no battery","V"
"10/20/2017","12:49:46","5","default","957498349","OXY5","100.134","min","155.884","μmol/L","Humid","21.191","deg","90858","µV","35.788","°C","1019.000","hPa","37.0","pmil","0","55.500","deg","20.000","°C","100.000","%a.s.","22.500","deg","20.000","°C","1013.000","hPa","0.861","-0.02056","0.00035","-0.00011","0","14.7","Humid","26.25","0","52.00","343824.99","SABD0000000001","AAV1.0.0.11","2.0.0.28","PSt7-10","000000-000","10/20/2017 9:36:39 AM","0000-00","0","no battery","V"
"10/20/2017","12:49:47","5","default","957498349","OXY5","100.151","min","155.932","μmol/L","Humid","21.187","deg","90864","µV","35.790","°C","1019.000","hPa","37.0","pmil","0","55.500","deg","20.000","°C","100.000","%a.s.","22.500","deg","20.000","°C","1013.000","hPa","0.861","-0.02056","0.00035","-0.00011","0","14.7","Humid","26.25","0","52.00","343821.68","SABD0000000001","AAV1.0.0.11","2.0.0.28","PSt7-10","000000-000","10/20/2017 9:36:39 AM","0000-00","0","no battery","V"
"10/20/2017","12:49:48","5","default","957498349","OXY5","100.168","min","155.861","μmol/L","Humid","21.192","deg","90868","µV","35.790","°C","1019.000","hPa","37.0","pmil","0","55.500","deg","20.000","°C","100.000","%a.s.","22.500","deg","20.000","°C","1013.000","hPa","0.861","-0.02056","0.00035","-0.00011","0","14.7","Humid","26.25","0","52.00","343825.74","SABD0000000001","AAV1.0.0.11","2.0.0.28","PSt7-10","000000-000","10/20/2017 9:36:39 AM","0000-00","0","no battery","V"
"10/20/2017","12:49:49","5","default","957498349","OXY5","100.184","min","155.969","μmol/L","Humid","21.187","deg","90863","µV","35.784","°C","1019.000","hPa","37.0","pmil","0","55.500","deg","20.000","°C","100.000","%a.s.","22.500","deg","20.000","°C","1013.000","hPa","0.861","-0.02056","0.00035","-0.00011","0","14.7","Humid","26.25","0","52.00","343827.44","SABD0000000001","AAV1.0.0.11","2.0.0.28","PSt7-10","000000-000","10/20/2017 9:36:39 AM","0000-00","0","no battery","V"
"10/20/2017","12:49:50","5","default","957498349","OXY5","100.201","min","155.942","μmol/L","Humid","21.187","deg","90867","µV","35.788","°C","1019.000","hPa","37.0","pmil","0","55.500","deg","20.000","°C","100.000","%a.s.","22.500","deg","20.000","°C","1013.000","hPa","0.861","-0.02056","0.00035","-0.00011","0","14.7","Humid","26.25","0","52.00","343809.75","SABD0000000001","AAV1.0.0.11","2.0.0.28","PSt7-10","000000-000","10/20/2017 9:36:39 AM","0000-00","0","no battery","V"
"10/20/2017","12:49:51","5","default","957498349","OXY5","100.218","min","155.895","μmol/L","Humid","21.190","deg","90864","µV","35.789","°C","1019.000","hPa","37.0","pmil","0","55.500","deg","20.000","°C","100.000","%a.s.","22.500","deg","20.000","°C","1013.000","hPa","0.861","-0.02056","0.00035","-0.00011","0","14.7","Humid","26.25","0","52.00","343806.58","SABD0000000001","AAV1.0.0.11","2.0.0.28","PSt7-10","000000-000","10/20/2017 9:36:39 AM","0000-00","0","no battery","V"
"10/20/2017","12:49:52","5","default","957498349","OXY5","100.234","min","155.839","μmol/L","Humid","21.192","deg","90867","µV","35.794","°C","1019.000","hPa","37.0","pmil","0","55.500","deg","20.000","°C","100.000","%a.s.","22.500","deg","20.000","°C","1013.000","hPa","0.861","-0.02056","0.00035","-0.00011","0","14.7","Humid","26.25","0","52.00","343820.70","SABD0000000001","AAV1.0.0.11","2.0.0.28","PSt7-10","000000-000","10/20/2017 9:36:39 AM","0000-00","0","no battery","V"
"10/20/2017","12:49:53","5","default","957498349","OXY5","100.251","min","155.802","μmol/L","Humid","21.189","deg","90864","µV","35.807","°C","1019.000","hPa","37.0","pmil","0","55.500","deg","20.000","°C","100.000","%a.s.","22.500","deg","20.000","°C","1013.000","hPa","0.861","-0.02056","0.00035","-0.00011","0","14.7","Humid","26.25","0","52.00","343812.73","SABD0000000001","AAV1.0.0.11","2.0.0.28","PSt7-10","000000-000","10/20/2017 9:36:39 AM","0000-00","0","no battery","V"
"10/20/2017","12:49:54","5","default","957498349","OXY5","100.268","min","155.965","μmol/L","Humid","21.189","deg","90868","µV","35.780","°C","1019.000","hPa","37.0","pmil","0","55.500","deg","20.000","°C","100.000","%a.s.","22.500","deg","20.000","°C","1013.000","hPa","0.861","-0.02056","0.00035","-0.00011","0","14.7","Humid","26.25","0","52.00","343818.54","SABD0000000001","AAV1.0.0.11","2.0.0.28","PSt7-10","000000-000","10/20/2017 9:36:39 AM","0000-00","0","no battery","V"
"10/20/2017","12:49:55","5","default","957498349","OXY5","100.284","min","155.894","μmol/L","Humid","21.190","deg","90870","µV","35.789","°C","1019.000","hPa","37.0","pmil","0","55.500","deg","20.000","°C","100.000","%a.s.","22.500","deg","20.000","°C","1013.000","hPa","0.861","-0.02056","0.00035","-0.00011","0","14.7","Humid","26.25","0","52.00","343818.67","SABD0000000001","AAV1.0.0.11","2.0.0.28","PSt7-10","000000-000","10/20/2017 9:36:39 AM","0000-00","0","no battery","V"
"10/20/2017","12:49:56","5","default","957498349","OXY5","100.301","min","155.911","μmol/L","Humid","21.189","deg","90865","µV","35.789","°C","1019.000","hPa","37.0","pmil","0","55.500","deg","20.000","°C","100.000","%a.s.","22.500","deg","20.000","°C","1013.000","hPa","0.861","-0.02056","0.00035","-0.00011","0","14.7","Humid","26.25","0","52.00","343814.94","SABD0000000001","AAV1.0.0.11","2.0.0.28","PSt7-10","000000-000","10/20/2017 9:36:39 AM","0000-00","0","no battery","V"
"10/20/2017","12:49:57","5","default","957498349","OXY5","100.318","min","155.973","μmol/L","Humid","21.188","deg","90858","µV","35.781","°C","1019.000","hPa","37.0","pmil","0","55.500","deg","20.000","°C","100.000","%a.s.","22.500","deg","20.000","°C","1013.000","hPa","0.861","-0.02056","0.00035","-0.00011","0","14.7","Humid","26.25","0","52.00","343803.49","SABD0000000001","AAV1.0.0.11","2.0.0.28","PSt7-10","000000-000","10/20/2017 9:36:39 AM","0000-00","0","no battery","V"
"10/20/2017","12:49:58","5","default","957498349","OXY5","100.334","min","155.929","μmol/L","Humid","21.190","deg","90864","µV","35.783","°C","1019.000","hPa","37.0","pmil","0","55.500","deg","20.000","°C","100.000","%a.s.","22.500","deg","20.000","°C","1013.000","hPa","0.861","-0.02056","0.00035","-0.00011","0","14.7","Humid","26.25","0","52.00","343814.80","SABD0000000001","AAV1.0.0.11","2.0.0.28","PSt7-10","000000-000","10/20/2017 9:36:39 AM","0000-00","0","no battery","V"
"10/20/2017","12:49:59","5","default","957498349","OXY5","100.351","min","156.066","μmol/L","Humid","21.188","deg","90860","µV","35.765","°C","1019.000","hPa","37.0","pmil","0","55.500","deg","20.000","°C","100.000","%a.s.","22.500","deg","20.000","°C","1013.000","hPa","0.861","-0.02056","0.00035","-0.00011","0","14.7","Humid","26.25","0","52.00","343806.30","SABD0000000001","AAV1.0.0.11","2.0.0.28","PSt7-10","000000-000","10/20/2017 9:36:39 AM","0000-00","0","no battery","V"
"10/20/2017","12:50:00","5","default","957498349","OXY5","100.368","min","155.967","μmol/L","Humid","21.188","deg","90860","µV","35.781","°C","1019.000","hPa","37.0","pmil","0","55.500","deg","20.000","°C","100.000","%a.s.","22.500","deg","20.000","°C","1013.000","hPa","0.861","-0.02056","0.00035","-0.00011","0","14.7","Humid","26.25","0","52.00","343819.72","SABD0000000001","AAV1.0.0.11","2.0.0.28","PSt7-10","000000-000","10/20/2017 9:36:39 AM","0000-00","0","no battery","V"
"10/20/2017","12:50:01","5","default","957498349","OXY5","100.384","min","155.895","μmol/L","Humid","21.190","deg","90860","µV","35.789","°C","1019.000","hPa","37.0","pmil","0","55.500","deg","20.000","°C","100.000","%a.s.","22.500","deg","20.000","°C","1013.000","hPa","0.861","-0.02056","0.00035","-0.00011","0","14.7","Humid","26.25","0","52.00","343800.28","SABD0000000001","AAV1.0.0.11","2.0.0.28","PSt7-10","000000-000","10/20/2017 9:36:39 AM","0000-00","0","no battery","V"
"10/20/2017","12:50:02","5","default","957498349","OXY5","100.401","min","155.924","μmol/L","Humid","21.187","deg","90866","µV","35.791","°C","1019.000","hPa","37.0","pmil","0","55.500","deg","20.000","°C","100.000","%a.s.","22.500","deg","20.000","°C","1013.000","hPa","0.861","-0.02056","0.00035","-0.00011","0","14.7","Humid","26.25","0","52.00","343802.02","SABD0000000001","AAV1.0.0.11","2.0.0.28","PSt7-10","000000-000","10/20/2017 9:36:39 AM","0000-00","0","no battery","V"
"10/20/2017","12:50:03","5","default","957498349","OXY5","100.418","min","155.863","μmol/L","Humid","21.190","deg","90868","µV","35.794","°C","1019.000","hPa","37.0","pmil","0","55.500","deg","20.000","°C","100.000","%a.s.","22.500","deg","20.000","°C","1013.000","hPa","0.861","-0.02056","0.00035","-0.00011","0","14.7","Humid","26.25","0","52.00","343816.30","SABD0000000001","AAV1.0.0.11","2.0.0.28","PSt7-10","000000-000","10/20/2017 9:36:39 AM","0000-00","0","no battery","V"
"10/20/2017","12:50:04","5","default","957498349","OXY5","100.434","min","155.842","μmol/L","Humid","21.189","deg","90869","µV","35.800","°C","1019.000","hPa","37.0","pmil","0","55.500","deg","20.000","°C","100.000","%a.s.","22.500","deg","20.000","°C","1013.000","hPa","0.861","-0.02056","0.00035","-0.00011","0","14.7","Humid","26.25","0","52.00","343817.44","SABD0000000001","AAV1.0.0.11","2.0.0.28","PSt7-10","000000-000","10/20/2017 9:36:39 AM","0000-00","0","no battery","V"
"10/20/2017","12:50:05","5","default","957498349","OXY5","100.451","min","155.873","μmol/L","Humid","21.187","deg","90865","µV","35.800","°C","1019.000","hPa","37.0","pmil","0","55.500","deg","20.000","°C","100.000","%a.s.","22.500","deg","20.000","°C","1013.000","hPa","0.861","-0.02056","0.00035","-0.00011","0","14.7","Humid","26.25","0","52.00","343824.39","SABD0000000001","AAV1.0.0.11","2.0.0.28","PSt7-10","000000-000","10/20/2017 9:36:39 AM","0000-00","0","no battery","V"
"10/20/2017","12:50:06","5","default","957498349","OXY5","100.468","min","155.840","μmol/L","Humid","21.192","deg","90858","µV","35.794","°C","1019.000","hPa","37.0","pmil","0","55.500","deg","20.000","°C","100.000","%a.s.","22.500","deg","20.000","°C","1013.000","hPa","0.861","-0.02056","0.00035","-0.00011","0","14.7","Humid","26.25","0","52.00","343824.67","SABD0000000001","AAV1.0.0.11","2.0.0.28","PSt7-10","000000-000","10/20/2017 9:36:39 AM","0000-00","0","no battery","V"
"10/20/2017","12:50:07","5","default","957498349","OXY5","100.484","min","155.847","μmol/L","Humid","21.189","deg","90865","µV","35.800","°C","1019.000","hPa","37.0","pmil","0","55.500","deg","20.000","°C","100.000","%a.s.","22.500","deg","20.000","°C","1013.000","hPa","0.861","-0.02056","0.00035","-0.00011","0","14.7","Humid","26.25","0","52.00","343810.43","SABD0000000001","AAV1.0.0.11","2.0.0.28","PSt7-10","000000-000","10/20/2017 9:36:39 AM","0000-00","0","no battery","V"
"10/20/2017","12:50:08","5","default","957498349","OXY5","100.501","min","155.934","μmol/L","Humid","21.190","deg","90865","µV","35.782","°C","1019.000","hPa","37.0","pmil","0","55.500","deg","20.000","°C","100.000","%a.s.","22.500","deg","20.000","°C","1013.000","hPa","0.861","-0.02056","0.00035","-0.00011","0","14.7","Humid","26.25","0","52.00","343812.31","SABD0000000001","AAV1.0.0.11","2.0.0.28","PSt7-10","000000-000","10/20/2017 9:36:39 AM","0000-00","0","no battery","V"
"10/20/2017","12:50:09","5","default","957498349","OXY5","100.518","min","156.012","μmol/L","Humid","21.186","deg","90859","µV","35.779","°C","1019.000","hPa","37.0","pmil","0","55.500","deg","20.000","°C","100.000","%a.s.","22.500","deg","20.000","°C","1013.000","hPa","0.861","-0.02056","0.00035","-0.00011","0","14.7","Humid","26.25","0","52.00","343822.50","SABD0000000001","AAV1.0.0.11","2.0.0.28","PSt7-10","000000-000","10/20/2017 9:36:39 AM","0000-00","0","no battery","V"
"10/20/2017","12:50:10","5","default","957498349","OXY5","100.534","min","155.832","μmol/L","Humid","21.191","deg","90870","µV","35.797","°C","1019.000","hPa","37.0","pmil","0","55.500","deg","20.000","°C","100.000","%a.s.","22.500","deg","20.000","°C","1013.000","hPa","0.861","-0.02056","0.00035","-0.00011","0","14.7","Humid","26.25","0","52.00","343824.58","SABD0000000001","AAV1.0.0.11","2.0.0.28","PSt7-10","000000-000","10/20/2017 9:36:39 AM","0000-00","0","no battery","V"
"10/20/2017","12:50:11","5","default","957498349","OXY5","100.551","min","155.883","μmol/L","Humid","21.188","deg","90867","µV","35.796","°C","1019.000","hPa","37.0","pmil","0","55.500","deg","20.000","°C","100.000","%a.s.","22.500","deg","20.000","°C","1013.000","hPa","0.861","-0.02056","0.00035","-0.00011","0","14.7","Humid","26.25","0","52.00","343807.20","SABD0000000001","AAV1.0.0.11","2.0.0.28","PSt7-10","000000-000","10/20/2017 9:36:39 AM","0000-00","0","no battery","V"
"10/20/2017","12:50:12","5","default","957498349","OXY5","100.568","min","155.885","μmol/L","Humid","21.189","deg","90862","µV","35.793","°C","1019.000","hPa","37.0","pmil","0","55.500","deg","20.000","°C","100.000","%a.s.","22.500","deg","20.000","°C","1013.000","hPa","0.861","-0.02056","0.00035","-0.00011","0","14.7","Humid","26.25","0","52.00","343799.77","SABD0000000001","AAV1.0.0.11","2.0.0.28","PSt7-10","000000-000","10/20/2017 9:36:39 AM","0000-00","0","no battery","V"
"10/20/2017","12:50:13","5","default","957498349","OXY5","100.585","min","155.888","μmol/L","Humid","21.188","deg","90856","µV","35.795","°C","1019.000","hPa","37.0","pmil","0","55.500","deg","20.000","°C","100.000","%a.s.","22.500","deg","20.000","°C","1013.000","hPa","0.861","-0.02056","0.00035","-0.00011","0","14.7","Humid","26.25","0","52.00","343808.52","SABD0000000001","AAV1.0.0.11","2.0.0.28","PSt7-10","000000-000","10/20/2017 9:36:39 AM","0000-00","0","no battery","V"
"10/20/2017","12:50:14","5","default","957498349","OXY5","100.601","min","155.928","μmol/L","Humid","21.190","deg","90863","µV","35.783","°C","1019.000","hPa","37.0","pmil","0","55.500","deg","20.000","°C","100.000","%a.s.","22.500","deg","20.000","°C","1013.000","hPa","0.861","-0.02056","0.00035","-0.00011","0","14.7","Humid","26.25","0","52.00","343799.52","SABD0000000001","AAV1.0.0.11","2.0.0.28","PSt7-10","000000-000","10/20/2017 9:36:39 AM","0000-00","0","no battery","V"
"10/20/2017","12:50:15","5","default","957498349","OXY5","100.618","min","155.974","μmol/L","Humid","21.186","deg","90862","µV","35.785","°C","1019.000","hPa","37.0","pmil","0","55.500","deg","20.000","°C","100.000","%a.s.","22.500","deg","20.000","°C","1013.000","hPa","0.861","-0.02056","0.00035","-0.00011","0","14.7","Humid","26.25","0","52.00","343804.65","SABD0000000001","AAV1.0.0.11","2.0.0.28","PSt7-10","000000-000","10/20/2017 9:36:39 AM","0000-00","0","no battery","V"
"10/20/2017","12:50:16","5","default","957498349","OXY5","100.635","min","155.950","μmol/L","Humid","21.187","deg","90863","µV","35.787","°C","1019.000","hPa","37.0","pmil","0","55.500","deg","20.000","°C","100.000","%a.s.","22.500","deg","20.000","°C","1013.000","hPa","0.861","-0.02056","0.00035","-0.00011","0","14.7","Humid","26.25","0","52.00","343804.58","SABD0000000001","AAV1.0.0.11","2.0.0.28","PSt7-10","000000-000","10/20/2017 9:36:39 AM","0000-00","0","no battery","V"
"10/20/2017","12:50:17","5","default","957498349","OXY5","100.651","min","155.891","μmol/L","Humid","21.188","deg","90862","µV","35.794","°C","1019.000","hPa","37.0","pmil","0","55.500","deg","20.000","°C","100.000","%a.s.","22.500","deg","20.000","°C","1013.000","hPa","0.861","-0.02056","0.00035","-0.00011","0","14.7","Humid","26.25","0","52.00","343803.17","SABD0000000001","AAV1.0.0.11","2.0.0.28","PSt7-10","000000-000","10/20/2017 9:36:39 AM","0000-00","0","no battery","V"
"10/20/2017","12:50:18","5","default","957498349","OXY5","100.668","min","156.025","μmol/L","Humid","21.184","deg","90861","µV","35.781","°C","1019.000","hPa","37.0","pmil","0","55.500","deg","20.000","°C","100.000","%a.s.","22.500","deg","20.000","°C","1013.000","hPa","0.861","-0.02056","0.00035","-0.00011","0","14.7","Humid","26.25","0","52.00","343790.54","SABD0000000001","AAV1.0.0.11","2.0.0.28","PSt7-10","000000-000","10/20/2017 9:36:39 AM","0000-00","0","no battery","V"
"10/20/2017","12:50:19","5","default","957498349","OXY5","100.685","min","156.000","μmol/L","Humid","21.186","deg","90855","µV","35.781","°C","1019.000","hPa","37.0","pmil","0","55.500","deg","20.000","°C","100.000","%a.s.","22.500","deg","20.000","°C","1013.000","hPa","0.861","-0.02056","0.00035","-0.00011","0","14.7","Humid","26.25","0","52.00","343794.39","SABD0000000001","AAV1.0.0.11","2.0.0.28","PSt7-10","000000-000","10/20/2017 9:36:39 AM","0000-00","0","no battery","V"
"10/20/2017","12:50:20","5","default","957498349","OXY5","100.701","min","155.927","μmol/L","Humid","21.187","deg","90865","µV","35.791","°C","1019.000","hPa","37.0","pmil","0","55.500","deg","20.000","°C","100.000","%a.s.","22.500","deg","20.000","°C","1013.000","hPa","0.861","-0.02056","0.00035","-0.00011","0","14.7","Humid","26.25","0","52.00","343781.01","SABD0000000001","AAV1.0.0.11","2.0.0.28","PSt7-10","000000-000","10/20/2017 9:36:39 AM","0000-00","0","no battery","V"
"10/20/2017","12:50:21","5","default","957498349","OXY5","100.718","min","155.894","μmol/L","Humid","21.185","deg","90864","µV","35.801","°C","1019.000","hPa","37.0","pmil","0","55.500","deg","20.000","°C","100.000","%a.s.","22.500","deg","20.000","°C","1013.000","hPa","0.861","-0.02056","0.00035","-0.00011","0","14.7","Humid","26.25","0","52.00","343787.59","SABD0000000001","AAV1.0.0.11","2.0.0.28","PSt7-10","000000-000","10/20/2017 9:36:39 AM","0000-00","0","no battery","V"
"10/20/2017","12:50:22","5","default","957498349","OXY5","100.735","min","155.846","μmol/L","Humid","21.188","deg","90863","µV","35.802","°C","1019.000","hPa","37.0","pmil","0","55.500","deg","20.000","°C","100.000","%a.s.","22.500","deg","20.000","°C","1013.000","hPa","0.861","-0.02056","0.00035","-0.00011","0","14.7","Humid","26.25","0","52.00","343773.74","SABD0000000001","AAV1.0.0.11","2.0.0.28","PSt7-10","000000-000","10/20/2017 9:36:39 AM","0000-00","0","no battery","V"
"10/20/2017","12:50:23","5","default","957498349","OXY5","100.752","min","155.793","μmol/L","Humid","21.190","deg","90865","µV","35.806","°C","1019.000","hPa","37.0","pmil","0","55.500","deg","20.000","°C","100.000","%a.s.","22.500","deg","20.000","°C","1013.000","hPa","0.861","-0.02056","0.00035","-0.00011","0","14.7","Humid","26.25","0","52.00","343783.05","SABD0000000001","AAV1.0.0.11","2.0.0.28","PSt7-10","000000-000","10/20/2017 9:36:39 AM","0000-00","0","no battery","V"
"10/20/2017","12:50:24","5","default","957498349","OXY5","100.768","min","155.844","μmol/L","Humid","21.188","deg","90858","µV","35.802","°C","1019.000","hPa","37.0","pmil","0","55.500","deg","20.000","°C","100.000","%a.s.","22.500","deg","20.000","°C","1013.000","hPa","0.861","-0.02056","0.00035","-0.00011","0","14.7","Humid","26.25","0","52.00","343764.63","SABD0000000001","AAV1.0.0.11","2.0.0.28","PSt7-10","000000-000","10/20/2017 9:36:39 AM","0000-00","0","no battery","V"
"10/20/2017","12:50:25","5","default","957498349","OXY5","100.785","min","155.837","μmol/L","Humid","21.188","deg","90866","µV","35.804","°C","1019.000","hPa","37.0","pmil","0","55.500","deg","20.000","°C","100.000","%a.s.","22.500","deg","20.000","°C","1013.000","hPa","0.861","-0.02056","0.00035","-0.00011","0","14.7","Humid","26.25","0","52.00","343767.45","SABD0000000001","AAV1.0.0.11","2.0.0.28","PSt7-10","000000-000","10/20/2017 9:36:39 AM","0000-00","0","no battery","V"
"10/20/2017","12:50:26","5","default","957498349","OXY5","100.802","min","155.819","μmol/L","Humid","21.189","deg","90863","µV","35.804","°C","1019.000","hPa","37.0","pmil","0","55.500","deg","20.000","°C","100.000","%a.s.","22.500","deg","20.000","°C","1013.000","hPa","0.861","-0.02056","0.00035","-0.00011","0","14.7","Humid","26.25","0","52.00","343765.67","SABD0000000001","AAV1.0.0.11","2.0.0.28","PSt7-10","000000-000","10/20/2017 9:36:39 AM","0000-00","0","no battery","V"
"10/20/2017","12:50:27","5","default","957498349","OXY5","100.818","min","155.919","μmol/L","Humid","21.189","deg","90863","µV","35.787","°C","1019.000","hPa","37.0","pmil","0","55.500","deg","20.000","°C","100.000","%a.s.","22.500","deg","20.000","°C","1013.000","hPa","0.861","-0.02056","0.00035","-0.00011","0","14.7","Humid","26.25","0","52.00","343759.25","SABD0000000001","AAV1.0.0.11","2.0.0.28","PSt7-10","000000-000","10/20/2017 9:36:39 AM","0000-00","0","no battery","V"
"10/20/2017","12:50:28","5","default","957498349","OXY5","100.835","min","155.873","μmol/L","Humid","21.191","deg","90863","µV","35.790","°C","1019.000","hPa","37.0","pmil","0","55.500","deg","20.000","°C","100.000","%a.s.","22.500","deg","20.000","°C","1013.000","hPa","0.861","-0.02056","0.00035","-0.00011","0","14.7","Humid","26.25","0","52.00","343758.09","SABD0000000001","AAV1.0.0.11","2.0.0.28","PSt7-10","000000-000","10/20/2017 9:36:39 AM","0000-00","0","no battery","V"
"10/20/2017","12:50:29","5","default","957498349","OXY5","100.852","min","155.847","μmol/L","Humid","21.189","deg","90862","µV","35.800","°C","1019.000","hPa","37.0","pmil","0","55.500","deg","20.000","°C","100.000","%a.s.","22.500","deg","20.000","°C","1013.000","hPa","0.861","-0.02056","0.00035","-0.00011","0","14.7","Humid","26.25","0","52.00","343762.50","SABD0000000001","AAV1.0.0.11","2.0.0.28","PSt7-10","000000-000","10/20/2017 9:36:39 AM","0000-00","0","no battery","V"
"10/20/2017","12:50:30","5","default","957498349","OXY5","100.868","min","155.841","μmol/L","Humid","21.189","deg","90870","µV","35.801","°C","1019.000","hPa","37.0","pmil","0","55.500","deg","20.000","°C","100.000","%a.s.","22.500","deg","20.000","°C","1013.000","hPa","0.861","-0.02056","0.00035","-0.00011","0","14.7","Humid","26.25","0","52.00","343772.17","SABD0000000001","AAV1.0.0.11","2.0.0.28","PSt7-10","000000-000","10/20/2017 9:36:39 AM","0000-00","0","no battery","V"
"10/20/2017","12:50:31","5","default","957498349","OXY5","100.885","min","155.846","μmol/L","Humid","21.189","deg","90859","µV","35.800","°C","1019.000","hPa","37.0","pmil","0","55.500","deg","20.000","°C","100.000","%a.s.","22.500","deg","20.000","°C","1013.000","hPa","0.861","-0.02056","0.00035","-0.00011","0","14.7","Humid","26.25","0","52.00","343753.80","SABD0000000001","AAV1.0.0.11","2.0.0.28","PSt7-10","000000-000","10/20/2017 9:36:39 AM","0000-00","0","no battery","V"
"10/20/2017","12:50:32","5","default","957498349","OXY5","100.902","min","155.724","μmol/L","Humid","21.193","deg","90869","µV","35.811","°C","1019.000","hPa","37.0","pmil","0","55.500","deg","20.000","°C","100.000","%a.s.","22.500","deg","20.000","°C","1013.000","hPa","0.861","-0.02056","0.00035","-0.00011","0","14.7","Humid","26.25","0","52.00","343760.60","SABD0000000001","AAV1.0.0.11","2.0.0.28","PSt7-10","000000-000","10/20/2017 9:36:39 AM","0000-00","0","no battery","V"
"10/20/2017","12:50:33","5","default","957498349","OXY5","100.918","min","155.999","μmol/L","Humid","21.185","deg","90861","µV","35.783","°C","1019.000","hPa","37.0","pmil","0","55.500","deg","20.000","°C","100.000","%a.s.","22.500","deg","20.000","°C","1013.000","hPa","0.861","-0.02056","0.00035","-0.00011","0","14.7","Humid","26.25","0","52.00","343766.06","SABD0000000001","AAV1.0.0.11","2.0.0.28","PSt7-10","000000-000","10/20/2017 9:36:39 AM","0000-00","0","no battery","V"
"10/20/2017","12:50:34","5","default","957498349","OXY5","100.935","min","155.974","μmol/L","Humid","21.186","deg","90863","µV","35.785","°C","1019.000","hPa","37.0","pmil","0","55.500","deg","20.000","°C","100.000","%a.s.","22.500","deg","20.000","°C","1013.000","hPa","0.861","-0.02056","0.00035","-0.00011","0","14.7","Humid","26.25","0","52.00","343760.64","SABD0000000001","AAV1.0.0.11","2.0.0.28","PSt7-10","000000-000","10/20/2017 9:36:39 AM","0000-00","0","no battery","V"
"10/20/2017","12:50:35","5","default","957498349","OXY5","100.952","min","155.950","μmol/L","Humid","21.186","deg","90863","µV","35.789","°C","1019.000","hPa","37.0","pmil","0","55.500","deg","20.000","°C","100.000","%a.s.","22.500","deg","20.000","°C","1013.000","hPa","0.861","-0.02056","0.00035","-0.00011","0","14.7","Humid","26.25","0","52.00","343762.32","SABD0000000001","AAV1.0.0.11","2.0.0.28","PSt7-10","000000-000","10/20/2017 9:36:39 AM","0000-00","0","no battery","V"
"10/20/2017","12:50:36","5","default","957498349","OXY5","100.968","min","155.877","μmol/L","Humid","21.191","deg","90862","µV","35.790","°C","1019.000","hPa","37.0","pmil","0","55.500","deg","20.000","°C","100.000","%a.s.","22.500","deg","20.000","°C","1013.000","hPa","0.861","-0.02056","0.00035","-0.00011","0","14.7","Humid","26.25","0","52.00","343757.27","SABD0000000001","AAV1.0.0.11","2.0.0.28","PSt7-10","000000-000","10/20/2017 9:36:39 AM","0000-00","0","no battery","V"
"10/20/2017","12:50:37","5","default","957498349","OXY5","100.985","min","155.946","μmol/L","Humid","21.186","deg","90856","µV","35.790","°C","1019.000","hPa","37.0","pmil","0","55.500","deg","20.000","°C","100.000","%a.s.","22.500","deg","20.000","°C","1013.000","hPa","0.861","-0.02056","0.00035","-0.00011","0","14.7","Humid","26.25","0","52.00","343753.67","SABD0000000001","AAV1.0.0.11","2.0.0.28","PSt7-10","000000-000","10/20/2017 9:36:39 AM","0000-00","0","no battery","V"
"10/20/2017","12:50:38","5","default","957498349","OXY5","101.002","min","156.006","μmol/L","Humid","21.184","deg","90852","µV","35.784","°C","1019.000","hPa","37.0","pmil","0","55.500","deg","20.000","°C","100.000","%a.s.","22.500","deg","20.000","°C","1013.000","hPa","0.861","-0.02056","0.00035","-0.00011","0","14.7","Humid","26.25","0","52.00","343742.54","SABD0000000001","AAV1.0.0.11","2.0.0.28","PSt7-10","000000-000","10/20/2017 9:36:39 AM","0000-00","0","no battery","V"
"10/20/2017","12:50:39","5","default","957498349","OXY5","101.018","min","155.806","μmol/L","Humid","21.190","deg","90864","µV","35.804","°C","1019.000","hPa","37.0","pmil","0","55.500","deg","20.000","°C","100.000","%a.s.","22.500","deg","20.000","°C","1013.000","hPa","0.861","-0.02056","0.00035","-0.00011","0","14.7","Humid","26.25","0","52.00","343747.74","SABD0000000001","AAV1.0.0.11","2.0.0.28","PSt7-10","000000-000","10/20/2017 9:36:39 AM","0000-00","0","no battery","V"
"10/20/2017","12:50:40","5","default","957498349","OXY5","101.035","min","155.891","μmol/L","Humid","21.186","deg","90863","µV","35.799","°C","1019.000","hPa","37.0","pmil","0","55.500","deg","20.000","°C","100.000","%a.s.","22.500","deg","20.000","°C","1013.000","hPa","0.861","-0.02056","0.00035","-0.00011","0","14.7","Humid","26.25","0","52.00","343756.91","SABD0000000001","AAV1.0.0.11","2.0.0.28","PSt7-10","000000-000","10/20/2017 9:36:39 AM","0000-00","0","no battery","V"
"10/20/2017","12:50:41","5","default","957498349","OXY5","101.052","min","155.862","μmol/L","Humid","21.189","deg","90865","µV","35.797","°C","1019.000","hPa","37.0","pmil","0","55.500","deg","20.000","°C","100.000","%a.s.","22.500","deg","20.000","°C","1013.000","hPa","0.861","-0.02056","0.00035","-0.00011","0","14.7","Humid","26.25","0","52.00","343756.79","SABD0000000001","AAV1.0.0.11","2.0.0.28","PSt7-10","000000-000","10/20/2017 9:36:39 AM","0000-00","0","no battery","V"
"10/20/2017","12:50:42","5","default","957498349","OXY5","101.068","min","155.828","μmol/L","Humid","21.188","deg","90861","µV","35.805","°C","1019.000","hPa","37.0","pmil","0","55.500","deg","20.000","°C","100.000","%a.s.","22.500","deg","20.000","°C","1013.000","hPa","0.861","-0.02056","0.00035","-0.00011","0","14.7","Humid","26.25","0","52.00","343749.81","SABD0000000001","AAV1.0.0.11","2.0.0.28","PSt7-10","000000-000","10/20/2017 9:36:39 AM","0000-00","0","no battery","V"
"10/20/2017","12:50:43","5","default","957498349","OXY5","101.085","min","155.825","μmol/L","Humid","21.189","deg","90860","µV","35.803","°C","1019.000","hPa","37.0","pmil","0","55.500","deg","20.000","°C","100.000","%a.s.","22.500","deg","20.000","°C","1013.000","hPa","0.861","-0.02056","0.00035","-0.00011","0","14.7","Humid","26.25","0","52.00","343747.92","SABD0000000001","AAV1.0.0.11","2.0.0.28","PSt7-10","000000-000","10/20/2017 9:36:39 AM","0000-00","0","no battery","V"
"10/20/2017","12:50:44","5","default","957498349","OXY5","101.102","min","155.919","μmol/L","Humid","21.187","deg","90861","µV","35.792","°C","1019.000","hPa","37.0","pmil","0","55.500","deg","20.000","°C","100.000","%a.s.","22.500","deg","20.000","°C","1013.000","hPa","0.861","-0.02056","0.00035","-0.00011","0","14.7","Humid","26.25","0","52.00","343728.81","SABD0000000001","AAV1.0.0.11","2.0.0.28","PSt7-10","000000-000","10/20/2017 9:36:39 AM","0000-00","0","no battery","V"
"10/20/2017","12:50:45","5","default","957498349","OXY5","101.118","min","155.766","μmol/L","Humid","21.188","deg","90857","µV","35.816","°C","1019.000","hPa","37.0","pmil","0","55.500","deg","20.000","°C","100.000","%a.s.","22.500","deg","20.000","°C","1013.000","hPa","0.861","-0.02056","0.00035","-0.00011","0","14.7","Humid","26.25","0","52.00","343731.16","SABD0000000001","AAV1.0.0.11","2.0.0.28","PSt7-10","000000-000","10/20/2017 9:36:39 AM","0000-00","0","no battery","V"
"10/20/2017","12:50:46","5","default","957498349","OXY5","101.135","min","155.938","μmol/L","Humid","21.186","deg","90859","µV","35.791","°C","1019.000","hPa","37.0","pmil","0","55.500","deg","20.000","°C","100.000","%a.s.","22.500","deg","20.000","°C","1013.000","hPa","0.861","-0.02056","0.00035","-0.00011","0","14.7","Humid","26.25","0","52.00","343731.27","SABD0000000001","AAV1.0.0.11","2.0.0.28","PSt7-10","000000-000","10/20/2017 9:36:39 AM","0000-00","0","no battery","V"
"10/20/2017","12:50:47","5","default","957498349","OXY5","101.152","min","155.838","μmol/L","Humid","21.192","deg","90864","µV","35.794","°C","1019.000","hPa","37.0","pmil","0","55.500","deg","20.000","°C","100.000","%a.s.","22.500","deg","20.000","°C","1013.000","hPa","0.861","-0.02056","0.00035","-0.00011","0","14.7","Humid","26.25","0","52.00","343726.17","SABD0000000001","AAV1.0.0.11","2.0.0.28","PSt7-10","000000-000","10/20/2017 9:36:39 AM","0000-00","0","no battery","V"
"10/20/2017","12:50:48","5","default","957498349","OXY5","101.168","min","155.858","μmol/L","Humid","21.188","deg","90856","µV","35.800","°C","1019.000","hPa","37.0","pmil","0","55.500","deg","20.000","°C","100.000","%a.s.","22.500","deg","20.000","°C","1013.000","hPa","0.861","-0.02056","0.00035","-0.00011","0","14.7","Humid","26.25","0","52.00","343726.46","SABD0000000001","AAV1.0.0.11","2.0.0.28","PSt7-10","000000-000","10/20/2017 9:36:39 AM","0000-00","0","no battery","V"
"10/20/2017","12:50:49","5","default","957498349","OXY5","101.185","min","155.949","μmol/L","Humid","21.188","deg","90857","µV","35.785","°C","1019.000","hPa","37.0","pmil","0","55.500","deg","20.000","°C","100.000","%a.s.","22.500","deg","20.000","°C","1013.000","hPa","0.861","-0.02056","0.00035","-0.00011","0","14.7","Humid","26.25","0","52.00","343731.50","SABD0000000001","AAV1.0.0.11","2.0.0.28","PSt7-10","000000-000","10/20/2017 9:36:39 AM","0000-00","0","no battery","V"
"10/20/2017","12:50:50","5","default","957498349","OXY5","101.202","min","155.882","μmol/L","Humid","21.185","deg","90859","µV","35.803","°C","1019.000","hPa","37.0","pmil","0","55.500","deg","20.000","°C","100.000","%a.s.","22.500","deg","20.000","°C","1013.000","hPa","0.861","-0.02056","0.00035","-0.00011","0","14.7","Humid","26.25","0","52.00","343727.74","SABD0000000001","AAV1.0.0.11","2.0.0.28","PSt7-10","000000-000","10/20/2017 9:36:39 AM","0000-00","0","no battery","V"
"10/20/2017","12:50:51","5","default","957498349","OXY5","101.218","min","155.868","μmol/L","Humid","21.189","deg","90855","µV","35.796","°C","1019.000","hPa","37.0","pmil","0","55.500","deg","20.000","°C","100.000","%a.s.","22.500","deg","20.000","°C","1013.000","hPa","0.861","-0.02056","0.00035","-0.00011","0","14.7","Humid","26.25","0","52.00","343731.25","SABD0000000001","AAV1.0.0.11","2.0.0.28","PSt7-10","000000-000","10/20/2017 9:36:39 AM","0000-00","0","no battery","V"
"10/20/2017","12:50:52","5","default","957498349","OXY5","101.235","min","155.859","μmol/L","Humid","21.188","deg","90856","µV","35.800","°C","1019.000","hPa","37.0","pmil","0","55.500","deg","20.000","°C","100.000","%a.s.","22.500","deg","20.000","°C","1013.000","hPa","0.861","-0.02056","0.00035","-0.00011","0","14.7","Humid","26.25","0","52.00","343727.71","SABD0000000001","AAV1.0.0.11","2.0.0.28","PSt7-10","000000-000","10/20/2017 9:36:39 AM","0000-00","0","no battery","V"
"10/20/2017","12:50:53","5","default","957498349","OXY5","101.251","min","155.812","μmol/L","Humid","21.190","deg","90858","µV","35.803","°C","1019.000","hPa","37.0","pmil","0","55.500","deg","20.000","°C","100.000","%a.s.","22.500","deg","20.000","°C","1013.000","hPa","0.861","-0.02056","0.00035","-0.00011","0","14.7","Humid","26.25","0","52.00","343731.73","SABD0000000001","AAV1.0.0.11","2.0.0.28","PSt7-10","000000-000","10/20/2017 9:36:39 AM","0000-00","0","no battery","V"
"10/20/2017","12:50:54","5","default","957498349","OXY5","101.268","min","155.893","μmol/L","Humid","21.187","deg","90866","µV","35.797","°C","1019.000","hPa","37.0","pmil","0","55.500","deg","20.000","°C","100.000","%a.s.","22.500","deg","20.000","°C","1013.000","hPa","0.861","-0.02056","0.00035","-0.00011","0","14.7","Humid","26.25","0","52.00","343724.30","SABD0000000001","AAV1.0.0.11","2.0.0.28","PSt7-10","000000-000","10/20/2017 9:36:39 AM","0000-00","0","no battery","V"
"10/20/2017","12:50:55","5","default","957498349","OXY5","101.284","min","155.902","μmol/L","Humid","21.188","deg","90861","µV","35.793","°C","1019.000","hPa","37.0","pmil","0","55.500","deg","20.000","°C","100.000","%a.s.","22.500","deg","20.000","°C","1013.000","hPa","0.861","-0.02056","0.00035","-0.00011","0","14.7","Humid","26.25","0","52.00","343739.40","SABD0000000001","AAV1.0.0.11","2.0.0.28","PSt7-10","000000-000","10/20/2017 9:36:39 AM","0000-00","0","no battery","V"
"10/20/2017","12:50:56","5","default","957498349","OXY5","101.301","min","155.903","μmol/L","Humid","21.189","deg","90858","µV","35.790","°C","1019.000","hPa","37.0","pmil","0","55.500","deg","20.000","°C","100.000","%a.s.","22.500","deg","20.000","°C","1013.000","hPa","0.861","-0.02056","0.00035","-0.00011","0","14.7","Humid","26.25","0","52.00","343732.06","SABD0000000001","AAV1.0.0.11","2.0.0.28","PSt7-10","000000-000","10/20/2017 9:36:39 AM","0000-00","0","no battery","V"
"10/20/2017","12:50:57","5","default","957498349","OXY5","101.318","min","155.930","μmol/L","Humid","21.187","deg","90866","µV","35.790","°C","1019.000","hPa","37.0","pmil","0","55.500","deg","20.000","°C","100.000","%a.s.","22.500","deg","20.000","°C","1013.000","hPa","0.861","-0.02056","0.00035","-0.00011","0","14.7","Humid","26.25","0","52.00","343723.06","SABD0000000001","AAV1.0.0.11","2.0.0.28","PSt7-10","000000-000","10/20/2017 9:36:39 AM","0000-00","0","no battery","V"
"10/20/2017","12:50:58","5","default","957498349","OXY5","101.334","min","155.785","μmol/L","Humid","21.191","deg","90855","µV","35.805","°C","1019.000","hPa","37.0","pmil","0","55.500","deg","20.000","°C","100.000","%a.s.","22.500","deg","20.000","°C","1013.000","hPa","0.861","-0.02056","0.00035","-0.00011","0","14.7","Humid","26.25","0","52.00","343725.59","SABD0000000001","AAV1.0.0.11","2.0.0.28","PSt7-10","000000-000","10/20/2017 9:36:39 AM","0000-00","0","no battery","V"
"10/20/2017","12:50:59","5","default","957498349","OXY5","101.351","min","155.862","μmol/L","Humid","21.189","deg","90859","µV","35.797","°C","1019.000","hPa","37.0","pmil","0","55.500","deg","20.000","°C","100.000","%a.s.","22.500","deg","20.000","°C","1013.000","hPa","0.861","-0.02056","0.00035","-0.00011","0","14.7","Humid","26.25","0","52.00","343724.84","SABD0000000001","AAV1.0.0.11","2.0.0.28","PSt7-10","000000-000","10/20/2017 9:36:39 AM","0000-00","0","no battery","V"
"10/20/2017","12:51:00","5","default","957498349","OXY5","101.368","min","155.821","μmol/L","Humid","21.187","deg","90862","µV","35.809","°C","1019.000","hPa","37.0","pmil","0","55.500","deg","20.000","°C","100.000","%a.s.","22.500","deg","20.000","°C","1013.000","hPa","0.861","-0.02056","0.00035","-0.00011","0","14.7","Humid","26.25","0","52.00","343732.65","SABD0000000001","AAV1.0.0.11","2.0.0.28","PSt7-10","000000-000","10/20/2017 9:36:39 AM","0000-00","0","no battery","V"
"10/20/2017","12:51:01","5","default","957498349","OXY5","101.384","min","155.892","μmol/L","Humid","21.186","deg","90854","µV","35.799","°C","1019.000","hPa","37.0","pmil","0","55.500","deg","20.000","°C","100.000","%a.s.","22.500","deg","20.000","°C","1013.000","hPa","0.861","-0.02056","0.00035","-0.00011","0","14.7","Humid","26.25","0","52.00","343735.62","SABD0000000001","AAV1.0.0.11","2.0.0.28","PSt7-10","000000-000","10/20/2017 9:36:39 AM","0000-00","0","no battery","V"
"10/20/2017","12:51:02","5","default","957498349","OXY5","101.401","min","155.850","μmol/L","Humid","21.188","deg","90861","µV","35.801","°C","1019.000","hPa","37.0","pmil","0","55.500","deg","20.000","°C","100.000","%a.s.","22.500","deg","20.000","°C","1013.000","hPa","0.861","-0.02056","0.00035","-0.00011","0","14.7","Humid","26.25","0","52.00","343736.41","SABD0000000001","AAV1.0.0.11","2.0.0.28","PSt7-10","000000-000","10/20/2017 9:36:39 AM","0000-00","0","no battery","V"
"10/20/2017","12:51:03","5","default","957498349","OXY5","101.418","min","155.742","μmol/L","Humid","21.191","deg","90862","µV","35.813","°C","1019.000","hPa","37.0","pmil","0","55.500","deg","20.000","°C","100.000","%a.s.","22.500","deg","20.000","°C","1013.000","hPa","0.861","-0.02056","0.00035","-0.00011","0","14.7","Humid","26.25","0","52.00","343744.83","SABD0000000001","AAV1.0.0.11","2.0.0.28","PSt7-10","000000-000","10/20/2017 9:36:39 AM","0000-00","0","no battery","V"
"10/20/2017","12:51:04","5","default","957498349","OXY5","101.434","min","155.765","μmol/L","Humid","21.191","deg","90864","µV","35.809","°C","1019.000","hPa","37.0","pmil","0","55.500","deg","20.000","°C","100.000","%a.s.","22.500","deg","20.000","°C","1013.000","hPa","0.861","-0.02056","0.00035","-0.00011","0","14.7","Humid","26.25","0","52.00","343740.36","SABD0000000001","AAV1.0.0.11","2.0.0.28","PSt7-10","000000-000","10/20/2017 9:36:39 AM","0000-00","0","no battery","V"
"10/20/2017","12:51:05","5","default","957498349","OXY5","101.451","min","155.874","μmol/L","Humid","21.188","deg","90865","µV","35.797","°C","1019.000","hPa","37.0","pmil","0","55.500","deg","20.000","°C","100.000","%a.s.","22.500","deg","20.000","°C","1013.000","hPa","0.861","-0.02056","0.00035","-0.00011","0","14.7","Humid","26.25","0","52.00","343745.62","SABD0000000001","AAV1.0.0.11","2.0.0.28","PSt7-10","000000-000","10/20/2017 9:36:39 AM","0000-00","0","no battery","V"
"10/20/2017","12:51:06","5","default","957498349","OXY5","101.468","min","155.849","μmol/L","Humid","21.188","deg","90868","µV","35.802","°C","1019.000","hPa","37.0","pmil","0","55.500","deg","20.000","°C","100.000","%a.s.","22.500","deg","20.000","°C","1013.000","hPa","0.861","-0.02056","0.00035","-0.00011","0","14.7","Humid","26.25","0","52.00","343735.81","SABD0000000001","AAV1.0.0.11","2.0.0.28","PSt7-10","000000-000","10/20/2017 9:36:39 AM","0000-00","0","no battery","V"
"10/20/2017","12:51:07","5","default","957498349","OXY5","101.484","min","155.848","μmol/L","Humid","21.190","deg","90862","µV","35.797","°C","1019.000","hPa","37.0","pmil","0","55.500","deg","20.000","°C","100.000","%a.s.","22.500","deg","20.000","°C","1013.000","hPa","0.861","-0.02056","0.00035","-0.00011","0","14.7","Humid","26.25","0","52.00","343728.93","SABD0000000001","AAV1.0.0.11","2.0.0.28","PSt7-10","000000-000","10/20/2017 9:36:39 AM","0000-00","0","no battery","V"
"10/20/2017","12:51:08","5","default","957498349","OXY5","101.501","min","155.780","μmol/L","Humid","21.187","deg","90868","µV","35.816","°C","1019.000","hPa","37.0","pmil","0","55.500","deg","20.000","°C","100.000","%a.s.","22.500","deg","20.000","°C","1013.000","hPa","0.861","-0.02056","0.00035","-0.00011","0","14.7","Humid","26.25","0","52.00","343739.75","SABD0000000001","AAV1.0.0.11","2.0.0.28","PSt7-10","000000-000","10/20/2017 9:36:39 AM","0000-00","0","no battery","V"
"10/20/2017","12:51:09","5","default","957498349","OXY5","101.518","min","155.845","μmol/L","Humid","21.185","deg","90865","µV","35.809","°C","1019.000","hPa","37.0","pmil","0","55.500","deg","20.000","°C","100.000","%a.s.","22.500","deg","20.000","°C","1013.000","hPa","0.861","-0.02056","0.00035","-0.00011","0","14.7","Humid","26.25","0","52.00","343755.55","SABD0000000001","AAV1.0.0.11","2.0.0.28","PSt7-10","000000-000","10/20/2017 9:36:39 AM","0000-00","0","no battery","V"
"10/20/2017","12:51:10","5","default","957498349","OXY5","101.534","min","155.825","μmol/L","Humid","21.187","deg","90858","µV","35.808","°C","1019.000","hPa","37.0","pmil","0","55.500","deg","20.000","°C","100.000","%a.s.","22.500","deg","20.000","°C","1013.000","hPa","0.861","-0.02056","0.00035","-0.00011","0","14.7","Humid","26.25","0","52.00","343739.94","SABD0000000001","AAV1.0.0.11","2.0.0.28","PSt7-10","000000-000","10/20/2017 9:36:39 AM","0000-00","0","no battery","V"
"10/20/2017","12:51:11","5","default","957498349","OXY5","101.551","min","155.926","μmol/L","Humid","21.184","deg","90864","µV","35.798","°C","1019.000","hPa","37.0","pmil","0","55.500","deg","20.000","°C","100.000","%a.s.","22.500","deg","20.000","°C","1013.000","hPa","0.861","-0.02056","0.00035","-0.00011","0","14.7","Humid","26.25","0","52.00","343733.99","SABD0000000001","AAV1.0.0.11","2.0.0.28","PSt7-10","000000-000","10/20/2017 9:36:39 AM","0000-00","0","no battery","V"
"10/20/2017","12:51:12","5","default","957498349","OXY5","101.568","min","155.887","μmol/L","Humid","21.186","deg","90866","µV","35.800","°C","1019.000","hPa","37.0","pmil","0","55.500","deg","20.000","°C","100.000","%a.s.","22.500","deg","20.000","°C","1013.000","hPa","0.861","-0.02056","0.00035","-0.00011","0","14.7","Humid","26.25","0","52.00","343730.61","SABD0000000001","AAV1.0.0.11","2.0.0.28","PSt7-10","000000-000","10/20/2017 9:36:39 AM","0000-00","0","no battery","V"
"10/20/2017","12:51:13","5","default","957498349","OXY5","101.584","min","155.907","μmol/L","Humid","21.190","deg","90855","µV","35.787","°C","1019.000","hPa","37.0","pmil","0","55.500","deg","20.000","°C","100.000","%a.s.","22.500","deg","20.000","°C","1013.000","hPa","0.861","-0.02056","0.00035","-0.00011","0","14.7","Humid","26.25","0","52.00","343738.83","SABD0000000001","AAV1.0.0.11","2.0.0.28","PSt7-10","000000-000","10/20/2017 9:36:39 AM","0000-00","0","no battery","V"
"10/20/2017","12:51:14","5","default","957498349","OXY5","101.601","min","155.927","μmol/L","Humid","21.185","deg","90859","µV","35.795","°C","1019.000","hPa","37.0","pmil","0","55.500","deg","20.000","°C","100.000","%a.s.","22.500","deg","20.000","°C","1013.000","hPa","0.861","-0.02056","0.00035","-0.00011","0","14.7","Humid","26.25","0","52.00","343732.98","SABD0000000001","AAV1.0.0.11","2.0.0.28","PSt7-10","000000-000","10/20/2017 9:36:39 AM","0000-00","0","no battery","V"
"10/20/2017","12:51:15","5","default","957498349","OXY5","101.618","min","155.865","μmol/L","Humid","21.190","deg","90866","µV","35.794","°C","1019.000","hPa","37.0","pmil","0","55.500","deg","20.000","°C","100.000","%a.s.","22.500","deg","20.000","°C","1013.000","hPa","0.861","-0.02056","0.00035","-0.00011","0","14.7","Humid","26.25","0","52.00","343727.26","SABD0000000001","AAV1.0.0.11","2.0.0.28","PSt7-10","000000-000","10/20/2017 9:36:39 AM","0000-00","0","no battery","V"
"10/20/2017","12:51:16","5","default","957498349","OXY5","101.634","min","155.962","μmol/L","Humid","21.182","deg","90860","µV","35.797","°C","1019.000","hPa","37.0","pmil","0","55.500","deg","20.000","°C","100.000","%a.s.","22.500","deg","20.000","°C","1013.000","hPa","0.861","-0.02056","0.00035","-0.00011","0","14.7","Humid","26.25","0","52.00","343741.02","SABD0000000001","AAV1.0.0.11","2.0.0.28","PSt7-10","000000-000","10/20/2017 9:36:39 AM","0000-00","0","no battery","V"
"10/20/2017","12:51:17","5","default","957498349","OXY5","101.651","min","155.822","μmol/L","Humid","21.187","deg","90864","µV","35.809","°C","1019.000","hPa","37.0","pmil","0","55.500","deg","20.000","°C","100.000","%a.s.","22.500","deg","20.000","°C","1013.000","hPa","0.861","-0.02056","0.00035","-0.00011","0","14.7","Humid","26.25","0","52.00","343736.40","SABD0000000001","AAV1.0.0.11","2.0.0.28","PSt7-10","000000-000","10/20/2017 9:36:39 AM","0000-00","0","no battery","V"
"10/20/2017","12:51:18","5","default","957498349","OXY5","101.668","min","155.806","μmol/L","Humid","21.185","deg","90861","µV","35.816","°C","1019.000","hPa","37.0","pmil","0","55.500","deg","20.000","°C","100.000","%a.s.","22.500","deg","20.000","°C","1013.000","hPa","0.861","-0.02056","0.00035","-0.00011","0","14.7","Humid","26.25","0","52.00","343747.95","SABD0000000001","AAV1.0.0.11","2.0.0.28","PSt7-10","000000-000","10/20/2017 9:36:39 AM","0000-00","0","no battery","V"
"10/20/2017","12:51:19","5","default","957498349","OXY5","101.684","min","155.899","μmol/L","Humid","21.188","deg","90859","µV","35.793","°C","1019.000","hPa","37.0","pmil","0","55.500","deg","20.000","°C","100.000","%a.s.","22.500","deg","20.000","°C","1013.000","hPa","0.861","-0.02056","0.00035","-0.00011","0","14.7","Humid","26.25","0","52.00","343723.48","SABD0000000001","AAV1.0.0.11","2.0.0.28","PSt7-10","000000-000","10/20/2017 9:36:39 AM","0000-00","0","no battery","V"
"10/20/2017","12:51:20","5","default","957498349","OXY5","101.701","min","155.907","μmol/L","Humid","21.182","deg","90865","µV","35.806","°C","1019.000","hPa","37.0","pmil","0","55.500","deg","20.000","°C","100.000","%a.s.","22.500","deg","20.000","°C","1013.000","hPa","0.861","-0.02056","0.00035","-0.00011","0","14.7","Humid","26.25","0","52.00","343730.64","SABD0000000001","AAV1.0.0.11","2.0.0.28","PSt7-10","000000-000","10/20/2017 9:36:39 AM","0000-00","0","no battery","V"
"10/20/2017","12:51:21","5","default","957498349","OXY5","101.718","min","155.795","μmol/L","Humid","21.189","deg","90871","µV","35.808","°C","1019.000","hPa","37.0","pmil","0","55.500","deg","20.000","°C","100.000","%a.s.","22.500","deg","20.000","°C","1013.000","hPa","0.861","-0.02056","0.00035","-0.00011","0","14.7","Humid","26.25","0","52.00","343740.23","SABD0000000001","AAV1.0.0.11","2.0.0.28","PSt7-10","000000-000","10/20/2017 9:36:39 AM","0000-00","0","no battery","V"
"10/20/2017","12:51:22","5","default","957498349","OXY5","101.735","min","155.779","μmol/L","Humid","21.189","deg","90862","µV","35.811","°C","1019.000","hPa","37.0","pmil","0","55.500","deg","20.000","°C","100.000","%a.s.","22.500","deg","20.000","°C","1013.000","hPa","0.861","-0.02056","0.00035","-0.00011","0","14.7","Humid","26.25","0","52.00","343736.40","SABD0000000001","AAV1.0.0.11","2.0.0.28","PSt7-10","000000-000","10/20/2017 9:36:39 AM","0000-00","0","no battery","V"
"10/20/2017","12:51:23","5","default","957498349","OXY5","101.751","min","155.810","μmol/L","Humid","21.189","deg","90860","µV","35.806","°C","1019.000","hPa","37.0","pmil","0","55.500","deg","20.000","°C","100.000","%a.s.","22.500","deg","20.000","°C","1013.000","hPa","0.861","-0.02056","0.00035","-0.00011","0","14.7","Humid","26.25","0","52.00","343736.36","SABD0000000001","AAV1.0.0.11","2.0.0.28","PSt7-10","000000-000","10/20/2017 9:36:39 AM","0000-00","0","no battery","V"
"10/20/2017","12:51:24","5","default","957498349","OXY5","101.768","min","155.713","μmol/L","Humid","21.194","deg","90857","µV","35.810","°C","1019.000","hPa","37.0","pmil","0","55.500","deg","20.000","°C","100.000","%a.s.","22.500","deg","20.000","°C","1013.000","hPa","0.861","-0.02056","0.00035","-0.00011","0","14.7","Humid","26.25","0","52.00","343727.17","SABD0000000001","AAV1.0.0.11","2.0.0.28","PSt7-10","000000-000","10/20/2017 9:36:39 AM","0000-00","0","no battery","V"
"10/20/2017","12:51:25","5","default","957498349","OXY5","101.785","min","155.846","μmol/L","Humid","21.190","deg","90864","µV","35.797","°C","1019.000","hPa","37.0","pmil","0","55.500","deg","20.000","°C","100.000","%a.s.","22.500","deg","20.000","°C","1013.000","hPa","0.861","-0.02056","0.00035","-0.00011","0","14.7","Humid","26.25","0","52.00","343718.72","SABD0000000001","AAV1.0.0.11","2.0.0.28","PSt7-10","000000-000","10/20/2017 9:36:39 AM","0000-00","0","no battery","V"
"10/20/2017","12:51:26","5","default","957498349","OXY5","101.801","min","155.703","μmol/L","Humid","21.191","deg","90863","µV","35.819","°C","1019.000","hPa","37.0","pmil","0","55.500","deg","20.000","°C","100.000","%a.s.","22.500","deg","20.000","°C","1013.000","hPa","0.861","-0.02056","0.00035","-0.00011","0","14.7","Humid","26.25","0","52.00","343732.36","SABD0000000001","AAV1.0.0.11","2.0.0.28","PSt7-10","000000-000","10/20/2017 9:36:39 AM","0000-00","0","no battery","V"
"10/20/2017","12:51:27","5","default","957498349","OXY5","101.818","min","155.700","μmol/L","Humid","21.186","deg","90870","µV","35.832","°C","1019.000","hPa","37.0","pmil","0","55.500","deg","20.000","°C","100.000","%a.s.","22.500","deg","20.000","°C","1013.000","hPa","0.861","-0.02056","0.00035","-0.00011","0","14.7","Humid","26.25","0","52.00","343732.78","SABD0000000001","AAV1.0.0.11","2.0.0.28","PSt7-10","000000-000","10/20/2017 9:36:39 AM","0000-00","0","no battery","V"
"10/20/2017","12:51:28","5","default","957498349","OXY5","101.835","min","155.843","μmol/L","Humid","21.191","deg","90860","µV","35.795","°C","1019.000","hPa","37.0","pmil","0","55.500","deg","20.000","°C","100.000","%a.s.","22.500","deg","20.000","°C","1013.000","hPa","0.861","-0.02056","0.00035","-0.00011","0","14.7","Humid","26.25","0","52.00","343731.49","SABD0000000001","AAV1.0.0.11","2.0.0.28","PSt7-10","000000-000","10/20/2017 9:36:39 AM","0000-00","0","no battery","V"
"10/20/2017","12:51:29","5","default","957498349","OXY5","101.851","min","155.843","μmol/L","Humid","21.187","deg","90863","µV","35.805","°C","1019.000","hPa","37.0","pmil","0","55.500","deg","20.000","°C","100.000","%a.s.","22.500","deg","20.000","°C","1013.000","hPa","0.861","-0.02056","0.00035","-0.00011","0","14.7","Humid","26.25","0","52.00","343731.98","SABD0000000001","AAV1.0.0.11","2.0.0.28","PSt7-10","000000-000","10/20/2017 9:36:39 AM","0000-00","0","no battery","V"
"10/20/2017","12:51:30","5","default","957498349","OXY5","101.868","min","155.899","μmol/L","Humid","21.188","deg","90860","µV","35.793","°C","1019.000","hPa","37.0","pmil","0","55.500","deg","20.000","°C","100.000","%a.s.","22.500","deg","20.000","°C","1013.000","hPa","0.861","-0.02056","0.00035","-0.00011","0","14.7","Humid","26.25","0","52.00","343725.28","SABD0000000001","AAV1.0.0.11","2.0.0.28","PSt7-10","000000-000","10/20/2017 9:36:39 AM","0000-00","0","no battery","V"
"10/20/2017","12:51:31","5","default","957498349","OXY5","101.885","min","155.733","μmol/L","Humid","21.192","deg","90861","µV","35.812","°C","1019.000","hPa","37.0","pmil","0","55.500","deg","20.000","°C","100.000","%a.s.","22.500","deg","20.000","°C","1013.000","hPa","0.861","-0.02056","0.00035","-0.00011","0","14.7","Humid","26.25","0","52.00","343723.40","SABD0000000001","AAV1.0.0.11","2.0.0.28","PSt7-10","000000-000","10/20/2017 9:36:39 AM","0000-00","0","no battery","V"
"10/20/2017","12:51:32","5","default","957498349","OXY5","101.901","min","155.919","μmol/L","Humid","21.183","deg","90867","µV","35.802","°C","1019.000","hPa","37.0","pmil","0","55.500","deg","20.000","°C","100.000","%a.s.","22.500","deg","20.000","°C","1013.000","hPa","0.861","-0.02056","0.00035","-0.00011","0","14.7","Humid","26.25","0","52.00","343725.37","SABD0000000001","AAV1.0.0.11","2.0.0.28","PSt7-10","000000-000","10/20/2017 9:36:39 AM","0000-00","0","no battery","V"
"10/20/2017","12:51:33","5","default","957498349","OXY5","101.918","min","155.889","μmol/L","Humid","21.184","deg","90854","µV","35.804","°C","1019.000","hPa","37.0","pmil","0","55.500","deg","20.000","°C","100.000","%a.s.","22.500","deg","20.000","°C","1013.000","hPa","0.861","-0.02056","0.00035","-0.00011","0","14.7","Humid","26.25","0","52.00","343720.92","SABD0000000001","AAV1.0.0.11","2.0.0.28","PSt7-10","000000-000","10/20/2017 9:36:39 AM","0000-00","0","no battery","V"
"10/20/2017","12:51:34","5","default","957498349","OXY5","101.935","min","155.931","μmol/L","Humid","21.186","deg","90863","µV","35.792","°C","1019.000","hPa","37.0","pmil","0","55.500","deg","20.000","°C","100.000","%a.s.","22.500","deg","20.000","°C","1013.000","hPa","0.861","-0.02056","0.00035","-0.00011","0","14.7","Humid","26.25","0","52.00","343735.13","SABD0000000001","AAV1.0.0.11","2.0.0.28","PSt7-10","000000-000","10/20/2017 9:36:39 AM","0000-00","0","no battery","V"
"10/20/2017","12:51:35","5","default","957498349","OXY5","101.952","min","155.948","μmol/L","Humid","21.183","deg","90859","µV","35.797","°C","1019.000","hPa","37.0","pmil","0","55.500","deg","20.000","°C","100.000","%a.s.","22.500","deg","20.000","°C","1013.000","hPa","0.861","-0.02056","0.00035","-0.00011","0","14.7","Humid","26.25","0","52.00","343734.48","SABD0000000001","AAV1.0.0.11","2.0.0.28","PSt7-10","000000-000","10/20/2017 9:36:39 AM","0000-00","0","no battery","V"
"10/20/2017","12:51:36","5","default","957498349","OXY5","101.968","min","155.781","μmol/L","Humid","21.186","deg","90867","µV","35.818","°C","1019.000","hPa","37.0","pmil","0","55.500","deg","20.000","°C","100.000","%a.s.","22.500","deg","20.000","°C","1013.000","hPa","0.861","-0.02056","0.00035","-0.00011","0","14.7","Humid","26.25","0","52.00","343728.44","SABD0000000001","AAV1.0.0.11","2.0.0.28","PSt7-10","000000-000","10/20/2017 9:36:39 AM","0000-00","0","no battery","V"
"10/20/2017","12:51:37","5","default","957498349","OXY5","101.985","min","155.834","μmol/L","Humid","21.186","deg","90862","µV","35.809","°C","1019.000","hPa","37.0","pmil","0","55.500","deg","20.000","°C","100.000","%a.s.","22.500","deg","20.000","°C","1013.000","hPa","0.861","-0.02056","0.00035","-0.00011","0","14.7","Humid","26.25","0","52.00","343737.42","SABD0000000001","AAV1.0.0.11","2.0.0.28","PSt7-10","000000-000","10/20/2017 9:36:39 AM","0000-00","0","no battery","V"
"10/20/2017","12:51:38","5","default","957498349","OXY5","102.002","min","155.796","μmol/L","Humid","21.190","deg","90869","µV","35.806","°C","1019.000","hPa","37.0","pmil","0","55.500","deg","20.000","°C","100.000","%a.s.","22.500","deg","20.000","°C","1013.000","hPa","0.861","-0.02056","0.00035","-0.00011","0","14.7","Humid","26.25","0","52.00","343719.90","SABD0000000001","AAV1.0.0.11","2.0.0.28","PSt7-10","000000-000","10/20/2017 9:36:39 AM","0000-00","0","no battery","V"
"10/20/2017","12:51:39","5","default","957498349","OXY5","102.018","min","155.784","μmol/L","Humid","21.186","deg","90861","µV","35.817","°C","1019.000","hPa","37.0","pmil","0","55.500","deg","20.000","°C","100.000","%a.s.","22.500","deg","20.000","°C","1013.000","hPa","0.861","-0.02056","0.00035","-0.00011","0","14.7","Humid","26.25","0","52.00","343720.97","SABD0000000001","AAV1.0.0.11","2.0.0.28","PSt7-10","000000-000","10/20/2017 9:36:39 AM","0000-00","0","no battery","V"
"10/20/2017","12:51:40","5","default","957498349","OXY5","102.035","min","155.760","μmol/L","Humid","21.191","deg","90866","µV","35.810","°C","1019.000","hPa","37.0","pmil","0","55.500","deg","20.000","°C","100.000","%a.s.","22.500","deg","20.000","°C","1013.000","hPa","0.861","-0.02056","0.00035","-0.00011","0","14.7","Humid","26.25","0","52.00","343725.37","SABD0000000001","AAV1.0.0.11","2.0.0.28","PSt7-10","000000-000","10/20/2017 9:36:39 AM","0000-00","0","no battery","V"
"10/20/2017","12:51:41","5","default","957498349","OXY5","102.052","min","155.854","μmol/L","Humid","21.189","deg","90866","µV","35.798","°C","1019.000","hPa","37.0","pmil","0","55.500","deg","20.000","°C","100.000","%a.s.","22.500","deg","20.000","°C","1013.000","hPa","0.861","-0.02056","0.00035","-0.00011","0","14.7","Humid","26.25","0","52.00","343732.48","SABD0000000001","AAV1.0.0.11","2.0.0.28","PSt7-10","000000-000","10/20/2017 9:36:39 AM","0000-00","0","no battery","V"
"10/20/2017","12:51:42","5","default","957498349","OXY5","102.069","min","155.746","μmol/L","Humid","21.190","deg","90864","µV","35.814","°C","1019.000","hPa","37.0","pmil","0","55.500","deg","20.000","°C","100.000","%a.s.","22.500","deg","20.000","°C","1013.000","hPa","0.861","-0.02056","0.00035","-0.00011","0","14.7","Humid","26.25","0","52.00","343723.68","SABD0000000001","AAV1.0.0.11","2.0.0.28","PSt7-10","000000-000","10/20/2017 9:36:39 AM","0000-00","0","no battery","V"
"10/20/2017","12:51:43","5","default","957498349","OXY5","102.085","min","155.918","μmol/L","Humid","21.186","deg","90864","µV","35.795","°C","1019.000","hPa","37.0","pmil","0","55.500","deg","20.000","°C","100.000","%a.s.","22.500","deg","20.000","°C","1013.000","hPa","0.861","-0.02056","0.00035","-0.00011","0","14.7","Humid","26.25","0","52.00","343718.99","SABD0000000001","AAV1.0.0.11","2.0.0.28","PSt7-10","000000-000","10/20/2017 9:36:39 AM","0000-00","0","no battery","V"
"10/20/2017","12:51:44","5","default","957498349","OXY5","102.102","min","155.862","μmol/L","Humid","21.190","deg","90859","µV","35.795","°C","1019.000","hPa","37.0","pmil","0","55.500","deg","20.000","°C","100.000","%a.s.","22.500","deg","20.000","°C","1013.000","hPa","0.861","-0.02056","0.00035","-0.00011","0","14.7","Humid","26.25","0","52.00","343717.33","SABD0000000001","AAV1.0.0.11","2.0.0.28","PSt7-10","000000-000","10/20/2017 9:36:39 AM","0000-00","0","no battery","V"
"10/20/2017","12:51:45","5","default","957498349","OXY5","102.118","min","155.810","μmol/L","Humid","21.187","deg","90867","µV","35.811","°C","1019.000","hPa","37.0","pmil","0","55.500","deg","20.000","°C","100.000","%a.s.","22.500","deg","20.000","°C","1013.000","hPa","0.861","-0.02056","0.00035","-0.00011","0","14.7","Humid","26.25","0","52.00","343720.28","SABD0000000001","AAV1.0.0.11","2.0.0.28","PSt7-10","000000-000","10/20/2017 9:36:39 AM","0000-00","0","no battery","V"
"10/20/2017","12:51:46","5","default","957498349","OXY5","102.135","min","155.741","μmol/L","Humid","21.187","deg","90864","µV","35.822","°C","1019.000","hPa","37.0","pmil","0","55.500","deg","20.000","°C","100.000","%a.s.","22.500","deg","20.000","°C","1013.000","hPa","0.861","-0.02056","0.00035","-0.00011","0","14.7","Humid","26.25","0","52.00","343722.58","SABD0000000001","AAV1.0.0.11","2.0.0.28","PSt7-10","000000-000","10/20/2017 9:36:39 AM","0000-00","0","no battery","V"
"10/20/2017","12:51:47","5","default","957498349","OXY5","102.152","min","155.749","μmol/L","Humid","21.186","deg","90863","µV","35.823","°C","1019.000","hPa","37.0","pmil","0","55.500","deg","20.000","°C","100.000","%a.s.","22.500","deg","20.000","°C","1013.000","hPa","0.861","-0.02056","0.00035","-0.00011","0","14.7","Humid","26.25","0","52.00","343722.74","SABD0000000001","AAV1.0.0.11","2.0.0.28","PSt7-10","000000-000","10/20/2017 9:36:39 AM","0000-00","0","no battery","V"
"10/20/2017","12:51:48","5","default","957498349","OXY5","102.169","min","155.842","μmol/L","Humid","21.186","deg","90862","µV","35.808","°C","1019.000","hPa","37.0","pmil","0","55.500","deg","20.000","°C","100.000","%a.s.","22.500","deg","20.000","°C","1013.000","hPa","0.861","-0.02056","0.00035","-0.00011","0","14.7","Humid","26.25","0","52.00","343708.62","SABD0000000001","AAV1.0.0.11","2.0.0.28","PSt7-10","000000-000","10/20/2017 9:36:39 AM","0000-00","0","no battery","V"
"10/20/2017","12:51:49","5","default","957498349","OXY5","102.185","min","155.740","μmol/L","Humid","21.191","deg","90859","µV","35.813","°C","1019.000","hPa","37.0","pmil","0","55.500","deg","20.000","°C","100.000","%a.s.","22.500","deg","20.000","°C","1013.000","hPa","0.861","-0.02056","0.00035","-0.00011","0","14.7","Humid","26.25","0","52.00","343703.13","SABD0000000001","AAV1.0.0.11","2.0.0.28","PSt7-10","000000-000","10/20/2017 9:36:39 AM","0000-00","0","no battery","V"
"10/20/2017","12:51:50","5","default","957498349","OXY5","102.202","min","155.794","μmol/L","Humid","21.192","deg","90855","µV","35.801","°C","1019.000","hPa","37.0","pmil","0","55.500","deg","20.000","°C","100.000","%a.s.","22.500","deg","20.000","°C","1013.000","hPa","0.861","-0.02056","0.00035","-0.00011","0","14.7","Humid","26.25","0","52.00","343711.56","SABD0000000001","AAV1.0.0.11","2.0.0.28","PSt7-10","000000-000","10/20/2017 9:36:39 AM","0000-00","0","no battery","V"
"10/20/2017","12:51:51","5","default","957498349","OXY5","102.219","min","155.753","μmol/L","Humid","21.188","deg","90862","µV","35.818","°C","1019.000","hPa","37.0","pmil","0","55.500","deg","20.000","°C","100.000","%a.s.","22.500","deg","20.000","°C","1013.000","hPa","0.861","-0.02056","0.00035","-0.00011","0","14.7","Humid","26.25","0","52.00","343700.08","SABD0000000001","AAV1.0.0.11","2.0.0.28","PSt7-10","000000-000","10/20/2017 9:36:39 AM","0000-00","0","no battery","V"
"10/20/2017","12:51:52","5","default","957498349","OXY5","102.235","min","155.824","μmol/L","Humid","21.185","deg","90862","µV","35.813","°C","1019.000","hPa","37.0","pmil","0","55.500","deg","20.000","°C","100.000","%a.s.","22.500","deg","20.000","°C","1013.000","hPa","0.861","-0.02056","0.00035","-0.00011","0","14.7","Humid","26.25","0","52.00","343696.42","SABD0000000001","AAV1.0.0.11","2.0.0.28","PSt7-10","000000-000","10/20/2017 9:36:39 AM","0000-00","0","no battery","V"
"10/20/2017","12:51:53","5","default","957498349","OXY5","102.252","min","155.876","μmol/L","Humid","21.187","deg","90870","µV","35.799","°C","1019.000","hPa","37.0","pmil","0","55.500","deg","20.000","°C","100.000","%a.s.","22.500","deg","20.000","°C","1013.000","hPa","0.861","-0.02056","0.00035","-0.00011","0","14.7","Humid","26.25","0","52.00","343700.99","SABD0000000001","AAV1.0.0.11","2.0.0.28","PSt7-10","000000-000","10/20/2017 9:36:39 AM","0000-00","0","no battery","V"
"10/20/2017","12:51:54","5","default","957498349","OXY5","102.269","min","155.797","μmol/L","Humid","21.191","deg","90865","µV","35.803","°C","1019.000","hPa","37.0","pmil","0","55.500","deg","20.000","°C","100.000","%a.s.","22.500","deg","20.000","°C","1013.000","hPa","0.861","-0.02056","0.00035","-0.00011","0","14.7","Humid","26.25","0","52.00","343708.56","SABD0000000001","AAV1.0.0.11","2.0.0.28","PSt7-10","000000-000","10/20/2017 9:36:39 AM","0000-00","0","no battery","V"
"10/20/2017","12:51:55","5","default","957498349","OXY5","102.285","min","155.785","μmol/L","Humid","21.188","deg","90859","µV","35.812","°C","1019.000","hPa","37.0","pmil","0","55.500","deg","20.000","°C","100.000","%a.s.","22.500","deg","20.000","°C","1013.000","hPa","0.861","-0.02056","0.00035","-0.00011","0","14.7","Humid","26.25","0","52.00","343692.03","SABD0000000001","AAV1.0.0.11","2.0.0.28","PSt7-10","000000-000","10/20/2017 9:36:39 AM","0000-00","0","no battery","V"
"10/20/2017","12:51:56","5","default","957498349","OXY5","102.302","min","155.760","μmol/L","Humid","21.189","deg","90863","µV","35.814","°C","1019.000","hPa","37.0","pmil","0","55.500","deg","20.000","°C","100.000","%a.s.","22.500","deg","20.000","°C","1013.000","hPa","0.861","-0.02056","0.00035","-0.00011","0","14.7","Humid","26.25","0","52.00","343700.64","SABD0000000001","AAV1.0.0.11","2.0.0.28","PSt7-10","000000-000","10/20/2017 9:36:39 AM","0000-00","0","no battery","V"
"10/20/2017","12:51:57","5","default","957498349","OXY5","102.319","min","155.747","μmol/L","Humid","21.188","deg","90856","µV","35.819","°C","1019.000","hPa","37.0","pmil","0","55.500","deg","20.000","°C","100.000","%a.s.","22.500","deg","20.000","°C","1013.000","hPa","0.861","-0.02056","0.00035","-0.00011","0","14.7","Humid","26.25","0","52.00","343694.90","SABD0000000001","AAV1.0.0.11","2.0.0.28","PSt7-10","000000-000","10/20/2017 9:36:39 AM","0000-00","0","no battery","V"
"10/20/2017","12:51:58","5","default","957498349","OXY5","102.335","min","155.802","μmol/L","Humid","21.185","deg","90857","µV","35.817","°C","1019.000","hPa","37.0","pmil","0","55.500","deg","20.000","°C","100.000","%a.s.","22.500","deg","20.000","°C","1013.000","hPa","0.861","-0.02056","0.00035","-0.00011","0","14.7","Humid","26.25","0","52.00","343687.82","SABD0000000001","AAV1.0.0.11","2.0.0.28","PSt7-10","000000-000","10/20/2017 9:36:39 AM","0000-00","0","no battery","V"
"10/20/2017","12:51:59","5","default","957498349","OXY5","102.352","min","155.805","μmol/L","Humid","21.186","deg","90868","µV","35.814","°C","1019.000","hPa","37.0","pmil","0","55.500","deg","20.000","°C","100.000","%a.s.","22.500","deg","20.000","°C","1013.000","hPa","0.861","-0.02056","0.00035","-0.00011","0","14.7","Humid","26.25","0","52.00","343694.51","SABD0000000001","AAV1.0.0.11","2.0.0.28","PSt7-10","000000-000","10/20/2017 9:36:39 AM","0000-00","0","no battery","V"
"10/20/2017","12:52:00","5","default","957498349","OXY5","102.368","min","155.854","μmol/L","Humid","21.186","deg","90872","µV","35.805","°C","1019.000","hPa","37.0","pmil","0","55.500","deg","20.000","°C","100.000","%a.s.","22.500","deg","20.000","°C","1013.000","hPa","0.861","-0.02056","0.00035","-0.00011","0","14.7","Humid","26.25","0","52.00","343681.80","SABD0000000001","AAV1.0.0.11","2.0.0.28","PSt7-10","000000-000","10/20/2017 9:36:39 AM","0000-00","0","no battery","V"
"10/20/2017","12:52:01","5","default","957498349","OXY5","102.385","min","155.866","μmol/L","Humid","21.186","deg","90860","µV","35.803","°C","1019.000","hPa","37.0","pmil","0","55.500","deg","20.000","°C","100.000","%a.s.","22.500","deg","20.000","°C","1013.000","hPa","0.861","-0.02056","0.00035","-0.00011","0","14.7","Humid","26.25","0","52.00","343680.00","SABD0000000001","AAV1.0.0.11","2.0.0.28","PSt7-10","000000-000","10/20/2017 9:36:39 AM","0000-00","0","no battery","V"
"10/20/2017","12:52:02","5","default","957498349","OXY5","102.401","min","155.742","μmol/L","Humid","21.188","deg","90867","µV","35.820","°C","1019.000","hPa","37.0","pmil","0","55.500","deg","20.000","°C","100.000","%a.s.","22.500","deg","20.000","°C","1013.000","hPa","0.861","-0.02056","0.00035","-0.00011","0","14.7","Humid","26.25","0","52.00","343689.67","SABD0000000001","AAV1.0.0.11","2.0.0.28","PSt7-10","000000-000","10/20/2017 9:36:39 AM","0000-00","0","no battery","V"
"10/20/2017","12:52:03","5","default","957498349","OXY5","102.418","min","155.783","μmol/L","Humid","21.188","deg","90865","µV","35.813","°C","1019.000","hPa","37.0","pmil","0","55.500","deg","20.000","°C","100.000","%a.s.","22.500","deg","20.000","°C","1013.000","hPa","0.861","-0.02056","0.00035","-0.00011","0","14.7","Humid","26.25","0","52.00","343678.28","SABD0000000001","AAV1.0.0.11","2.0.0.28","PSt7-10","000000-000","10/20/2017 9:36:39 AM","0000-00","0","no battery","V"
"10/20/2017","12:52:04","5","default","957498349","OXY5","102.435","min","155.731","μmol/L","Humid","21.194","deg","90868","µV","35.807","°C","1019.000","hPa","37.0","pmil","0","55.500","deg","20.000","°C","100.000","%a.s.","22.500","deg","20.000","°C","1013.000","hPa","0.861","-0.02056","0.00035","-0.00011","0","14.7","Humid","26.25","0","52.00","343698.01","SABD0000000001","AAV1.0.0.11","2.0.0.28","PSt7-10","000000-000","10/20/2017 9:36:39 AM","0000-00","0","no battery","V"
"10/20/2017","12:52:05","5","default","957498349","OXY5","102.451","min","155.794","μmol/L","Humid","21.186","deg","90873","µV","35.816","°C","1019.000","hPa","37.0","pmil","0","55.500","deg","20.000","°C","100.000","%a.s.","22.500","deg","20.000","°C","1013.000","hPa","0.861","-0.02056","0.00035","-0.00011","0","14.7","Humid","26.25","0","52.00","343695.89","SABD0000000001","AAV1.0.0.11","2.0.0.28","PSt7-10","000000-000","10/20/2017 9:36:39 AM","0000-00","0","no battery","V"
"10/20/2017","12:52:06","5","default","957498349","OXY5","102.468","min","155.754","μmol/L","Humid","21.187","deg","90866","µV","35.820","°C","1019.000","hPa","37.0","pmil","0","55.500","deg","20.000","°C","100.000","%a.s.","22.500","deg","20.000","°C","1013.000","hPa","0.861","-0.02056","0.00035","-0.00011","0","14.7","Humid","26.25","0","52.00","343696.61","SABD0000000001","AAV1.0.0.11","2.0.0.28","PSt7-10","000000-000","10/20/2017 9:36:39 AM","0000-00","0","no battery","V"
"10/20/2017","12:52:07","5","default","957498349","OXY5","102.485","min","155.879","μmol/L","Humid","21.184","deg","90862","µV","35.806","°C","1019.000","hPa","37.0","pmil","0","55.500","deg","20.000","°C","100.000","%a.s.","22.500","deg","20.000","°C","1013.000","hPa","0.861","-0.02056","0.00035","-0.00011","0","14.7","Humid","26.25","0","52.00","343708.30","SABD0000000001","AAV1.0.0.11","2.0.0.28","PSt7-10","000000-000","10/20/2017 9:36:39 AM","0000-00","0","no battery","V"
"10/20/2017","12:52:08","5","default","957498349","OXY5","102.501","min","155.724","μmol/L","Humid","21.189","deg","90865","µV","35.820","°C","1019.000","hPa","37.0","pmil","0","55.500","deg","20.000","°C","100.000","%a.s.","22.500","deg","20.000","°C","1013.000","hPa","0.861","-0.02056","0.00035","-0.00011","0","14.7","Humid","26.25","0","52.00","343689.26","SABD0000000001","AAV1.0.0.11","2.0.0.28","PSt7-10","000000-000","10/20/2017 9:36:39 AM","0000-00","0","no battery","V"
"10/20/2017","12:52:09","5","default","957498349","OXY5","102.518","min","155.816","μmol/L","Humid","21.186","deg","90864","µV","35.812","°C","1019.000","hPa","37.0","pmil","0","55.500","deg","20.000","°C","100.000","%a.s.","22.500","deg","20.000","°C","1013.000","hPa","0.861","-0.02056","0.00035","-0.00011","0","14.7","Humid","26.25","0","52.00","343690.95","SABD0000000001","AAV1.0.0.11","2.0.0.28","PSt7-10","000000-000","10/20/2017 9:36:39 AM","0000-00","0","no battery","V"
"10/20/2017","12:52:10","5","default","957498349","OXY5","102.535","min","155.873","μmol/L","Humid","21.184","deg","90869","µV","35.807","°C","1019.000","hPa","37.0","pmil","0","55.500","deg","20.000","°C","100.000","%a.s.","22.500","deg","20.000","°C","1013.000","hPa","0.861","-0.02056","0.00035","-0.00011","0","14.7","Humid","26.25","0","52.00","343694.49","SABD0000000001","AAV1.0.0.11","2.0.0.28","PSt7-10","000000-000","10/20/2017 9:36:39 AM","0000-00","0","no battery","V"
"10/20/2017","12:52:11","5","default","957498349","OXY5","102.551","min","155.858","μmol/L","Humid","21.187","deg","90870","µV","35.802","°C","1019.000","hPa","37.0","pmil","0","55.500","deg","20.000","°C","100.000","%a.s.","22.500","deg","20.000","°C","1013.000","hPa","0.861","-0.02056","0.00035","-0.00011","0","14.7","Humid","26.25","0","52.00","343688.86","SABD0000000001","AAV1.0.0.11","2.0.0.28","PSt7-10","000000-000","10/20/2017 9:36:39 AM","0000-00","0","no battery","V"
"10/20/2017","12:52:12","5","default","957498349","OXY5","102.568","min","155.873","μmol/L","Humid","21.188","deg","90876","µV","35.797","°C","1019.000","hPa","37.0","pmil","0","55.500","deg","20.000","°C","100.000","%a.s.","22.500","deg","20.000","°C","1013.000","hPa","0.861","-0.02056","0.00035","-0.00011","0","14.7","Humid","26.25","0","52.00","343693.56","SABD0000000001","AAV1.0.0.11","2.0.0.28","PSt7-10","000000-000","10/20/2017 9:36:39 AM","0000-00","0","no battery","V"
"10/20/2017","12:52:13","5","default","957498349","OXY5","102.585","min","155.780","μmol/L","Humid","21.188","deg","90870","µV","35.813","°C","1019.000","hPa","37.0","pmil","0","55.500","deg","20.000","°C","100.000","%a.s.","22.500","deg","20.000","°C","1013.000","hPa","0.861","-0.02056","0.00035","-0.00011","0","14.7","Humid","26.25","0","52.00","343678.06","SABD0000000001","AAV1.0.0.11","2.0.0.28","PSt7-10","000000-000","10/20/2017 9:36:39 AM","0000-00","0","no battery","V"
"10/20/2017","12:52:14","5","default","957498349","OXY5","102.601","min","155.621","μmol/L","Humid","21.190","deg","90866","µV","35.836","°C","1019.000","hPa","37.0","pmil","0","55.500","deg","20.000","°C","100.000","%a.s.","22.500","deg","20.000","°C","1013.000","hPa","0.861","-0.02056","0.00035","-0.00011","0","14.7","Humid","26.25","0","52.00","343680.26","SABD0000000001","AAV1.0.0.11","2.0.0.28","PSt7-10","000000-000","10/20/2017 9:36:39 AM","0000-00","0","no battery","V"
"10/20/2017","12:52:15","5","default","957498349","OXY5","102.618","min","155.741","μmol/L","Humid","21.188","deg","90863","µV","35.820","°C","1019.000","hPa","37.0","pmil","0","55.500","deg","20.000","°C","100.000","%a.s.","22.500","deg","20.000","°C","1013.000","hPa","0.861","-0.02056","0.00035","-0.00011","0","14.7","Humid","26.25","0","52.00","343674.65","SABD0000000001","AAV1.0.0.11","2.0.0.28","PSt7-10","000000-000","10/20/2017 9:36:39 AM","0000-00","0","no battery","V"
"10/20/2017","12:52:16","5","default","957498349","OXY5","102.635","min","155.783","μmol/L","Humid","21.188","deg","90866","µV","35.813","°C","1019.000","hPa","37.0","pmil","0","55.500","deg","20.000","°C","100.000","%a.s.","22.500","deg","20.000","°C","1013.000","hPa","0.861","-0.02056","0.00035","-0.00011","0","14.7","Humid","26.25","0","52.00","343682.22","SABD0000000001","AAV1.0.0.11","2.0.0.28","PSt7-10","000000-000","10/20/2017 9:36:39 AM","0000-00","0","no battery","V"
"10/20/2017","12:52:17","5","default","957498349","OXY5","102.651","min","155.784","μmol/L","Humid","21.187","deg","90866","µV","35.815","°C","1019.000","hPa","37.0","pmil","0","55.500","deg","20.000","°C","100.000","%a.s.","22.500","deg","20.000","°C","1013.000","hPa","0.861","-0.02056","0.00035","-0.00011","0","14.7","Humid","26.25","0","52.00","343680.97","SABD0000000001","AAV1.0.0.11","2.0.0.28","PSt7-10","000000-000","10/20/2017 9:36:39 AM","0000-00","0","no battery","V"
"10/20/2017","12:52:18","5","default","957498349","OXY5","102.668","min","155.716","μmol/L","Humid","21.186","deg","90866","µV","35.829","°C","1019.000","hPa","37.0","pmil","0","55.500","deg","20.000","°C","100.000","%a.s.","22.500","deg","20.000","°C","1013.000","hPa","0.861","-0.02056","0.00035","-0.00011","0","14.7","Humid","26.25","0","52.00","343679.39","SABD0000000001","AAV1.0.0.11","2.0.0.28","PSt7-10","000000-000","10/20/2017 9:36:39 AM","0000-00","0","no battery","V"
"10/20/2017","12:52:19","5","default","957498349","OXY5","102.685","min","155.777","μmol/L","Humid","21.191","deg","90867","µV","35.807","°C","1019.000","hPa","37.0","pmil","0","55.500","deg","20.000","°C","100.000","%a.s.","22.500","deg","20.000","°C","1013.000","hPa","0.861","-0.02056","0.00035","-0.00011","0","14.7","Humid","26.25","0","52.00","343696.96","SABD0000000001","AAV1.0.0.11","2.0.0.28","PSt7-10","000000-000","10/20/2017 9:36:39 AM","0000-00","0","no battery","V"
"10/20/2017","12:52:20","5","default","957498349","OXY5","102.701","min","155.742","μmol/L","Humid","21.187","deg","90867","µV","35.822","°C","1019.000","hPa","37.0","pmil","0","55.500","deg","20.000","°C","100.000","%a.s.","22.500","deg","20.000","°C","1013.000","hPa","0.861","-0.02056","0.00035","-0.00011","0","14.7","Humid","26.25","0","52.00","343676.07","SABD0000000001","AAV1.0.0.11","2.0.0.28","PSt7-10","000000-000","10/20/2017 9:36:39 AM","0000-00","0","no battery","V"
"10/20/2017","12:52:21","5","default","957498349","OXY5","102.718","min","155.856","μmol/L","Humid","21.184","deg","90862","µV","35.810","°C","1019.000","hPa","37.0","pmil","0","55.500","deg","20.000","°C","100.000","%a.s.","22.500","deg","20.000","°C","1013.000","hPa","0.861","-0.02056","0.00035","-0.00011","0","14.7","Humid","26.25","0","52.00","343686.76","SABD0000000001","AAV1.0.0.11","2.0.0.28","PSt7-10","000000-000","10/20/2017 9:36:39 AM","0000-00","0","no battery","V"
"10/20/2017","12:52:22","5","default","957498349","OXY5","102.735","min","155.740","μmol/L","Humid","21.192","deg","90862","µV","35.811","°C","1019.000","hPa","37.0","pmil","0","55.500","deg","20.000","°C","100.000","%a.s.","22.500","deg","20.000","°C","1013.000","hPa","0.861","-0.02056","0.00035","-0.00011","0","14.7","Humid","26.25","0","52.00","343682.51","SABD0000000001","AAV1.0.0.11","2.0.0.28","PSt7-10","000000-000","10/20/2017 9:36:39 AM","0000-00","0","no battery","V"
"10/20/2017","12:52:23","5","default","957498349","OXY5","102.751","min","155.745","μmol/L","Humid","21.187","deg","90870","µV","35.822","°C","1019.000","hPa","37.0","pmil","0","55.500","deg","20.000","°C","100.000","%a.s.","22.500","deg","20.000","°C","1013.000","hPa","0.861","-0.02056","0.00035","-0.00011","0","14.7","Humid","26.25","0","52.00","343685.68","SABD0000000001","AAV1.0.0.11","2.0.0.28","PSt7-10","000000-000","10/20/2017 9:36:39 AM","0000-00","0","no battery","V"
"10/20/2017","12:52:24","5","default","957498349","OXY5","102.768","min","155.740","μmol/L","Humid","21.189","deg","90869","µV","35.818","°C","1019.000","hPa","37.0","pmil","0","55.500","deg","20.000","°C","100.000","%a.s.","22.500","deg","20.000","°C","1013.000","hPa","0.861","-0.02056","0.00035","-0.00011","0","14.7","Humid","26.25","0","52.00","343674.78","SABD0000000001","AAV1.0.0.11","2.0.0.28","PSt7-10","000000-000","10/20/2017 9:36:39 AM","0000-00","0","no battery","V"
"10/20/2017","12:52:25","5","default","957498349","OXY5","102.785","min","155.778","μmol/L","Humid","21.183","deg","90867","µV","35.825","°C","1019.000","hPa","37.0","pmil","0","55.500","deg","20.000","°C","100.000","%a.s.","22.500","deg","20.000","°C","1013.000","hPa","0.861","-0.02056","0.00035","-0.00011","0","14.7","Humid","26.25","0","52.00","343676.12","SABD0000000001","AAV1.0.0.11","2.0.0.28","PSt7-10","000000-000","10/20/2017 9:36:39 AM","0000-00","0","no battery","V"
"10/20/2017","12:52:26","5","default","957498349","OXY5","102.802","min","155.841","μmol/L","Humid","21.184","deg","90869","µV","35.812","°C","1019.000","hPa","37.0","pmil","0","55.500","deg","20.000","°C","100.000","%a.s.","22.500","deg","20.000","°C","1013.000","hPa","0.861","-0.02056","0.00035","-0.00011","0","14.7","Humid","26.25","0","52.00","343690.32","SABD0000000001","AAV1.0.0.11","2.0.0.28","PSt7-10","000000-000","10/20/2017 9:36:39 AM","0000-00","0","no battery","V"
"10/20/2017","12:52:27","5","default","957498349","OXY5","102.818","min","155.770","μmol/L","Humid","21.190","deg","90872","µV","35.810","°C","1019.000","hPa","37.0","pmil","0","55.500","deg","20.000","°C","100.000","%a.s.","22.500","deg","20.000","°C","1013.000","hPa","0.861","-0.02056","0.00035","-0.00011","0","14.7","Humid","26.25","0","52.00","343669.15","SABD0000000001","AAV1.0.0.11","2.0.0.28","PSt7-10","000000-000","10/20/2017 9:36:39 AM","0000-00","0","no battery","V"
"10/20/2017","12:52:28","5","default","957498349","OXY5","102.835","min","155.793","μmol/L","Humid","21.187","deg","90865","µV","35.813","°C","1019.000","hPa","37.0","pmil","0","55.500","deg","20.000","°C","100.000","%a.s.","22.500","deg","20.000","°C","1013.000","hPa","0.861","-0.02056","0.00035","-0.00011","0","14.7","Humid","26.25","0","52.00","343682.84","SABD0000000001","AAV1.0.0.11","2.0.0.28","PSt7-10","000000-000","10/20/2017 9:36:39 AM","0000-00","0","no battery","V"
"10/20/2017","12:52:29","5","default","957498349","OXY5","102.852","min","155.700","μmol/L","Humid","21.194","deg","90865","µV","35.813","°C","1019.000","hPa","37.0","pmil","0","55.500","deg","20.000","°C","100.000","%a.s.","22.500","deg","20.000","°C","1013.000","hPa","0.861","-0.02056","0.00035","-0.00011","0","14.7","Humid","26.25","0","52.00","343672.21","SABD0000000001","AAV1.0.0.11","2.0.0.28","PSt7-10","000000-000","10/20/2017 9:36:39 AM","0000-00","0","no battery","V"
"10/20/2017","12:52:30","5","default","957498349","OXY5","102.868","min","155.758","μmol/L","Humid","21.184","deg","90871","µV","35.827","°C","1019.000","hPa","37.0","pmil","0","55.500","deg","20.000","°C","100.000","%a.s.","22.500","deg","20.000","°C","1013.000","hPa","0.861","-0.02056","0.00035","-0.00011","0","14.7","Humid","26.25","0","52.00","343676.15","SABD0000000001","AAV1.0.0.11","2.0.0.28","PSt7-10","000000-000","10/20/2017 9:36:39 AM","0000-00","0","no battery","V"
"10/20/2017","12:52:31","5","default","957498349","OXY5","102.885","min","155.866","μmol/L","Humid","21.186","deg","90865","µV","35.803","°C","1019.000","hPa","37.0","pmil","0","55.500","deg","20.000","°C","100.000","%a.s.","22.500","deg","20.000","°C","1013.000","hPa","0.861","-0.02056","0.00035","-0.00011","0","14.7","Humid","26.25","0","52.00","343681.40","SABD0000000001","AAV1.0.0.11","2.0.0.28","PSt7-10","000000-000","10/20/2017 9:36:39 AM","0000-00","0","no battery","V"
"10/20/2017","12:52:32","5","default","957498349","OXY5","102.902","min","155.808","μmol/L","Humid","21.188","deg","90871","µV","35.809","°C","1019.000","hPa","37.0","pmil","0","55.500","deg","20.000","°C","100.000","%a.s.","22.500","deg","20.000","°C","1013.000","hPa","0.861","-0.02056","0.00035","-0.00011","0","14.7","Humid","26.25","0","52.00","343677.50","SABD0000000001","AAV1.0.0.11","2.0.0.28","PSt7-10","000000-000","10/20/2017 9:36:39 AM","0000-00","0","no battery","V"
"10/20/2017","12:52:33","5","default","957498349","OXY5","102.918","min","155.637","μmol/L","Humid","21.189","deg","90866","µV","35.835","°C","1019.000","hPa","37.0","pmil","0","55.500","deg","20.000","°C","100.000","%a.s.","22.500","deg","20.000","°C","1013.000","hPa","0.861","-0.02056","0.00035","-0.00011","0","14.7","Humid","26.25","0","52.00","343688.45","SABD0000000001","AAV1.0.0.11","2.0.0.28","PSt7-10","000000-000","10/20/2017 9:36:39 AM","0000-00","0","no battery","V"
"10/20/2017","12:52:34","5","default","957498349","OXY5","102.935","min","155.635","μmol/L","Humid","21.190","deg","90868","µV","35.833","°C","1019.000","hPa","37.0","pmil","0","55.500","deg","20.000","°C","100.000","%a.s.","22.500","deg","20.000","°C","1013.000","hPa","0.861","-0.02056","0.00035","-0.00011","0","14.7","Humid","26.25","0","52.00","343664.97","SABD0000000001","AAV1.0.0.11","2.0.0.28","PSt7-10","000000-000","10/20/2017 9:36:39 AM","0000-00","0","no battery","V"
"10/20/2017","12:52:35","5","default","957498349","OXY5","102.951","min","155.697","μmol/L","Humid","21.189","deg","90862","µV","35.825","°C","1019.000","hPa","37.0","pmil","0","55.500","deg","20.000","°C","100.000","%a.s.","22.500","deg","20.000","°C","1013.000","hPa","0.861","-0.02056","0.00035","-0.00011","0","14.7","Humid","26.25","0","52.00","343669.33","SABD0000000001","AAV1.0.0.11","2.0.0.28","PSt7-10","000000-000","10/20/2017 9:36:39 AM","0000-00","0","no battery","V"
"10/20/2017","12:52:36","5","default","957498349","OXY5","102.968","min","155.695","μmol/L","Humid","21.187","deg","90860","µV","35.830","°C","1019.000","hPa","37.0","pmil","0","55.500","deg","20.000","°C","100.000","%a.s.","22.500","deg","20.000","°C","1013.000","hPa","0.861","-0.02056","0.00035","-0.00011","0","14.7","Humid","26.25","0","52.00","343655.52","SABD0000000001","AAV1.0.0.11","2.0.0.28","PSt7-10","000000-000","10/20/2017 9:36:39 AM","0000-00","0","no battery","V"
"10/20/2017","12:52:37","5","default","957498349","OXY5","102.984","min","155.699","μmol/L","Humid","21.192","deg","90862","µV","35.818","°C","1019.000","hPa","37.0","pmil","0","55.500","deg","20.000","°C","100.000","%a.s.","22.500","deg","20.000","°C","1013.000","hPa","0.861","-0.02056","0.00035","-0.00011","0","14.7","Humid","26.25","0","52.00","343656.72","SABD0000000001","AAV1.0.0.11","2.0.0.28","PSt7-10","000000-000","10/20/2017 9:36:39 AM","0000-00","0","no battery","V"
"10/20/2017","12:52:38","5","default","957498349","OXY5","103.001","min","155.819","μmol/L","Humid","21.187","deg","90862","µV","35.809","°C","1019.000","hPa","37.0","pmil","0","55.500","deg","20.000","°C","100.000","%a.s.","22.500","deg","20.000","°C","1013.000","hPa","0.861","-0.02056","0.00035","-0.00011","0","14.7","Humid","26.25","0","52.00","343667.40","SABD0000000001","AAV1.0.0.11","2.0.0.28","PSt7-10","000000-000","10/20/2017 9:36:39 AM","0000-00","0","no battery","V"
"10/20/2017","12:52:39","5","default","957498349","OXY5","103.018","min","155.819","μmol/L","Humid","21.187","deg","90858","µV","35.809","°C","1019.000","hPa","37.0","pmil","0","55.500","deg","20.000","°C","100.000","%a.s.","22.500","deg","20.000","°C","1013.000","hPa","0.861","-0.02056","0.00035","-0.00011","0","14.7","Humid","26.25","0","52.00","343651.99","SABD0000000001","AAV1.0.0.11","2.0.0.28","PSt7-10","000000-000","10/20/2017 9:36:39 AM","0000-00","0","no battery","V"
"10/20/2017","12:52:40","5","default","957498349","OXY5","103.034","min","155.744","μmol/L","Humid","21.188","deg","90869","µV","35.819","°C","1019.000","hPa","37.0","pmil","0","55.500","deg","20.000","°C","100.000","%a.s.","22.500","deg","20.000","°C","1013.000","hPa","0.861","-0.02056","0.00035","-0.00011","0","14.7","Humid","26.25","0","52.00","343651.28","SABD0000000001","AAV1.0.0.11","2.0.0.28","PSt7-10","000000-000","10/20/2017 9:36:39 AM","0000-00","0","no battery","V"
"10/20/2017","12:52:41","5","default","957498349","OXY5","103.051","min","155.647","μmol/L","Humid","21.190","deg","90871","µV","35.831","°C","1019.000","hPa","37.0","pmil","0","55.500","deg","20.000","°C","100.000","%a.s.","22.500","deg","20.000","°C","1013.000","hPa","0.861","-0.02056","0.00035","-0.00011","0","14.7","Humid","26.25","0","52.00","343660.92","SABD0000000001","AAV1.0.0.11","2.0.0.28","PSt7-10","000000-000","10/20/2017 9:36:39 AM","0000-00","0","no battery","V"
"10/20/2017","12:52:42","5","default","957498349","OXY5","103.068","min","155.758","μmol/L","Humid","21.188","deg","90863","µV","35.817","°C","1019.000","hPa","37.0","pmil","0","55.500","deg","20.000","°C","100.000","%a.s.","22.500","deg","20.000","°C","1013.000","hPa","0.861","-0.02056","0.00035","-0.00011","0","14.7","Humid","26.25","0","52.00","343645.36","SABD0000000001","AAV1.0.0.11","2.0.0.28","PSt7-10","000000-000","10/20/2017 9:36:39 AM","0000-00","0","no battery","V"
"10/20/2017","12:52:43","5","default","957498349","OXY5","103.084","min","155.734","μmol/L","Humid","21.187","deg","90865","µV","35.824","°C","1019.000","hPa","37.0","pmil","0","55.500","deg","20.000","°C","100.000","%a.s.","22.500","deg","20.000","°C","1013.000","hPa","0.861","-0.02056","0.00035","-0.00011","0","14.7","Humid","26.25","0","52.00","343652.23","SABD0000000001","AAV1.0.0.11","2.0.0.28","PSt7-10","000000-000","10/20/2017 9:36:39 AM","0000-00","0","no battery","V"
"10/20/2017","12:52:44","5","default","957498349","OXY5","103.101","min","155.689","μmol/L","Humid","21.190","deg","90869","µV","35.824","°C","1019.000","hPa","37.0","pmil","0","55.500","deg","20.000","°C","100.000","%a.s.","22.500","deg","20.000","°C","1013.000","hPa","0.861","-0.02056","0.00035","-0.00011","0","14.7","Humid","26.25","0","52.00","343663.30","SABD0000000001","AAV1.0.0.11","2.0.0.28","PSt7-10","000000-000","10/20/2017 9:36:39 AM","0000-00","0","no battery","V"
"10/20/2017","12:52:45","5","default","957498349","OXY5","103.118","min","155.746","μmol/L","Humid","21.187","deg","90876","µV","35.821","°C","1019.000","hPa","37.0","pmil","0","55.500","deg","20.000","°C","100.000","%a.s.","22.500","deg","20.000","°C","1013.000","hPa","0.861","-0.02056","0.00035","-0.00011","0","14.7","Humid","26.25","0","52.00","343661.32","SABD0000000001","AAV1.0.0.11","2.0.0.28","PSt7-10","000000-000","10/20/2017 9:36:39 AM","0000-00","0","no battery","V"
"10/20/2017","12:52:46","5","default","957498349","OXY5","103.135","min","155.695","μmol/L","Humid","21.191","deg","90866","µV","35.821","°C","1019.000","hPa","37.0","pmil","0","55.500","deg","20.000","°C","100.000","%a.s.","22.500","deg","20.000","°C","1013.000","hPa","0.861","-0.02056","0.00035","-0.00011","0","14.7","Humid","26.25","0","52.00","343657.15","SABD0000000001","AAV1.0.0.11","2.0.0.28","PSt7-10","000000-000","10/20/2017 9:36:39 AM","0000-00","0","no battery","V"
"10/20/2017","12:52:47","5","default","957498349","OXY5","103.151","min","155.707","μmol/L","Humid","21.190","deg","90865","µV","35.821","°C","1019.000","hPa","37.0","pmil","0","55.500","deg","20.000","°C","100.000","%a.s.","22.500","deg","20.000","°C","1013.000","hPa","0.861","-0.02056","0.00035","-0.00011","0","14.7","Humid","26.25","0","52.00","343636.42","SABD0000000001","AAV1.0.0.11","2.0.0.28","PSt7-10","000000-000","10/20/2017 9:36:39 AM","0000-00","0","no battery","V"
"10/20/2017","12:52:48","5","default","957498349","OXY5","103.168","min","155.669","μmol/L","Humid","21.192","deg","90871","µV","35.823","°C","1019.000","hPa","37.0","pmil","0","55.500","deg","20.000","°C","100.000","%a.s.","22.500","deg","20.000","°C","1013.000","hPa","0.861","-0.02056","0.00035","-0.00011","0","14.7","Humid","26.25","0","52.00","343659.02","SABD0000000001","AAV1.0.0.11","2.0.0.28","PSt7-10","000000-000","10/20/2017 9:36:39 AM","0000-00","0","no battery","V"
"10/20/2017","12:52:49","5","default","957498349","OXY5","103.185","min","155.909","μmol/L","Humid","21.184","deg","90872","µV","35.801","°C","1019.000","hPa","37.0","pmil","0","55.500","deg","20.000","°C","100.000","%a.s.","22.500","deg","20.000","°C","1013.000","hPa","0.861","-0.02056","0.00035","-0.00011","0","14.7","Humid","26.25","0","52.00","343644.38","SABD0000000001","AAV1.0.0.11","2.0.0.28","PSt7-10","000000-000","10/20/2017 9:36:39 AM","0000-00","0","no battery","V"
"10/20/2017","12:52:50","5","default","957498349","OXY5","103.201","min","155.821","μmol/L","Humid","21.187","deg","90875","µV","35.809","°C","1019.000","hPa","37.0","pmil","0","55.500","deg","20.000","°C","100.000","%a.s.","22.500","deg","20.000","°C","1013.000","hPa","0.861","-0.02056","0.00035","-0.00011","0","14.7","Humid","26.25","0","52.00","343643.12","SABD0000000001","AAV1.0.0.11","2.0.0.28","PSt7-10","000000-000","10/20/2017 9:36:39 AM","0000-00","0","no battery","V"
"10/20/2017","12:52:51","5","default","957498349","OXY5","103.218","min","155.845","μmol/L","Humid","21.187","deg","90876","µV","35.805","°C","1019.000","hPa","37.0","pmil","0","55.500","deg","20.000","°C","100.000","%a.s.","22.500","deg","20.000","°C","1013.000","hPa","0.861","-0.02056","0.00035","-0.00011","0","14.7","Humid","26.25","0","52.00","343635.59","SABD0000000001","AAV1.0.0.11","2.0.0.28","PSt7-10","000000-000","10/20/2017 9:36:39 AM","0000-00","0","no battery","V"
"10/20/2017","12:52:52","5","default","957498349","OXY5","103.235","min","155.644","μmol/L","Humid","21.190","deg","90873","µV","35.832","°C","1019.000","hPa","37.0","pmil","0","55.500","deg","20.000","°C","100.000","%a.s.","22.500","deg","20.000","°C","1013.000","hPa","0.861","-0.02056","0.00035","-0.00011","0","14.7","Humid","26.25","0","52.00","343640.73","SABD0000000001","AAV1.0.0.11","2.0.0.28","PSt7-10","000000-000","10/20/2017 9:36:39 AM","0000-00","0","no battery","V"
"10/20/2017","12:52:53","5","default","957498349","OXY5","103.251","min","155.700","μmol/L","Humid","21.187","deg","90883","µV","35.829","°C","1019.000","hPa","37.0","pmil","0","55.500","deg","20.000","°C","100.000","%a.s.","22.500","deg","20.000","°C","1013.000","hPa","0.861","-0.02056","0.00035","-0.00011","0","14.7","Humid","26.25","0","52.00","343635.84","SABD0000000001","AAV1.0.0.11","2.0.0.28","PSt7-10","000000-000","10/20/2017 9:36:39 AM","0000-00","0","no battery","V"
"10/20/2017","12:52:54","5","default","957498349","OXY5","103.268","min","155.715","μmol/L","Humid","21.190","deg","90874","µV","35.820","°C","1019.000","hPa","37.0","pmil","0","55.500","deg","20.000","°C","100.000","%a.s.","22.500","deg","20.000","°C","1013.000","hPa","0.861","-0.02056","0.00035","-0.00011","0","14.7","Humid","26.25","0","52.00","343654.05","SABD0000000001","AAV1.0.0.11","2.0.0.28","PSt7-10","000000-000","10/20/2017 9:36:39 AM","0000-00","0","no battery","V"
"10/20/2017","12:52:55","5","default","957498349","OXY5","103.285","min","155.682","μmol/L","Humid","21.189","deg","90874","µV","35.828","°C","1019.000","hPa","37.0","pmil","0","55.500","deg","20.000","°C","100.000","%a.s.","22.500","deg","20.000","°C","1013.000","hPa","0.861","-0.02056","0.00035","-0.00011","0","14.7","Humid","26.25","0","52.00","343649.09","SABD0000000001","AAV1.0.0.11","2.0.0.28","PSt7-10","000000-000","10/20/2017 9:36:39 AM","0000-00","0","no battery","V"
"10/20/2017","12:52:56","5","default","957498349","OXY5","103.301","min","155.728","μmol/L","Humid","21.189","deg","90875","µV","35.820","°C","1019.000","hPa","37.0","pmil","0","55.500","deg","20.000","°C","100.000","%a.s.","22.500","deg","20.000","°C","1013.000","hPa","0.861","-0.02056","0.00035","-0.00011","0","14.7","Humid","26.25","0","52.00","343638.54","SABD0000000001","AAV1.0.0.11","2.0.0.28","PSt7-10","000000-000","10/20/2017 9:36:39 AM","0000-00","0","no battery","V"
"10/20/2017","12:52:57","5","default","957498349","OXY5","103.318","min","155.741","μmol/L","Humid","21.187","deg","90876","µV","35.822","°C","1019.000","hPa","37.0","pmil","0","55.500","deg","20.000","°C","100.000","%a.s.","22.500","deg","20.000","°C","1013.000","hPa","0.861","-0.02056","0.00035","-0.00011","0","14.7","Humid","26.25","0","52.00","343648.81","SABD0000000001","AAV1.0.0.11","2.0.0.28","PSt7-10","000000-000","10/20/2017 9:36:39 AM","0000-00","0","no battery","V"
"10/20/2017","12:52:58","5","default","957498349","OXY5","103.335","min","155.836","μmol/L","Humid","21.186","deg","90874","µV","35.808","°C","1019.000","hPa","37.0","pmil","0","55.500","deg","20.000","°C","100.000","%a.s.","22.500","deg","20.000","°C","1013.000","hPa","0.861","-0.02056","0.00035","-0.00011","0","14.7","Humid","26.25","0","52.00","343646.35","SABD0000000001","AAV1.0.0.11","2.0.0.28","PSt7-10","000000-000","10/20/2017 9:36:39 AM","0000-00","0","no battery","V"
"10/20/2017","12:52:59","5","default","957498349","OXY5","103.351","min","155.809","μmol/L","Humid","21.188","deg","90871","µV","35.808","°C","1019.000","hPa","37.0","pmil","0","55.500","deg","20.000","°C","100.000","%a.s.","22.500","deg","20.000","°C","1013.000","hPa","0.861","-0.02056","0.00035","-0.00011","0","14.7","Humid","26.25","0","52.00","343636.82","SABD0000000001","AAV1.0.0.11","2.0.0.28","PSt7-10","000000-000","10/20/2017 9:36:39 AM","0000-00","0","no battery","V"
"10/20/2017","12:53:00","5","default","957498349","OXY5","103.368","min","155.781","μmol/L","Humid","21.186","deg","90873","µV","35.818","°C","1019.000","hPa","37.0","pmil","0","55.500","deg","20.000","°C","100.000","%a.s.","22.500","deg","20.000","°C","1013.000","hPa","0.861","-0.02056","0.00035","-0.00011","0","14.7","Humid","26.25","0","52.00","343660.67","SABD0000000001","AAV1.0.0.11","2.0.0.28","PSt7-10","000000-000","10/20/2017 9:36:39 AM","0000-00","0","no battery","V"
"10/20/2017","12:53:01","5","default","957498349","OXY5","103.385","min","155.727","μmol/L","Humid","21.185","deg","90882","µV","35.829","°C","1019.000","hPa","37.0","pmil","0","55.500","deg","20.000","°C","100.000","%a.s.","22.500","deg","20.000","°C","1013.000","hPa","0.861","-0.02056","0.00035","-0.00011","0","14.7","Humid","26.25","0","52.00","343653.48","SABD0000000001","AAV1.0.0.11","2.0.0.28","PSt7-10","000000-000","10/20/2017 9:36:39 AM","0000-00","0","no battery","V"
"10/20/2017","12:53:02","5","default","957498349","OXY5","103.401","min","155.716","μmol/L","Humid","21.186","deg","90878","µV","35.829","°C","1019.000","hPa","37.0","pmil","0","55.500","deg","20.000","°C","100.000","%a.s.","22.500","deg","20.000","°C","1013.000","hPa","0.861","-0.02056","0.00035","-0.00011","0","14.7","Humid","26.25","0","52.00","343645.24","SABD0000000001","AAV1.0.0.11","2.0.0.28","PSt7-10","000000-000","10/20/2017 9:36:39 AM","0000-00","0","no battery","V"
"10/20/2017","12:53:03","5","default","957498349","OXY5","103.418","min","155.649","μmol/L","Humid","21.188","deg","90875","µV","35.836","°C","1019.000","hPa","37.0","pmil","0","55.500","deg","20.000","°C","100.000","%a.s.","22.500","deg","20.000","°C","1013.000","hPa","0.861","-0.02056","0.00035","-0.00011","0","14.7","Humid","26.25","0","52.00","343643.58","SABD0000000001","AAV1.0.0.11","2.0.0.28","PSt7-10","000000-000","10/20/2017 9:36:39 AM","0000-00","0","no battery","V"
"10/20/2017","12:53:04","5","default","957498349","OXY5","103.435","min","155.664","μmol/L","Humid","21.190","deg","90874","µV","35.828","°C","1019.000","hPa","37.0","pmil","0","55.500","deg","20.000","°C","100.000","%a.s.","22.500","deg","20.000","°C","1013.000","hPa","0.861","-0.02056","0.00035","-0.00011","0","14.7","Humid","26.25","0","52.00","343638.96","SABD0000000001","AAV1.0.0.11","2.0.0.28","PSt7-10","000000-000","10/20/2017 9:36:39 AM","0000-00","0","no battery","V"
"10/20/2017","12:53:05","5","default","957498349","OXY5","103.451","min","155.753","μmol/L","Humid","21.189","deg","90869","µV","35.816","°C","1019.000","hPa","37.0","pmil","0","55.500","deg","20.000","°C","100.000","%a.s.","22.500","deg","20.000","°C","1013.000","hPa","0.861","-0.02056","0.00035","-0.00011","0","14.7","Humid","26.25","0","52.00","343641.47","SABD0000000001","AAV1.0.0.11","2.0.0.28","PSt7-10","000000-000","10/20/2017 9:36:39 AM","0000-00","0","no battery","V"
"10/20/2017","12:53:06","5","default","957498349","OXY5","103.468","min","155.798","μmol/L","Humid","21.188","deg","90879","µV","35.810","°C","1019.000","hPa","37.0","pmil","0","55.500","deg","20.000","°C","100.000","%a.s.","22.500","deg","20.000","°C","1013.000","hPa","0.861","-0.02056","0.00035","-0.00011","0","14.7","Humid","26.25","0","52.00","343657.14","SABD0000000001","AAV1.0.0.11","2.0.0.28","PSt7-10","000000-000","10/20/2017 9:36:39 AM","0000-00","0","no battery","V"
"10/20/2017","12:53:07","5","default","957498349","OXY5","103.485","min","155.722","μmol/L","Humid","21.189","deg","90875","µV","35.821","°C","1019.000","hPa","37.0","pmil","0","55.500","deg","20.000","°C","100.000","%a.s.","22.500","deg","20.000","°C","1013.000","hPa","0.861","-0.02056","0.00035","-0.00011","0","14.7","Humid","26.25","0","52.00","343647.83","SABD0000000001","AAV1.0.0.11","2.0.0.28","PSt7-10","000000-000","10/20/2017 9:36:39 AM","0000-00","0","no battery","V"
"10/20/2017","12:53:08","5","default","957498349","OXY5","103.501","min","155.692","μmol/L","Humid","21.191","deg","90873","µV","35.821","°C","1019.000","hPa","37.0","pmil","0","55.500","deg","20.000","°C","100.000","%a.s.","22.500","deg","20.000","°C","1013.000","hPa","0.861","-0.02056","0.00035","-0.00011","0","14.7","Humid","26.25","0","52.00","343641.89","SABD0000000001","AAV1.0.0.11","2.0.0.28","PSt7-10","000000-000","10/20/2017 9:36:39 AM","0000-00","0","no battery","V"
"10/20/2017","12:53:09","5","default","957498349","OXY5","103.518","min","155.780","μmol/L","Humid","21.188","deg","90875","µV","35.813","°C","1019.000","hPa","37.0","pmil","0","55.500","deg","20.000","°C","100.000","%a.s.","22.500","deg","20.000","°C","1013.000","hPa","0.861","-0.02056","0.00035","-0.00011","0","14.7","Humid","26.25","0","52.00","343641.02","SABD0000000001","AAV1.0.0.11","2.0.0.28","PSt7-10","000000-000","10/20/2017 9:36:39 AM","0000-00","0","no battery","V"
"10/20/2017","12:53:10","5","default","957498349","OXY5","103.535","min","155.796","μmol/L","Humid","21.186","deg","90879","µV","35.815","°C","1019.000","hPa","37.0","pmil","0","55.500","deg","20.000","°C","100.000","%a.s.","22.500","deg","20.000","°C","1013.000","hPa","0.861","-0.02056","0.00035","-0.00011","0","14.7","Humid","26.25","0","52.00","343630.59","SABD0000000001","AAV1.0.0.11","2.0.0.28","PSt7-10","000000-000","10/20/2017 9:36:39 AM","0000-00","0","no battery","V"
"10/20/2017","12:53:11","5","default","957498349","OXY5","103.551","min","155.578","μmol/L","Humid","21.191","deg","90877","µV","35.841","°C","1019.000","hPa","37.0","pmil","0","55.500","deg","20.000","°C","100.000","%a.s.","22.500","deg","20.000","°C","1013.000","hPa","0.861","-0.02056","0.00035","-0.00011","0","14.7","Humid","26.25","0","52.00","343657.68","SABD0000000001","AAV1.0.0.11","2.0.0.28","PSt7-10","000000-000","10/20/2017 9:36:39 AM","0000-00","0","no battery","V"
"10/20/2017","12:53:12","5","default","957498349","OXY5","103.568","min","155.605","μmol/L","Humid","21.189","deg","90871","µV","35.841","°C","1019.000","hPa","37.0","pmil","0","55.500","deg","20.000","°C","100.000","%a.s.","22.500","deg","20.000","°C","1013.000","hPa","0.861","-0.02056","0.00035","-0.00011","0","14.7","Humid","26.25","0","52.00","343640.28","SABD0000000001","AAV1.0.0.11","2.0.0.28","PSt7-10","000000-000","10/20/2017 9:36:39 AM","0000-00","0","no battery","V"
"10/20/2017","12:53:13","5","default","957498349","OXY5","103.585","min","155.651","μmol/L","Humid","21.186","deg","90870","µV","35.840","°C","1019.000","hPa","37.0","pmil","0","55.500","deg","20.000","°C","100.000","%a.s.","22.500","deg","20.000","°C","1013.000","hPa","0.861","-0.02056","0.00035","-0.00011","0","14.7","Humid","26.25","0","52.00","343634.16","SABD0000000001","AAV1.0.0.11","2.0.0.28","PSt7-10","000000-000","10/20/2017 9:36:39 AM","0000-00","0","no battery","V"
"10/20/2017","12:53:14","5","default","957498349","OXY5","103.601","min","155.690","μmol/L","Humid","21.187","deg","90875","µV","35.831","°C","1019.000","hPa","37.0","pmil","0","55.500","deg","20.000","°C","100.000","%a.s.","22.500","deg","20.000","°C","1013.000","hPa","0.861","-0.02056","0.00035","-0.00011","0","14.7","Humid","26.25","0","52.00","343640.40","SABD0000000001","AAV1.0.0.11","2.0.0.28","PSt7-10","000000-000","10/20/2017 9:36:39 AM","0000-00","0","no battery","V"
"10/20/2017","12:53:15","5","default","957498349","OXY5","103.618","min","155.739","μmol/L","Humid","21.189","deg","90874","µV","35.818","°C","1019.000","hPa","37.0","pmil","0","55.500","deg","20.000","°C","100.000","%a.s.","22.500","deg","20.000","°C","1013.000","hPa","0.861","-0.02056","0.00035","-0.00011","0","14.7","Humid","26.25","0","52.00","343647.27","SABD0000000001","AAV1.0.0.11","2.0.0.28","PSt7-10","000000-000","10/20/2017 9:36:39 AM","0000-00","0","no battery","V"
"10/20/2017","12:53:16","5","default","957498349","OXY5","103.635","min","155.742","μmol/L","Humid","21.190","deg","90880","µV","35.815","°C","1019.000","hPa","37.0","pmil","0","55.500","deg","20.000","°C","100.000","%a.s.","22.500","deg","20.000","°C","1013.000","hPa","0.861","-0.02056","0.00035","-0.00011","0","14.7","Humid","26.25","0","52.00","343647.95","SABD0000000001","AAV1.0.0.11","2.0.0.28","PSt7-10","000000-000","10/20/2017 9:36:39 AM","0000-00","0","no battery","V"
"10/20/2017","12:53:17","5","default","957498349","OXY5","103.651","min","155.644","μmol/L","Humid","21.188","deg","90872","µV","35.836","°C","1019.000","hPa","37.0","pmil","0","55.500","deg","20.000","°C","100.000","%a.s.","22.500","deg","20.000","°C","1013.000","hPa","0.861","-0.02056","0.00035","-0.00011","0","14.7","Humid","26.25","0","52.00","343629.97","SABD0000000001","AAV1.0.0.11","2.0.0.28","PSt7-10","000000-000","10/20/2017 9:36:39 AM","0000-00","0","no battery","V"
"10/20/2017","12:53:18","5","default","957498349","OXY5","103.668","min","155.657","μmol/L","Humid","21.185","deg","90879","µV","35.841","°C","1019.000","hPa","37.0","pmil","0","55.500","deg","20.000","°C","100.000","%a.s.","22.500","deg","20.000","°C","1013.000","hPa","0.861","-0.02056","0.00035","-0.00011","0","14.7","Humid","26.25","0","52.00","343649.87","SABD0000000001","AAV1.0.0.11","2.0.0.28","PSt7-10","000000-000","10/20/2017 9:36:39 AM","0000-00","0","no battery","V"
"10/20/2017","12:53:19","5","default","957498349","OXY5","103.685","min","155.706","μmol/L","Humid","21.188","deg","90869","µV","35.826","°C","1019.000","hPa","37.0","pmil","0","55.500","deg","20.000","°C","100.000","%a.s.","22.500","deg","20.000","°C","1013.000","hPa","0.861","-0.02056","0.00035","-0.00011","0","14.7","Humid","26.25","0","52.00","343636.20","SABD0000000001","AAV1.0.0.11","2.0.0.28","PSt7-10","000000-000","10/20/2017 9:36:39 AM","0000-00","0","no battery","V"
"10/20/2017","12:53:20","5","default","957498349","OXY5","103.702","min","155.697","μmol/L","Humid","21.189","deg","90875","µV","35.825","°C","1019.000","hPa","37.0","pmil","0","55.500","deg","20.000","°C","100.000","%a.s.","22.500","deg","20.000","°C","1013.000","hPa","0.861","-0.02056","0.00035","-0.00011","0","14.7","Humid","26.25","0","52.00","343635.37","SABD0000000001","AAV1.0.0.11","2.0.0.28","PSt7-10","000000-000","10/20/2017 9:36:39 AM","0000-00","0","no battery","V"
"10/20/2017","12:53:21","5","default","957498349","OXY5","103.718","min","155.662","μmol/L","Humid","21.186","deg","90872","µV","35.838","°C","1019.000","hPa","37.0","pmil","0","55.500","deg","20.000","°C","100.000","%a.s.","22.500","deg","20.000","°C","1013.000","hPa","0.861","-0.02056","0.00035","-0.00011","0","14.7","Humid","26.25","0","52.00","343644.65","SABD0000000001","AAV1.0.0.11","2.0.0.28","PSt7-10","000000-000","10/20/2017 9:36:39 AM","0000-00","0","no battery","V"
"10/20/2017","12:53:22","5","default","957498349","OXY5","103.735","min","155.688","μmol/L","Humid","21.191","deg","90869","µV","35.822","°C","1019.000","hPa","37.0","pmil","0","55.500","deg","20.000","°C","100.000","%a.s.","22.500","deg","20.000","°C","1013.000","hPa","0.861","-0.02056","0.00035","-0.00011","0","14.7","Humid","26.25","0","52.00","343631.09","SABD0000000001","AAV1.0.0.11","2.0.0.28","PSt7-10","000000-000","10/20/2017 9:36:39 AM","0000-00","0","no battery","V"
"10/20/2017","12:53:23","5","default","957498349","OXY5","103.752","min","155.770","μmol/L","Humid","21.184","deg","90870","µV","35.825","°C","1019.000","hPa","37.0","pmil","0","55.500","deg","20.000","°C","100.000","%a.s.","22.500","deg","20.000","°C","1013.000","hPa","0.861","-0.02056","0.00035","-0.00011","0","14.7","Humid","26.25","0","52.00","343623.54","SABD0000000001","AAV1.0.0.11","2.0.0.28","PSt7-10","000000-000","10/20/2017 9:36:39 AM","0000-00","0","no battery","V"
"10/20/2017","12:53:24","5","default","957498349","OXY5","103.768","min","155.716","μmol/L","Humid","21.188","deg","90874","µV","35.824","°C","1019.000","hPa","37.0","pmil","0","55.500","deg","20.000","°C","100.000","%a.s.","22.500","deg","20.000","°C","1013.000","hPa","0.861","-0.02056","0.00035","-0.00011","0","14.7","Humid","26.25","0","52.00","343624.86","SABD0000000001","AAV1.0.0.11","2.0.0.28","PSt7-10","000000-000","10/20/2017 9:36:39 AM","0000-00","0","no battery","V"
"10/20/2017","12:53:25","5","default","957498349","OXY5","103.785","min","155.712","μmol/L","Humid","21.188","deg","90871","µV","35.825","°C","1019.000","hPa","37.0","pmil","0","55.500","deg","20.000","°C","100.000","%a.s.","22.500","deg","20.000","°C","1013.000","hPa","0.861","-0.02056","0.00035","-0.00011","0","14.7","Humid","26.25","0","52.00","343631.03","SABD0000000001","AAV1.0.0.11","2.0.0.28","PSt7-10","000000-000","10/20/2017 9:36:39 AM","0000-00","0","no battery","V"
"10/20/2017","12:53:26","5","default","957498349","OXY5","103.802","min","155.713","μmol/L","Humid","21.187","deg","90874","µV","35.827","°C","1019.000","hPa","37.0","pmil","0","55.500","deg","20.000","°C","100.000","%a.s.","22.500","deg","20.000","°C","1013.000","hPa","0.861","-0.02056","0.00035","-0.00011","0","14.7","Humid","26.25","0","52.00","343638.99","SABD0000000001","AAV1.0.0.11","2.0.0.28","PSt7-10","000000-000","10/20/2017 9:36:39 AM","0000-00","0","no battery","V"
"10/20/2017","12:53:27","5","default","957498349","OXY5","103.818","min","155.724","μmol/L","Humid","21.188","deg","90875","µV","35.823","°C","1019.000","hPa","37.0","pmil","0","55.500","deg","20.000","°C","100.000","%a.s.","22.500","deg","20.000","°C","1013.000","hPa","0.861","-0.02056","0.00035","-0.00011","0","14.7","Humid","26.25","0","52.00","343642.46","SABD0000000001","AAV1.0.0.11","2.0.0.28","PSt7-10","000000-000","10/20/2017 9:36:39 AM","0000-00","0","no battery","V"
"10/20/2017","12:53:28","5","default","957498349","OXY5","103.835","min","155.751","μmol/L","Humid","21.188","deg","90876","µV","35.818","°C","1019.000","hPa","37.0","pmil","0","55.500","deg","20.000","°C","100.000","%a.s.","22.500","deg","20.000","°C","1013.000","hPa","0.861","-0.02056","0.00035","-0.00011","0","14.7","Humid","26.25","0","52.00","343633.61","SABD0000000001","AAV1.0.0.11","2.0.0.28","PSt7-10","000000-000","10/20/2017 9:36:39 AM","0000-00","0","no battery","V"
"10/20/2017","12:53:29","5","default","957498349","OXY5","103.852","min","155.792","μmol/L","Humid","21.187","deg","90875","µV","35.814","°C","1019.000","hPa","37.0","pmil","0","55.500","deg","20.000","°C","100.000","%a.s.","22.500","deg","20.000","°C","1013.000","hPa","0.861","-0.02056","0.00035","-0.00011","0","14.7","Humid","26.25","0","52.00","343642.54","SABD0000000001","AAV1.0.0.11","2.0.0.28","PSt7-10","000000-000","10/20/2017 9:36:39 AM","0000-00","0","no battery","V"
"10/20/2017","12:53:30","5","default","957498349","OXY5","103.868","min","155.718","μmol/L","Humid","21.188","deg","90884","µV","35.824","°C","1019.000","hPa","37.0","pmil","0","55.500","deg","20.000","°C","100.000","%a.s.","22.500","deg","20.000","°C","1013.000","hPa","0.861","-0.02056","0.00035","-0.00011","0","14.7","Humid","26.25","0","52.00","343625.97","SABD0000000001","AAV1.0.0.11","2.0.0.28","PSt7-10","000000-000","10/20/2017 9:36:39 AM","0000-00","0","no battery","V"
"10/20/2017","12:53:31","5","default","957498349","OXY5","103.885","min","155.745","μmol/L","Humid","21.186","deg","90878","µV","35.824","°C","1019.000","hPa","37.0","pmil","0","55.500","deg","20.000","°C","100.000","%a.s.","22.500","deg","20.000","°C","1013.000","hPa","0.861","-0.02056","0.00035","-0.00011","0","14.7","Humid","26.25","0","52.00","343621.71","SABD0000000001","AAV1.0.0.11","2.0.0.28","PSt7-10","000000-000","10/20/2017 9:36:39 AM","0000-00","0","no battery","V"
"10/20/2017","12:53:32","5","default","957498349","OXY5","103.902","min","155.708","μmol/L","Humid","21.186","deg","90870","µV","35.830","°C","1019.000","hPa","37.0","pmil","0","55.500","deg","20.000","°C","100.000","%a.s.","22.500","deg","20.000","°C","1013.000","hPa","0.861","-0.02056","0.00035","-0.00011","0","14.7","Humid","26.25","0","52.00","343625.21","SABD0000000001","AAV1.0.0.11","2.0.0.28","PSt7-10","000000-000","10/20/2017 9:36:39 AM","0000-00","0","no battery","V"
"10/20/2017","12:53:33","5","default","957498349","OXY5","103.918","min","155.703","μmol/L","Humid","21.189","deg","90875","µV","35.824","°C","1019.000","hPa","37.0","pmil","0","55.500","deg","20.000","°C","100.000","%a.s.","22.500","deg","20.000","°C","1013.000","hPa","0.861","-0.02056","0.00035","-0.00011","0","14.7","Humid","26.25","0","52.00","343634.38","SABD0000000001","AAV1.0.0.11","2.0.0.28","PSt7-10","000000-000","10/20/2017 9:36:39 AM","0000-00","0","no battery","V"
"10/20/2017","12:53:34","5","default","957498349","OXY5","103.935","min","155.594","μmol/L","Humid","21.193","deg","90871","µV","35.833","°C","1019.000","hPa","37.0","pmil","0","55.500","deg","20.000","°C","100.000","%a.s.","22.500","deg","20.000","°C","1013.000","hPa","0.861","-0.02056","0.00035","-0.00011","0","14.7","Humid","26.25","0","52.00","343614.35","SABD0000000001","AAV1.0.0.11","2.0.0.28","PSt7-10","000000-000","10/20/2017 9:36:39 AM","0000-00","0","no battery","V"
"10/20/2017","12:53:35","5","default","957498349","OXY5","103.952","min","155.692","μmol/L","Humid","21.188","deg","90884","µV","35.828","°C","1019.000","hPa","37.0","pmil","0","55.500","deg","20.000","°C","100.000","%a.s.","22.500","deg","20.000","°C","1013.000","hPa","0.861","-0.02056","0.00035","-0.00011","0","14.7","Humid","26.25","0","52.00","343620.61","SABD0000000001","AAV1.0.0.11","2.0.0.28","PSt7-10","000000-000","10/20/2017 9:36:39 AM","0000-00","0","no battery","V"
"10/20/2017","12:53:36","5","default","957498349","OXY5","103.968","min","155.586","μmol/L","Humid","21.192","deg","90870","µV","35.837","°C","1019.000","hPa","37.0","pmil","0","55.500","deg","20.000","°C","100.000","%a.s.","22.500","deg","20.000","°C","1013.000","hPa","0.861","-0.02056","0.00035","-0.00011","0","14.7","Humid","26.25","0","52.00","343642.45","SABD0000000001","AAV1.0.0.11","2.0.0.28","PSt7-10","000000-000","10/20/2017 9:36:39 AM","0000-00","0","no battery","V"
"10/20/2017","12:53:37","5","default","957498349","OXY5","103.985","min","155.741","μmol/L","Humid","21.187","deg","90876","µV","35.822","°C","1019.000","hPa","37.0","pmil","0","55.500","deg","20.000","°C","100.000","%a.s.","22.500","deg","20.000","°C","1013.000","hPa","0.861","-0.02056","0.00035","-0.00011","0","14.7","Humid","26.25","0","52.00","343628.37","SABD0000000001","AAV1.0.0.11","2.0.0.28","PSt7-10","000000-000","10/20/2017 9:36:39 AM","0000-00","0","no battery","V"
"10/20/2017","12:53:38","5","default","957498349","OXY5","104.002","min","155.667","μmol/L","Humid","21.190","deg","90869","µV","35.828","°C","1019.000","hPa","37.0","pmil","0","55.500","deg","20.000","°C","100.000","%a.s.","22.500","deg","20.000","°C","1013.000","hPa","0.861","-0.02056","0.00035","-0.00011","0","14.7","Humid","26.25","0","52.00","343626.25","SABD0000000001","AAV1.0.0.11","2.0.0.28","PSt7-10","000000-000","10/20/2017 9:36:39 AM","0000-00","0","no battery","V"
"10/20/2017","12:53:39","5","default","957498349","OXY5","104.018","min","155.639","μmol/L","Humid","21.191","deg","90873","µV","35.830","°C","1019.000","hPa","37.0","pmil","0","55.500","deg","20.000","°C","100.000","%a.s.","22.500","deg","20.000","°C","1013.000","hPa","0.861","-0.02056","0.00035","-0.00011","0","14.7","Humid","26.25","0","52.00","343623.53","SABD0000000001","AAV1.0.0.11","2.0.0.28","PSt7-10","000000-000","10/20/2017 9:36:39 AM","0000-00","0","no battery","V"
"10/20/2017","12:53:40","5","default","957498349","OXY5","104.035","min","155.712","μmol/L","Humid","21.188","deg","90872","µV","35.825","°C","1019.000","hPa","37.0","pmil","0","55.500","deg","20.000","°C","100.000","%a.s.","22.500","deg","20.000","°C","1013.000","hPa","0.861","-0.02056","0.00035","-0.00011","0","14.7","Humid","26.25","0","52.00","343638.82","SABD0000000001","AAV1.0.0.11","2.0.0.28","PSt7-10","000000-000","10/20/2017 9:36:39 AM","0000-00","0","no battery","V"
"10/20/2017","12:53:41","5","default","957498349","OXY5","104.052","min","155.675","μmol/L","Humid","21.188","deg","90871","µV","35.831","°C","1019.000","hPa","37.0","pmil","0","55.500","deg","20.000","°C","100.000","%a.s.","22.500","deg","20.000","°C","1013.000","hPa","0.861","-0.02056","0.00035","-0.00011","0","14.7","Humid","26.25","0","52.00","343627.34","SABD0000000001","AAV1.0.0.11","2.0.0.28","PSt7-10","000000-000","10/20/2017 9:36:39 AM","0000-00","0","no battery","V"
"10/20/2017","12:53:42","5","default","957498349","OXY5","104.068","min","155.737","μmol/L","Humid","21.190","deg","90882","µV","35.816","°C","1019.000","hPa","37.0","pmil","0","55.500","deg","20.000","°C","100.000","%a.s.","22.500","deg","20.000","°C","1013.000","hPa","0.861","-0.02056","0.00035","-0.00011","0","14.7","Humid","26.25","0","52.00","343636.96","SABD0000000001","AAV1.0.0.11","2.0.0.28","PSt7-10","000000-000","10/20/2017 9:36:39 AM","0000-00","0","no battery","V"
"10/20/2017","12:53:43","5","default","957498349","OXY5","104.085","min","155.735","μmol/L","Humid","21.188","deg","90880","µV","35.821","°C","1019.000","hPa","37.0","pmil","0","55.500","deg","20.000","°C","100.000","%a.s.","22.500","deg","20.000","°C","1013.000","hPa","0.861","-0.02056","0.00035","-0.00011","0","14.7","Humid","26.25","0","52.00","343616.19","SABD0000000001","AAV1.0.0.11","2.0.0.28","PSt7-10","000000-000","10/20/2017 9:36:39 AM","0000-00","0","no battery","V"
"10/20/2017","12:53:44","5","default","957498349","OXY5","104.102","min","155.727","μmol/L","Humid","21.186","deg","90881","µV","35.827","°C","1019.000","hPa","37.0","pmil","0","55.500","deg","20.000","°C","100.000","%a.s.","22.500","deg","20.000","°C","1013.000","hPa","0.861","-0.02056","0.00035","-0.00011","0","14.7","Humid","26.25","0","52.00","343618.28","SABD0000000001","AAV1.0.0.11","2.0.0.28","PSt7-10","000000-000","10/20/2017 9:36:39 AM","0000-00","0","no battery","V"
"10/20/2017","12:53:45","5","default","957498349","OXY5","104.118","min","155.780","μmol/L","Humid","21.186","deg","90877","µV","35.818","°C","1019.000","hPa","37.0","pmil","0","55.500","deg","20.000","°C","100.000","%a.s.","22.500","deg","20.000","°C","1013.000","hPa","0.861","-0.02056","0.00035","-0.00011","0","14.7","Humid","26.25","0","52.00","343618.92","SABD0000000001","AAV1.0.0.11","2.0.0.28","PSt7-10","000000-000","10/20/2017 9:36:39 AM","0000-00","0","no battery","V"
"10/20/2017","12:53:46","5","default","957498349","OXY5","104.135","min","155.827","μmol/L","Humid","21.185","deg","90878","µV","35.812","°C","1019.000","hPa","37.0","pmil","0","55.500","deg","20.000","°C","100.000","%a.s.","22.500","deg","20.000","°C","1013.000","hPa","0.861","-0.02056","0.00035","-0.00011","0","14.7","Humid","26.25","0","52.00","343603.67","SABD0000000001","AAV1.0.0.11","2.0.0.28","PSt7-10","000000-000","10/20/2017 9:36:39 AM","0000-00","0","no battery","V"
"10/20/2017","12:53:47","5","default","957498349","OXY5","104.152","min","155.795","μmol/L","Humid","21.189","deg","90878","µV","35.808","°C","1019.000","hPa","37.0","pmil","0","55.500","deg","20.000","°C","100.000","%a.s.","22.500","deg","20.000","°C","1013.000","hPa","0.861","-0.02056","0.00035","-0.00011","0","14.7","Humid","26.25","0","52.00","343611.78","SABD0000000001","AAV1.0.0.11","2.0.0.28","PSt7-10","000000-000","10/20/2017 9:36:39 AM","0000-00","0","no battery","V"
"10/20/2017","12:53:48","5","default","957498349","OXY5","104.168","min","155.634","μmol/L","Humid","21.191","deg","90869","µV","35.831","°C","1019.000","hPa","37.0","pmil","0","55.500","deg","20.000","°C","100.000","%a.s.","22.500","deg","20.000","°C","1013.000","hPa","0.861","-0.02056","0.00035","-0.00011","0","14.7","Humid","26.25","0","52.00","343611.75","SABD0000000001","AAV1.0.0.11","2.0.0.28","PSt7-10","000000-000","10/20/2017 9:36:39 AM","0000-00","0","no battery","V"
"10/20/2017","12:53:49","5","default","957498349","OXY5","104.185","min","155.703","μmol/L","Humid","21.187","deg","90877","µV","35.829","°C","1019.000","hPa","37.0","pmil","0","55.500","deg","20.000","°C","100.000","%a.s.","22.500","deg","20.000","°C","1013.000","hPa","0.861","-0.02056","0.00035","-0.00011","0","14.7","Humid","26.25","0","52.00","343621.41","SABD0000000001","AAV1.0.0.11","2.0.0.28","PSt7-10","000000-000","10/20/2017 9:36:39 AM","0000-00","0","no battery","V"
"10/20/2017","12:53:50","5","default","957498349","OXY5","104.202","min","155.686","μmol/L","Humid","21.188","deg","90879","µV","35.829","°C","1019.000","hPa","37.0","pmil","0","55.500","deg","20.000","°C","100.000","%a.s.","22.500","deg","20.000","°C","1013.000","hPa","0.861","-0.02056","0.00035","-0.00011","0","14.7","Humid","26.25","0","52.00","343615.06","SABD0000000001","AAV1.0.0.11","2.0.0.28","PSt7-10","000000-000","10/20/2017 9:36:39 AM","0000-00","0","no battery","V"
"10/20/2017","12:53:51","5","default","957498349","OXY5","104.218","min","155.627","μmol/L","Humid","21.191","deg","90876","µV","35.832","°C","1019.000","hPa","37.0","pmil","0","55.500","deg","20.000","°C","100.000","%a.s.","22.500","deg","20.000","°C","1013.000","hPa","0.861","-0.02056","0.00035","-0.00011","0","14.7","Humid","26.25","0","52.00","343618.21","SABD0000000001","AAV1.0.0.11","2.0.0.28","PSt7-10","000000-000","10/20/2017 9:36:39 AM","0000-00","0","no battery","V"
"10/20/2017","12:53:52","5","default","957498349","OXY5","104.234","min","155.636","μmol/L","Humid","21.188","deg","90875","µV","35.838","°C","1019.000","hPa","37.0","pmil","0","55.500","deg","20.000","°C","100.000","%a.s.","22.500","deg","20.000","°C","1013.000","hPa","0.861","-0.02056","0.00035","-0.00011","0","14.7","Humid","26.25","0","52.00","343615.02","SABD0000000001","AAV1.0.0.11","2.0.0.28","PSt7-10","000000-000","10/20/2017 9:36:39 AM","0000-00","0","no battery","V"
"10/20/2017","12:53:53","5","default","957498349","OXY5","104.251","min","155.684","μmol/L","Humid","21.187","deg","90873","µV","35.832","°C","1019.000","hPa","37.0","pmil","0","55.500","deg","20.000","°C","100.000","%a.s.","22.500","deg","20.000","°C","1013.000","hPa","0.861","-0.02056","0.00035","-0.00011","0","14.7","Humid","26.25","0","52.00","343610.76","SABD0000000001","AAV1.0.0.11","2.0.0.28","PSt7-10","000000-000","10/20/2017 9:36:39 AM","0000-00","0","no battery","V"
"10/20/2017","12:53:54","5","default","957498349","OXY5","104.268","min","155.624","μmol/L","Humid","21.190","deg","90880","µV","35.835","°C","1019.000","hPa","37.0","pmil","0","55.500","deg","20.000","°C","100.000","%a.s.","22.500","deg","20.000","°C","1013.000","hPa","0.861","-0.02056","0.00035","-0.00011","0","14.7","Humid","26.25","0","52.00","343601.36","SABD0000000001","AAV1.0.0.11","2.0.0.28","PSt7-10","000000-000","10/20/2017 9:36:39 AM","0000-00","0","no battery","V"
"10/20/2017","12:53:55","5","default","957498349","OXY5","104.284","min","155.712","μmol/L","Humid","21.187","deg","90878","µV","35.827","°C","1019.000","hPa","37.0","pmil","0","55.500","deg","20.000","°C","100.000","%a.s.","22.500","deg","20.000","°C","1013.000","hPa","0.861","-0.02056","0.00035","-0.00011","0","14.7","Humid","26.25","0","52.00","343609.78","SABD0000000001","AAV1.0.0.11","2.0.0.28","PSt7-10","000000-000","10/20/2017 9:36:39 AM","0000-00","0","no battery","V"
"10/20/2017","12:53:56","5","default","957498349","OXY5","104.301","min","155.682","μmol/L","Humid","21.189","deg","90886","µV","35.828","°C","1019.000","hPa","37.0","pmil","0","55.500","deg","20.000","°C","100.000","%a.s.","22.500","deg","20.000","°C","1013.000","hPa","0.861","-0.02056","0.00035","-0.00011","0","14.7","Humid","26.25","0","52.00","343607.57","SABD0000000001","AAV1.0.0.11","2.0.0.28","PSt7-10","000000-000","10/20/2017 9:36:39 AM","0000-00","0","no battery","V"
"10/20/2017","12:53:57","5","default","957498349","OXY5","104.318","min","155.722","μmol/L","Humid","21.187","deg","90874","µV","35.826","°C","1019.000","hPa","37.0","pmil","0","55.500","deg","20.000","°C","100.000","%a.s.","22.500","deg","20.000","°C","1013.000","hPa","0.861","-0.02056","0.00035","-0.00011","0","14.7","Humid","26.25","0","52.00","343606.32","SABD0000000001","AAV1.0.0.11","2.0.0.28","PSt7-10","000000-000","10/20/2017 9:36:39 AM","0000-00","0","no battery","V"
"10/20/2017","12:53:58","5","default","957498349","OXY5","104.334","min","155.676","μmol/L","Humid","21.189","deg","90875","µV","35.829","°C","1019.000","hPa","37.0","pmil","0","55.500","deg","20.000","°C","100.000","%a.s.","22.500","deg","20.000","°C","1013.000","hPa","0.861","-0.02056","0.00035","-0.00011","0","14.7","Humid","26.25","0","52.00","343610.06","SABD0000000001","AAV1.0.0.11","2.0.0.28","PSt7-10","000000-000","10/20/2017 9:36:39 AM","0000-00","0","no battery","V"
"10/20/2017","12:53:59","5","default","957498349","OXY5","104.351","min","155.681","μmol/L","Humid","21.189","deg","90879","µV","35.828","°C","1019.000","hPa","37.0","pmil","0","55.500","deg","20.000","°C","100.000","%a.s.","22.500","deg","20.000","°C","1013.000","hPa","0.861","-0.02056","0.00035","-0.00011","0","14.7","Humid","26.25","0","52.00","343607.49","SABD0000000001","AAV1.0.0.11","2.0.0.28","PSt7-10","000000-000","10/20/2017 9:36:39 AM","0000-00","0","no battery","V"
"10/20/2017","12:54:00","5","default","957498349","OXY5","104.368","min","155.695","μmol/L","Humid","21.186","deg","90881","µV","35.833","°C","1019.000","hPa","37.0","pmil","0","55.500","deg","20.000","°C","100.000","%a.s.","22.500","deg","20.000","°C","1013.000","hPa","0.861","-0.02056","0.00035","-0.00011","0","14.7","Humid","26.25","0","52.00","343610.90","SABD0000000001","AAV1.0.0.11","2.0.0.28","PSt7-10","000000-000","10/20/2017 9:36:39 AM","0000-00","0","no battery","V"
"10/20/2017","12:54:01","5","default","957498349","OXY5","104.384","min","155.772","μmol/L","Humid","21.188","deg","90879","µV","35.815","°C","1019.000","hPa","37.0","pmil","0","55.500","deg","20.000","°C","100.000","%a.s.","22.500","deg","20.000","°C","1013.000","hPa","0.861","-0.02056","0.00035","-0.00011","0","14.7","Humid","26.25","0","52.00","343603.44","SABD0000000001","AAV1.0.0.11","2.0.0.28","PSt7-10","000000-000","10/20/2017 9:36:39 AM","0000-00","0","no battery","V"
"10/20/2017","12:54:02","5","default","957498349","OXY5","104.401","min","155.741","μmol/L","Humid","21.188","deg","90881","µV","35.820","°C","1019.000","hPa","37.0","pmil","0","55.500","deg","20.000","°C","100.000","%a.s.","22.500","deg","20.000","°C","1013.000","hPa","0.861","-0.02056","0.00035","-0.00011","0","14.7","Humid","26.25","0","52.00","343601.71","SABD0000000001","AAV1.0.0.11","2.0.0.28","PSt7-10","000000-000","10/20/2017 9:36:39 AM","0000-00","0","no battery","V"
"10/20/2017","12:54:03","5","default","957498349","OXY5","104.418","min","155.778","μmol/L","Humid","21.187","deg","90874","µV","35.816","°C","1019.000","hPa","37.0","pmil","0","55.500","deg","20.000","°C","100.000","%a.s.","22.500","deg","20.000","°C","1013.000","hPa","0.861","-0.02056","0.00035","-0.00011","0","14.7","Humid","26.25","0","52.00","343611.08","SABD0000000001","AAV1.0.0.11","2.0.0.28","PSt7-10","000000-000","10/20/2017 9:36:39 AM","0000-00","0","no battery","V"
"10/20/2017","12:54:04","5","default","957498349","OXY5","104.434","min","155.745","μmol/L","Humid","21.187","deg","90878","µV","35.822","°C","1019.000","hPa","37.0","pmil","0","55.500","deg","20.000","°C","100.000","%a.s.","22.500","deg","20.000","°C","1013.000","hPa","0.861","-0.02056","0.00035","-0.00011","0","14.7","Humid","26.25","0","52.00","343615.37","SABD0000000001","AAV1.0.0.11","2.0.0.28","PSt7-10","000000-000","10/20/2017 9:36:39 AM","0000-00","0","no battery","V"
"10/20/2017","12:54:05","5","default","957498349","OXY5","104.451","min","155.749","μmol/L","Humid","21.185","deg","90878","µV","35.826","°C","1019.000","hPa","37.0","pmil","0","55.500","deg","20.000","°C","100.000","%a.s.","22.500","deg","20.000","°C","1013.000","hPa","0.861","-0.02056","0.00035","-0.00011","0","14.7","Humid","26.25","0","52.00","343610.75","SABD0000000001","AAV1.0.0.11","2.0.0.28","PSt7-10","000000-000","10/20/2017 9:36:39 AM","0000-00","0","no battery","V"
"10/20/2017","12:54:06","5","default","957498349","OXY5","104.468","min","155.678","μmol/L","Humid","21.192","deg","90882","µV","35.821","°C","1019.000","hPa","37.0","pmil","0","55.500","deg","20.000","°C","100.000","%a.s.","22.500","deg","20.000","°C","1013.000","hPa","0.861","-0.02056","0.00035","-0.00011","0","14.7","Humid","26.25","0","52.00","343605.41","SABD0000000001","AAV1.0.0.11","2.0.0.28","PSt7-10","000000-000","10/20/2017 9:36:39 AM","0000-00","0","no battery","V"
"10/20/2017","12:54:07","5","default","957498349","OXY5","104.484","min","155.680","μmol/L","Humid","21.189","deg","90877","µV","35.828","°C","1019.000","hPa","37.0","pmil","0","55.500","deg","20.000","°C","100.000","%a.s.","22.500","deg","20.000","°C","1013.000","hPa","0.861","-0.02056","0.00035","-0.00011","0","14.7","Humid","26.25","0","52.00","343598.56","SABD0000000001","AAV1.0.0.11","2.0.0.28","PSt7-10","000000-000","10/20/2017 9:36:39 AM","0000-00","0","no battery","V"
"10/20/2017","12:54:08","5","default","957498349","OXY5","104.501","min","155.699","μmol/L","Humid","21.187","deg","90875","µV","35.829","°C","1019.000","hPa","37.0","pmil","0","55.500","deg","20.000","°C","100.000","%a.s.","22.500","deg","20.000","°C","1013.000","hPa","0.861","-0.02056","0.00035","-0.00011","0","14.7","Humid","26.25","0","52.00","343617.60","SABD0000000001","AAV1.0.0.11","2.0.0.28","PSt7-10","000000-000","10/20/2017 9:36:39 AM","0000-00","0","no battery","V"
"10/20/2017","12:54:09","5","default","957498349","OXY5","104.518","min","155.594","μmol/L","Humid","21.191","deg","90873","µV","35.838","°C","1019.000","hPa","37.0","pmil","0","55.500","deg","20.000","°C","100.000","%a.s.","22.500","deg","20.000","°C","1013.000","hPa","0.861","-0.02056","0.00035","-0.00011","0","14.7","Humid","26.25","0","52.00","343597.92","SABD0000000001","AAV1.0.0.11","2.0.0.28","PSt7-10","000000-000","10/20/2017 9:36:39 AM","0000-00","0","no battery","V"
"10/20/2017","12:54:10","5","default","957498349","OXY5","104.534","min","155.634","μmol/L","Humid","21.189","deg","90883","µV","35.836","°C","1019.000","hPa","37.0","pmil","0","55.500","deg","20.000","°C","100.000","%a.s.","22.500","deg","20.000","°C","1013.000","hPa","0.861","-0.02056","0.00035","-0.00011","0","14.7","Humid","26.25","0","52.00","343608.34","SABD0000000001","AAV1.0.0.11","2.0.0.28","PSt7-10","000000-000","10/20/2017 9:36:39 AM","0000-00","0","no battery","V"
"10/20/2017","12:54:11","5","default","957498349","OXY5","104.551","min","155.679","μmol/L","Humid","21.187","deg","90883","µV","35.833","°C","1019.000","hPa","37.0","pmil","0","55.500","deg","20.000","°C","100.000","%a.s.","22.500","deg","20.000","°C","1013.000","hPa","0.861","-0.02056","0.00035","-0.00011","0","14.7","Humid","26.25","0","52.00","343595.45","SABD0000000001","AAV1.0.0.11","2.0.0.28","PSt7-10","000000-000","10/20/2017 9:36:39 AM","0000-00","0","no battery","V"
"10/20/2017","12:54:12","5","default","957498349","OXY5","104.568","min","155.563","μmol/L","Humid","21.190","deg","90875","µV","35.845","°C","1019.000","hPa","37.0","pmil","0","55.500","deg","20.000","°C","100.000","%a.s.","22.500","deg","20.000","°C","1013.000","hPa","0.861","-0.02056","0.00035","-0.00011","0","14.7","Humid","26.25","0","52.00","343600.07","SABD0000000001","AAV1.0.0.11","2.0.0.28","PSt7-10","000000-000","10/20/2017 9:36:39 AM","0000-00","0","no battery","V"
"10/20/2017","12:54:13","5","default","957498349","OXY5","104.584","min","155.600","μmol/L","Humid","21.189","deg","90879","µV","35.841","°C","1019.000","hPa","37.0","pmil","0","55.500","deg","20.000","°C","100.000","%a.s.","22.500","deg","20.000","°C","1013.000","hPa","0.861","-0.02056","0.00035","-0.00011","0","14.7","Humid","26.25","0","52.00","343600.81","SABD0000000001","AAV1.0.0.11","2.0.0.28","PSt7-10","000000-000","10/20/2017 9:36:39 AM","0000-00","0","no battery","V"
"10/20/2017","12:54:14","5","default","957498349","OXY5","104.601","min","155.632","μmol/L","Humid","21.188","deg","90881","µV","35.838","°C","1019.000","hPa","37.0","pmil","0","55.500","deg","20.000","°C","100.000","%a.s.","22.500","deg","20.000","°C","1013.000","hPa","0.861","-0.02056","0.00035","-0.00011","0","14.7","Humid","26.25","0","52.00","343619.29","SABD0000000001","AAV1.0.0.11","2.0.0.28","PSt7-10","000000-000","10/20/2017 9:36:39 AM","0000-00","0","no battery","V"
"10/20/2017","12:54:15","5","default","957498349","OXY5","104.618","min","155.715","μmol/L","Humid","21.186","deg","90876","µV","35.829","°C","1019.000","hPa","37.0","pmil","0","55.500","deg","20.000","°C","100.000","%a.s.","22.500","deg","20.000","°C","1013.000","hPa","0.861","-0.02056","0.00035","-0.00011","0","14.7","Humid","26.25","0","52.00","343596.25","SABD0000000001","AAV1.0.0.11","2.0.0.28","PSt7-10","000000-000","10/20/2017 9:36:39 AM","0000-00","0","no battery","V"
"10/20/2017","12:54:16","5","default","957498349","OXY5","104.634","min","155.595","μmol/L","Humid","21.190","deg","90879","µV","35.840","°C","1019.000","hPa","37.0","pmil","0","55.500","deg","20.000","°C","100.000","%a.s.","22.500","deg","20.000","°C","1013.000","hPa","0.861","-0.02056","0.00035","-0.00011","0","14.7","Humid","26.25","0","52.00","343609.23","SABD0000000001","AAV1.0.0.11","2.0.0.28","PSt7-10","000000-000","10/20/2017 9:36:39 AM","0000-00","0","no battery","V"
"10/20/2017","12:54:17","5","default","957498349","OXY5","104.651","min","155.667","μmol/L","Humid","21.187","deg","90876","µV","35.835","°C","1019.000","hPa","37.0","pmil","0","55.500","deg","20.000","°C","100.000","%a.s.","22.500","deg","20.000","°C","1013.000","hPa","0.861","-0.02056","0.00035","-0.00011","0","14.7","Humid","26.25","0","52.00","343603.06","SABD0000000001","AAV1.0.0.11","2.0.0.28","PSt7-10","000000-000","10/20/2017 9:36:39 AM","0000-00","0","no battery","V"
"10/20/2017","12:54:18","5","default","957498349","OXY5","104.668","min","155.670","μmol/L","Humid","21.190","deg","90884","µV","35.827","°C","1019.000","hPa","37.0","pmil","0","55.500","deg","20.000","°C","100.000","%a.s.","22.500","deg","20.000","°C","1013.000","hPa","0.861","-0.02056","0.00035","-0.00011","0","14.7","Humid","26.25","0","52.00","343594.60","SABD0000000001","AAV1.0.0.11","2.0.0.28","PSt7-10","000000-000","10/20/2017 9:36:39 AM","0000-00","0","no battery","V"
"10/20/2017","12:54:19","5","default","957498349","OXY5","104.684","min","155.691","μmol/L","Humid","21.189","deg","90877","µV","35.826","°C","1019.000","hPa","37.0","pmil","0","55.500","deg","20.000","°C","100.000","%a.s.","22.500","deg","20.000","°C","1013.000","hPa","0.861","-0.02056","0.00035","-0.00011","0","14.7","Humid","26.25","0","52.00","343598.15","SABD0000000001","AAV1.0.0.11","2.0.0.28","PSt7-10","000000-000","10/20/2017 9:36:39 AM","0000-00","0","no battery","V"
"10/20/2017","12:54:20","5","default","957498349","OXY5","104.701","min","155.585","μmol/L","Humid","21.192","deg","90877","µV","35.837","°C","1019.000","hPa","37.0","pmil","0","55.500","deg","20.000","°C","100.000","%a.s.","22.500","deg","20.000","°C","1013.000","hPa","0.861","-0.02056","0.00035","-0.00011","0","14.7","Humid","26.25","0","52.00","343606.79","SABD0000000001","AAV1.0.0.11","2.0.0.28","PSt7-10","000000-000","10/20/2017 9:36:39 AM","0000-00","0","no battery","V"
"10/20/2017","12:54:21","5","default","957498349","OXY5","104.718","min","155.767","μmol/L","Humid","21.187","deg","90872","µV","35.818","°C","1019.000","hPa","37.0","pmil","0","55.500","deg","20.000","°C","100.000","%a.s.","22.500","deg","20.000","°C","1013.000","hPa","0.861","-0.02056","0.00035","-0.00011","0","14.7","Humid","26.25","0","52.00","343597.24","SABD0000000001","AAV1.0.0.11","2.0.0.28","PSt7-10","000000-000","10/20/2017 9:36:39 AM","0000-00","0","no battery","V"
"10/20/2017","12:54:22","5","default","957498349","OXY5","104.735","min","155.666","μmol/L","Humid","21.189","deg","90880","µV","35.830","°C","1019.000","hPa","37.0","pmil","0","55.500","deg","20.000","°C","100.000","%a.s.","22.500","deg","20.000","°C","1013.000","hPa","0.861","-0.02056","0.00035","-0.00011","0","14.7","Humid","26.25","0","52.00","343600.22","SABD0000000001","AAV1.0.0.11","2.0.0.28","PSt7-10","000000-000","10/20/2017 9:36:39 AM","0000-00","0","no battery","V"
"10/20/2017","12:54:23","5","default","957498349","OXY5","104.751","min","155.634","μmol/L","Humid","21.189","deg","90882","µV","35.836","°C","1019.000","hPa","37.0","pmil","0","55.500","deg","20.000","°C","100.000","%a.s.","22.500","deg","20.000","°C","1013.000","hPa","0.861","-0.02056","0.00035","-0.00011","0","14.7","Humid","26.25","0","52.00","343591.27","SABD0000000001","AAV1.0.0.11","2.0.0.28","PSt7-10","000000-000","10/20/2017 9:36:39 AM","0000-00","0","no battery","V"
"10/20/2017","12:54:24","5","default","957498349","OXY5","104.768","min","155.727","μmol/L","Humid","21.186","deg","90884","µV","35.827","°C","1019.000","hPa","37.0","pmil","0","55.500","deg","20.000","°C","100.000","%a.s.","22.500","deg","20.000","°C","1013.000","hPa","0.861","-0.02056","0.00035","-0.00011","0","14.7","Humid","26.25","0","52.00","343598.42","SABD0000000001","AAV1.0.0.11","2.0.0.28","PSt7-10","000000-000","10/20/2017 9:36:39 AM","0000-00","0","no battery","V"
"10/20/2017","12:54:25","5","default","957498349","OXY5","104.785","min","155.730","μmol/L","Humid","21.186","deg","90877","µV","35.826","°C","1019.000","hPa","37.0","pmil","0","55.500","deg","20.000","°C","100.000","%a.s.","22.500","deg","20.000","°C","1013.000","hPa","0.861","-0.02056","0.00035","-0.00011","0","14.7","Humid","26.25","0","52.00","343595.26","SABD0000000001","AAV1.0.0.11","2.0.0.28","PSt7-10","000000-000","10/20/2017 9:36:39 AM","0000-00","0","no battery","V"
"10/20/2017","12:54:26","5","default","957498349","OXY5","104.801","min","155.860","μmol/L","Humid","21.180","deg","90874","µV","35.819","°C","1019.000","hPa","37.0","pmil","0","55.500","deg","20.000","°C","100.000","%a.s.","22.500","deg","20.000","°C","1013.000","hPa","0.861","-0.02056","0.00035","-0.00011","0","14.7","Humid","26.25","0","52.00","343602.04","SABD0000000001","AAV1.0.0.11","2.0.0.28","PSt7-10","000000-000","10/20/2017 9:36:39 AM","0000-00","0","no battery","V"
"10/20/2017","12:54:27","5","default","957498349","OXY5","104.818","min","155.576","μmol/L","Humid","21.188","deg","90878","µV","35.848","°C","1019.000","hPa","37.0","pmil","0","55.500","deg","20.000","°C","100.000","%a.s.","22.500","deg","20.000","°C","1013.000","hPa","0.861","-0.02056","0.00035","-0.00011","0","14.7","Humid","26.25","0","52.00","343585.24","SABD0000000001","AAV1.0.0.11","2.0.0.28","PSt7-10","000000-000","10/20/2017 9:36:39 AM","0000-00","0","no battery","V"
"10/20/2017","12:54:28","5","default","957498349","OXY5","104.835","min","155.609","μmol/L","Humid","21.188","deg","90878","µV","35.842","°C","1019.000","hPa","37.0","pmil","0","55.500","deg","20.000","°C","100.000","%a.s.","22.500","deg","20.000","°C","1013.000","hPa","0.861","-0.02056","0.00035","-0.00011","0","14.7","Humid","26.25","0","52.00","343617.96","SABD0000000001","AAV1.0.0.11","2.0.0.28","PSt7-10","000000-000","10/20/2017 9:36:39 AM","0000-00","0","no battery","V"
"10/20/2017","12:54:29","5","default","957498349","OXY5","104.851","min","155.591","μmol/L","Humid","21.191","deg","90878","µV","35.838","°C","1019.000","hPa","37.0","pmil","0","55.500","deg","20.000","°C","100.000","%a.s.","22.500","deg","20.000","°C","1013.000","hPa","0.861","-0.02056","0.00035","-0.00011","0","14.7","Humid","26.25","0","52.00","343589.11","SABD0000000001","AAV1.0.0.11","2.0.0.28","PSt7-10","000000-000","10/20/2017 9:36:39 AM","0000-00","0","no battery","V"
"10/20/2017","12:54:30","5","default","957498349","OXY5","104.868","min","155.629","μmol/L","Humid","21.186","deg","90876","µV","35.844","°C","1019.000","hPa","37.0","pmil","0","55.500","deg","20.000","°C","100.000","%a.s.","22.500","deg","20.000","°C","1013.000","hPa","0.861","-0.02056","0.00035","-0.00011","0","14.7","Humid","26.25","0","52.00","343591.67","SABD0000000001","AAV1.0.0.11","2.0.0.28","PSt7-10","000000-000","10/20/2017 9:36:39 AM","0000-00","0","no battery","V"
"10/20/2017","12:54:31","5","default","957498349","OXY5","104.885","min","155.554","μmol/L","Humid","21.190","deg","90877","µV","35.847","°C","1019.000","hPa","37.0","pmil","0","55.500","deg","20.000","°C","100.000","%a.s.","22.500","deg","20.000","°C","1013.000","hPa","0.861","-0.02056","0.00035","-0.00011","0","14.7","Humid","26.25","0","52.00","343591.93","SABD0000000001","AAV1.0.0.11","2.0.0.28","PSt7-10","000000-000","10/20/2017 9:36:39 AM","0000-00","0","no battery","V"
"10/20/2017","12:54:32","5","default","957498349","OXY5","104.901","min","155.589","μmol/L","Humid","21.186","deg","90879","µV","35.850","°C","1019.000","hPa","37.0","pmil","0","55.500","deg","20.000","°C","100.000","%a.s.","22.500","deg","20.000","°C","1013.000","hPa","0.861","-0.02056","0.00035","-0.00011","0","14.7","Humid","26.25","0","52.00","343583.71","SABD0000000001","AAV1.0.0.11","2.0.0.28","PSt7-10","000000-000","10/20/2017 9:36:39 AM","0000-00","0","no battery","V"
"10/20/2017","12:54:33","5","default","957498349","OXY5","104.918","min","155.607","μmol/L","Humid","21.188","deg","90870","µV","35.843","°C","1019.000","hPa","37.0","pmil","0","55.500","deg","20.000","°C","100.000","%a.s.","22.500","deg","20.000","°C","1013.000","hPa","0.861","-0.02056","0.00035","-0.00011","0","14.7","Humid","26.25","0","52.00","343590.48","SABD0000000001","AAV1.0.0.11","2.0.0.28","PSt7-10","000000-000","10/20/2017 9:36:39 AM","0000-00","0","no battery","V"
"10/20/2017","12:54:34","5","default","957498349","OXY5","104.935","min","155.657","μmol/L","Humid","21.192","deg","90869","µV","35.825","°C","1019.000","hPa","37.0","pmil","0","55.500","deg","20.000","°C","100.000","%a.s.","22.500","deg","20.000","°C","1013.000","hPa","0.861","-0.02056","0.00035","-0.00011","0","14.7","Humid","26.25","0","52.00","343590.58","SABD0000000001","AAV1.0.0.11","2.0.0.28","PSt7-10","000000-000","10/20/2017 9:36:39 AM","0000-00","0","no battery","V"
"10/20/2017","12:54:35","5","default","957498349","OXY5","104.951","min","155.613","μmol/L","Humid","21.190","deg","90874","µV","35.837","°C","1019.000","hPa","37.0","pmil","0","55.500","deg","20.000","°C","100.000","%a.s.","22.500","deg","20.000","°C","1013.000","hPa","0.861","-0.02056","0.00035","-0.00011","0","14.7","Humid","26.25","0","52.00","343603.68","SABD0000000001","AAV1.0.0.11","2.0.0.28","PSt7-10","000000-000","10/20/2017 9:36:39 AM","0000-00","0","no battery","V"
"10/20/2017","12:54:36","5","default","957498349","OXY5","104.968","min","155.648","μmol/L","Humid","21.188","deg","90876","µV","35.836","°C","1019.000","hPa","37.0","pmil","0","55.500","deg","20.000","°C","100.000","%a.s.","22.500","deg","20.000","°C","1013.000","hPa","0.861","-0.02056","0.00035","-0.00011","0","14.7","Humid","26.25","0","52.00","343569.59","SABD0000000001","AAV1.0.0.11","2.0.0.28","PSt7-10","000000-000","10/20/2017 9:36:39 AM","0000-00","0","no battery","V"
"10/20/2017","12:54:37","5","default","957498349","OXY5","104.985","min","155.606","μmol/L","Humid","21.191","deg","90879","µV","35.836","°C","1019.000","hPa","37.0","pmil","0","55.500","deg","20.000","°C","100.000","%a.s.","22.500","deg","20.000","°C","1013.000","hPa","0.861","-0.02056","0.00035","-0.00011","0","14.7","Humid","26.25","0","52.00","343575.87","SABD0000000001","AAV1.0.0.11","2.0.0.28","PSt7-10","000000-000","10/20/2017 9:36:39 AM","0000-00","0","no battery","V"
"10/20/2017","12:54:38","5","default","957498349","OXY5","105.002","min","155.648","μmol/L","Humid","21.189","deg","90875","µV","35.833","°C","1019.000","hPa","37.0","pmil","0","55.500","deg","20.000","°C","100.000","%a.s.","22.500","deg","20.000","°C","1013.000","hPa","0.861","-0.02056","0.00035","-0.00011","0","14.7","Humid","26.25","0","52.00","343590.60","SABD0000000001","AAV1.0.0.11","2.0.0.28","PSt7-10","000000-000","10/20/2017 9:36:39 AM","0000-00","0","no battery","V"
"10/20/2017","12:54:39","5","default","957498349","OXY5","105.018","min","155.674","μmol/L","Humid","21.191","deg","90879","µV","35.824","°C","1019.000","hPa","37.0","pmil","0","55.500","deg","20.000","°C","100.000","%a.s.","22.500","deg","20.000","°C","1013.000","hPa","0.861","-0.02056","0.00035","-0.00011","0","14.7","Humid","26.25","0","52.00","343575.11","SABD0000000001","AAV1.0.0.11","2.0.0.28","PSt7-10","000000-000","10/20/2017 9:36:39 AM","0000-00","0","no battery","V"
"10/20/2017","12:54:40","5","default","957498349","OXY5","105.035","min","155.635","μmol/L","Humid","21.187","deg","90880","µV","35.840","°C","1019.000","hPa","37.0","pmil","0","55.500","deg","20.000","°C","100.000","%a.s.","22.500","deg","20.000","°C","1013.000","hPa","0.861","-0.02056","0.00035","-0.00011","0","14.7","Humid","26.25","0","52.00","343588.48","SABD0000000001","AAV1.0.0.11","2.0.0.28","PSt7-10","000000-000","10/20/2017 9:36:39 AM","0000-00","0","no battery","V"
"10/20/2017","12:54:41","5","default","957498349","OXY5","105.052","min","155.595","μmol/L","Humid","21.187","deg","90872","µV","35.847","°C","1019.000","hPa","37.0","pmil","0","55.500","deg","20.000","°C","100.000","%a.s.","22.500","deg","20.000","°C","1013.000","hPa","0.861","-0.02056","0.00035","-0.00011","0","14.7","Humid","26.25","0","52.00","343593.66","SABD0000000001","AAV1.0.0.11","2.0.0.28","PSt7-10","000000-000","10/20/2017 9:36:39 AM","0000-00","0","no battery","V"
"10/20/2017","12:54:42","5","default","957498349","OXY5","105.068","min","155.653","μmol/L","Humid","21.188","deg","90875","µV","35.835","°C","1019.000","hPa","37.0","pmil","0","55.500","deg","20.000","°C","100.000","%a.s.","22.500","deg","20.000","°C","1013.000","hPa","0.861","-0.02056","0.00035","-0.00011","0","14.7","Humid","26.25","0","52.00","343590.25","SABD0000000001","AAV1.0.0.11","2.0.0.28","PSt7-10","000000-000","10/20/2017 9:36:39 AM","0000-00","0","no battery","V"
"10/20/2017","12:54:43","5","default","957498349","OXY5","105.085","min","155.613","μmol/L","Humid","21.189","deg","90877","µV","35.839","°C","1019.000","hPa","37.0","pmil","0","55.500","deg","20.000","°C","100.000","%a.s.","22.500","deg","20.000","°C","1013.000","hPa","0.861","-0.02056","0.00035","-0.00011","0","14.7","Humid","26.25","0","52.00","343583.34","SABD0000000001","AAV1.0.0.11","2.0.0.28","PSt7-10","000000-000","10/20/2017 9:36:39 AM","0000-00","0","no battery","V"
"10/20/2017","12:54:44","5","default","957498349","OXY5","105.102","min","155.771","μmol/L","Humid","21.189","deg","90877","µV","35.812","°C","1019.000","hPa","37.0","pmil","0","55.500","deg","20.000","°C","100.000","%a.s.","22.500","deg","20.000","°C","1013.000","hPa","0.861","-0.02056","0.00035","-0.00011","0","14.7","Humid","26.25","0","52.00","343590.74","SABD0000000001","AAV1.0.0.11","2.0.0.28","PSt7-10","000000-000","10/20/2017 9:36:39 AM","0000-00","0","no battery","V"
"10/20/2017","12:54:45","5","default","957498349","OXY5","105.118","min","155.692","μmol/L","Humid","21.188","deg","90875","µV","35.828","°C","1019.000","hPa","37.0","pmil","0","55.500","deg","20.000","°C","100.000","%a.s.","22.500","deg","20.000","°C","1013.000","hPa","0.861","-0.02056","0.00035","-0.00011","0","14.7","Humid","26.25","0","52.00","343579.24","SABD0000000001","AAV1.0.0.11","2.0.0.28","PSt7-10","000000-000","10/20/2017 9:36:39 AM","0000-00","0","no battery","V"
"10/20/2017","12:54:46","5","default","957498349","OXY5","105.135","min","155.614","μmol/L","Humid","21.188","deg","90872","µV","35.841","°C","1019.000","hPa","37.0","pmil","0","55.500","deg","20.000","°C","100.000","%a.s.","22.500","deg","20.000","°C","1013.000","hPa","0.861","-0.02056","0.00035","-0.00011","0","14.7","Humid","26.25","0","52.00","343570.79","SABD0000000001","AAV1.0.0.11","2.0.0.28","PSt7-10","000000-000","10/20/2017 9:36:39 AM","0000-00","0","no battery","V"
"10/20/2017","12:54:47","5","default","957498349","OXY5","105.151","min","155.540","μmol/L","Humid","21.191","deg","90885","µV","35.847","°C","1019.000","hPa","37.0","pmil","0","55.500","deg","20.000","°C","100.000","%a.s.","22.500","deg","20.000","°C","1013.000","hPa","0.861","-0.02056","0.00035","-0.00011","0","14.7","Humid","26.25","0","52.00","343583.97","SABD0000000001","AAV1.0.0.11","2.0.0.28","PSt7-10","000000-000","10/20/2017 9:36:39 AM","0000-00","0","no battery","V"
"10/20/2017","12:54:48","5","default","957498349","OXY5","105.168","min","155.616","μmol/L","Humid","21.188","deg","90874","µV","35.841","°C","1019.000","hPa","37.0","pmil","0","55.500","deg","20.000","°C","100.000","%a.s.","22.500","deg","20.000","°C","1013.000","hPa","0.861","-0.02056","0.00035","-0.00011","0","14.7","Humid","26.25","0","52.00","343590.58","SABD0000000001","AAV1.0.0.11","2.0.0.28","PSt7-10","000000-000","10/20/2017 9:36:39 AM","0000-00","0","no battery","V"
"10/20/2017","12:54:49","5","default","957498349","OXY5","105.185","min","155.647","μmol/L","Humid","21.188","deg","90876","µV","35.836","°C","1019.000","hPa","37.0","pmil","0","55.500","deg","20.000","°C","100.000","%a.s.","22.500","deg","20.000","°C","1013.000","hPa","0.861","-0.02056","0.00035","-0.00011","0","14.7","Humid","26.25","0","52.00","343561.35","SABD0000000001","AAV1.0.0.11","2.0.0.28","PSt7-10","000000-000","10/20/2017 9:36:39 AM","0000-00","0","no battery","V"
"10/20/2017","12:54:50","5","default","957498349","OXY5","105.202","min","155.633","μmol/L","Humid","21.188","deg","90874","µV","35.838","°C","1019.000","hPa","37.0","pmil","0","55.500","deg","20.000","°C","100.000","%a.s.","22.500","deg","20.000","°C","1013.000","hPa","0.861","-0.02056","0.00035","-0.00011","0","14.7","Humid","26.25","0","52.00","343583.37","SABD0000000001","AAV1.0.0.11","2.0.0.28","PSt7-10","000000-000","10/20/2017 9:36:39 AM","0000-00","0","no battery","V"
"10/20/2017","12:54:51","5","default","957498349","OXY5","105.218","min","155.647","μmol/L","Humid","21.189","deg","90870","µV","35.833","°C","1019.000","hPa","37.0","pmil","0","55.500","deg","20.000","°C","100.000","%a.s.","22.500","deg","20.000","°C","1013.000","hPa","0.861","-0.02056","0.00035","-0.00011","0","14.7","Humid","26.25","0","52.00","343570.11","SABD0000000001","AAV1.0.0.11","2.0.0.28","PSt7-10","000000-000","10/20/2017 9:36:39 AM","0000-00","0","no battery","V"
"10/20/2017","12:54:52","5","default","957498349","OXY5","105.235","min","155.560","μmol/L","Humid","21.189","deg","90871","µV","35.848","°C","1019.000","hPa","37.0","pmil","0","55.500","deg","20.000","°C","100.000","%a.s.","22.500","deg","20.000","°C","1013.000","hPa","0.861","-0.02056","0.00035","-0.00011","0","14.7","Humid","26.25","0","52.00","343580.99","SABD0000000001","AAV1.0.0.11","2.0.0.28","PSt7-10","000000-000","10/20/2017 9:36:39 AM","0000-00","0","no battery","V"
"10/20/2017","12:54:53","5","default","957498349","OXY5","105.252","min","155.549","μmol/L","Humid","21.187","deg","90867","µV","35.855","°C","1019.000","hPa","37.0","pmil","0","55.500","deg","20.000","°C","100.000","%a.s.","22.500","deg","20.000","°C","1013.000","hPa","0.861","-0.02056","0.00035","-0.00011","0","14.7","Humid","26.25","0","52.00","343568.17","SABD0000000001","AAV1.0.0.11","2.0.0.28","PSt7-10","000000-000","10/20/2017 9:36:39 AM","0000-00","0","no battery","V"
"10/20/2017","12:54:54","5","default","957498349","OXY5","105.268","min","155.657","μmol/L","Humid","21.187","deg","90874","µV","35.837","°C","1019.000","hPa","37.0","pmil","0","55.500","deg","20.000","°C","100.000","%a.s.","22.500","deg","20.000","°C","1013.000","hPa","0.861","-0.02056","0.00035","-0.00011","0","14.7","Humid","26.25","0","52.00","343571.04","SABD0000000001","AAV1.0.0.11","2.0.0.28","PSt7-10","000000-000","10/20/2017 9:36:39 AM","0000-00","0","no battery","V"
"10/20/2017","12:54:55","5","default","957498349","OXY5","105.285","min","155.730","μmol/L","Humid","21.187","deg","90870","µV","35.824","°C","1019.000","hPa","37.0","pmil","0","55.500","deg","20.000","°C","100.000","%a.s.","22.500","deg","20.000","°C","1013.000","hPa","0.861","-0.02056","0.00035","-0.00011","0","14.7","Humid","26.25","0","52.00","343556.03","SABD0000000001","AAV1.0.0.11","2.0.0.28","PSt7-10","000000-000","10/20/2017 9:36:39 AM","0000-00","0","no battery","V"
"10/20/2017","12:54:56","5","default","957498349","OXY5","105.302","min","155.625","μmol/L","Humid","21.189","deg","90867","µV","35.837","°C","1019.000","hPa","37.0","pmil","0","55.500","deg","20.000","°C","100.000","%a.s.","22.500","deg","20.000","°C","1013.000","hPa","0.861","-0.02056","0.00035","-0.00011","0","14.7","Humid","26.25","0","52.00","343555.37","SABD0000000001","AAV1.0.0.11","2.0.0.28","PSt7-10","000000-000","10/20/2017 9:36:39 AM","0000-00","0","no battery","V"
"10/20/2017","12:54:57","5","default","957498349","OXY5","105.318","min","155.572","μmol/L","Humid","21.192","deg","90868","µV","35.839","°C","1019.000","hPa","37.0","pmil","0","55.500","deg","20.000","°C","100.000","%a.s.","22.500","deg","20.000","°C","1013.000","hPa","0.861","-0.02056","0.00035","-0.00011","0","14.7","Humid","26.25","0","52.00","343554.99","SABD0000000001","AAV1.0.0.11","2.0.0.28","PSt7-10","000000-000","10/20/2017 9:36:39 AM","0000-00","0","no battery","V"
"10/20/2017","12:54:58","5","default","957498349","OXY5","105.334","min","155.651","μmol/L","Humid","21.187","deg","90870","µV","35.838","°C","1019.000","hPa","37.0","pmil","0","55.500","deg","20.000","°C","100.000","%a.s.","22.500","deg","20.000","°C","1013.000","hPa","0.861","-0.02056","0.00035","-0.00011","0","14.7","Humid","26.25","0","52.00","343561.66","SABD0000000001","AAV1.0.0.11","2.0.0.28","PSt7-10","000000-000","10/20/2017 9:36:39 AM","0000-00","0","no battery","V"
"10/20/2017","12:54:59","5","default","957498349","OXY5","105.351","min","155.662","μmol/L","Humid","21.187","deg","90869","µV","35.836","°C","1019.000","hPa","37.0","pmil","0","55.500","deg","20.000","°C","100.000","%a.s.","22.500","deg","20.000","°C","1013.000","hPa","0.861","-0.02056","0.00035","-0.00011","0","14.7","Humid","26.25","0","52.00","343572.15","SABD0000000001","AAV1.0.0.11","2.0.0.28","PSt7-10","000000-000","10/20/2017 9:36:39 AM","0000-00","0","no battery","V"
"10/20/2017","12:55:00","5","default","957498349","OXY5","105.368","min","155.610","μmol/L","Humid","21.187","deg","90869","µV","35.844","°C","1019.000","hPa","37.0","pmil","0","55.500","deg","20.000","°C","100.000","%a.s.","22.500","deg","20.000","°C","1013.000","hPa","0.861","-0.02056","0.00035","-0.00011","0","14.7","Humid","26.25","0","52.00","343562.43","SABD0000000001","AAV1.0.0.11","2.0.0.28","PSt7-10","000000-000","10/20/2017 9:36:39 AM","0000-00","0","no battery","V"
"10/20/2017","12:55:01","5","default","957498349","OXY5","105.384","min","155.634","μmol/L","Humid","21.185","deg","90879","µV","35.845","°C","1019.000","hPa","37.0","pmil","0","55.500","deg","20.000","°C","100.000","%a.s.","22.500","deg","20.000","°C","1013.000","hPa","0.861","-0.02056","0.00035","-0.00011","0","14.7","Humid","26.25","0","52.00","343559.41","SABD0000000001","AAV1.0.0.11","2.0.0.28","PSt7-10","000000-000","10/20/2017 9:36:39 AM","0000-00","0","no battery","V"
"10/20/2017","12:55:02","5","default","957498349","OXY5","105.401","min","155.705","μmol/L","Humid","21.186","deg","90866","µV","35.831","°C","1019.000","hPa","37.0","pmil","0","55.500","deg","20.000","°C","100.000","%a.s.","22.500","deg","20.000","°C","1013.000","hPa","0.861","-0.02056","0.00035","-0.00011","0","14.7","Humid","26.25","0","52.00","343559.90","SABD0000000001","AAV1.0.0.11","2.0.0.28","PSt7-10","000000-000","10/20/2017 9:36:39 AM","0000-00","0","no battery","V"
"10/20/2017","12:55:03","5","default","957498349","OXY5","105.418","min","155.692","μmol/L","Humid","21.190","deg","90874","µV","35.824","°C","1019.000","hPa","37.0","pmil","0","55.500","deg","20.000","°C","100.000","%a.s.","22.500","deg","20.000","°C","1013.000","hPa","0.861","-0.02056","0.00035","-0.00011","0","14.7","Humid","26.25","0","52.00","343574.97","SABD0000000001","AAV1.0.0.11","2.0.0.28","PSt7-10","000000-000","10/20/2017 9:36:39 AM","0000-00","0","no battery","V"
"10/20/2017","12:55:04","5","default","957498349","OXY5","105.434","min","155.658","μmol/L","Humid","21.189","deg","90868","µV","35.832","°C","1019.000","hPa","37.0","pmil","0","55.500","deg","20.000","°C","100.000","%a.s.","22.500","deg","20.000","°C","1013.000","hPa","0.861","-0.02056","0.00035","-0.00011","0","14.7","Humid","26.25","0","52.00","343565.22","SABD0000000001","AAV1.0.0.11","2.0.0.28","PSt7-10","000000-000","10/20/2017 9:36:39 AM","0000-00","0","no battery","V"
"10/20/2017","12:55:05","5","default","957498349","OXY5","105.451","min","155.558","μmol/L","Humid","21.188","deg","90873","µV","35.851","°C","1019.000","hPa","37.0","pmil","0","55.500","deg","20.000","°C","100.000","%a.s.","22.500","deg","20.000","°C","1013.000","hPa","0.861","-0.02056","0.00035","-0.00011","0","14.7","Humid","26.25","0","52.00","343560.96","SABD0000000001","AAV1.0.0.11","2.0.0.28","PSt7-10","000000-000","10/20/2017 9:36:39 AM","0000-00","0","no battery","V"
"10/20/2017","12:55:06","5","default","957498349","OXY5","105.468","min","155.622","μmol/L","Humid","21.188","deg","90866","µV","35.840","°C","1019.000","hPa","37.0","pmil","0","55.500","deg","20.000","°C","100.000","%a.s.","22.500","deg","20.000","°C","1013.000","hPa","0.861","-0.02056","0.00035","-0.00011","0","14.7","Humid","26.25","0","52.00","343560.37","SABD0000000001","AAV1.0.0.11","2.0.0.28","PSt7-10","000000-000","10/20/2017 9:36:39 AM","0000-00","0","no battery","V"
"10/20/2017","12:55:07","5","default","957498349","OXY5","105.484","min","155.660","μmol/L","Humid","21.188","deg","90870","µV","35.834","°C","1019.000","hPa","37.0","pmil","0","55.500","deg","20.000","°C","100.000","%a.s.","22.500","deg","20.000","°C","1013.000","hPa","0.861","-0.02056","0.00035","-0.00011","0","14.7","Humid","26.25","0","52.00","343549.51","SABD0000000001","AAV1.0.0.11","2.0.0.28","PSt7-10","000000-000","10/20/2017 9:36:39 AM","0000-00","0","no battery","V"
"10/20/2017","12:55:08","5","default","957498349","OXY5","105.501","min","155.688","μmol/L","Humid","21.186","deg","90869","µV","35.834","°C","1019.000","hPa","37.0","pmil","0","55.500","deg","20.000","°C","100.000","%a.s.","22.500","deg","20.000","°C","1013.000","hPa","0.861","-0.02056","0.00035","-0.00011","0","14.7","Humid","26.25","0","52.00","343558.13","SABD0000000001","AAV1.0.0.11","2.0.0.28","PSt7-10","000000-000","10/20/2017 9:36:39 AM","0000-00","0","no battery","V"
"10/20/2017","12:55:09","5","default","957498349","OXY5","105.518","min","155.610","μmol/L","Humid","21.189","deg","90874","µV","35.840","°C","1019.000","hPa","37.0","pmil","0","55.500","deg","20.000","°C","100.000","%a.s.","22.500","deg","20.000","°C","1013.000","hPa","0.861","-0.02056","0.00035","-0.00011","0","14.7","Humid","26.25","0","52.00","343557.92","SABD0000000001","AAV1.0.0.11","2.0.0.28","PSt7-10","000000-000","10/20/2017 9:36:39 AM","0000-00","0","no battery","V"
"10/20/2017","12:55:10","5","default","957498349","OXY5","105.535","min","155.655","μmol/L","Humid","21.187","deg","90868","µV","35.837","°C","1019.000","hPa","37.0","pmil","0","55.500","deg","20.000","°C","100.000","%a.s.","22.500","deg","20.000","°C","1013.000","hPa","0.861","-0.02056","0.00035","-0.00011","0","14.7","Humid","26.25","0","52.00","343563.91","SABD0000000001","AAV1.0.0.11","2.0.0.28","PSt7-10","000000-000","10/20/2017 9:36:39 AM","0000-00","0","no battery","V"
"10/20/2017","12:55:11","5","default","957498349","OXY5","105.551","min","155.565","μmol/L","Humid","21.190","deg","90868","µV","35.845","°C","1019.000","hPa","37.0","pmil","0","55.500","deg","20.000","°C","100.000","%a.s.","22.500","deg","20.000","°C","1013.000","hPa","0.861","-0.02056","0.00035","-0.00011","0","14.7","Humid","26.25","0","52.00","343568.15","SABD0000000001","AAV1.0.0.11","2.0.0.28","PSt7-10","000000-000","10/20/2017 9:36:39 AM","0000-00","0","no battery","V"
"10/20/2017","12:55:12","5","default","957498349","OXY5","105.568","min","155.654","μmol/L","Humid","21.187","deg","90870","µV","35.837","°C","1019.000","hPa","37.0","pmil","0","55.500","deg","20.000","°C","100.000","%a.s.","22.500","deg","20.000","°C","1013.000","hPa","0.861","-0.02056","0.00035","-0.00011","0","14.7","Humid","26.25","0","52.00","343558.21","SABD0000000001","AAV1.0.0.11","2.0.0.28","PSt7-10","000000-000","10/20/2017 9:36:39 AM","0000-00","0","no battery","V"
"10/20/2017","12:55:13","5","default","957498349","OXY5","105.585","min","155.731","μmol/L","Humid","21.182","deg","90873","µV","35.836","°C","1019.000","hPa","37.0","pmil","0","55.500","deg","20.000","°C","100.000","%a.s.","22.500","deg","20.000","°C","1013.000","hPa","0.861","-0.02056","0.00035","-0.00011","0","14.7","Humid","26.25","0","52.00","343563.03","SABD0000000001","AAV1.0.0.11","2.0.0.28","PSt7-10","000000-000","10/20/2017 9:36:39 AM","0000-00","0","no battery","V"
"10/20/2017","12:55:14","5","default","957498349","OXY5","105.601","min","155.633","μmol/L","Humid","21.185","deg","90871","µV","35.845","°C","1019.000","hPa","37.0","pmil","0","55.500","deg","20.000","°C","100.000","%a.s.","22.500","deg","20.000","°C","1013.000","hPa","0.861","-0.02056","0.00035","-0.00011","0","14.7","Humid","26.25","0","52.00","343554.87","SABD0000000001","AAV1.0.0.11","2.0.0.28","PSt7-10","000000-000","10/20/2017 9:36:39 AM","0000-00","0","no battery","V"
"10/20/2017","12:55:15","5","default","957498349","OXY5","105.618","min","155.593","μmol/L","Humid","21.191","deg","90875","µV","35.838","°C","1019.000","hPa","37.0","pmil","0","55.500","deg","20.000","°C","100.000","%a.s.","22.500","deg","20.000","°C","1013.000","hPa","0.861","-0.02056","0.00035","-0.00011","0","14.7","Humid","26.25","0","52.00","343553.88","SABD0000000001","AAV1.0.0.11","2.0.0.28","PSt7-10","000000-000","10/20/2017 9:36:39 AM","0000-00","0","no battery","V"
"10/20/2017","12:55:16","5","default","957498349","OXY5","105.635","min","155.612","μmol/L","Humid","21.187","deg","90874","µV","35.844","°C","1019.000","hPa","37.0","pmil","0","55.500","deg","20.000","°C","100.000","%a.s.","22.500","deg","20.000","°C","1013.000","hPa","0.861","-0.02056","0.00035","-0.00011","0","14.7","Humid","26.25","0","52.00","343561.27","SABD0000000001","AAV1.0.0.11","2.0.0.28","PSt7-10","000000-000","10/20/2017 9:36:39 AM","0000-00","0","no battery","V"
"10/20/2017","12:55:17","5","default","957498349","OXY5","105.651","min","155.647","μmol/L","Humid","21.187","deg","90877","µV","35.838","°C","1019.000","hPa","37.0","pmil","0","55.500","deg","20.000","°C","100.000","%a.s.","22.500","deg","20.000","°C","1013.000","hPa","0.861","-0.02056","0.00035","-0.00011","0","14.7","Humid","26.25","0","52.00","343564.05","SABD0000000001","AAV1.0.0.11","2.0.0.28","PSt7-10","000000-000","10/20/2017 9:36:39 AM","0000-00","0","no battery","V"
"10/20/2017","12:55:18","5","default","957498349","OXY5","105.668","min","155.644","μmol/L","Humid","21.187","deg","90874","µV","35.839","°C","1019.000","hPa","37.0","pmil","0","55.500","deg","20.000","°C","100.000","%a.s.","22.500","deg","20.000","°C","1013.000","hPa","0.861","-0.02056","0.00035","-0.00011","0","14.7","Humid","26.25","0","52.00","343555.71","SABD0000000001","AAV1.0.0.11","2.0.0.28","PSt7-10","000000-000","10/20/2017 9:36:39 AM","0000-00","0","no battery","V"
"10/20/2017","12:55:19","5","default","957498349","OXY5","105.685","min","155.664","μmol/L","Humid","21.189","deg","90875","µV","35.831","°C","1019.000","hPa","37.0","pmil","0","55.500","deg","20.000","°C","100.000","%a.s.","22.500","deg","20.000","°C","1013.000","hPa","0.861","-0.02056","0.00035","-0.00011","0","14.7","Humid","26.25","0","52.00","343563.13","SABD0000000001","AAV1.0.0.11","2.0.0.28","PSt7-10","000000-000","10/20/2017 9:36:39 AM","0000-00","0","no battery","V"
"10/20/2017","12:55:20","5","default","957498349","OXY5","105.701","min","155.656","μmol/L","Humid","21.183","deg","90874","µV","35.846","°C","1019.000","hPa","37.0","pmil","0","55.500","deg","20.000","°C","100.000","%a.s.","22.500","deg","20.000","°C","1013.000","hPa","0.861","-0.02056","0.00035","-0.00011","0","14.7","Humid","26.25","0","52.00","343550.07","SABD0000000001","AAV1.0.0.11","2.0.0.28","PSt7-10","000000-000","10/20/2017 9:36:39 AM","0000-00","0","no battery","V"
"10/20/2017","12:55:21","5","default","957498349","OXY5","105.718","min","155.645","μmol/L","Humid","21.188","deg","90868","µV","35.836","°C","1019.000","hPa","37.0","pmil","0","55.500","deg","20.000","°C","100.000","%a.s.","22.500","deg","20.000","°C","1013.000","hPa","0.861","-0.02056","0.00035","-0.00011","0","14.7","Humid","26.25","0","52.00","343548.68","SABD0000000001","AAV1.0.0.11","2.0.0.28","PSt7-10","000000-000","10/20/2017 9:36:39 AM","0000-00","0","no battery","V"
"10/20/2017","12:55:22","5","default","957498349","OXY5","105.735","min","155.717","μmol/L","Humid","21.187","deg","90868","µV","35.826","°C","1019.000","hPa","37.0","pmil","0","55.500","deg","20.000","°C","100.000","%a.s.","22.500","deg","20.000","°C","1013.000","hPa","0.861","-0.02056","0.00035","-0.00011","0","14.7","Humid","26.25","0","52.00","343558.09","SABD0000000001","AAV1.0.0.11","2.0.0.28","PSt7-10","000000-000","10/20/2017 9:36:39 AM","0000-00","0","no battery","V"
"10/20/2017","12:55:23","5","default","957498349","OXY5","105.752","min","155.704","μmol/L","Humid","21.189","deg","90872","µV","35.824","°C","1019.000","hPa","37.0","pmil","0","55.500","deg","20.000","°C","100.000","%a.s.","22.500","deg","20.000","°C","1013.000","hPa","0.861","-0.02056","0.00035","-0.00011","0","14.7","Humid","26.25","0","52.00","343552.94","SABD0000000001","AAV1.0.0.11","2.0.0.28","PSt7-10","000000-000","10/20/2017 9:36:39 AM","0000-00","0","no battery","V"
"10/20/2017","12:55:24","5","default","957498349","OXY5","105.768","min","155.489","μmol/L","Humid","21.187","deg","90870","µV","35.865","°C","1019.000","hPa","37.0","pmil","0","55.500","deg","20.000","°C","100.000","%a.s.","22.500","deg","20.000","°C","1013.000","hPa","0.861","-0.02056","0.00035","-0.00011","0","14.7","Humid","26.25","0","52.00","343548.47","SABD0000000001","AAV1.0.0.11","2.0.0.28","PSt7-10","000000-000","10/20/2017 9:36:39 AM","0000-00","0","no battery","V"
"10/20/2017","12:55:25","5","default","957498349","OXY5","105.785","min","155.532","μmol/L","Humid","21.193","deg","90874","µV","35.844","°C","1019.000","hPa","37.0","pmil","0","55.500","deg","20.000","°C","100.000","%a.s.","22.500","deg","20.000","°C","1013.000","hPa","0.861","-0.02056","0.00035","-0.00011","0","14.7","Humid","26.25","0","52.00","343573.27","SABD0000000001","AAV1.0.0.11","2.0.0.28","PSt7-10","000000-000","10/20/2017 9:36:39 AM","0000-00","0","no battery","V"
"10/20/2017","12:55:26","5","default","957498349","OXY5","105.802","min","155.581","μmol/L","Humid","21.187","deg","90871","µV","35.849","°C","1019.000","hPa","37.0","pmil","0","55.500","deg","20.000","°C","100.000","%a.s.","22.500","deg","20.000","°C","1013.000","hPa","0.861","-0.02056","0.00035","-0.00011","0","14.7","Humid","26.25","0","52.00","343553.60","SABD0000000001","AAV1.0.0.11","2.0.0.28","PSt7-10","000000-000","10/20/2017 9:36:39 AM","0000-00","0","no battery","V"
"10/20/2017","12:55:27","5","default","957498349","OXY5","105.818","min","155.602","μmol/L","Humid","21.188","deg","90865","µV","35.844","°C","1019.000","hPa","37.0","pmil","0","55.500","deg","20.000","°C","100.000","%a.s.","22.500","deg","20.000","°C","1013.000","hPa","0.861","-0.02056","0.00035","-0.00011","0","14.7","Humid","26.25","0","52.00","343552.25","SABD0000000001","AAV1.0.0.11","2.0.0.28","PSt7-10","000000-000","10/20/2017 9:36:39 AM","0000-00","0","no battery","V"
"10/20/2017","12:55:28","5","default","957498349","OXY5","105.835","min","155.679","μmol/L","Humid","21.184","deg","90872","µV","35.840","°C","1019.000","hPa","37.0","pmil","0","55.500","deg","20.000","°C","100.000","%a.s.","22.500","deg","20.000","°C","1013.000","hPa","0.861","-0.02056","0.00035","-0.00011","0","14.7","Humid","26.25","0","52.00","343552.79","SABD0000000001","AAV1.0.0.11","2.0.0.28","PSt7-10","000000-000","10/20/2017 9:36:39 AM","0000-00","0","no battery","V"
"10/20/2017","12:55:29","5","default","957498349","OXY5","105.851","min","155.611","μmol/L","Humid","21.187","deg","90868","µV","35.844","°C","1019.000","hPa","37.0","pmil","0","55.500","deg","20.000","°C","100.000","%a.s.","22.500","deg","20.000","°C","1013.000","hPa","0.861","-0.02056","0.00035","-0.00011","0","14.7","Humid","26.25","0","52.00","343560.35","SABD0000000001","AAV1.0.0.11","2.0.0.28","PSt7-10","000000-000","10/20/2017 9:36:39 AM","0000-00","0","no battery","V"
"10/20/2017","12:55:30","5","default","957498349","OXY5","105.868","min","155.495","μmol/L","Humid","21.193","deg","90867","µV","35.850","°C","1019.000","hPa","37.0","pmil","0","55.500","deg","20.000","°C","100.000","%a.s.","22.500","deg","20.000","°C","1013.000","hPa","0.861","-0.02056","0.00035","-0.00011","0","14.7","Humid","26.25","0","52.00","343546.70","SABD0000000001","AAV1.0.0.11","2.0.0.28","PSt7-10","000000-000","10/20/2017 9:36:39 AM","0000-00","0","no battery","V"
"10/20/2017","12:55:31","5","default","957498349","OXY5","105.884","min","155.628","μmol/L","Humid","21.189","deg","90863","µV","35.837","°C","1019.000","hPa","37.0","pmil","0","55.500","deg","20.000","°C","100.000","%a.s.","22.500","deg","20.000","°C","1013.000","hPa","0.861","-0.02056","0.00035","-0.00011","0","14.7","Humid","26.25","0","52.00","343548.57","SABD0000000001","AAV1.0.0.11","2.0.0.28","PSt7-10","000000-000","10/20/2017 9:36:39 AM","0000-00","0","no battery","V"
"10/20/2017","12:55:32","5","default","957498349","OXY5","105.901","min","155.647","μmol/L","Humid","21.191","deg","90874","µV","35.829","°C","1019.000","hPa","37.0","pmil","0","55.500","deg","20.000","°C","100.000","%a.s.","22.500","deg","20.000","°C","1013.000","hPa","0.861","-0.02056","0.00035","-0.00011","0","14.7","Humid","26.25","0","52.00","343547.87","SABD0000000001","AAV1.0.0.11","2.0.0.28","PSt7-10","000000-000","10/20/2017 9:36:39 AM","0000-00","0","no battery","V"
"10/20/2017","12:55:33","5","default","957498349","OXY5","105.918","min","155.677","μmol/L","Humid","21.184","deg","90868","µV","35.840","°C","1019.000","hPa","37.0","pmil","0","55.500","deg","20.000","°C","100.000","%a.s.","22.500","deg","20.000","°C","1013.000","hPa","0.861","-0.02056","0.00035","-0.00011","0","14.7","Humid","26.25","0","52.00","343547.97","SABD0000000001","AAV1.0.0.11","2.0.0.28","PSt7-10","000000-000","10/20/2017 9:36:39 AM","0000-00","0","no battery","V"
"10/20/2017","12:55:34","5","default","957498349","OXY5","105.934","min","155.535","μmol/L","Humid","21.189","deg","90868","µV","35.852","°C","1019.000","hPa","37.0","pmil","0","55.500","deg","20.000","°C","100.000","%a.s.","22.500","deg","20.000","°C","1013.000","hPa","0.861","-0.02056","0.00035","-0.00011","0","14.7","Humid","26.25","0","52.00","343546.55","SABD0000000001","AAV1.0.0.11","2.0.0.28","PSt7-10","000000-000","10/20/2017 9:36:39 AM","0000-00","0","no battery","V"
"10/20/2017","12:55:35","5","default","957498349","OXY5","105.951","min","155.573","μmol/L","Humid","21.188","deg","90869","µV","35.849","°C","1019.000","hPa","37.0","pmil","0","55.500","deg","20.000","°C","100.000","%a.s.","22.500","deg","20.000","°C","1013.000","hPa","0.861","-0.02056","0.00035","-0.00011","0","14.7","Humid","26.25","0","52.00","343543.25","SABD0000000001","AAV1.0.0.11","2.0.0.28","PSt7-10","000000-000","10/20/2017 9:36:39 AM","0000-00","0","no battery","V"
"10/20/2017","12:55:36","5","default","957498349","OXY5","105.968","min","155.634","μmol/L","Humid","21.184","deg","90876","µV","35.848","°C","1019.000","hPa","37.0","pmil","0","55.500","deg","20.000","°C","100.000","%a.s.","22.500","deg","20.000","°C","1013.000","hPa","0.861","-0.02056","0.00035","-0.00011","0","14.7","Humid","26.25","0","52.00","343561.35","SABD0000000001","AAV1.0.0.11","2.0.0.28","PSt7-10","000000-000","10/20/2017 9:36:39 AM","0000-00","0","no battery","V"
"10/20/2017","12:55:37","5","default","957498349","OXY5","105.984","min","155.608","μmol/L","Humid","21.187","deg","90869","µV","35.845","°C","1019.000","hPa","37.0","pmil","0","55.500","deg","20.000","°C","100.000","%a.s.","22.500","deg","20.000","°C","1013.000","hPa","0.861","-0.02056","0.00035","-0.00011","0","14.7","Humid","26.25","0","52.00","343557.40","SABD0000000001","AAV1.0.0.11","2.0.0.28","PSt7-10","000000-000","10/20/2017 9:36:39 AM","0000-00","0","no battery","V"
"10/20/2017","12:55:38","5","default","957498349","OXY5","106.001","min","155.654","μmol/L","Humid","21.187","deg","90867","µV","35.837","°C","1019.000","hPa","37.0","pmil","0","55.500","deg","20.000","°C","100.000","%a.s.","22.500","deg","20.000","°C","1013.000","hPa","0.861","-0.02056","0.00035","-0.00011","0","14.7","Humid","26.25","0","52.00","343550.22","SABD0000000001","AAV1.0.0.11","2.0.0.28","PSt7-10","000000-000","10/20/2017 9:36:39 AM","0000-00","0","no battery","V"
"10/20/2017","12:55:39","5","default","957498349","OXY5","106.018","min","155.586","μmol/L","Humid","21.186","deg","90871","µV","35.851","°C","1019.000","hPa","37.0","pmil","0","55.500","deg","20.000","°C","100.000","%a.s.","22.500","deg","20.000","°C","1013.000","hPa","0.861","-0.02056","0.00035","-0.00011","0","14.7","Humid","26.25","0","52.00","343550.29","SABD0000000001","AAV1.0.0.11","2.0.0.28","PSt7-10","000000-000","10/20/2017 9:36:39 AM","0000-00","0","no battery","V"
"10/20/2017","12:55:40","5","default","957498349","OXY5","106.034","min","155.615","μmol/L","Humid","21.188","deg","90870","µV","35.841","°C","1019.000","hPa","37.0","pmil","0","55.500","deg","20.000","°C","100.000","%a.s.","22.500","deg","20.000","°C","1013.000","hPa","0.861","-0.02056","0.00035","-0.00011","0","14.7","Humid","26.25","0","52.00","343546.48","SABD0000000001","AAV1.0.0.11","2.0.0.28","PSt7-10","000000-000","10/20/2017 9:36:39 AM","0000-00","0","no battery","V"
"10/20/2017","12:55:41","5","default","957498349","OXY5","106.051","min","155.643","μmol/L","Humid","21.191","deg","90869","µV","35.829","°C","1019.000","hPa","37.0","pmil","0","55.500","deg","20.000","°C","100.000","%a.s.","22.500","deg","20.000","°C","1013.000","hPa","0.861","-0.02056","0.00035","-0.00011","0","14.7","Humid","26.25","0","52.00","343546.25","SABD0000000001","AAV1.0.0.11","2.0.0.28","PSt7-10","000000-000","10/20/2017 9:36:39 AM","0000-00","0","no battery","V"
"10/20/2017","12:55:42","5","default","957498349","OXY5","106.068","min","155.701","μmol/L","Humid","21.188","deg","90866","µV","35.827","°C","1019.000","hPa","37.0","pmil","0","55.500","deg","20.000","°C","100.000","%a.s.","22.500","deg","20.000","°C","1013.000","hPa","0.861","-0.02056","0.00035","-0.00011","0","14.7","Humid","26.25","0","52.00","343525.73","SABD0000000001","AAV1.0.0.11","2.0.0.28","PSt7-10","000000-000","10/20/2017 9:36:39 AM","0000-00","0","no battery","V"
"10/20/2017","12:55:43","5","default","957498349","OXY5","106.084","min","155.581","μmol/L","Humid","21.190","deg","90873","µV","35.842","°C","1019.000","hPa","37.0","pmil","0","55.500","deg","20.000","°C","100.000","%a.s.","22.500","deg","20.000","°C","1013.000","hPa","0.861","-0.02056","0.00035","-0.00011","0","14.7","Humid","26.25","0","52.00","343540.82","SABD0000000001","AAV1.0.0.11","2.0.0.28","PSt7-10","000000-000","10/20/2017 9:36:39 AM","0000-00","0","no battery","V"
"10/20/2017","12:55:44","5","default","957498349","OXY5","106.101","min","155.474","μmol/L","Humid","21.193","deg","90876","µV","35.853","°C","1019.000","hPa","37.0","pmil","0","55.500","deg","20.000","°C","100.000","%a.s.","22.500","deg","20.000","°C","1013.000","hPa","0.861","-0.02056","0.00035","-0.00011","0","14.7","Humid","26.25","0","52.00","343559.40","SABD0000000001","AAV1.0.0.11","2.0.0.28","PSt7-10","000000-000","10/20/2017 9:36:39 AM","0000-00","0","no battery","V"
"10/20/2017","12:55:45","5","default","957498349","OXY5","106.118","min","155.476","μmol/L","Humid","21.190","deg","90875","µV","35.860","°C","1019.000","hPa","37.0","pmil","0","55.500","deg","20.000","°C","100.000","%a.s.","22.500","deg","20.000","°C","1013.000","hPa","0.861","-0.02056","0.00035","-0.00011","0","14.7","Humid","26.25","0","52.00","343549.87","SABD0000000001","AAV1.0.0.11","2.0.0.28","PSt7-10","000000-000","10/20/2017 9:36:39 AM","0000-00","0","no battery","V"
"10/20/2017","12:55:46","5","default","957498349","OXY5","106.134","min","155.546","μmol/L","Humid","21.185","deg","90866","µV","35.860","°C","1019.000","hPa","37.0","pmil","0","55.500","deg","20.000","°C","100.000","%a.s.","22.500","deg","20.000","°C","1013.000","hPa","0.861","-0.02056","0.00035","-0.00011","0","14.7","Humid","26.25","0","52.00","343544.29","SABD0000000001","AAV1.0.0.11","2.0.0.28","PSt7-10","000000-000","10/20/2017 9:36:39 AM","0000-00","0","no battery","V"
"10/20/2017","12:55:47","5","default","957498349","OXY5","106.151","min","155.560","μmol/L","Humid","21.190","deg","90870","µV","35.846","°C","1019.000","hPa","37.0","pmil","0","55.500","deg","20.000","°C","100.000","%a.s.","22.500","deg","20.000","°C","1013.000","hPa","0.861","-0.02056","0.00035","-0.00011","0","14.7","Humid","26.25","0","52.00","343534.20","SABD0000000001","AAV1.0.0.11","2.0.0.28","PSt7-10","000000-000","10/20/2017 9:36:39 AM","0000-00","0","no battery","V"
"10/20/2017","12:55:48","5","default","957498349","OXY5","106.168","min","155.593","μmol/L","Humid","21.188","deg","90873","µV","35.845","°C","1019.000","hPa","37.0","pmil","0","55.500","deg","20.000","°C","100.000","%a.s.","22.500","deg","20.000","°C","1013.000","hPa","0.861","-0.02056","0.00035","-0.00011","0","14.7","Humid","26.25","0","52.00","343542.00","SABD0000000001","AAV1.0.0.11","2.0.0.28","PSt7-10","000000-000","10/20/2017 9:36:39 AM","0000-00","0","no battery","V"
"10/20/2017","12:55:49","5","default","957498349","OXY5","106.184","min","155.563","μmol/L","Humid","21.189","deg","90872","µV","35.848","°C","1019.000","hPa","37.0","pmil","0","55.500","deg","20.000","°C","100.000","%a.s.","22.500","deg","20.000","°C","1013.000","hPa","0.861","-0.02056","0.00035","-0.00011","0","14.7","Humid","26.25","0","52.00","343546.35","SABD0000000001","AAV1.0.0.11","2.0.0.28","PSt7-10","000000-000","10/20/2017 9:36:39 AM","0000-00","0","no battery","V"
"10/20/2017","12:55:50","5","default","957498349","OXY5","106.201","min","155.469","μmol/L","Humid","21.192","deg","90873","µV","35.857","°C","1019.000","hPa","37.0","pmil","0","55.500","deg","20.000","°C","100.000","%a.s.","22.500","deg","20.000","°C","1013.000","hPa","0.861","-0.02056","0.00035","-0.00011","0","14.7","Humid","26.25","0","52.00","343543.11","SABD0000000001","AAV1.0.0.11","2.0.0.28","PSt7-10","000000-000","10/20/2017 9:36:39 AM","0000-00","0","no battery","V"
"10/20/2017","12:55:51","5","default","957498349","OXY5","106.218","min","155.537","μmol/L","Humid","21.190","deg","90867","µV","35.850","°C","1019.000","hPa","37.0","pmil","0","55.500","deg","20.000","°C","100.000","%a.s.","22.500","deg","20.000","°C","1013.000","hPa","0.861","-0.02056","0.00035","-0.00011","0","14.7","Humid","26.25","0","52.00","343551.33","SABD0000000001","AAV1.0.0.11","2.0.0.28","PSt7-10","000000-000","10/20/2017 9:36:39 AM","0000-00","0","no battery","V"
"10/20/2017","12:55:52","5","default","957498349","OXY5","106.234","min","155.570","μmol/L","Humid","21.188","deg","90874","µV","35.849","°C","1019.000","hPa","37.0","pmil","0","55.500","deg","20.000","°C","100.000","%a.s.","22.500","deg","20.000","°C","1013.000","hPa","0.861","-0.02056","0.00035","-0.00011","0","14.7","Humid","26.25","0","52.00","343541.35","SABD0000000001","AAV1.0.0.11","2.0.0.28","PSt7-10","000000-000","10/20/2017 9:36:39 AM","0000-00","0","no battery","V"
"10/20/2017","12:55:53","5","default","957498349","OXY5","106.251","min","155.540","μmol/L","Humid","21.189","deg","90874","µV","35.852","°C","1019.000","hPa","37.0","pmil","0","55.500","deg","20.000","°C","100.000","%a.s.","22.500","deg","20.000","°C","1013.000","hPa","0.861","-0.02056","0.00035","-0.00011","0","14.7","Humid","26.25","0","52.00","343537.88","SABD0000000001","AAV1.0.0.11","2.0.0.28","PSt7-10","000000-000","10/20/2017 9:36:39 AM","0000-00","0","no battery","V"
"10/20/2017","12:55:54","5","default","957498349","OXY5","106.268","min","155.518","μmol/L","Humid","21.190","deg","90870","µV","35.853","°C","1019.000","hPa","37.0","pmil","0","55.500","deg","20.000","°C","100.000","%a.s.","22.500","deg","20.000","°C","1013.000","hPa","0.861","-0.02056","0.00035","-0.00011","0","14.7","Humid","26.25","0","52.00","343538.74","SABD0000000001","AAV1.0.0.11","2.0.0.28","PSt7-10","000000-000","10/20/2017 9:36:39 AM","0000-00","0","no battery","V"
"10/20/2017","12:55:55","5","default","957498349","OXY5","106.284","min","155.557","μmol/L","Humid","21.191","deg","90869","µV","35.844","°C","1019.000","hPa","37.0","pmil","0","55.500","deg","20.000","°C","100.000","%a.s.","22.500","deg","20.000","°C","1013.000","hPa","0.861","-0.02056","0.00035","-0.00011","0","14.7","Humid","26.25","0","52.00","343532.53","SABD0000000001","AAV1.0.0.11","2.0.0.28","PSt7-10","000000-000","10/20/2017 9:36:39 AM","0000-00","0","no battery","V"
"10/20/2017","12:55:56","5","default","957498349","OXY5","106.301","min","155.593","μmol/L","Humid","21.189","deg","90864","µV","35.843","°C","1019.000","hPa","37.0","pmil","0","55.500","deg","20.000","°C","100.000","%a.s.","22.500","deg","20.000","°C","1013.000","hPa","0.861","-0.02056","0.00035","-0.00011","0","14.7","Humid","26.25","0","52.00","343531.90","SABD0000000001","AAV1.0.0.11","2.0.0.28","PSt7-10","000000-000","10/20/2017 9:36:39 AM","0000-00","0","no battery","V"
"10/20/2017","12:55:57","5","default","957498349","OXY5","106.318","min","155.547","μmol/L","Humid","21.190","deg","90869","µV","35.848","°C","1019.000","hPa","37.0","pmil","0","55.500","deg","20.000","°C","100.000","%a.s.","22.500","deg","20.000","°C","1013.000","hPa","0.861","-0.02056","0.00035","-0.00011","0","14.7","Humid","26.25","0","52.00","343538.08","SABD0000000001","AAV1.0.0.11","2.0.0.28","PSt7-10","000000-000","10/20/2017 9:36:39 AM","0000-00","0","no battery","V"
"10/20/2017","12:55:58","5","default","957498349","OXY5","106.334","min","155.668","μmol/L","Humid","21.186","deg","90861","µV","35.837","°C","1019.000","hPa","37.0","pmil","0","55.500","deg","20.000","°C","100.000","%a.s.","22.500","deg","20.000","°C","1013.000","hPa","0.861","-0.02056","0.00035","-0.00011","0","14.7","Humid","26.25","0","52.00","343541.73","SABD0000000001","AAV1.0.0.11","2.0.0.28","PSt7-10","000000-000","10/20/2017 9:36:39 AM","0000-00","0","no battery","V"
"10/20/2017","12:55:59","5","default","957498349","OXY5","106.351","min","155.639","μmol/L","Humid","21.188","deg","90867","µV","35.837","°C","1019.000","hPa","37.0","pmil","0","55.500","deg","20.000","°C","100.000","%a.s.","22.500","deg","20.000","°C","1013.000","hPa","0.861","-0.02056","0.00035","-0.00011","0","14.7","Humid","26.25","0","52.00","343531.15","SABD0000000001","AAV1.0.0.11","2.0.0.28","PSt7-10","000000-000","10/20/2017 9:36:39 AM","0000-00","0","no battery","V"
"10/20/2017","12:56:00","5","default","957498349","OXY5","106.368","min","155.695","μmol/L","Humid","21.188","deg","90868","µV","35.828","°C","1019.000","hPa","37.0","pmil","0","55.500","deg","20.000","°C","100.000","%a.s.","22.500","deg","20.000","°C","1013.000","hPa","0.861","-0.02056","0.00035","-0.00011","0","14.7","Humid","26.25","0","52.00","343525.56","SABD0000000001","AAV1.0.0.11","2.0.0.28","PSt7-10","000000-000","10/20/2017 9:36:39 AM","0000-00","0","no battery","V"
"10/20/2017","12:56:01","5","default","957498349","OXY5","106.384","min","155.663","μmol/L","Humid","21.186","deg","90870","µV","35.838","°C","1019.000","hPa","37.0","pmil","0","55.500","deg","20.000","°C","100.000","%a.s.","22.500","deg","20.000","°C","1013.000","hPa","0.861","-0.02056","0.00035","-0.00011","0","14.7","Humid","26.25","0","52.00","343538.19","SABD0000000001","AAV1.0.0.11","2.0.0.28","PSt7-10","000000-000","10/20/2017 9:36:39 AM","0000-00","0","no battery","V"
"10/20/2017","12:56:02","5","default","957498349","OXY5","106.401","min","155.479","μmol/L","Humid","21.187","deg","90870","µV","35.867","°C","1019.000","hPa","37.0","pmil","0","55.500","deg","20.000","°C","100.000","%a.s.","22.500","deg","20.000","°C","1013.000","hPa","0.861","-0.02056","0.00035","-0.00011","0","14.7","Humid","26.25","0","52.00","343527.49","SABD0000000001","AAV1.0.0.11","2.0.0.28","PSt7-10","000000-000","10/20/2017 9:36:39 AM","0000-00","0","no battery","V"
"10/20/2017","12:56:03","5","default","957498349","OXY5","106.418","min","155.590","μmol/L","Humid","21.184","deg","90866","µV","35.855","°C","1019.000","hPa","37.0","pmil","0","55.500","deg","20.000","°C","100.000","%a.s.","22.500","deg","20.000","°C","1013.000","hPa","0.861","-0.02056","0.00035","-0.00011","0","14.7","Humid","26.25","0","52.00","343518.69","SABD0000000001","AAV1.0.0.11","2.0.0.28","PSt7-10","000000-000","10/20/2017 9:36:39 AM","0000-00","0","no battery","V"
"10/20/2017","12:56:04","5","default","957498349","OXY5","106.435","min","155.581","μmol/L","Humid","21.185","deg","90868","µV","35.854","°C","1019.000","hPa","37.0","pmil","0","55.500","deg","20.000","°C","100.000","%a.s.","22.500","deg","20.000","°C","1013.000","hPa","0.861","-0.02056","0.00035","-0.00011","0","14.7","Humid","26.25","0","52.00","343530.40","SABD0000000001","AAV1.0.0.11","2.0.0.28","PSt7-10","000000-000","10/20/2017 9:36:39 AM","0000-00","0","no battery","V"
"10/20/2017","12:56:05","5","default","957498349","OXY5","106.451","min","155.580","μmol/L","Humid","21.185","deg","90869","µV","35.854","°C","1019.000","hPa","37.0","pmil","0","55.500","deg","20.000","°C","100.000","%a.s.","22.500","deg","20.000","°C","1013.000","hPa","0.861","-0.02056","0.00035","-0.00011","0","14.7","Humid","26.25","0","52.00","343514.65","SABD0000000001","AAV1.0.0.11","2.0.0.28","PSt7-10","000000-000","10/20/2017 9:36:39 AM","0000-00","0","no battery","V"
"10/20/2017","12:56:06","5","default","957498349","OXY5","106.468","min","155.526","μmol/L","Humid","21.190","deg","90870","µV","35.852","°C","1019.000","hPa","37.0","pmil","0","55.500","deg","20.000","°C","100.000","%a.s.","22.500","deg","20.000","°C","1013.000","hPa","0.861","-0.02056","0.00035","-0.00011","0","14.7","Humid","26.25","0","52.00","343533.30","SABD0000000001","AAV1.0.0.11","2.0.0.28","PSt7-10","000000-000","10/20/2017 9:36:39 AM","0000-00","0","no battery","V"
"10/20/2017","12:56:07","5","default","957498349","OXY5","106.485","min","155.563","μmol/L","Humid","21.186","deg","90867","µV","35.855","°C","1019.000","hPa","37.0","pmil","0","55.500","deg","20.000","°C","100.000","%a.s.","22.500","deg","20.000","°C","1013.000","hPa","0.861","-0.02056","0.00035","-0.00011","0","14.7","Humid","26.25","0","52.00","343525.24","SABD0000000001","AAV1.0.0.11","2.0.0.28","PSt7-10","000000-000","10/20/2017 9:36:39 AM","0000-00","0","no battery","V"
"10/20/2017","12:56:08","5","default","957498349","OXY5","106.501","min","155.471","μmol/L","Humid","21.190","deg","90871","µV","35.861","°C","1019.000","hPa","37.0","pmil","0","55.500","deg","20.000","°C","100.000","%a.s.","22.500","deg","20.000","°C","1013.000","hPa","0.861","-0.02056","0.00035","-0.00011","0","14.7","Humid","26.25","0","52.00","343521.05","SABD0000000001","AAV1.0.0.11","2.0.0.28","PSt7-10","000000-000","10/20/2017 9:36:39 AM","0000-00","0","no battery","V"
"10/20/2017","12:56:09","5","default","957498349","OXY5","106.518","min","155.488","μmol/L","Humid","21.192","deg","90870","µV","35.853","°C","1019.000","hPa","37.0","pmil","0","55.500","deg","20.000","°C","100.000","%a.s.","22.500","deg","20.000","°C","1013.000","hPa","0.861","-0.02056","0.00035","-0.00011","0","14.7","Humid","26.25","0","52.00","343511.67","SABD0000000001","AAV1.0.0.11","2.0.0.28","PSt7-10","000000-000","10/20/2017 9:36:39 AM","0000-00","0","no battery","V"
"10/20/2017","12:56:10","5","default","957498349","OXY5","106.535","min","155.610","μmol/L","Humid","21.188","deg","90870","µV","35.842","°C","1019.000","hPa","37.0","pmil","0","55.500","deg","20.000","°C","100.000","%a.s.","22.500","deg","20.000","°C","1013.000","hPa","0.861","-0.02056","0.00035","-0.00011","0","14.7","Humid","26.25","0","52.00","343530.61","SABD0000000001","AAV1.0.0.11","2.0.0.28","PSt7-10","000000-000","10/20/2017 9:36:39 AM","0000-00","0","no battery","V"
"10/20/2017","12:56:11","5","default","957498349","OXY5","106.551","min","155.635","μmol/L","Humid","21.189","deg","90869","µV","35.836","°C","1019.000","hPa","37.0","pmil","0","55.500","deg","20.000","°C","100.000","%a.s.","22.500","deg","20.000","°C","1013.000","hPa","0.861","-0.02056","0.00035","-0.00011","0","14.7","Humid","26.25","0","52.00","343535.40","SABD0000000001","AAV1.0.0.11","2.0.0.28","PSt7-10","000000-000","10/20/2017 9:36:39 AM","0000-00","0","no battery","V"
"10/20/2017","12:56:12","5","default","957498349","OXY5","106.568","min","155.533","μmol/L","Humid","21.191","deg","90868","µV","35.848","°C","1019.000","hPa","37.0","pmil","0","55.500","deg","20.000","°C","100.000","%a.s.","22.500","deg","20.000","°C","1013.000","hPa","0.861","-0.02056","0.00035","-0.00011","0","14.7","Humid","26.25","0","52.00","343524.36","SABD0000000001","AAV1.0.0.11","2.0.0.28","PSt7-10","000000-000","10/20/2017 9:36:39 AM","0000-00","0","no battery","V"
"10/20/2017","12:56:13","5","default","957498349","OXY5","106.585","min","155.634","μmol/L","Humid","21.183","deg","90872","µV","35.850","°C","1019.000","hPa","37.0","pmil","0","55.500","deg","20.000","°C","100.000","%a.s.","22.500","deg","20.000","°C","1013.000","hPa","0.861","-0.02056","0.00035","-0.00011","0","14.7","Humid","26.25","0","52.00","343521.49","SABD0000000001","AAV1.0.0.11","2.0.0.28","PSt7-10","000000-000","10/20/2017 9:36:39 AM","0000-00","0","no battery","V"
"10/20/2017","12:56:14","5","default","957498349","OXY5","106.601","min","155.580","μmol/L","Humid","21.190","deg","90874","µV","35.843","°C","1019.000","hPa","37.0","pmil","0","55.500","deg","20.000","°C","100.000","%a.s.","22.500","deg","20.000","°C","1013.000","hPa","0.861","-0.02056","0.00035","-0.00011","0","14.7","Humid","26.25","0","52.00","343514.54","SABD0000000001","AAV1.0.0.11","2.0.0.28","PSt7-10","000000-000","10/20/2017 9:36:39 AM","0000-00","0","no battery","V"
"10/20/2017","12:56:15","5","default","957498349","OXY5","106.618","min","155.517","μmol/L","Humid","21.191","deg","90869","µV","35.851","°C","1019.000","hPa","37.0","pmil","0","55.500","deg","20.000","°C","100.000","%a.s.","22.500","deg","20.000","°C","1013.000","hPa","0.861","-0.02056","0.00035","-0.00011","0","14.7","Humid","26.25","0","52.00","343508.98","SABD0000000001","AAV1.0.0.11","2.0.0.28","PSt7-10","000000-000","10/20/2017 9:36:39 AM","0000-00","0","no battery","V"
"10/20/2017","12:56:16","5","default","957498349","OXY5","106.635","min","155.612","μmol/L","Humid","21.184","deg","90870","µV","35.851","°C","1019.000","hPa","37.0","pmil","0","55.500","deg","20.000","°C","100.000","%a.s.","22.500","deg","20.000","°C","1013.000","hPa","0.861","-0.02056","0.00035","-0.00011","0","14.7","Humid","26.25","0","52.00","343522.95","SABD0000000001","AAV1.0.0.11","2.0.0.28","PSt7-10","000000-000","10/20/2017 9:36:39 AM","0000-00","0","no battery","V"
"10/20/2017","12:56:17","5","default","957498349","OXY5","106.652","min","155.555","μmol/L","Humid","21.189","deg","90870","µV","35.849","°C","1019.000","hPa","37.0","pmil","0","55.500","deg","20.000","°C","100.000","%a.s.","22.500","deg","20.000","°C","1013.000","hPa","0.861","-0.02056","0.00035","-0.00011","0","14.7","Humid","26.25","0","52.00","343514.56","SABD0000000001","AAV1.0.0.11","2.0.0.28","PSt7-10","000000-000","10/20/2017 9:36:39 AM","0000-00","0","no battery","V"
"10/20/2017","12:56:18","5","default","957498349","OXY5","106.668","min","155.544","μmol/L","Humid","21.190","deg","90874","µV","35.849","°C","1019.000","hPa","37.0","pmil","0","55.500","deg","20.000","°C","100.000","%a.s.","22.500","deg","20.000","°C","1013.000","hPa","0.861","-0.02056","0.00035","-0.00011","0","14.7","Humid","26.25","0","52.00","343511.24","SABD0000000001","AAV1.0.0.11","2.0.0.28","PSt7-10","000000-000","10/20/2017 9:36:39 AM","0000-00","0","no battery","V"
"10/20/2017","12:56:19","5","default","957498349","OXY5","106.685","min","155.573","μmol/L","Humid","21.187","deg","90868","µV","35.851","°C","1019.000","hPa","37.0","pmil","0","55.500","deg","20.000","°C","100.000","%a.s.","22.500","deg","20.000","°C","1013.000","hPa","0.861","-0.02056","0.00035","-0.00011","0","14.7","Humid","26.25","0","52.00","343520.27","SABD0000000001","AAV1.0.0.11","2.0.0.28","PSt7-10","000000-000","10/20/2017 9:36:39 AM","0000-00","0","no battery","V"
"10/20/2017","12:56:20","5","default","957498349","OXY5","106.702","min","155.580","μmol/L","Humid","21.188","deg","90870","µV","35.847","°C","1019.000","hPa","37.0","pmil","0","55.500","deg","20.000","°C","100.000","%a.s.","22.500","deg","20.000","°C","1013.000","hPa","0.861","-0.02056","0.00035","-0.00011","0","14.7","Humid","26.25","0","52.00","343518.40","SABD0000000001","AAV1.0.0.11","2.0.0.28","PSt7-10","000000-000","10/20/2017 9:36:39 AM","0000-00","0","no battery","V"
"10/20/2017","12:56:21","5","default","957498349","OXY5","106.718","min","155.561","μmol/L","Humid","21.188","deg","90880","µV","35.850","°C","1019.000","hPa","37.0","pmil","0","55.500","deg","20.000","°C","100.000","%a.s.","22.500","deg","20.000","°C","1013.000","hPa","0.861","-0.02056","0.00035","-0.00011","0","14.7","Humid","26.25","0","52.00","343516.41","SABD0000000001","AAV1.0.0.11","2.0.0.28","PSt7-10","000000-000","10/20/2017 9:36:39 AM","0000-00","0","no battery","V"
"10/20/2017","12:56:22","5","default","957498349","OXY5","106.735","min","155.607","μmol/L","Humid","21.186","deg","90876","µV","35.847","°C","1019.000","hPa","37.0","pmil","0","55.500","deg","20.000","°C","100.000","%a.s.","22.500","deg","20.000","°C","1013.000","hPa","0.861","-0.02056","0.00035","-0.00011","0","14.7","Humid","26.25","0","52.00","343506.09","SABD0000000001","AAV1.0.0.11","2.0.0.28","PSt7-10","000000-000","10/20/2017 9:36:39 AM","0000-00","0","no battery","V"
"10/20/2017","12:56:23","5","default","957498349","OXY5","106.752","min","155.501","μmol/L","Humid","21.184","deg","90873","µV","35.870","°C","1019.000","hPa","37.0","pmil","0","55.500","deg","20.000","°C","100.000","%a.s.","22.500","deg","20.000","°C","1013.000","hPa","0.861","-0.02056","0.00035","-0.00011","0","14.7","Humid","26.25","0","52.00","343508.75","SABD0000000001","AAV1.0.0.11","2.0.0.28","PSt7-10","000000-000","10/20/2017 9:36:39 AM","0000-00","0","no battery","V"
"10/20/2017","12:56:24","5","default","957498349","OXY5","106.768","min","155.604","μmol/L","Humid","21.184","deg","90869","µV","35.853","°C","1019.000","hPa","37.0","pmil","0","55.500","deg","20.000","°C","100.000","%a.s.","22.500","deg","20.000","°C","1013.000","hPa","0.861","-0.02056","0.00035","-0.00011","0","14.7","Humid","26.25","0","52.00","343510.26","SABD0000000001","AAV1.0.0.11","2.0.0.28","PSt7-10","000000-000","10/20/2017 9:36:39 AM","0000-00","0","no battery","V"
"10/20/2017","12:56:25","5","default","957498349","OXY5","106.785","min","155.619","μmol/L","Humid","21.186","deg","90864","µV","35.845","°C","1019.000","hPa","37.0","pmil","0","55.500","deg","20.000","°C","100.000","%a.s.","22.500","deg","20.000","°C","1013.000","hPa","0.861","-0.02056","0.00035","-0.00011","0","14.7","Humid","26.25","0","52.00","343516.97","SABD0000000001","AAV1.0.0.11","2.0.0.28","PSt7-10","000000-000","10/20/2017 9:36:39 AM","0000-00","0","no battery","V"
"10/20/2017","12:56:26","5","default","957498349","OXY5","106.802","min","155.480","μmol/L","Humid","21.189","deg","90867","µV","35.862","°C","1019.000","hPa","37.0","pmil","0","55.500","deg","20.000","°C","100.000","%a.s.","22.500","deg","20.000","°C","1013.000","hPa","0.861","-0.02056","0.00035","-0.00011","0","14.7","Humid","26.25","0","52.00","343511.06","SABD0000000001","AAV1.0.0.11","2.0.0.28","PSt7-10","000000-000","10/20/2017 9:36:39 AM","0000-00","0","no battery","V"
"10/20/2017","12:56:27","5","default","957498349","OXY5","106.818","min","155.449","μmol/L","Humid","21.192","deg","90865","µV","35.860","°C","1019.000","hPa","37.0","pmil","0","55.500","deg","20.000","°C","100.000","%a.s.","22.500","deg","20.000","°C","1013.000","hPa","0.861","-0.02056","0.00035","-0.00011","0","14.7","Humid","26.25","0","52.00","343511.15","SABD0000000001","AAV1.0.0.11","2.0.0.28","PSt7-10","000000-000","10/20/2017 9:36:39 AM","0000-00","0","no battery","V"
"10/20/2017","12:56:28","5","default","957498349","OXY5","106.835","min","155.512","μmol/L","Humid","21.190","deg","90873","µV","35.854","°C","1019.000","hPa","37.0","pmil","0","55.500","deg","20.000","°C","100.000","%a.s.","22.500","deg","20.000","°C","1013.000","hPa","0.861","-0.02056","0.00035","-0.00011","0","14.7","Humid","26.25","0","52.00","343499.53","SABD0000000001","AAV1.0.0.11","2.0.0.28","PSt7-10","000000-000","10/20/2017 9:36:39 AM","0000-00","0","no battery","V"
"10/20/2017","12:56:29","5","default","957498349","OXY5","106.852","min","155.570","μmol/L","Humid","21.189","deg","90871","µV","35.847","°C","1019.000","hPa","37.0","pmil","0","55.500","deg","20.000","°C","100.000","%a.s.","22.500","deg","20.000","°C","1013.000","hPa","0.861","-0.02056","0.00035","-0.00011","0","14.7","Humid","26.25","0","52.00","343506.62","SABD0000000001","AAV1.0.0.11","2.0.0.28","PSt7-10","000000-000","10/20/2017 9:36:39 AM","0000-00","0","no battery","V"
"10/20/2017","12:56:30","5","default","957498349","OXY5","106.868","min","155.546","μmol/L","Humid","21.191","deg","90868","µV","35.846","°C","1019.000","hPa","37.0","pmil","0","55.500","deg","20.000","°C","100.000","%a.s.","22.500","deg","20.000","°C","1013.000","hPa","0.861","-0.02056","0.00035","-0.00011","0","14.7","Humid","26.25","0","52.00","343503.28","SABD0000000001","AAV1.0.0.11","2.0.0.28","PSt7-10","000000-000","10/20/2017 9:36:39 AM","0000-00","0","no battery","V"
"10/20/2017","12:56:31","5","default","957498349","OXY5","106.885","min","155.457","μmol/L","Humid","21.189","deg","90871","µV","35.866","°C","1019.000","hPa","37.0","pmil","0","55.500","deg","20.000","°C","100.000","%a.s.","22.500","deg","20.000","°C","1013.000","hPa","0.861","-0.02056","0.00035","-0.00011","0","14.7","Humid","26.25","0","52.00","343515.31","SABD0000000001","AAV1.0.0.11","2.0.0.28","PSt7-10","000000-000","10/20/2017 9:36:39 AM","0000-00","0","no battery","V"
"10/20/2017","12:56:32","5","default","957498349","OXY5","106.902","min","155.533","μmol/L","Humid","21.186","deg","90868","µV","35.860","°C","1019.000","hPa","37.0","pmil","0","55.500","deg","20.000","°C","100.000","%a.s.","22.500","deg","20.000","°C","1013.000","hPa","0.861","-0.02056","0.00035","-0.00011","0","14.7","Humid","26.25","0","52.00","343513.26","SABD0000000001","AAV1.0.0.11","2.0.0.28","PSt7-10","000000-000","10/20/2017 9:36:39 AM","0000-00","0","no battery","V"
"10/20/2017","12:56:33","5","default","957498349","OXY5","106.918","min","155.543","μmol/L","Humid","21.188","deg","90868","µV","35.854","°C","1019.000","hPa","37.0","pmil","0","55.500","deg","20.000","°C","100.000","%a.s.","22.500","deg","20.000","°C","1013.000","hPa","0.861","-0.02056","0.00035","-0.00011","0","14.7","Humid","26.25","0","52.00","343513.66","SABD0000000001","AAV1.0.0.11","2.0.0.28","PSt7-10","000000-000","10/20/2017 9:36:39 AM","0000-00","0","no battery","V"
"10/20/2017","12:56:34","5","default","957498349","OXY5","106.935","min","155.547","μmol/L","Humid","21.188","deg","90870","µV","35.853","°C","1019.000","hPa","37.0","pmil","0","55.500","deg","20.000","°C","100.000","%a.s.","22.500","deg","20.000","°C","1013.000","hPa","0.861","-0.02056","0.00035","-0.00011","0","14.7","Humid","26.25","0","52.00","343506.37","SABD0000000001","AAV1.0.0.11","2.0.0.28","PSt7-10","000000-000","10/20/2017 9:36:39 AM","0000-00","0","no battery","V"
"10/20/2017","12:56:35","5","default","957498349","OXY5","106.952","min","155.484","μmol/L","Humid","21.191","deg","90868","µV","35.856","°C","1019.000","hPa","37.0","pmil","0","55.500","deg","20.000","°C","100.000","%a.s.","22.500","deg","20.000","°C","1013.000","hPa","0.861","-0.02056","0.00035","-0.00011","0","14.7","Humid","26.25","0","52.00","343498.20","SABD0000000001","AAV1.0.0.11","2.0.0.28","PSt7-10","000000-000","10/20/2017 9:36:39 AM","0000-00","0","no battery","V"
"10/20/2017","12:56:36","5","default","957498349","OXY5","106.968","min","155.543","μmol/L","Humid","21.189","deg","90869","µV","35.851","°C","1019.000","hPa","37.0","pmil","0","55.500","deg","20.000","°C","100.000","%a.s.","22.500","deg","20.000","°C","1013.000","hPa","0.861","-0.02056","0.00035","-0.00011","0","14.7","Humid","26.25","0","52.00","343508.97","SABD0000000001","AAV1.0.0.11","2.0.0.28","PSt7-10","000000-000","10/20/2017 9:36:39 AM","0000-00","0","no battery","V"
"10/20/2017","12:56:37","5","default","957498349","OXY5","106.985","min","155.664","μmol/L","Humid","21.185","deg","90868","µV","35.840","°C","1019.000","hPa","37.0","pmil","0","55.500","deg","20.000","°C","100.000","%a.s.","22.500","deg","20.000","°C","1013.000","hPa","0.861","-0.02056","0.00035","-0.00011","0","14.7","Humid","26.25","0","52.00","343498.19","SABD0000000001","AAV1.0.0.11","2.0.0.28","PSt7-10","000000-000","10/20/2017 9:36:39 AM","0000-00","0","no battery","V"
"10/20/2017","12:56:38","5","default","957498349","OXY5","107.002","min","155.531","μmol/L","Humid","21.189","deg","90871","µV","35.853","°C","1019.000","hPa","37.0","pmil","0","55.500","deg","20.000","°C","100.000","%a.s.","22.500","deg","20.000","°C","1013.000","hPa","0.861","-0.02056","0.00035","-0.00011","0","14.7","Humid","26.25","0","52.00","343510.18","SABD0000000001","AAV1.0.0.11","2.0.0.28","PSt7-10","000000-000","10/20/2017 9:36:39 AM","0000-00","0","no battery","V"
"10/20/2017","12:56:39","5","default","957498349","OXY5","107.018","min","155.598","μmol/L","Humid","21.187","deg","90860","µV","35.847","°C","1019.000","hPa","37.0","pmil","0","55.500","deg","20.000","°C","100.000","%a.s.","22.500","deg","20.000","°C","1013.000","hPa","0.861","-0.02056","0.00035","-0.00011","0","14.7","Humid","26.25","0","52.00","343503.79","SABD0000000001","AAV1.0.0.11","2.0.0.28","PSt7-10","000000-000","10/20/2017 9:36:39 AM","0000-00","0","no battery","V"
"10/20/2017","12:56:40","5","default","957498349","OXY5","107.035","min","155.512","μmol/L","Humid","21.184","deg","90868","µV","35.868","°C","1019.000","hPa","37.0","pmil","0","55.500","deg","20.000","°C","100.000","%a.s.","22.500","deg","20.000","°C","1013.000","hPa","0.861","-0.02056","0.00035","-0.00011","0","14.7","Humid","26.25","0","52.00","343489.78","SABD0000000001","AAV1.0.0.11","2.0.0.28","PSt7-10","000000-000","10/20/2017 9:36:39 AM","0000-00","0","no battery","V"
"10/20/2017","12:56:41","5","default","957498349","OXY5","107.052","min","155.426","μmol/L","Humid","21.188","deg","90865","µV","35.873","°C","1019.000","hPa","37.0","pmil","0","55.500","deg","20.000","°C","100.000","%a.s.","22.500","deg","20.000","°C","1013.000","hPa","0.861","-0.02056","0.00035","-0.00011","0","14.7","Humid","26.25","0","52.00","343496.74","SABD0000000001","AAV1.0.0.11","2.0.0.28","PSt7-10","000000-000","10/20/2017 9:36:39 AM","0000-00","0","no battery","V"
"10/20/2017","12:56:42","5","default","957498349","OXY5","107.068","min","155.545","μmol/L","Humid","21.186","deg","90870","µV","35.858","°C","1019.000","hPa","37.0","pmil","0","55.500","deg","20.000","°C","100.000","%a.s.","22.500","deg","20.000","°C","1013.000","hPa","0.861","-0.02056","0.00035","-0.00011","0","14.7","Humid","26.25","0","52.00","343491.94","SABD0000000001","AAV1.0.0.11","2.0.0.28","PSt7-10","000000-000","10/20/2017 9:36:39 AM","0000-00","0","no battery","V"
"10/20/2017","12:56:43","5","default","957498349","OXY5","107.085","min","155.552","μmol/L","Humid","21.190","deg","90864","µV","35.847","°C","1019.000","hPa","37.0","pmil","0","55.500","deg","20.000","°C","100.000","%a.s.","22.500","deg","20.000","°C","1013.000","hPa","0.861","-0.02056","0.00035","-0.00011","0","14.7","Humid","26.25","0","52.00","343496.96","SABD0000000001","AAV1.0.0.11","2.0.0.28","PSt7-10","000000-000","10/20/2017 9:36:39 AM","0000-00","0","no battery","V"
"10/20/2017","12:56:44","5","default","957498349","OXY5","107.102","min","155.549","μmol/L","Humid","21.191","deg","90867","µV","35.845","°C","1019.000","hPa","37.0","pmil","0","55.500","deg","20.000","°C","100.000","%a.s.","22.500","deg","20.000","°C","1013.000","hPa","0.861","-0.02056","0.00035","-0.00011","0","14.7","Humid","26.25","0","52.00","343490.46","SABD0000000001","AAV1.0.0.11","2.0.0.28","PSt7-10","000000-000","10/20/2017 9:36:39 AM","0000-00","0","no battery","V"
"10/20/2017","12:56:45","5","default","957498349","OXY5","107.118","min","155.476","μmol/L","Humid","21.190","deg","90872","µV","35.860","°C","1019.000","hPa","37.0","pmil","0","55.500","deg","20.000","°C","100.000","%a.s.","22.500","deg","20.000","°C","1013.000","hPa","0.861","-0.02056","0.00035","-0.00011","0","14.7","Humid","26.25","0","52.00","343498.91","SABD0000000001","AAV1.0.0.11","2.0.0.28","PSt7-10","000000-000","10/20/2017 9:36:39 AM","0000-00","0","no battery","V"
"10/20/2017","12:56:46","5","default","957498349","OXY5","107.135","min","155.593","μmol/L","Humid","21.189","deg","90866","µV","35.843","°C","1019.000","hPa","37.0","pmil","0","55.500","deg","20.000","°C","100.000","%a.s.","22.500","deg","20.000","°C","1013.000","hPa","0.861","-0.02056","0.00035","-0.00011","0","14.7","Humid","26.25","0","52.00","343489.73","SABD0000000001","AAV1.0.0.11","2.0.0.28","PSt7-10","000000-000","10/20/2017 9:36:39 AM","0000-00","0","no battery","V"
"10/20/2017","12:56:47","5","default","957498349","OXY5","107.152","min","155.460","μmol/L","Humid","21.191","deg","90870","µV","35.861","°C","1019.000","hPa","37.0","pmil","0","55.500","deg","20.000","°C","100.000","%a.s.","22.500","deg","20.000","°C","1013.000","hPa","0.861","-0.02056","0.00035","-0.00011","0","14.7","Humid","26.25","0","52.00","343487.64","SABD0000000001","AAV1.0.0.11","2.0.0.28","PSt7-10","000000-000","10/20/2017 9:36:39 AM","0000-00","0","no battery","V"
"10/20/2017","12:56:48","5","default","957498349","OXY5","107.168","min","155.439","μmol/L","Humid","21.190","deg","90866","µV","35.866","°C","1019.000","hPa","37.0","pmil","0","55.500","deg","20.000","°C","100.000","%a.s.","22.500","deg","20.000","°C","1013.000","hPa","0.861","-0.02056","0.00035","-0.00011","0","14.7","Humid","26.25","0","52.00","343499.53","SABD0000000001","AAV1.0.0.11","2.0.0.28","PSt7-10","000000-000","10/20/2017 9:36:39 AM","0000-00","0","no battery","V"
"10/20/2017","12:56:49","5","default","957498349","OXY5","107.185","min","155.504","μmol/L","Humid","21.189","deg","90871","µV","35.858","°C","1019.000","hPa","37.0","pmil","0","55.500","deg","20.000","°C","100.000","%a.s.","22.500","deg","20.000","°C","1013.000","hPa","0.861","-0.02056","0.00035","-0.00011","0","14.7","Humid","26.25","0","52.00","343480.27","SABD0000000001","AAV1.0.0.11","2.0.0.28","PSt7-10","000000-000","10/20/2017 9:36:39 AM","0000-00","0","no battery","V"
"10/20/2017","12:56:50","5","default","957498349","OXY5","107.202","min","155.487","μmol/L","Humid","21.190","deg","90874","µV","35.858","°C","1019.000","hPa","37.0","pmil","0","55.500","deg","20.000","°C","100.000","%a.s.","22.500","deg","20.000","°C","1013.000","hPa","0.861","-0.02056","0.00035","-0.00011","0","14.7","Humid","26.25","0","52.00","343499.26","SABD0000000001","AAV1.0.0.11","2.0.0.28","PSt7-10","000000-000","10/20/2017 9:36:39 AM","0000-00","0","no battery","V"
"10/20/2017","12:56:51","5","default","957498349","OXY5","107.218","min","155.452","μmol/L","Humid","21.190","deg","90867","µV","35.864","°C","1019.000","hPa","37.0","pmil","0","55.500","deg","20.000","°C","100.000","%a.s.","22.500","deg","20.000","°C","1013.000","hPa","0.861","-0.02056","0.00035","-0.00011","0","14.7","Humid","26.25","0","52.00","343499.97","SABD0000000001","AAV1.0.0.11","2.0.0.28","PSt7-10","000000-000","10/20/2017 9:36:39 AM","0000-00","0","no battery","V"
"10/20/2017","12:56:52","5","default","957498349","OXY5","107.235","min","155.539","μmol/L","Humid","21.190","deg","90874","µV","35.850","°C","1019.000","hPa","37.0","pmil","0","55.500","deg","20.000","°C","100.000","%a.s.","22.500","deg","20.000","°C","1013.000","hPa","0.861","-0.02056","0.00035","-0.00011","0","14.7","Humid","26.25","0","52.00","343493.83","SABD0000000001","AAV1.0.0.11","2.0.0.28","PSt7-10","000000-000","10/20/2017 9:36:39 AM","0000-00","0","no battery","V"
"10/20/2017","12:56:53","5","default","957498349","OXY5","107.252","min","155.554","μmol/L","Humid","21.189","deg","90871","µV","35.849","°C","1019.000","hPa","37.0","pmil","0","55.500","deg","20.000","°C","100.000","%a.s.","22.500","deg","20.000","°C","1013.000","hPa","0.861","-0.02056","0.00035","-0.00011","0","14.7","Humid","26.25","0","52.00","343485.88","SABD0000000001","AAV1.0.0.11","2.0.0.28","PSt7-10","000000-000","10/20/2017 9:36:39 AM","0000-00","0","no battery","V"
"10/20/2017","12:56:54","5","default","957498349","OXY5","107.268","min","155.591","μmol/L","Humid","21.185","deg","90879","µV","35.852","°C","1019.000","hPa","37.0","pmil","0","55.500","deg","20.000","°C","100.000","%a.s.","22.500","deg","20.000","°C","1013.000","hPa","0.861","-0.02056","0.00035","-0.00011","0","14.7","Humid","26.25","0","52.00","343494.16","SABD0000000001","AAV1.0.0.11","2.0.0.28","PSt7-10","000000-000","10/20/2017 9:36:39 AM","0000-00","0","no battery","V"
"10/20/2017","12:56:55","5","default","957498349","OXY5","107.285","min","155.472","μmol/L","Humid","21.189","deg","90870","µV","35.863","°C","1019.000","hPa","37.0","pmil","0","55.500","deg","20.000","°C","100.000","%a.s.","22.500","deg","20.000","°C","1013.000","hPa","0.861","-0.02056","0.00035","-0.00011","0","14.7","Humid","26.25","0","52.00","343496.85","SABD0000000001","AAV1.0.0.11","2.0.0.28","PSt7-10","000000-000","10/20/2017 9:36:39 AM","0000-00","0","no battery","V"
"10/20/2017","12:56:56","5","default","957498349","OXY5","107.302","min","155.557","μmol/L","Humid","21.184","deg","90870","µV","35.861","°C","1019.000","hPa","37.0","pmil","0","55.500","deg","20.000","°C","100.000","%a.s.","22.500","deg","20.000","°C","1013.000","hPa","0.861","-0.02056","0.00035","-0.00011","0","14.7","Humid","26.25","0","52.00","343489.06","SABD0000000001","AAV1.0.0.11","2.0.0.28","PSt7-10","000000-000","10/20/2017 9:36:39 AM","0000-00","0","no battery","V"
"10/20/2017","12:56:57","5","default","957498349","OXY5","107.318","min","155.523","μmol/L","Humid","21.187","deg","90873","µV","35.859","°C","1019.000","hPa","37.0","pmil","0","55.500","deg","20.000","°C","100.000","%a.s.","22.500","deg","20.000","°C","1013.000","hPa","0.861","-0.02056","0.00035","-0.00011","0","14.7","Humid","26.25","0","52.00","343494.99","SABD0000000001","AAV1.0.0.11","2.0.0.28","PSt7-10","000000-000","10/20/2017 9:36:39 AM","0000-00","0","no battery","V"
"10/20/2017","12:56:58","5","default","957498349","OXY5","107.335","min","155.512","μmol/L","Humid","21.191","deg","90868","µV","35.852","°C","1019.000","hPa","37.0","pmil","0","55.500","deg","20.000","°C","100.000","%a.s.","22.500","deg","20.000","°C","1013.000","hPa","0.861","-0.02056","0.00035","-0.00011","0","14.7","Humid","26.25","0","52.00","343487.64","SABD0000000001","AAV1.0.0.11","2.0.0.28","PSt7-10","000000-000","10/20/2017 9:36:39 AM","0000-00","0","no battery","V"
"10/20/2017","12:56:59","5","default","957498349","OXY5","107.352","min","155.471","μmol/L","Humid","21.188","deg","90867","µV","35.866","°C","1019.000","hPa","37.0","pmil","0","55.500","deg","20.000","°C","100.000","%a.s.","22.500","deg","20.000","°C","1013.000","hPa","0.861","-0.02056","0.00035","-0.00011","0","14.7","Humid","26.25","0","52.00","343471.69","SABD0000000001","AAV1.0.0.11","2.0.0.28","PSt7-10","000000-000","10/20/2017 9:36:39 AM","0000-00","0","no battery","V"
"10/20/2017","12:57:00","5","default","957498349","OXY5","107.368","min","155.447","μmol/L","Humid","21.190","deg","90868","µV","35.865","°C","1019.000","hPa","37.0","pmil","0","55.500","deg","20.000","°C","100.000","%a.s.","22.500","deg","20.000","°C","1013.000","hPa","0.861","-0.02056","0.00035","-0.00011","0","14.7","Humid","26.25","0","52.00","343491.24","SABD0000000001","AAV1.0.0.11","2.0.0.28","PSt7-10","000000-000","10/20/2017 9:36:39 AM","0000-00","0","no battery","V"
"10/20/2017","12:57:01","5","default","957498349","OXY5","107.385","min","155.420","μmol/L","Humid","21.193","deg","90867","µV","35.863","°C","1019.000","hPa","37.0","pmil","0","55.500","deg","20.000","°C","100.000","%a.s.","22.500","deg","20.000","°C","1013.000","hPa","0.861","-0.02056","0.00035","-0.00011","0","14.7","Humid","26.25","0","52.00","343483.86","SABD0000000001","AAV1.0.0.11","2.0.0.28","PSt7-10","000000-000","10/20/2017 9:36:39 AM","0000-00","0","no battery","V"
"10/20/2017","12:57:02","5","default","957498349","OXY5","107.401","min","155.489","μmol/L","Humid","21.190","deg","90868","µV","35.858","°C","1019.000","hPa","37.0","pmil","0","55.500","deg","20.000","°C","100.000","%a.s.","22.500","deg","20.000","°C","1013.000","hPa","0.861","-0.02056","0.00035","-0.00011","0","14.7","Humid","26.25","0","52.00","343475.09","SABD0000000001","AAV1.0.0.11","2.0.0.28","PSt7-10","000000-000","10/20/2017 9:36:39 AM","0000-00","0","no battery","V"
"10/20/2017","12:57:03","5","default","957498349","OXY5","107.418","min","155.346","μmol/L","Humid","21.194","deg","90874","µV","35.873","°C","1019.000","hPa","37.0","pmil","0","55.500","deg","20.000","°C","100.000","%a.s.","22.500","deg","20.000","°C","1013.000","hPa","0.861","-0.02056","0.00035","-0.00011","0","14.7","Humid","26.25","0","52.00","343479.17","SABD0000000001","AAV1.0.0.11","2.0.0.28","PSt7-10","000000-000","10/20/2017 9:36:39 AM","0000-00","0","no battery","V"
"10/20/2017","12:57:04","5","default","957498349","OXY5","107.434","min","155.498","μmol/L","Humid","21.189","deg","90865","µV","35.859","°C","1019.000","hPa","37.0","pmil","0","55.500","deg","20.000","°C","100.000","%a.s.","22.500","deg","20.000","°C","1013.000","hPa","0.861","-0.02056","0.00035","-0.00011","0","14.7","Humid","26.25","0","52.00","343480.48","SABD0000000001","AAV1.0.0.11","2.0.0.28","PSt7-10","000000-000","10/20/2017 9:36:39 AM","0000-00","0","no battery","V"
"10/20/2017","12:57:05","5","default","957498349","OXY5","107.451","min","155.426","μmol/L","Humid","21.192","deg","90870","µV","35.864","°C","1019.000","hPa","37.0","pmil","0","55.500","deg","20.000","°C","100.000","%a.s.","22.500","deg","20.000","°C","1013.000","hPa","0.861","-0.02056","0.00035","-0.00011","0","14.7","Humid","26.25","0","52.00","343472.38","SABD0000000001","AAV1.0.0.11","2.0.0.28","PSt7-10","000000-000","10/20/2017 9:36:39 AM","0000-00","0","no battery","V"
"10/20/2017","12:57:06","5","default","957498349","OXY5","107.468","min","155.538","μmol/L","Humid","21.187","deg","90872","µV","35.857","°C","1019.000","hPa","37.0","pmil","0","55.500","deg","20.000","°C","100.000","%a.s.","22.500","deg","20.000","°C","1013.000","hPa","0.861","-0.02056","0.00035","-0.00011","0","14.7","Humid","26.25","0","52.00","343481.64","SABD0000000001","AAV1.0.0.11","2.0.0.28","PSt7-10","000000-000","10/20/2017 9:36:39 AM","0000-00","0","no battery","V"
"10/20/2017","12:57:07","5","default","957498349","OXY5","107.484","min","155.502","μmol/L","Humid","21.190","deg","90869","µV","35.856","°C","1019.000","hPa","37.0","pmil","0","55.500","deg","20.000","°C","100.000","%a.s.","22.500","deg","20.000","°C","1013.000","hPa","0.861","-0.02056","0.00035","-0.00011","0","14.7","Humid","26.25","0","52.00","343476.17","SABD0000000001","AAV1.0.0.11","2.0.0.28","PSt7-10","000000-000","10/20/2017 9:36:39 AM","0000-00","0","no battery","V"
"10/20/2017","12:57:08","5","default","957498349","OXY5","107.501","min","155.584","μmol/L","Humid","21.189","deg","90872","µV","35.844","°C","1019.000","hPa","37.0","pmil","0","55.500","deg","20.000","°C","100.000","%a.s.","22.500","deg","20.000","°C","1013.000","hPa","0.861","-0.02056","0.00035","-0.00011","0","14.7","Humid","26.25","0","52.00","343461.54","SABD0000000001","AAV1.0.0.11","2.0.0.28","PSt7-10","000000-000","10/20/2017 9:36:39 AM","0000-00","0","no battery","V"
"10/20/2017","12:57:09","5","default","957498349","OXY5","107.518","min","155.566","μmol/L","Humid","21.187","deg","90869","µV","35.852","°C","1019.000","hPa","37.0","pmil","0","55.500","deg","20.000","°C","100.000","%a.s.","22.500","deg","20.000","°C","1013.000","hPa","0.861","-0.02056","0.00035","-0.00011","0","14.7","Humid","26.25","0","52.00","343470.71","SABD0000000001","AAV1.0.0.11","2.0.0.28","PSt7-10","000000-000","10/20/2017 9:36:39 AM","0000-00","0","no battery","V"
"10/20/2017","12:57:10","5","default","957498349","OXY5","107.535","min","155.492","μmol/L","Humid","21.189","deg","90869","µV","35.860","°C","1019.000","hPa","37.0","pmil","0","55.500","deg","20.000","°C","100.000","%a.s.","22.500","deg","20.000","°C","1013.000","hPa","0.861","-0.02056","0.00035","-0.00011","0","14.7","Humid","26.25","0","52.00","343466.88","SABD0000000001","AAV1.0.0.11","2.0.0.28","PSt7-10","000000-000","10/20/2017 9:36:39 AM","0000-00","0","no battery","V"
"10/20/2017","12:57:11","5","default","957498349","OXY5","107.551","min","155.531","μmol/L","Humid","21.191","deg","90874","µV","35.848","°C","1019.000","hPa","37.0","pmil","0","55.500","deg","20.000","°C","100.000","%a.s.","22.500","deg","20.000","°C","1013.000","hPa","0.861","-0.02056","0.00035","-0.00011","0","14.7","Humid","26.25","0","52.00","343465.36","SABD0000000001","AAV1.0.0.11","2.0.0.28","PSt7-10","000000-000","10/20/2017 9:36:39 AM","0000-00","0","no battery","V"
"10/20/2017","12:57:12","5","default","957498349","OXY5","107.568","min","155.523","μmol/L","Humid","21.189","deg","90868","µV","35.855","°C","1019.000","hPa","37.0","pmil","0","55.500","deg","20.000","°C","100.000","%a.s.","22.500","deg","20.000","°C","1013.000","hPa","0.861","-0.02056","0.00035","-0.00011","0","14.7","Humid","26.25","0","52.00","343473.74","SABD0000000001","AAV1.0.0.11","2.0.0.28","PSt7-10","000000-000","10/20/2017 9:36:39 AM","0000-00","0","no battery","V"
"10/20/2017","12:57:13","5","default","957498349","OXY5","107.585","min","155.573","μmol/L","Humid","21.186","deg","90870","µV","35.853","°C","1019.000","hPa","37.0","pmil","0","55.500","deg","20.000","°C","100.000","%a.s.","22.500","deg","20.000","°C","1013.000","hPa","0.861","-0.02056","0.00035","-0.00011","0","14.7","Humid","26.25","0","52.00","343463.78","SABD0000000001","AAV1.0.0.11","2.0.0.28","PSt7-10","000000-000","10/20/2017 9:36:39 AM","0000-00","0","no battery","V"
"10/20/2017","12:57:14","5","default","957498349","OXY5","107.601","min","155.488","μmol/L","Humid","21.191","deg","90872","µV","35.856","°C","1019.000","hPa","37.0","pmil","0","55.500","deg","20.000","°C","100.000","%a.s.","22.500","deg","20.000","°C","1013.000","hPa","0.861","-0.02056","0.00035","-0.00011","0","14.7","Humid","26.25","0","52.00","343472.83","SABD0000000001","AAV1.0.0.11","2.0.0.28","PSt7-10","000000-000","10/20/2017 9:36:39 AM","0000-00","0","no battery","V"
"10/20/2017","12:57:15","5","default","957498349","OXY5","107.618","min","155.523","μmol/L","Humid","21.188","deg","90871","µV","35.857","°C","1019.000","hPa","37.0","pmil","0","55.500","deg","20.000","°C","100.000","%a.s.","22.500","deg","20.000","°C","1013.000","hPa","0.861","-0.02056","0.00035","-0.00011","0","14.7","Humid","26.25","0","52.00","343475.39","SABD0000000001","AAV1.0.0.11","2.0.0.28","PSt7-10","000000-000","10/20/2017 9:36:39 AM","0000-00","0","no battery","V"
"10/20/2017","12:57:16","5","default","957498349","OXY5","107.635","min","155.607","μmol/L","Humid","21.188","deg","90867","µV","35.843","°C","1019.000","hPa","37.0","pmil","0","55.500","deg","20.000","°C","100.000","%a.s.","22.500","deg","20.000","°C","1013.000","hPa","0.861","-0.02056","0.00035","-0.00011","0","14.7","Humid","26.25","0","52.00","343450.61","SABD0000000001","AAV1.0.0.11","2.0.0.28","PSt7-10","000000-000","10/20/2017 9:36:39 AM","0000-00","0","no battery","V"
"10/20/2017","12:57:17","5","default","957498349","OXY5","107.651","min","155.467","μmol/L","Humid","21.191","deg","90871","µV","35.859","°C","1019.000","hPa","37.0","pmil","0","55.500","deg","20.000","°C","100.000","%a.s.","22.500","deg","20.000","°C","1013.000","hPa","0.861","-0.02056","0.00035","-0.00011","0","14.7","Humid","26.25","0","52.00","343457.78","SABD0000000001","AAV1.0.0.11","2.0.0.28","PSt7-10","000000-000","10/20/2017 9:36:39 AM","0000-00","0","no battery","V"
"10/20/2017","12:57:18","5","default","957498349","OXY5","107.668","min","155.582","μmol/L","Humid","21.186","deg","90875","µV","35.852","°C","1019.000","hPa","37.0","pmil","0","55.500","deg","20.000","°C","100.000","%a.s.","22.500","deg","20.000","°C","1013.000","hPa","0.861","-0.02056","0.00035","-0.00011","0","14.7","Humid","26.25","0","52.00","343475.82","SABD0000000001","AAV1.0.0.11","2.0.0.28","PSt7-10","000000-000","10/20/2017 9:36:39 AM","0000-00","0","no battery","V"
"10/20/2017","12:57:19","5","default","957498349","OXY5","107.685","min","155.373","μmol/L","Humid","21.191","deg","90868","µV","35.875","°C","1019.000","hPa","37.0","pmil","0","55.500","deg","20.000","°C","100.000","%a.s.","22.500","deg","20.000","°C","1013.000","hPa","0.861","-0.02056","0.00035","-0.00011","0","14.7","Humid","26.25","0","52.00","343470.59","SABD0000000001","AAV1.0.0.11","2.0.0.28","PSt7-10","000000-000","10/20/2017 9:36:39 AM","0000-00","0","no battery","V"
"10/20/2017","12:57:20","5","default","957498349","OXY5","107.701","min","155.462","μmol/L","Humid","21.189","deg","90866","µV","35.865","°C","1019.000","hPa","37.0","pmil","0","55.500","deg","20.000","°C","100.000","%a.s.","22.500","deg","20.000","°C","1013.000","hPa","0.861","-0.02056","0.00035","-0.00011","0","14.7","Humid","26.25","0","52.00","343465.38","SABD0000000001","AAV1.0.0.11","2.0.0.28","PSt7-10","000000-000","10/20/2017 9:36:39 AM","0000-00","0","no battery","V"
"10/20/2017","12:57:21","5","default","957498349","OXY5","107.718","min","155.540","μmol/L","Humid","21.184","deg","90862","µV","35.864","°C","1019.000","hPa","37.0","pmil","0","55.500","deg","20.000","°C","100.000","%a.s.","22.500","deg","20.000","°C","1013.000","hPa","0.861","-0.02056","0.00035","-0.00011","0","14.7","Humid","26.25","0","52.00","343466.64","SABD0000000001","AAV1.0.0.11","2.0.0.28","PSt7-10","000000-000","10/20/2017 9:36:39 AM","0000-00","0","no battery","V"
"10/20/2017","12:57:22","5","default","957498349","OXY5","107.735","min","155.396","μmol/L","Humid","21.192","deg","90868","µV","35.869","°C","1019.000","hPa","37.0","pmil","0","55.500","deg","20.000","°C","100.000","%a.s.","22.500","deg","20.000","°C","1013.000","hPa","0.861","-0.02056","0.00035","-0.00011","0","14.7","Humid","26.25","0","52.00","343460.17","SABD0000000001","AAV1.0.0.11","2.0.0.28","PSt7-10","000000-000","10/20/2017 9:36:39 AM","0000-00","0","no battery","V"
"10/20/2017","12:57:23","5","default","957498349","OXY5","107.751","min","155.466","μmol/L","Humid","21.188","deg","90863","µV","35.867","°C","1019.000","hPa","37.0","pmil","0","55.500","deg","20.000","°C","100.000","%a.s.","22.500","deg","20.000","°C","1013.000","hPa","0.861","-0.02056","0.00035","-0.00011","0","14.7","Humid","26.25","0","52.00","343458.63","SABD0000000001","AAV1.0.0.11","2.0.0.28","PSt7-10","000000-000","10/20/2017 9:36:39 AM","0000-00","0","no battery","V"
"10/20/2017","12:57:24","5","default","957498349","OXY5","107.768","min","155.518","μmol/L","Humid","21.187","deg","90869","µV","35.860","°C","1019.000","hPa","37.0","pmil","0","55.500","deg","20.000","°C","100.000","%a.s.","22.500","deg","20.000","°C","1013.000","hPa","0.861","-0.02056","0.00035","-0.00011","0","14.7","Humid","26.25","0","52.00","343464.39","SABD0000000001","AAV1.0.0.11","2.0.0.28","PSt7-10","000000-000","10/20/2017 9:36:39 AM","0000-00","0","no battery","V"
"10/20/2017","12:57:25","5","default","957498349","OXY5","107.785","min","155.566","μmol/L","Humid","21.186","deg","90868","µV","35.854","°C","1019.000","hPa","37.0","pmil","0","55.500","deg","20.000","°C","100.000","%a.s.","22.500","deg","20.000","°C","1013.000","hPa","0.861","-0.02056","0.00035","-0.00011","0","14.7","Humid","26.25","0","52.00","343469.08","SABD0000000001","AAV1.0.0.11","2.0.0.28","PSt7-10","000000-000","10/20/2017 9:36:39 AM","0000-00","0","no battery","V"
"10/20/2017","12:57:26","5","default","957498349","OXY5","107.801","min","155.551","μmol/L","Humid","21.188","deg","90874","µV","35.852","°C","1019.000","hPa","37.0","pmil","0","55.500","deg","20.000","°C","100.000","%a.s.","22.500","deg","20.000","°C","1013.000","hPa","0.861","-0.02056","0.00035","-0.00011","0","14.7","Humid","26.25","0","52.00","343461.26","SABD0000000001","AAV1.0.0.11","2.0.0.28","PSt7-10","000000-000","10/20/2017 9:36:39 AM","0000-00","0","no battery","V"
"10/20/2017","12:57:27","5","default","957498349","OXY5","107.818","min","155.464","μmol/L","Humid","21.190","deg","90868","µV","35.862","°C","1019.000","hPa","37.0","pmil","0","55.500","deg","20.000","°C","100.000","%a.s.","22.500","deg","20.000","°C","1013.000","hPa","0.861","-0.02056","0.00035","-0.00011","0","14.7","Humid","26.25","0","52.00","343465.87","SABD0000000001","AAV1.0.0.11","2.0.0.28","PSt7-10","000000-000","10/20/2017 9:36:39 AM","0000-00","0","no battery","V"
"10/20/2017","12:57:28","5","default","957498349","OXY5","107.835","min","155.354","μmol/L","Humid","21.191","deg","90872","µV","35.878","°C","1019.000","hPa","37.0","pmil","0","55.500","deg","20.000","°C","100.000","%a.s.","22.500","deg","20.000","°C","1013.000","hPa","0.861","-0.02056","0.00035","-0.00011","0","14.7","Humid","26.25","0","52.00","343450.74","SABD0000000001","AAV1.0.0.11","2.0.0.28","PSt7-10","000000-000","10/20/2017 9:36:39 AM","0000-00","0","no battery","V"
"10/20/2017","12:57:29","5","default","957498349","OXY5","107.851","min","155.441","μmol/L","Humid","21.187","deg","90864","µV","35.873","°C","1019.000","hPa","37.0","pmil","0","55.500","deg","20.000","°C","100.000","%a.s.","22.500","deg","20.000","°C","1013.000","hPa","0.861","-0.02056","0.00035","-0.00011","0","14.7","Humid","26.25","0","52.00","343455.23","SABD0000000001","AAV1.0.0.11","2.0.0.28","PSt7-10","000000-000","10/20/2017 9:36:39 AM","0000-00","0","no battery","V"
"10/20/2017","12:57:30","5","default","957498349","OXY5","107.868","min","155.549","μmol/L","Humid","21.186","deg","90875","µV","35.857","°C","1019.000","hPa","37.0","pmil","0","55.500","deg","20.000","°C","100.000","%a.s.","22.500","deg","20.000","°C","1013.000","hPa","0.861","-0.02056","0.00035","-0.00011","0","14.7","Humid","26.25","0","52.00","343475.43","SABD0000000001","AAV1.0.0.11","2.0.0.28","PSt7-10","000000-000","10/20/2017 9:36:39 AM","0000-00","0","no battery","V"
"10/20/2017","12:57:31","5","default","957498349","OXY5","107.885","min","155.447","μmol/L","Humid","21.186","deg","90867","µV","35.875","°C","1019.000","hPa","37.0","pmil","0","55.500","deg","20.000","°C","100.000","%a.s.","22.500","deg","20.000","°C","1013.000","hPa","0.861","-0.02056","0.00035","-0.00011","0","14.7","Humid","26.25","0","52.00","343460.18","SABD0000000001","AAV1.0.0.11","2.0.0.28","PSt7-10","000000-000","10/20/2017 9:36:39 AM","0000-00","0","no battery","V"
"10/20/2017","12:57:32","5","default","957498349","OXY5","107.901","min","155.443","μmol/L","Humid","21.186","deg","90872","µV","35.875","°C","1019.000","hPa","37.0","pmil","0","55.500","deg","20.000","°C","100.000","%a.s.","22.500","deg","20.000","°C","1013.000","hPa","0.861","-0.02056","0.00035","-0.00011","0","14.7","Humid","26.25","0","52.00","343463.08","SABD0000000001","AAV1.0.0.11","2.0.0.28","PSt7-10","000000-000","10/20/2017 9:36:39 AM","0000-00","0","no battery","V"
"10/20/2017","12:57:33","5","default","957498349","OXY5","107.918","min","155.531","μmol/L","Humid","21.188","deg","90868","µV","35.856","°C","1019.000","hPa","37.0","pmil","0","55.500","deg","20.000","°C","100.000","%a.s.","22.500","deg","20.000","°C","1013.000","hPa","0.861","-0.02056","0.00035","-0.00011","0","14.7","Humid","26.25","0","52.00","343445.09","SABD0000000001","AAV1.0.0.11","2.0.0.28","PSt7-10","000000-000","10/20/2017 9:36:39 AM","0000-00","0","no battery","V"
"10/20/2017","12:57:34","5","default","957498349","OXY5","107.935","min","155.496","μmol/L","Humid","21.189","deg","90871","µV","35.859","°C","1019.000","hPa","37.0","pmil","0","55.500","deg","20.000","°C","100.000","%a.s.","22.500","deg","20.000","°C","1013.000","hPa","0.861","-0.02056","0.00035","-0.00011","0","14.7","Humid","26.25","0","52.00","343454.63","SABD0000000001","AAV1.0.0.11","2.0.0.28","PSt7-10","000000-000","10/20/2017 9:36:39 AM","0000-00","0","no battery","V"
"10/20/2017","12:57:35","5","default","957498349","OXY5","107.951","min","155.571","μmol/L","Humid","21.189","deg","90862","µV","35.846","°C","1019.000","hPa","37.0","pmil","0","55.500","deg","20.000","°C","100.000","%a.s.","22.500","deg","20.000","°C","1013.000","hPa","0.861","-0.02056","0.00035","-0.00011","0","14.7","Humid","26.25","0","52.00","343450.31","SABD0000000001","AAV1.0.0.11","2.0.0.28","PSt7-10","000000-000","10/20/2017 9:36:39 AM","0000-00","0","no battery","V"
"10/20/2017","12:57:36","5","default","957498349","OXY5","107.968","min","155.532","μmol/L","Humid","21.188","deg","90871","µV","35.855","°C","1019.000","hPa","37.0","pmil","0","55.500","deg","20.000","°C","100.000","%a.s.","22.500","deg","20.000","°C","1013.000","hPa","0.861","-0.02056","0.00035","-0.00011","0","14.7","Humid","26.25","0","52.00","343450.20","SABD0000000001","AAV1.0.0.11","2.0.0.28","PSt7-10","000000-000","10/20/2017 9:36:39 AM","0000-00","0","no battery","V"
"10/20/2017","12:57:37","5","default","957498349","OXY5","107.985","min","155.474","μmol/L","Humid","21.187","deg","90864","µV","35.868","°C","1019.000","hPa","37.0","pmil","0","55.500","deg","20.000","°C","100.000","%a.s.","22.500","deg","20.000","°C","1013.000","hPa","0.861","-0.02056","0.00035","-0.00011","0","14.7","Humid","26.25","0","52.00","343447.12","SABD0000000001","AAV1.0.0.11","2.0.0.28","PSt7-10","000000-000","10/20/2017 9:36:39 AM","0000-00","0","no battery","V"
"10/20/2017","12:57:38","5","default","957498349","OXY5","108.001","min","155.527","μmol/L","Humid","21.185","deg","90867","µV","35.863","°C","1019.000","hPa","37.0","pmil","0","55.500","deg","20.000","°C","100.000","%a.s.","22.500","deg","20.000","°C","1013.000","hPa","0.861","-0.02056","0.00035","-0.00011","0","14.7","Humid","26.25","0","52.00","343437.99","SABD0000000001","AAV1.0.0.11","2.0.0.28","PSt7-10","000000-000","10/20/2017 9:36:39 AM","0000-00","0","no battery","V"
"10/20/2017","12:57:39","5","default","957498349","OXY5","108.018","min","155.447","μmol/L","Humid","21.190","deg","90864","µV","35.865","°C","1019.000","hPa","37.0","pmil","0","55.500","deg","20.000","°C","100.000","%a.s.","22.500","deg","20.000","°C","1013.000","hPa","0.861","-0.02056","0.00035","-0.00011","0","14.7","Humid","26.25","0","52.00","343451.45","SABD0000000001","AAV1.0.0.11","2.0.0.28","PSt7-10","000000-000","10/20/2017 9:36:39 AM","0000-00","0","no battery","V"
"10/20/2017","12:57:40","5","default","957498349","OXY5","108.035","min","155.519","μmol/L","Humid","21.188","deg","90869","µV","35.858","°C","1019.000","hPa","37.0","pmil","0","55.500","deg","20.000","°C","100.000","%a.s.","22.500","deg","20.000","°C","1013.000","hPa","0.861","-0.02056","0.00035","-0.00011","0","14.7","Humid","26.25","0","52.00","343451.51","SABD0000000001","AAV1.0.0.11","2.0.0.28","PSt7-10","000000-000","10/20/2017 9:36:39 AM","0000-00","0","no battery","V"
"10/20/2017","12:57:41","5","default","957498349","OXY5","108.051","min","155.447","μmol/L","Humid","21.191","deg","90865","µV","35.863","°C","1019.000","hPa","37.0","pmil","0","55.500","deg","20.000","°C","100.000","%a.s.","22.500","deg","20.000","°C","1013.000","hPa","0.861","-0.02056","0.00035","-0.00011","0","14.7","Humid","26.25","0","52.00","343460.70","SABD0000000001","AAV1.0.0.11","2.0.0.28","PSt7-10","000000-000","10/20/2017 9:36:39 AM","0000-00","0","no battery","V"
"10/20/2017","12:57:42","5","default","957498349","OXY5","108.068","min","155.480","μmol/L","Humid","21.189","deg","90865","µV","35.862","°C","1019.000","hPa","37.0","pmil","0","55.500","deg","20.000","°C","100.000","%a.s.","22.500","deg","20.000","°C","1013.000","hPa","0.861","-0.02056","0.00035","-0.00011","0","14.7","Humid","26.25","0","52.00","343454.95","SABD0000000001","AAV1.0.0.11","2.0.0.28","PSt7-10","000000-000","10/20/2017 9:36:39 AM","0000-00","0","no battery","V"
"10/20/2017","12:57:43","5","default","957498349","OXY5","108.085","min","155.403","μmol/L","Humid","21.189","deg","90866","µV","35.875","°C","1019.000","hPa","37.0","pmil","0","55.500","deg","20.000","°C","100.000","%a.s.","22.500","deg","20.000","°C","1013.000","hPa","0.861","-0.02056","0.00035","-0.00011","0","14.7","Humid","26.25","0","52.00","343445.23","SABD0000000001","AAV1.0.0.11","2.0.0.28","PSt7-10","000000-000","10/20/2017 9:36:39 AM","0000-00","0","no battery","V"
"10/20/2017","12:57:44","5","default","957498349","OXY5","108.101","min","155.462","μmol/L","Humid","21.189","deg","90865","µV","35.865","°C","1019.000","hPa","37.0","pmil","0","55.500","deg","20.000","°C","100.000","%a.s.","22.500","deg","20.000","°C","1013.000","hPa","0.861","-0.02056","0.00035","-0.00011","0","14.7","Humid","26.25","0","52.00","343436.20","SABD0000000001","AAV1.0.0.11","2.0.0.28","PSt7-10","000000-000","10/20/2017 9:36:39 AM","0000-00","0","no battery","V"
"10/20/2017","12:57:45","5","default","957498349","OXY5","108.118","min","155.517","μmol/L","Humid","21.188","deg","90871","µV","35.858","°C","1019.000","hPa","37.0","pmil","0","55.500","deg","20.000","°C","100.000","%a.s.","22.500","deg","20.000","°C","1013.000","hPa","0.861","-0.02056","0.00035","-0.00011","0","14.7","Humid","26.25","0","52.00","343434.95","SABD0000000001","AAV1.0.0.11","2.0.0.28","PSt7-10","000000-000","10/20/2017 9:36:39 AM","0000-00","0","no battery","V"
"10/20/2017","12:57:46","5","default","957498349","OXY5","108.135","min","155.509","μmol/L","Humid","21.185","deg","90869","µV","35.866","°C","1019.000","hPa","37.0","pmil","0","55.500","deg","20.000","°C","100.000","%a.s.","22.500","deg","20.000","°C","1013.000","hPa","0.861","-0.02056","0.00035","-0.00011","0","14.7","Humid","26.25","0","52.00","343437.07","SABD0000000001","AAV1.0.0.11","2.0.0.28","PSt7-10","000000-000","10/20/2017 9:36:39 AM","0000-00","0","no battery","V"
"10/20/2017","12:57:47","5","default","957498349","OXY5","108.151","min","155.454","μmol/L","Humid","21.191","deg","90860","µV","35.862","°C","1019.000","hPa","37.0","pmil","0","55.500","deg","20.000","°C","100.000","%a.s.","22.500","deg","20.000","°C","1013.000","hPa","0.861","-0.02056","0.00035","-0.00011","0","14.7","Humid","26.25","0","52.00","343445.06","SABD0000000001","AAV1.0.0.11","2.0.0.28","PSt7-10","000000-000","10/20/2017 9:36:39 AM","0000-00","0","no battery","V"
"10/20/2017","12:57:48","5","default","957498349","OXY5","108.168","min","155.561","μmol/L","Humid","21.187","deg","90858","µV","35.853","°C","1019.000","hPa","37.0","pmil","0","55.500","deg","20.000","°C","100.000","%a.s.","22.500","deg","20.000","°C","1013.000","hPa","0.861","-0.02056","0.00035","-0.00011","0","14.7","Humid","26.25","0","52.00","343444.32","SABD0000000001","AAV1.0.0.11","2.0.0.28","PSt7-10","000000-000","10/20/2017 9:36:39 AM","0000-00","0","no battery","V"
"10/20/2017","12:57:49","5","default","957498349","OXY5","108.185","min","155.403","μmol/L","Humid","21.192","deg","90862","µV","35.868","°C","1019.000","hPa","37.0","pmil","0","55.500","deg","20.000","°C","100.000","%a.s.","22.500","deg","20.000","°C","1013.000","hPa","0.861","-0.02056","0.00035","-0.00011","0","14.7","Humid","26.25","0","52.00","343432.91","SABD0000000001","AAV1.0.0.11","2.0.0.28","PSt7-10","000000-000","10/20/2017 9:36:39 AM","0000-00","0","no battery","V"
"10/20/2017","12:57:50","5","default","957498349","OXY5","108.201","min","155.446","μmol/L","Humid","21.189","deg","90864","µV","35.868","°C","1019.000","hPa","37.0","pmil","0","55.500","deg","20.000","°C","100.000","%a.s.","22.500","deg","20.000","°C","1013.000","hPa","0.861","-0.02056","0.00035","-0.00011","0","14.7","Humid","26.25","0","52.00","343429.02","SABD0000000001","AAV1.0.0.11","2.0.0.28","PSt7-10","000000-000","10/20/2017 9:36:39 AM","0000-00","0","no battery","V"
"10/20/2017","12:57:51","5","default","957498349","OXY5","108.218","min","155.507","μmol/L","Humid","21.187","deg","90866","µV","35.862","°C","1019.000","hPa","37.0","pmil","0","55.500","deg","20.000","°C","100.000","%a.s.","22.500","deg","20.000","°C","1013.000","hPa","0.861","-0.02056","0.00035","-0.00011","0","14.7","Humid","26.25","0","52.00","343445.29","SABD0000000001","AAV1.0.0.11","2.0.0.28","PSt7-10","000000-000","10/20/2017 9:36:39 AM","0000-00","0","no battery","V"
"10/20/2017","12:57:52","5","default","957498349","OXY5","108.235","min","155.554","μmol/L","Humid","21.188","deg","90862","µV","35.852","°C","1019.000","hPa","37.0","pmil","0","55.500","deg","20.000","°C","100.000","%a.s.","22.500","deg","20.000","°C","1013.000","hPa","0.861","-0.02056","0.00035","-0.00011","0","14.7","Humid","26.25","0","52.00","343432.67","SABD0000000001","AAV1.0.0.11","2.0.0.28","PSt7-10","000000-000","10/20/2017 9:36:39 AM","0000-00","0","no battery","V"
"10/20/2017","12:57:53","5","default","957498349","OXY5","108.251","min","155.475","μmol/L","Humid","21.189","deg","90863","µV","35.863","°C","1019.000","hPa","37.0","pmil","0","55.500","deg","20.000","°C","100.000","%a.s.","22.500","deg","20.000","°C","1013.000","hPa","0.861","-0.02056","0.00035","-0.00011","0","14.7","Humid","26.25","0","52.00","343438.56","SABD0000000001","AAV1.0.0.11","2.0.0.28","PSt7-10","000000-000","10/20/2017 9:36:39 AM","0000-00","0","no battery","V"
"10/20/2017","12:57:54","5","default","957498349","OXY5","108.268","min","155.584","μmol/L","Humid","21.189","deg","90870","µV","35.844","°C","1019.000","hPa","37.0","pmil","0","55.500","deg","20.000","°C","100.000","%a.s.","22.500","deg","20.000","°C","1013.000","hPa","0.861","-0.02056","0.00035","-0.00011","0","14.7","Humid","26.25","0","52.00","343441.46","SABD0000000001","AAV1.0.0.11","2.0.0.28","PSt7-10","000000-000","10/20/2017 9:36:39 AM","0000-00","0","no battery","V"
"10/20/2017","12:57:55","5","default","957498349","OXY5","108.285","min","155.551","μmol/L","Humid","21.187","deg","90866","µV","35.854","°C","1019.000","hPa","37.0","pmil","0","55.500","deg","20.000","°C","100.000","%a.s.","22.500","deg","20.000","°C","1013.000","hPa","0.861","-0.02056","0.00035","-0.00011","0","14.7","Humid","26.25","0","52.00","343433.35","SABD0000000001","AAV1.0.0.11","2.0.0.28","PSt7-10","000000-000","10/20/2017 9:36:39 AM","0000-00","0","no battery","V"
"10/20/2017","12:57:56","5","default","957498349","OXY5","108.302","min","155.503","μmol/L","Humid","21.188","deg","90866","µV","35.860","°C","1019.000","hPa","37.0","pmil","0","55.500","deg","20.000","°C","100.000","%a.s.","22.500","deg","20.000","°C","1013.000","hPa","0.861","-0.02056","0.00035","-0.00011","0","14.7","Humid","26.25","0","52.00","343437.24","SABD0000000001","AAV1.0.0.11","2.0.0.28","PSt7-10","000000-000","10/20/2017 9:36:39 AM","0000-00","0","no battery","V"
"10/20/2017","12:57:57","5","default","957498349","OXY5","108.318","min","155.470","μmol/L","Humid","21.189","deg","90864","µV","35.864","°C","1019.000","hPa","37.0","pmil","0","55.500","deg","20.000","°C","100.000","%a.s.","22.500","deg","20.000","°C","1013.000","hPa","0.861","-0.02056","0.00035","-0.00011","0","14.7","Humid","26.25","0","52.00","343435.19","SABD0000000001","AAV1.0.0.11","2.0.0.28","PSt7-10","000000-000","10/20/2017 9:36:39 AM","0000-00","0","no battery","V"
"10/20/2017","12:57:58","5","default","957498349","OXY5","108.335","min","155.490","μmol/L","Humid","21.187","deg","90871","µV","35.865","°C","1019.000","hPa","37.0","pmil","0","55.500","deg","20.000","°C","100.000","%a.s.","22.500","deg","20.000","°C","1013.000","hPa","0.861","-0.02056","0.00035","-0.00011","0","14.7","Humid","26.25","0","52.00","343445.73","SABD0000000001","AAV1.0.0.11","2.0.0.28","PSt7-10","000000-000","10/20/2017 9:36:39 AM","0000-00","0","no battery","V"
"10/20/2017","12:57:59","5","default","957498349","OXY5","108.352","min","155.437","μmol/L","Humid","21.189","deg","90858","µV","35.869","°C","1019.000","hPa","37.0","pmil","0","55.500","deg","20.000","°C","100.000","%a.s.","22.500","deg","20.000","°C","1013.000","hPa","0.861","-0.02056","0.00035","-0.00011","0","14.7","Humid","26.25","0","52.00","343416.58","SABD0000000001","AAV1.0.0.11","2.0.0.28","PSt7-10","000000-000","10/20/2017 9:36:39 AM","0000-00","0","no battery","V"
"10/20/2017","12:58:00","5","default","957498349","OXY5","108.368","min","155.416","μmol/L","Humid","21.188","deg","90856","µV","35.875","°C","1019.000","hPa","37.0","pmil","0","55.500","deg","20.000","°C","100.000","%a.s.","22.500","deg","20.000","°C","1013.000","hPa","0.861","-0.02056","0.00035","-0.00011","0","14.7","Humid","26.25","0","52.00","343412.77","SABD0000000001","AAV1.0.0.11","2.0.0.28","PSt7-10","000000-000","10/20/2017 9:36:39 AM","0000-00","0","no battery","V"
"10/20/2017","12:58:01","5","default","957498349","OXY5","108.385","min","155.349","μmol/L","Humid","21.193","deg","90864","µV","35.875","°C","1019.000","hPa","37.0","pmil","0","55.500","deg","20.000","°C","100.000","%a.s.","22.500","deg","20.000","°C","1013.000","hPa","0.861","-0.02056","0.00035","-0.00011","0","14.7","Humid","26.25","0","52.00","343435.46","SABD0000000001","AAV1.0.0.11","2.0.0.28","PSt7-10","000000-000","10/20/2017 9:36:39 AM","0000-00","0","no battery","V"
"10/20/2017","12:58:02","5","default","957498349","OXY5","108.402","min","155.398","μmol/L","Humid","21.187","deg","90859","µV","35.881","°C","1019.000","hPa","37.0","pmil","0","55.500","deg","20.000","°C","100.000","%a.s.","22.500","deg","20.000","°C","1013.000","hPa","0.861","-0.02056","0.00035","-0.00011","0","14.7","Humid","26.25","0","52.00","343416.47","SABD0000000001","AAV1.0.0.11","2.0.0.28","PSt7-10","000000-000","10/20/2017 9:36:39 AM","0000-00","0","no battery","V"
"10/20/2017","12:58:03","5","default","957498349","OXY5","108.418","min","155.456","μmol/L","Humid","21.186","deg","90859","µV","35.873","°C","1019.000","hPa","37.0","pmil","0","55.500","deg","20.000","°C","100.000","%a.s.","22.500","deg","20.000","°C","1013.000","hPa","0.861","-0.02056","0.00035","-0.00011","0","14.7","Humid","26.25","0","52.00","343416.17","SABD0000000001","AAV1.0.0.11","2.0.0.28","PSt7-10","000000-000","10/20/2017 9:36:39 AM","0000-00","0","no battery","V"
"10/20/2017","12:58:04","5","default","957498349","OXY5","108.435","min","155.508","μmol/L","Humid","21.187","deg","90856","µV","35.862","°C","1019.000","hPa","37.0","pmil","0","55.500","deg","20.000","°C","100.000","%a.s.","22.500","deg","20.000","°C","1013.000","hPa","0.861","-0.02056","0.00035","-0.00011","0","14.7","Humid","26.25","0","52.00","343424.48","SABD0000000001","AAV1.0.0.11","2.0.0.28","PSt7-10","000000-000","10/20/2017 9:36:39 AM","0000-00","0","no battery","V"
"10/20/2017","12:58:05","5","default","957498349","OXY5","108.452","min","155.346","μmol/L","Humid","21.189","deg","90858","µV","35.885","°C","1019.000","hPa","37.0","pmil","0","55.500","deg","20.000","°C","100.000","%a.s.","22.500","deg","20.000","°C","1013.000","hPa","0.861","-0.02056","0.00035","-0.00011","0","14.7","Humid","26.25","0","52.00","343409.80","SABD0000000001","AAV1.0.0.11","2.0.0.28","PSt7-10","000000-000","10/20/2017 9:36:39 AM","0000-00","0","no battery","V"
"10/20/2017","12:58:06","5","default","957498349","OXY5","108.468","min","155.454","μmol/L","Humid","21.190","deg","90860","µV","35.864","°C","1019.000","hPa","37.0","pmil","0","55.500","deg","20.000","°C","100.000","%a.s.","22.500","deg","20.000","°C","1013.000","hPa","0.861","-0.02056","0.00035","-0.00011","0","14.7","Humid","26.25","0","52.00","343421.44","SABD0000000001","AAV1.0.0.11","2.0.0.28","PSt7-10","000000-000","10/20/2017 9:36:39 AM","0000-00","0","no battery","V"
"10/20/2017","12:58:07","5","default","957498349","OXY5","108.485","min","155.558","μmol/L","Humid","21.188","deg","90868","µV","35.851","°C","1019.000","hPa","37.0","pmil","0","55.500","deg","20.000","°C","100.000","%a.s.","22.500","deg","20.000","°C","1013.000","hPa","0.861","-0.02056","0.00035","-0.00011","0","14.7","Humid","26.25","0","52.00","343415.71","SABD0000000001","AAV1.0.0.11","2.0.0.28","PSt7-10","000000-000","10/20/2017 9:36:39 AM","0000-00","0","no battery","V"
"10/20/2017","12:58:08","5","default","957498349","OXY5","108.502","min","155.604","μmol/L","Humid","21.189","deg","90866","µV","35.841","°C","1019.000","hPa","37.0","pmil","0","55.500","deg","20.000","°C","100.000","%a.s.","22.500","deg","20.000","°C","1013.000","hPa","0.861","-0.02056","0.00035","-0.00011","0","14.7","Humid","26.25","0","52.00","343412.95","SABD0000000001","AAV1.0.0.11","2.0.0.28","PSt7-10","000000-000","10/20/2017 9:36:39 AM","0000-00","0","no battery","V"
"10/20/2017","12:58:09","5","default","957498349","OXY5","108.518","min","155.459","μmol/L","Humid","21.189","deg","90866","µV","35.865","°C","1019.000","hPa","37.0","pmil","0","55.500","deg","20.000","°C","100.000","%a.s.","22.500","deg","20.000","°C","1013.000","hPa","0.861","-0.02056","0.00035","-0.00011","0","14.7","Humid","26.25","0","52.00","343398.77","SABD0000000001","AAV1.0.0.11","2.0.0.28","PSt7-10","000000-000","10/20/2017 9:36:39 AM","0000-00","0","no battery","V"
"10/20/2017","12:58:10","5","default","957498349","OXY5","108.535","min","155.464","μmol/L","Humid","21.190","deg","90865","µV","35.862","°C","1019.000","hPa","37.0","pmil","0","55.500","deg","20.000","°C","100.000","%a.s.","22.500","deg","20.000","°C","1013.000","hPa","0.861","-0.02056","0.00035","-0.00011","0","14.7","Humid","26.25","0","52.00","343423.62","SABD0000000001","AAV1.0.0.11","2.0.0.28","PSt7-10","000000-000","10/20/2017 9:36:39 AM","0000-00","0","no battery","V"
"10/20/2017","12:58:11","5","default","957498349","OXY5","108.552","min","155.451","μmol/L","Humid","21.187","deg","90860","µV","35.872","°C","1019.000","hPa","37.0","pmil","0","55.500","deg","20.000","°C","100.000","%a.s.","22.500","deg","20.000","°C","1013.000","hPa","0.861","-0.02056","0.00035","-0.00011","0","14.7","Humid","26.25","0","52.00","343415.36","SABD0000000001","AAV1.0.0.11","2.0.0.28","PSt7-10","000000-000","10/20/2017 9:36:39 AM","0000-00","0","no battery","V"
"10/20/2017","12:58:12","5","default","957498349","OXY5","108.568","min","155.486","μmol/L","Humid","21.187","deg","90862","µV","35.865","°C","1019.000","hPa","37.0","pmil","0","55.500","deg","20.000","°C","100.000","%a.s.","22.500","deg","20.000","°C","1013.000","hPa","0.861","-0.02056","0.00035","-0.00011","0","14.7","Humid","26.25","0","52.00","343412.71","SABD0000000001","AAV1.0.0.11","2.0.0.28","PSt7-10","000000-000","10/20/2017 9:36:39 AM","0000-00","0","no battery","V"
"10/20/2017","12:58:13","5","default","957498349","OXY5","108.585","min","155.515","μmol/L","Humid","21.188","deg","90861","µV","35.858","°C","1019.000","hPa","37.0","pmil","0","55.500","deg","20.000","°C","100.000","%a.s.","22.500","deg","20.000","°C","1013.000","hPa","0.861","-0.02056","0.00035","-0.00011","0","14.7","Humid","26.25","0","52.00","343415.16","SABD0000000001","AAV1.0.0.11","2.0.0.28","PSt7-10","000000-000","10/20/2017 9:36:39 AM","0000-00","0","no battery","V"
"10/20/2017","12:58:14","5","default","957498349","OXY5","108.602","min","155.464","μmol/L","Humid","21.190","deg","90863","µV","35.862","°C","1019.000","hPa","37.0","pmil","0","55.500","deg","20.000","°C","100.000","%a.s.","22.500","deg","20.000","°C","1013.000","hPa","0.861","-0.02056","0.00035","-0.00011","0","14.7","Humid","26.25","0","52.00","343419.27","SABD0000000001","AAV1.0.0.11","2.0.0.28","PSt7-10","000000-000","10/20/2017 9:36:39 AM","0000-00","0","no battery","V"
"10/20/2017","12:58:15","5","default","957498349","OXY5","108.618","min","155.382","μmol/L","Humid","21.192","deg","90865","µV","35.871","°C","1019.000","hPa","37.0","pmil","0","55.500","deg","20.000","°C","100.000","%a.s.","22.500","deg","20.000","°C","1013.000","hPa","0.861","-0.02056","0.00035","-0.00011","0","14.7","Humid","26.25","0","52.00","343415.59","SABD0000000001","AAV1.0.0.11","2.0.0.28","PSt7-10","000000-000","10/20/2017 9:36:39 AM","0000-00","0","no battery","V"
"10/20/2017","12:58:16","5","default","957498349","OXY5","108.635","min","155.467","μmol/L","Humid","21.192","deg","90858","µV","35.857","°C","1019.000","hPa","37.0","pmil","0","55.500","deg","20.000","°C","100.000","%a.s.","22.500","deg","20.000","°C","1013.000","hPa","0.861","-0.02056","0.00035","-0.00011","0","14.7","Humid","26.25","0","52.00","343391.91","SABD0000000001","AAV1.0.0.11","2.0.0.28","PSt7-10","000000-000","10/20/2017 9:36:39 AM","0000-00","0","no battery","V"
"10/20/2017","12:58:17","5","default","957498349","OXY5","108.652","min","155.467","μmol/L","Humid","21.186","deg","90861","µV","35.871","°C","1019.000","hPa","37.0","pmil","0","55.500","deg","20.000","°C","100.000","%a.s.","22.500","deg","20.000","°C","1013.000","hPa","0.861","-0.02056","0.00035","-0.00011","0","14.7","Humid","26.25","0","52.00","343403.19","SABD0000000001","AAV1.0.0.11","2.0.0.28","PSt7-10","000000-000","10/20/2017 9:36:39 AM","0000-00","0","no battery","V"
"10/20/2017","12:58:18","5","default","957498349","OXY5","108.668","min","155.397","μmol/L","Humid","21.189","deg","90863","µV","35.876","°C","1019.000","hPa","37.0","pmil","0","55.500","deg","20.000","°C","100.000","%a.s.","22.500","deg","20.000","°C","1013.000","hPa","0.861","-0.02056","0.00035","-0.00011","0","14.7","Humid","26.25","0","52.00","343403.39","SABD0000000001","AAV1.0.0.11","2.0.0.28","PSt7-10","000000-000","10/20/2017 9:36:39 AM","0000-00","0","no battery","V"
"10/20/2017","12:58:19","5","default","957498349","OXY5","108.685","min","155.440","μmol/L","Humid","21.189","deg","90864","µV","35.869","°C","1019.000","hPa","37.0","pmil","0","55.500","deg","20.000","°C","100.000","%a.s.","22.500","deg","20.000","°C","1013.000","hPa","0.861","-0.02056","0.00035","-0.00011","0","14.7","Humid","26.25","0","52.00","343406.79","SABD0000000001","AAV1.0.0.11","2.0.0.28","PSt7-10","000000-000","10/20/2017 9:36:39 AM","0000-00","0","no battery","V"
"10/20/2017","12:58:20","5","default","957498349","OXY5","108.702","min","155.463","μmol/L","Humid","21.189","deg","90867","µV","35.865","°C","1019.000","hPa","37.0","pmil","0","55.500","deg","20.000","°C","100.000","%a.s.","22.500","deg","20.000","°C","1013.000","hPa","0.861","-0.02056","0.00035","-0.00011","0","14.7","Humid","26.25","0","52.00","343403.88","SABD0000000001","AAV1.0.0.11","2.0.0.28","PSt7-10","000000-000","10/20/2017 9:36:39 AM","0000-00","0","no battery","V"
"10/20/2017","12:58:21","5","default","957498349","OXY5","108.718","min","155.440","μmol/L","Humid","21.187","deg","90866","µV","35.873","°C","1019.000","hPa","37.0","pmil","0","55.500","deg","20.000","°C","100.000","%a.s.","22.500","deg","20.000","°C","1013.000","hPa","0.861","-0.02056","0.00035","-0.00011","0","14.7","Humid","26.25","0","52.00","343410.97","SABD0000000001","AAV1.0.0.11","2.0.0.28","PSt7-10","000000-000","10/20/2017 9:36:39 AM","0000-00","0","no battery","V"
"10/20/2017","12:58:22","5","default","957498349","OXY5","108.735","min","155.483","μmol/L","Humid","21.186","deg","90868","µV","35.868","°C","1019.000","hPa","37.0","pmil","0","55.500","deg","20.000","°C","100.000","%a.s.","22.500","deg","20.000","°C","1013.000","hPa","0.861","-0.02056","0.00035","-0.00011","0","14.7","Humid","26.25","0","52.00","343405.51","SABD0000000001","AAV1.0.0.11","2.0.0.28","PSt7-10","000000-000","10/20/2017 9:36:39 AM","0000-00","0","no battery","V"
"10/20/2017","12:58:23","5","default","957498349","OXY5","108.751","min","155.307","μmol/L","Humid","21.192","deg","90857","µV","35.884","°C","1019.000","hPa","37.0","pmil","0","55.500","deg","20.000","°C","100.000","%a.s.","22.500","deg","20.000","°C","1013.000","hPa","0.861","-0.02056","0.00035","-0.00011","0","14.7","Humid","26.25","0","52.00","343394.16","SABD0000000001","AAV1.0.0.11","2.0.0.28","PSt7-10","000000-000","10/20/2017 9:36:39 AM","0000-00","0","no battery","V"
"10/20/2017","12:58:24","5","default","957498349","OXY5","108.768","min","155.406","μmol/L","Humid","21.187","deg","90863","µV","35.879","°C","1019.000","hPa","37.0","pmil","0","55.500","deg","20.000","°C","100.000","%a.s.","22.500","deg","20.000","°C","1013.000","hPa","0.861","-0.02056","0.00035","-0.00011","0","14.7","Humid","26.25","0","52.00","343398.41","SABD0000000001","AAV1.0.0.11","2.0.0.28","PSt7-10","000000-000","10/20/2017 9:36:39 AM","0000-00","0","no battery","V"
"10/20/2017","12:58:25","5","default","957498349","OXY5","108.784","min","155.453","μmol/L","Humid","21.186","deg","90859","µV","35.874","°C","1019.000","hPa","37.0","pmil","0","55.500","deg","20.000","°C","100.000","%a.s.","22.500","deg","20.000","°C","1013.000","hPa","0.861","-0.02056","0.00035","-0.00011","0","14.7","Humid","26.25","0","52.00","343399.20","SABD0000000001","AAV1.0.0.11","2.0.0.28","PSt7-10","000000-000","10/20/2017 9:36:39 AM","0000-00","0","no battery","V"
"10/20/2017","12:58:26","5","default","957498349","OXY5","108.801","min","155.415","μmol/L","Humid","21.188","deg","90868","µV","35.875","°C","1019.000","hPa","37.0","pmil","0","55.500","deg","20.000","°C","100.000","%a.s.","22.500","deg","20.000","°C","1013.000","hPa","0.861","-0.02056","0.00035","-0.00011","0","14.7","Humid","26.25","0","52.00","343405.98","SABD0000000001","AAV1.0.0.11","2.0.0.28","PSt7-10","000000-000","10/20/2017 9:36:39 AM","0000-00","0","no battery","V"
"10/20/2017","12:58:27","5","default","957498349","OXY5","108.818","min","155.382","μmol/L","Humid","21.195","deg","90867","µV","35.864","°C","1019.000","hPa","37.0","pmil","0","55.500","deg","20.000","°C","100.000","%a.s.","22.500","deg","20.000","°C","1013.000","hPa","0.861","-0.02056","0.00035","-0.00011","0","14.7","Humid","26.25","0","52.00","343413.04","SABD0000000001","AAV1.0.0.11","2.0.0.28","PSt7-10","000000-000","10/20/2017 9:36:39 AM","0000-00","0","no battery","V"
"10/20/2017","12:58:28","5","default","957498349","OXY5","108.834","min","155.463","μmol/L","Humid","21.187","deg","90871","µV","35.869","°C","1019.000","hPa","37.0","pmil","0","55.500","deg","20.000","°C","100.000","%a.s.","22.500","deg","20.000","°C","1013.000","hPa","0.861","-0.02056","0.00035","-0.00011","0","14.7","Humid","26.25","0","52.00","343402.25","SABD0000000001","AAV1.0.0.11","2.0.0.28","PSt7-10","000000-000","10/20/2017 9:36:39 AM","0000-00","0","no battery","V"
"10/20/2017","12:58:29","5","default","957498349","OXY5","108.851","min","155.495","μmol/L","Humid","21.189","deg","90865","µV","35.859","°C","1019.000","hPa","37.0","pmil","0","55.500","deg","20.000","°C","100.000","%a.s.","22.500","deg","20.000","°C","1013.000","hPa","0.861","-0.02056","0.00035","-0.00011","0","14.7","Humid","26.25","0","52.00","343405.85","SABD0000000001","AAV1.0.0.11","2.0.0.28","PSt7-10","000000-000","10/20/2017 9:36:39 AM","0000-00","0","no battery","V"
"10/20/2017","12:58:30","5","default","957498349","OXY5","108.868","min","155.546","μmol/L","Humid","21.188","deg","90865","µV","35.853","°C","1019.000","hPa","37.0","pmil","0","55.500","deg","20.000","°C","100.000","%a.s.","22.500","deg","20.000","°C","1013.000","hPa","0.861","-0.02056","0.00035","-0.00011","0","14.7","Humid","26.25","0","52.00","343400.03","SABD0000000001","AAV1.0.0.11","2.0.0.28","PSt7-10","000000-000","10/20/2017 9:36:39 AM","0000-00","0","no battery","V"
"10/20/2017","12:58:31","5","default","957498349","OXY5","108.885","min","155.332","μmol/L","Humid","21.191","deg","90860","µV","35.882","°C","1019.000","hPa","37.0","pmil","0","55.500","deg","20.000","°C","100.000","%a.s.","22.500","deg","20.000","°C","1013.000","hPa","0.861","-0.02056","0.00035","-0.00011","0","14.7","Humid","26.25","0","52.00","343399.07","SABD0000000001","AAV1.0.0.11","2.0.0.28","PSt7-10","000000-000","10/20/2017 9:36:39 AM","0000-00","0","no battery","V"
"10/20/2017","12:58:32","5","default","957498349","OXY5","108.901","min","155.536","μmol/L","Humid","21.188","deg","90868","µV","35.855","°C","1019.000","hPa","37.0","pmil","0","55.500","deg","20.000","°C","100.000","%a.s.","22.500","deg","20.000","°C","1013.000","hPa","0.861","-0.02056","0.00035","-0.00011","0","14.7","Humid","26.25","0","52.00","343400.70","SABD0000000001","AAV1.0.0.11","2.0.0.28","PSt7-10","000000-000","10/20/2017 9:36:39 AM","0000-00","0","no battery","V"
"10/20/2017","12:58:33","5","default","957498349","OXY5","108.918","min","155.504","μmol/L","Humid","21.190","deg","90860","µV","35.855","°C","1019.000","hPa","37.0","pmil","0","55.500","deg","20.000","°C","100.000","%a.s.","22.500","deg","20.000","°C","1013.000","hPa","0.861","-0.02056","0.00035","-0.00011","0","14.7","Humid","26.25","0","52.00","343416.45","SABD0000000001","AAV1.0.0.11","2.0.0.28","PSt7-10","000000-000","10/20/2017 9:36:39 AM","0000-00","0","no battery","V"
"10/20/2017","12:58:34","5","default","957498349","OXY5","108.935","min","155.205","μmol/L","Humid","21.193","deg","90866","µV","35.899","°C","1019.000","hPa","37.0","pmil","0","55.500","deg","20.000","°C","100.000","%a.s.","22.500","deg","20.000","°C","1013.000","hPa","0.861","-0.02056","0.00035","-0.00011","0","14.7","Humid","26.25","0","52.00","343403.64","SABD0000000001","AAV1.0.0.11","2.0.0.28","PSt7-10","000000-000","10/20/2017 9:36:39 AM","0000-00","0","no battery","V"
"10/20/2017","12:58:35","5","default","957498349","OXY5","108.951","min","155.394","μmol/L","Humid","21.191","deg","90867","µV","35.872","°C","1019.000","hPa","37.0","pmil","0","55.500","deg","20.000","°C","100.000","%a.s.","22.500","deg","20.000","°C","1013.000","hPa","0.861","-0.02056","0.00035","-0.00011","0","14.7","Humid","26.25","0","52.00","343404.23","SABD0000000001","AAV1.0.0.11","2.0.0.28","PSt7-10","000000-000","10/20/2017 9:36:39 AM","0000-00","0","no battery","V"
"10/20/2017","12:58:36","5","default","957498349","OXY5","108.968","min","155.427","μmol/L","Humid","21.187","deg","90867","µV","35.876","°C","1019.000","hPa","37.0","pmil","0","55.500","deg","20.000","°C","100.000","%a.s.","22.500","deg","20.000","°C","1013.000","hPa","0.861","-0.02056","0.00035","-0.00011","0","14.7","Humid","26.25","0","52.00","343394.09","SABD0000000001","AAV1.0.0.11","2.0.0.28","PSt7-10","000000-000","10/20/2017 9:36:39 AM","0000-00","0","no battery","V"
"10/20/2017","12:58:37","5","default","957498349","OXY5","108.985","min","155.393","μmol/L","Humid","21.190","deg","90864","µV","35.874","°C","1019.000","hPa","37.0","pmil","0","55.500","deg","20.000","°C","100.000","%a.s.","22.500","deg","20.000","°C","1013.000","hPa","0.861","-0.02056","0.00035","-0.00011","0","14.7","Humid","26.25","0","52.00","343413.85","SABD0000000001","AAV1.0.0.11","2.0.0.28","PSt7-10","000000-000","10/20/2017 9:36:39 AM","0000-00","0","no battery","V"
"10/20/2017","12:58:38","5","default","957498349","OXY5","109.001","min","155.388","μmol/L","Humid","21.190","deg","90859","µV","35.875","°C","1019.000","hPa","37.0","pmil","0","55.500","deg","20.000","°C","100.000","%a.s.","22.500","deg","20.000","°C","1013.000","hPa","0.861","-0.02056","0.00035","-0.00011","0","14.7","Humid","26.25","0","52.00","343419.09","SABD0000000001","AAV1.0.0.11","2.0.0.28","PSt7-10","000000-000","10/20/2017 9:36:39 AM","0000-00","0","no battery","V"
"10/20/2017","12:58:39","5","default","957498349","OXY5","109.018","min","155.332","μmol/L","Humid","21.190","deg","90868","µV","35.885","°C","1019.000","hPa","37.0","pmil","0","55.500","deg","20.000","°C","100.000","%a.s.","22.500","deg","20.000","°C","1013.000","hPa","0.861","-0.02056","0.00035","-0.00011","0","14.7","Humid","26.25","0","52.00","343415.14","SABD0000000001","AAV1.0.0.11","2.0.0.28","PSt7-10","000000-000","10/20/2017 9:36:39 AM","0000-00","0","no battery","V"
"10/20/2017","12:58:40","5","default","957498349","OXY5","109.035","min","155.338","μmol/L","Humid","21.190","deg","90863","µV","35.884","°C","1019.000","hPa","37.0","pmil","0","55.500","deg","20.000","°C","100.000","%a.s.","22.500","deg","20.000","°C","1013.000","hPa","0.861","-0.02056","0.00035","-0.00011","0","14.7","Humid","26.25","0","52.00","343402.60","SABD0000000001","AAV1.0.0.11","2.0.0.28","PSt7-10","000000-000","10/20/2017 9:36:39 AM","0000-00","0","no battery","V"
"10/20/2017","12:58:41","5","default","957498349","OXY5","109.051","min","155.367","μmol/L","Humid","21.188","deg","90864","µV","35.883","°C","1019.000","hPa","37.0","pmil","0","55.500","deg","20.000","°C","100.000","%a.s.","22.500","deg","20.000","°C","1013.000","hPa","0.861","-0.02056","0.00035","-0.00011","0","14.7","Humid","26.25","0","52.00","343401.99","SABD0000000001","AAV1.0.0.11","2.0.0.28","PSt7-10","000000-000","10/20/2017 9:36:39 AM","0000-00","0","no battery","V"
"10/20/2017","12:58:42","5","default","957498349","OXY5","109.068","min","155.312","μmol/L","Humid","21.193","deg","90866","µV","35.881","°C","1019.000","hPa","37.0","pmil","0","55.500","deg","20.000","°C","100.000","%a.s.","22.500","deg","20.000","°C","1013.000","hPa","0.861","-0.02056","0.00035","-0.00011","0","14.7","Humid","26.25","0","52.00","343404.09","SABD0000000001","AAV1.0.0.11","2.0.0.28","PSt7-10","000000-000","10/20/2017 9:36:39 AM","0000-00","0","no battery","V"
"10/20/2017","12:58:43","5","default","957498349","OXY5","109.085","min","155.481","μmol/L","Humid","21.188","deg","90867","µV","35.864","°C","1019.000","hPa","37.0","pmil","0","55.500","deg","20.000","°C","100.000","%a.s.","22.500","deg","20.000","°C","1013.000","hPa","0.861","-0.02056","0.00035","-0.00011","0","14.7","Humid","26.25","0","52.00","343400.14","SABD0000000001","AAV1.0.0.11","2.0.0.28","PSt7-10","000000-000","10/20/2017 9:36:39 AM","0000-00","0","no battery","V"
"10/20/2017","12:58:44","5","default","957498349","OXY5","109.102","min","155.409","μmol/L","Humid","21.189","deg","90862","µV","35.874","°C","1019.000","hPa","37.0","pmil","0","55.500","deg","20.000","°C","100.000","%a.s.","22.500","deg","20.000","°C","1013.000","hPa","0.861","-0.02056","0.00035","-0.00011","0","14.7","Humid","26.25","0","52.00","343387.67","SABD0000000001","AAV1.0.0.11","2.0.0.28","PSt7-10","000000-000","10/20/2017 9:36:39 AM","0000-00","0","no battery","V"
"10/20/2017","12:58:45","5","default","957498349","OXY5","109.118","min","155.315","μmol/L","Humid","21.192","deg","90865","µV","35.883","°C","1019.000","hPa","37.0","pmil","0","55.500","deg","20.000","°C","100.000","%a.s.","22.500","deg","20.000","°C","1013.000","hPa","0.861","-0.02056","0.00035","-0.00011","0","14.7","Humid","26.25","0","52.00","343399.89","SABD0000000001","AAV1.0.0.11","2.0.0.28","PSt7-10","000000-000","10/20/2017 9:36:39 AM","0000-00","0","no battery","V"
"10/20/2017","12:58:46","5","default","957498349","OXY5","109.135","min","155.494","μmol/L","Humid","21.187","deg","90864","µV","35.864","°C","1019.000","hPa","37.0","pmil","0","55.500","deg","20.000","°C","100.000","%a.s.","22.500","deg","20.000","°C","1013.000","hPa","0.861","-0.02056","0.00035","-0.00011","0","14.7","Humid","26.25","0","52.00","343389.27","SABD0000000001","AAV1.0.0.11","2.0.0.28","PSt7-10","000000-000","10/20/2017 9:36:39 AM","0000-00","0","no battery","V"
"10/20/2017","12:58:47","5","default","957498349","OXY5","109.152","min","155.463","μmol/L","Humid","21.189","deg","90865","µV","35.865","°C","1019.000","hPa","37.0","pmil","0","55.500","deg","20.000","°C","100.000","%a.s.","22.500","deg","20.000","°C","1013.000","hPa","0.861","-0.02056","0.00035","-0.00011","0","14.7","Humid","26.25","0","52.00","343386.28","SABD0000000001","AAV1.0.0.11","2.0.0.28","PSt7-10","000000-000","10/20/2017 9:36:39 AM","0000-00","0","no battery","V"
"10/20/2017","12:58:48","5","default","957498349","OXY5","109.168","min","155.387","μmol/L","Humid","21.190","deg","90865","µV","35.875","°C","1019.000","hPa","37.0","pmil","0","55.500","deg","20.000","°C","100.000","%a.s.","22.500","deg","20.000","°C","1013.000","hPa","0.861","-0.02056","0.00035","-0.00011","0","14.7","Humid","26.25","0","52.00","343395.17","SABD0000000001","AAV1.0.0.11","2.0.0.28","PSt7-10","000000-000","10/20/2017 9:36:39 AM","0000-00","0","no battery","V"
"10/20/2017","12:58:49","5","default","957498349","OXY5","109.185","min","155.516","μmol/L","Humid","21.187","deg","90860","µV","35.860","°C","1019.000","hPa","37.0","pmil","0","55.500","deg","20.000","°C","100.000","%a.s.","22.500","deg","20.000","°C","1013.000","hPa","0.861","-0.02056","0.00035","-0.00011","0","14.7","Humid","26.25","0","52.00","343377.66","SABD0000000001","AAV1.0.0.11","2.0.0.28","PSt7-10","000000-000","10/20/2017 9:36:39 AM","0000-00","0","no battery","V"
"10/20/2017","12:58:50","5","default","957498349","OXY5","109.202","min","155.461","μmol/L","Humid","21.192","deg","90870","µV","35.858","°C","1019.000","hPa","37.0","pmil","0","55.500","deg","20.000","°C","100.000","%a.s.","22.500","deg","20.000","°C","1013.000","hPa","0.861","-0.02056","0.00035","-0.00011","0","14.7","Humid","26.25","0","52.00","343406.22","SABD0000000001","AAV1.0.0.11","2.0.0.28","PSt7-10","000000-000","10/20/2017 9:36:39 AM","0000-00","0","no battery","V"
"10/20/2017","12:58:51","5","default","957498349","OXY5","109.218","min","155.504","μmol/L","Humid","21.187","deg","90855","µV","35.862","°C","1019.000","hPa","37.0","pmil","0","55.500","deg","20.000","°C","100.000","%a.s.","22.500","deg","20.000","°C","1013.000","hPa","0.861","-0.02056","0.00035","-0.00011","0","14.7","Humid","26.25","0","52.00","343385.88","SABD0000000001","AAV1.0.0.11","2.0.0.28","PSt7-10","000000-000","10/20/2017 9:36:39 AM","0000-00","0","no battery","V"
"10/20/2017","12:58:52","5","default","957498349","OXY5","109.235","min","155.367","μmol/L","Humid","21.192","deg","90861","µV","35.874","°C","1019.000","hPa","37.0","pmil","0","55.500","deg","20.000","°C","100.000","%a.s.","22.500","deg","20.000","°C","1013.000","hPa","0.861","-0.02056","0.00035","-0.00011","0","14.7","Humid","26.25","0","52.00","343386.61","SABD0000000001","AAV1.0.0.11","2.0.0.28","PSt7-10","000000-000","10/20/2017 9:36:39 AM","0000-00","0","no battery","V"
"10/20/2017","12:58:53","5","default","957498349","OXY5","109.252","min","155.400","μmol/L","Humid","21.189","deg","90860","µV","35.875","°C","1019.000","hPa","37.0","pmil","0","55.500","deg","20.000","°C","100.000","%a.s.","22.500","deg","20.000","°C","1013.000","hPa","0.861","-0.02056","0.00035","-0.00011","0","14.7","Humid","26.25","0","52.00","343382.71","SABD0000000001","AAV1.0.0.11","2.0.0.28","PSt7-10","000000-000","10/20/2017 9:36:39 AM","0000-00","0","no battery","V"
"10/20/2017","12:58:54","5","default","957498349","OXY5","109.268","min","155.365","μmol/L","Humid","21.190","deg","90864","µV","35.879","°C","1019.000","hPa","37.0","pmil","0","55.500","deg","20.000","°C","100.000","%a.s.","22.500","deg","20.000","°C","1013.000","hPa","0.861","-0.02056","0.00035","-0.00011","0","14.7","Humid","26.25","0","52.00","343392.40","SABD0000000001","AAV1.0.0.11","2.0.0.28","PSt7-10","000000-000","10/20/2017 9:36:39 AM","0000-00","0","no battery","V"
"10/20/2017","12:58:55","5","default","957498349","OXY5","109.285","min","155.388","μmol/L","Humid","21.189","deg","90868","µV","35.877","°C","1019.000","hPa","37.0","pmil","0","55.500","deg","20.000","°C","100.000","%a.s.","22.500","deg","20.000","°C","1013.000","hPa","0.861","-0.02056","0.00035","-0.00011","0","14.7","Humid","26.25","0","52.00","343393.61","SABD0000000001","AAV1.0.0.11","2.0.0.28","PSt7-10","000000-000","10/20/2017 9:36:39 AM","0000-00","0","no battery","V"
"10/20/2017","12:58:56","5","default","957498349","OXY5","109.301","min","155.366","μmol/L","Humid","21.188","deg","90856","µV","35.884","°C","1019.000","hPa","37.0","pmil","0","55.500","deg","20.000","°C","100.000","%a.s.","22.500","deg","20.000","°C","1013.000","hPa","0.861","-0.02056","0.00035","-0.00011","0","14.7","Humid","26.25","0","52.00","343369.97","SABD0000000001","AAV1.0.0.11","2.0.0.28","PSt7-10","000000-000","10/20/2017 9:36:39 AM","0000-00","0","no battery","V"
"10/20/2017","12:58:57","5","default","957498349","OXY5","109.318","min","155.445","μmol/L","Humid","21.186","deg","90854","µV","35.875","°C","1019.000","hPa","37.0","pmil","0","55.500","deg","20.000","°C","100.000","%a.s.","22.500","deg","20.000","°C","1013.000","hPa","0.861","-0.02056","0.00035","-0.00011","0","14.7","Humid","26.25","0","52.00","343370.63","SABD0000000001","AAV1.0.0.11","2.0.0.28","PSt7-10","000000-000","10/20/2017 9:36:39 AM","0000-00","0","no battery","V"
"10/20/2017","12:58:58","5","default","957498349","OXY5","109.334","min","155.379","μmol/L","Humid","21.190","deg","90857","µV","35.877","°C","1019.000","hPa","37.0","pmil","0","55.500","deg","20.000","°C","100.000","%a.s.","22.500","deg","20.000","°C","1013.000","hPa","0.861","-0.02056","0.00035","-0.00011","0","14.7","Humid","26.25","0","52.00","343386.60","SABD0000000001","AAV1.0.0.11","2.0.0.28","PSt7-10","000000-000","10/20/2017 9:36:39 AM","0000-00","0","no battery","V"
"10/20/2017","12:58:59","5","default","957498349","OXY5","109.351","min","155.463","μmol/L","Humid","21.184","deg","90862","µV","35.877","°C","1019.000","hPa","37.0","pmil","0","55.500","deg","20.000","°C","100.000","%a.s.","22.500","deg","20.000","°C","1013.000","hPa","0.861","-0.02056","0.00035","-0.00011","0","14.7","Humid","26.25","0","52.00","343382.51","SABD0000000001","AAV1.0.0.11","2.0.0.28","PSt7-10","000000-000","10/20/2017 9:36:39 AM","0000-00","0","no battery","V"
"10/20/2017","12:59:00","5","default","957498349","OXY5","109.368","min","155.426","μmol/L","Humid","21.189","deg","90851","µV","35.871","°C","1019.000","hPa","37.0","pmil","0","55.500","deg","20.000","°C","100.000","%a.s.","22.500","deg","20.000","°C","1013.000","hPa","0.861","-0.02056","0.00035","-0.00011","0","14.7","Humid","26.25","0","52.00","343367.14","SABD0000000001","AAV1.0.0.11","2.0.0.28","PSt7-10","000000-000","10/20/2017 9:36:39 AM","0000-00","0","no battery","V"
"10/20/2017","12:59:01","5","default","957498349","OXY5","109.384","min","155.415","μmol/L","Humid","21.189","deg","90859","µV","35.873","°C","1019.000","hPa","37.0","pmil","0","55.500","deg","20.000","°C","100.000","%a.s.","22.500","deg","20.000","°C","1013.000","hPa","0.861","-0.02056","0.00035","-0.00011","0","14.7","Humid","26.25","0","52.00","343378.91","SABD0000000001","AAV1.0.0.11","2.0.0.28","PSt7-10","000000-000","10/20/2017 9:36:39 AM","0000-00","0","no battery","V"
"10/20/2017","12:59:02","5","default","957498349","OXY5","109.401","min","155.370","μmol/L","Humid","21.190","deg","90860","µV","35.878","°C","1019.000","hPa","37.0","pmil","0","55.500","deg","20.000","°C","100.000","%a.s.","22.500","deg","20.000","°C","1013.000","hPa","0.861","-0.02056","0.00035","-0.00011","0","14.7","Humid","26.25","0","52.00","343384.81","SABD0000000001","AAV1.0.0.11","2.0.0.28","PSt7-10","000000-000","10/20/2017 9:36:39 AM","0000-00","0","no battery","V"
"10/20/2017","12:59:03","5","default","957498349","OXY5","109.418","min","155.377","μmol/L","Humid","21.190","deg","90867","µV","35.877","°C","1019.000","hPa","37.0","pmil","0","55.500","deg","20.000","°C","100.000","%a.s.","22.500","deg","20.000","°C","1013.000","hPa","0.861","-0.02056","0.00035","-0.00011","0","14.7","Humid","26.25","0","52.00","343380.90","SABD0000000001","AAV1.0.0.11","2.0.0.28","PSt7-10","000000-000","10/20/2017 9:36:39 AM","0000-00","0","no battery","V"
"10/20/2017","12:59:04","5","default","957498349","OXY5","109.434","min","155.368","μmol/L","Humid","21.191","deg","90863","µV","35.876","°C","1019.000","hPa","37.0","pmil","0","55.500","deg","20.000","°C","100.000","%a.s.","22.500","deg","20.000","°C","1013.000","hPa","0.861","-0.02056","0.00035","-0.00011","0","14.7","Humid","26.25","0","52.00","343370.74","SABD0000000001","AAV1.0.0.11","2.0.0.28","PSt7-10","000000-000","10/20/2017 9:36:39 AM","0000-00","0","no battery","V"
"10/20/2017","12:59:05","5","default","957498349","OXY5","109.451","min","155.403","μmol/L","Humid","21.191","deg","90863","µV","35.870","°C","1019.000","hPa","37.0","pmil","0","55.500","deg","20.000","°C","100.000","%a.s.","22.500","deg","20.000","°C","1013.000","hPa","0.861","-0.02056","0.00035","-0.00011","0","14.7","Humid","26.25","0","52.00","343371.57","SABD0000000001","AAV1.0.0.11","2.0.0.28","PSt7-10","000000-000","10/20/2017 9:36:39 AM","0000-00","0","no battery","V"
"10/20/2017","12:59:06","5","default","957498349","OXY5","109.468","min","155.358","μmol/L","Humid","21.188","deg","90857","µV","35.885","°C","1019.000","hPa","37.0","pmil","0","55.500","deg","20.000","°C","100.000","%a.s.","22.500","deg","20.000","°C","1013.000","hPa","0.861","-0.02056","0.00035","-0.00011","0","14.7","Humid","26.25","0","52.00","343372.76","SABD0000000001","AAV1.0.0.11","2.0.0.28","PSt7-10","000000-000","10/20/2017 9:36:39 AM","0000-00","0","no battery","V"
"10/20/2017","12:59:07","5","default","957498349","OXY5","109.484","min","155.503","μmol/L","Humid","21.187","deg","90860","µV","35.863","°C","1019.000","hPa","37.0","pmil","0","55.500","deg","20.000","°C","100.000","%a.s.","22.500","deg","20.000","°C","1013.000","hPa","0.861","-0.02056","0.00035","-0.00011","0","14.7","Humid","26.25","0","52.00","343369.40","SABD0000000001","AAV1.0.0.11","2.0.0.28","PSt7-10","000000-000","10/20/2017 9:36:39 AM","0000-00","0","no battery","V"
"10/20/2017","12:59:08","5","default","957498349","OXY5","109.501","min","155.434","μmol/L","Humid","21.190","deg","90857","µV","35.867","°C","1019.000","hPa","37.0","pmil","0","55.500","deg","20.000","°C","100.000","%a.s.","22.500","deg","20.000","°C","1013.000","hPa","0.861","-0.02056","0.00035","-0.00011","0","14.7","Humid","26.25","0","52.00","343383.26","SABD0000000001","AAV1.0.0.11","2.0.0.28","PSt7-10","000000-000","10/20/2017 9:36:39 AM","0000-00","0","no battery","V"
"10/20/2017","12:59:09","5","default","957498349","OXY5","109.518","min","155.365","μmol/L","Humid","21.193","deg","90857","µV","35.872","°C","1019.000","hPa","37.0","pmil","0","55.500","deg","20.000","°C","100.000","%a.s.","22.500","deg","20.000","°C","1013.000","hPa","0.861","-0.02056","0.00035","-0.00011","0","14.7","Humid","26.25","0","52.00","343371.17","SABD0000000001","AAV1.0.0.11","2.0.0.28","PSt7-10","000000-000","10/20/2017 9:36:39 AM","0000-00","0","no battery","V"
"10/20/2017","12:59:10","5","default","957498349","OXY5","109.535","min","155.374","μmol/L","Humid","21.190","deg","90851","µV","35.877","°C","1019.000","hPa","37.0","pmil","0","55.500","deg","20.000","°C","100.000","%a.s.","22.500","deg","20.000","°C","1013.000","hPa","0.861","-0.02056","0.00035","-0.00011","0","14.7","Humid","26.25","0","52.00","343377.34","SABD0000000001","AAV1.0.0.11","2.0.0.28","PSt7-10","000000-000","10/20/2017 9:36:39 AM","0000-00","0","no battery","V"
"10/20/2017","12:59:11","5","default","957498349","OXY5","109.551","min","155.427","μmol/L","Humid","21.188","deg","90858","µV","35.873","°C","1019.000","hPa","37.0","pmil","0","55.500","deg","20.000","°C","100.000","%a.s.","22.500","deg","20.000","°C","1013.000","hPa","0.861","-0.02056","0.00035","-0.00011","0","14.7","Humid","26.25","0","52.00","343375.38","SABD0000000001","AAV1.0.0.11","2.0.0.28","PSt7-10","000000-000","10/20/2017 9:36:39 AM","0000-00","0","no battery","V"
"10/20/2017","12:59:12","5","default","957498349","OXY5","109.568","min","155.378","μmol/L","Humid","21.186","deg","90858","µV","35.886","°C","1019.000","hPa","37.0","pmil","0","55.500","deg","20.000","°C","100.000","%a.s.","22.500","deg","20.000","°C","1013.000","hPa","0.861","-0.02056","0.00035","-0.00011","0","14.7","Humid","26.25","0","52.00","343381.99","SABD0000000001","AAV1.0.0.11","2.0.0.28","PSt7-10","000000-000","10/20/2017 9:36:39 AM","0000-00","0","no battery","V"
"10/20/2017","12:59:13","5","default","957498349","OXY5","109.585","min","155.268","μmol/L","Humid","21.194","deg","90859","µV","35.886","°C","1019.000","hPa","37.0","pmil","0","55.500","deg","20.000","°C","100.000","%a.s.","22.500","deg","20.000","°C","1013.000","hPa","0.861","-0.02056","0.00035","-0.00011","0","14.7","Humid","26.25","0","52.00","343380.61","SABD0000000001","AAV1.0.0.11","2.0.0.28","PSt7-10","000000-000","10/20/2017 9:36:39 AM","0000-00","0","no battery","V"
"10/20/2017","12:59:14","5","default","957498349","OXY5","109.601","min","155.338","μmol/L","Humid","21.190","deg","90868","µV","35.884","°C","1019.000","hPa","37.0","pmil","0","55.500","deg","20.000","°C","100.000","%a.s.","22.500","deg","20.000","°C","1013.000","hPa","0.861","-0.02056","0.00035","-0.00011","0","14.7","Humid","26.25","0","52.00","343380.33","SABD0000000001","AAV1.0.0.11","2.0.0.28","PSt7-10","000000-000","10/20/2017 9:36:39 AM","0000-00","0","no battery","V"
"10/20/2017","12:59:15","5","default","957498349","OXY5","109.618","min","155.273","μmol/L","Humid","21.192","deg","90868","µV","35.890","°C","1019.000","hPa","37.0","pmil","0","55.500","deg","20.000","°C","100.000","%a.s.","22.500","deg","20.000","°C","1013.000","hPa","0.861","-0.02056","0.00035","-0.00011","0","14.7","Humid","26.25","0","52.00","343377.10","SABD0000000001","AAV1.0.0.11","2.0.0.28","PSt7-10","000000-000","10/20/2017 9:36:39 AM","0000-00","0","no battery","V"
"10/20/2017","12:59:16","5","default","957498349","OXY5","109.635","min","155.355","μmol/L","Humid","21.186","deg","90858","µV","35.890","°C","1019.000","hPa","37.0","pmil","0","55.500","deg","20.000","°C","100.000","%a.s.","22.500","deg","20.000","°C","1013.000","hPa","0.861","-0.02056","0.00035","-0.00011","0","14.7","Humid","26.25","0","52.00","343372.13","SABD0000000001","AAV1.0.0.11","2.0.0.28","PSt7-10","000000-000","10/20/2017 9:36:39 AM","0000-00","0","no battery","V"
"10/20/2017","12:59:17","5","default","957498349","OXY5","109.651","min","155.408","μmol/L","Humid","21.186","deg","90858","µV","35.881","°C","1019.000","hPa","37.0","pmil","0","55.500","deg","20.000","°C","100.000","%a.s.","22.500","deg","20.000","°C","1013.000","hPa","0.861","-0.02056","0.00035","-0.00011","0","14.7","Humid","26.25","0","52.00","343376.49","SABD0000000001","AAV1.0.0.11","2.0.0.28","PSt7-10","000000-000","10/20/2017 9:36:39 AM","0000-00","0","no battery","V"
"10/20/2017","12:59:18","5","default","957498349","OXY5","109.668","min","155.305","μmol/L","Humid","21.189","deg","90858","µV","35.892","°C","1019.000","hPa","37.0","pmil","0","55.500","deg","20.000","°C","100.000","%a.s.","22.500","deg","20.000","°C","1013.000","hPa","0.861","-0.02056","0.00035","-0.00011","0","14.7","Humid","26.25","0","52.00","343360.72","SABD0000000001","AAV1.0.0.11","2.0.0.28","PSt7-10","000000-000","10/20/2017 9:36:39 AM","0000-00","0","no battery","V"
"10/20/2017","12:59:19","5","default","957498349","OXY5","109.685","min","155.387","μmol/L","Humid","21.188","deg","90861","µV","35.880","°C","1019.000","hPa","37.0","pmil","0","55.500","deg","20.000","°C","100.000","%a.s.","22.500","deg","20.000","°C","1013.000","hPa","0.861","-0.02056","0.00035","-0.00011","0","14.7","Humid","26.25","0","52.00","343362.56","SABD0000000001","AAV1.0.0.11","2.0.0.28","PSt7-10","000000-000","10/20/2017 9:36:39 AM","0000-00","0","no battery","V"
"10/20/2017","12:59:20","5","default","957498349","OXY5","109.701","min","155.390","μmol/L","Humid","21.190","deg","90864","µV","35.875","°C","1019.000","hPa","37.0","pmil","0","55.500","deg","20.000","°C","100.000","%a.s.","22.500","deg","20.000","°C","1013.000","hPa","0.861","-0.02056","0.00035","-0.00011","0","14.7","Humid","26.25","0","52.00","343371.21","SABD0000000001","AAV1.0.0.11","2.0.0.28","PSt7-10","000000-000","10/20/2017 9:36:39 AM","0000-00","0","no battery","V"
"10/20/2017","12:59:21","5","default","957498349","OXY5","109.718","min","155.370","μmol/L","Humid","21.189","deg","90860","µV","35.881","°C","1019.000","hPa","37.0","pmil","0","55.500","deg","20.000","°C","100.000","%a.s.","22.500","deg","20.000","°C","1013.000","hPa","0.861","-0.02056","0.00035","-0.00011","0","14.7","Humid","26.25","0","52.00","343378.95","SABD0000000001","AAV1.0.0.11","2.0.0.28","PSt7-10","000000-000","10/20/2017 9:36:39 AM","0000-00","0","no battery","V"
"10/20/2017","12:59:22","5","default","957498349","OXY5","109.735","min","155.366","μmol/L","Humid","21.189","deg","90853","µV","35.881","°C","1019.000","hPa","37.0","pmil","0","55.500","deg","20.000","°C","100.000","%a.s.","22.500","deg","20.000","°C","1013.000","hPa","0.861","-0.02056","0.00035","-0.00011","0","14.7","Humid","26.25","0","52.00","343361.79","SABD0000000001","AAV1.0.0.11","2.0.0.28","PSt7-10","000000-000","10/20/2017 9:36:39 AM","0000-00","0","no battery","V"
"10/20/2017","12:59:23","5","default","957498349","OXY5","109.751","min","155.318","μmol/L","Humid","21.188","deg","90853","µV","35.892","°C","1019.000","hPa","37.0","pmil","0","55.500","deg","20.000","°C","100.000","%a.s.","22.500","deg","20.000","°C","1013.000","hPa","0.861","-0.02056","0.00035","-0.00011","0","14.7","Humid","26.25","0","52.00","343359.50","SABD0000000001","AAV1.0.0.11","2.0.0.28","PSt7-10","000000-000","10/20/2017 9:36:39 AM","0000-00","0","no battery","V"
"10/20/2017","12:59:24","5","default","957498349","OXY5","109.768","min","155.475","μmol/L","Humid","21.189","deg","90858","µV","35.863","°C","1019.000","hPa","37.0","pmil","0","55.500","deg","20.000","°C","100.000","%a.s.","22.500","deg","20.000","°C","1013.000","hPa","0.861","-0.02056","0.00035","-0.00011","0","14.7","Humid","26.25","0","52.00","343361.28","SABD0000000001","AAV1.0.0.11","2.0.0.28","PSt7-10","000000-000","10/20/2017 9:36:39 AM","0000-00","0","no battery","V"
"10/20/2017","12:59:25","5","default","957498349","OXY5","109.785","min","155.363","μmol/L","Humid","21.189","deg","90859","µV","35.882","°C","1019.000","hPa","37.0","pmil","0","55.500","deg","20.000","°C","100.000","%a.s.","22.500","deg","20.000","°C","1013.000","hPa","0.861","-0.02056","0.00035","-0.00011","0","14.7","Humid","26.25","0","52.00","343373.76","SABD0000000001","AAV1.0.0.11","2.0.0.28","PSt7-10","000000-000","10/20/2017 9:36:39 AM","0000-00","0","no battery","V"
"10/20/2017","12:59:26","5","default","957498349","OXY5","109.802","min","155.364","μmol/L","Humid","21.189","deg","90853","µV","35.882","°C","1019.000","hPa","37.0","pmil","0","55.500","deg","20.000","°C","100.000","%a.s.","22.500","deg","20.000","°C","1013.000","hPa","0.861","-0.02056","0.00035","-0.00011","0","14.7","Humid","26.25","0","52.00","343358.70","SABD0000000001","AAV1.0.0.11","2.0.0.28","PSt7-10","000000-000","10/20/2017 9:36:39 AM","0000-00","0","no battery","V"
"10/20/2017","12:59:27","5","default","957498349","OXY5","109.818","min","155.433","μmol/L","Humid","21.191","deg","90862","µV","35.865","°C","1019.000","hPa","37.0","pmil","0","55.500","deg","20.000","°C","100.000","%a.s.","22.500","deg","20.000","°C","1013.000","hPa","0.861","-0.02056","0.00035","-0.00011","0","14.7","Humid","26.25","0","52.00","343365.65","SABD0000000001","AAV1.0.0.11","2.0.0.28","PSt7-10","000000-000","10/20/2017 9:36:39 AM","0000-00","0","no battery","V"
"10/20/2017","12:59:28","5","default","957498349","OXY5","109.835","min","155.429","μmol/L","Humid","21.186","deg","90854","µV","35.878","°C","1019.000","hPa","37.0","pmil","0","55.500","deg","20.000","°C","100.000","%a.s.","22.500","deg","20.000","°C","1013.000","hPa","0.861","-0.02056","0.00035","-0.00011","0","14.7","Humid","26.25","0","52.00","343376.42","SABD0000000001","AAV1.0.0.11","2.0.0.28","PSt7-10","000000-000","10/20/2017 9:36:39 AM","0000-00","0","no battery","V"
"10/20/2017","12:59:29","5","default","957498349","OXY5","109.852","min","155.413","μmol/L","Humid","21.190","deg","90864","µV","35.871","°C","1019.000","hPa","37.0","pmil","0","55.500","deg","20.000","°C","100.000","%a.s.","22.500","deg","20.000","°C","1013.000","hPa","0.861","-0.02056","0.00035","-0.00011","0","14.7","Humid","26.25","0","52.00","343381.75","SABD0000000001","AAV1.0.0.11","2.0.0.28","PSt7-10","000000-000","10/20/2017 9:36:39 AM","0000-00","0","no battery","V"
"10/20/2017","12:59:30","5","default","957498349","OXY5","109.868","min","155.414","μmol/L","Humid","21.187","deg","90860","µV","35.878","°C","1019.000","hPa","37.0","pmil","0","55.500","deg","20.000","°C","100.000","%a.s.","22.500","deg","20.000","°C","1013.000","hPa","0.861","-0.02056","0.00035","-0.00011","0","14.7","Humid","26.25","0","52.00","343364.75","SABD0000000001","AAV1.0.0.11","2.0.0.28","PSt7-10","000000-000","10/20/2017 9:36:39 AM","0000-00","0","no battery","V"
"10/20/2017","12:59:31","5","default","957498349","OXY5","109.885","min","155.332","μmol/L","Humid","21.190","deg","90863","µV","35.885","°C","1019.000","hPa","37.0","pmil","0","55.500","deg","20.000","°C","100.000","%a.s.","22.500","deg","20.000","°C","1013.000","hPa","0.861","-0.02056","0.00035","-0.00011","0","14.7","Humid","26.25","0","52.00","343356.20","SABD0000000001","AAV1.0.0.11","2.0.0.28","PSt7-10","000000-000","10/20/2017 9:36:39 AM","0000-00","0","no battery","V"
"10/20/2017","12:59:32","5","default","957498349","OXY5","109.902","min","155.461","μmol/L","Humid","21.186","deg","90862","µV","35.872","°C","1019.000","hPa","37.0","pmil","0","55.500","deg","20.000","°C","100.000","%a.s.","22.500","deg","20.000","°C","1013.000","hPa","0.861","-0.02056","0.00035","-0.00011","0","14.7","Humid","26.25","0","52.00","343376.50","SABD0000000001","AAV1.0.0.11","2.0.0.28","PSt7-10","000000-000","10/20/2017 9:36:39 AM","0000-00","0","no battery","V"
"10/20/2017","12:59:33","5","default","957498349","OXY5","109.918","min","155.404","μmol/L","Humid","21.187","deg","90864","µV","35.879","°C","1019.000","hPa","37.0","pmil","0","55.500","deg","20.000","°C","100.000","%a.s.","22.500","deg","20.000","°C","1013.000","hPa","0.861","-0.02056","0.00035","-0.00011","0","14.7","Humid","26.25","0","52.00","343365.61","SABD0000000001","AAV1.0.0.11","2.0.0.28","PSt7-10","000000-000","10/20/2017 9:36:39 AM","0000-00","0","no battery","V"
"10/20/2017","12:59:34","5","default","957498349","OXY5","109.935","min","155.320","μmol/L","Humid","21.190","deg","90857","µV","35.887","°C","1019.000","hPa","37.0","pmil","0","55.500","deg","20.000","°C","100.000","%a.s.","22.500","deg","20.000","°C","1013.000","hPa","0.861","-0.02056","0.00035","-0.00011","0","14.7","Humid","26.25","0","52.00","343369.73","SABD0000000001","AAV1.0.0.11","2.0.0.28","PSt7-10","000000-000","10/20/2017 9:36:39 AM","0000-00","0","no battery","V"
"10/20/2017","12:59:35","5","default","957498349","OXY5","109.952","min","155.370","μmol/L","Humid","21.190","deg","90854","µV","35.878","°C","1019.000","hPa","37.0","pmil","0","55.500","deg","20.000","°C","100.000","%a.s.","22.500","deg","20.000","°C","1013.000","hPa","0.861","-0.02056","0.00035","-0.00011","0","14.7","Humid","26.25","0","52.00","343361.33","SABD0000000001","AAV1.0.0.11","2.0.0.28","PSt7-10","000000-000","10/20/2017 9:36:39 AM","0000-00","0","no battery","V"
"10/20/2017","12:59:36","5","default","957498349","OXY5","109.968","min","155.248","μmol/L","Humid","21.192","deg","90861","µV","35.894","°C","1019.000","hPa","37.0","pmil","0","55.500","deg","20.000","°C","100.000","%a.s.","22.500","deg","20.000","°C","1013.000","hPa","0.861","-0.02056","0.00035","-0.00011","0","14.7","Humid","26.25","0","52.00","343368.26","SABD0000000001","AAV1.0.0.11","2.0.0.28","PSt7-10","000000-000","10/20/2017 9:36:39 AM","0000-00","0","no battery","V"
"10/20/2017","12:59:37","5","default","957498349","OXY5","109.985","min","155.322","μmol/L","Humid","21.186","deg","90861","µV","35.896","°C","1019.000","hPa","37.0","pmil","0","55.500","deg","20.000","°C","100.000","%a.s.","22.500","deg","20.000","°C","1013.000","hPa","0.861","-0.02056","0.00035","-0.00011","0","14.7","Humid","26.25","0","52.00","343356.02","SABD0000000001","AAV1.0.0.11","2.0.0.28","PSt7-10","000000-000","10/20/2017 9:36:39 AM","0000-00","0","no battery","V"
"10/20/2017","12:59:38","5","default","957498349","OXY5","110.001","min","155.421","μmol/L","Humid","21.189","deg","90860","µV","35.872","°C","1019.000","hPa","37.0","pmil","0","55.500","deg","20.000","°C","100.000","%a.s.","22.500","deg","20.000","°C","1013.000","hPa","0.861","-0.02056","0.00035","-0.00011","0","14.7","Humid","26.25","0","52.00","343351.07","SABD0000000001","AAV1.0.0.11","2.0.0.28","PSt7-10","000000-000","10/20/2017 9:36:39 AM","0000-00","0","no battery","V"
"10/20/2017","12:59:39","5","default","957498349","OXY5","110.018","min","155.460","μmol/L","Humid","21.184","deg","90858","µV","35.877","°C","1019.000","hPa","37.0","pmil","0","55.500","deg","20.000","°C","100.000","%a.s.","22.500","deg","20.000","°C","1013.000","hPa","0.861","-0.02056","0.00035","-0.00011","0","14.7","Humid","26.25","0","52.00","343363.91","SABD0000000001","AAV1.0.0.11","2.0.0.28","PSt7-10","000000-000","10/20/2017 9:36:39 AM","0000-00","0","no battery","V"
"10/20/2017","12:59:40","5","default","957498349","OXY5","110.034","min","155.354","μmol/L","Humid","21.186","deg","90854","µV","35.890","°C","1019.000","hPa","37.0","pmil","0","55.500","deg","20.000","°C","100.000","%a.s.","22.500","deg","20.000","°C","1013.000","hPa","0.861","-0.02056","0.00035","-0.00011","0","14.7","Humid","26.25","0","52.00","343342.28","SABD0000000001","AAV1.0.0.11","2.0.0.28","PSt7-10","000000-000","10/20/2017 9:36:39 AM","0000-00","0","no battery","V"
"10/20/2017","12:59:41","5","default","957498349","OXY5","110.051","min","155.359","μmol/L","Humid","21.190","deg","90864","µV","35.880","°C","1019.000","hPa","37.0","pmil","0","55.500","deg","20.000","°C","100.000","%a.s.","22.500","deg","20.000","°C","1013.000","hPa","0.861","-0.02056","0.00035","-0.00011","0","14.7","Humid","26.25","0","52.00","343371.65","SABD0000000001","AAV1.0.0.11","2.0.0.28","PSt7-10","000000-000","10/20/2017 9:36:39 AM","0000-00","0","no battery","V"
"10/20/2017","12:59:42","5","default","957498349","OXY5","110.068","min","155.459","μmol/L","Humid","21.186","deg","90861","µV","35.873","°C","1019.000","hPa","37.0","pmil","0","55.500","deg","20.000","°C","100.000","%a.s.","22.500","deg","20.000","°C","1013.000","hPa","0.861","-0.02056","0.00035","-0.00011","0","14.7","Humid","26.25","0","52.00","343360.89","SABD0000000001","AAV1.0.0.11","2.0.0.28","PSt7-10","000000-000","10/20/2017 9:36:39 AM","0000-00","0","no battery","V"
"10/20/2017","12:59:43","5","default","957498349","OXY5","110.084","min","155.406","μmol/L","Humid","21.193","deg","90862","µV","35.865","°C","1019.000","hPa","37.0","pmil","0","55.500","deg","20.000","°C","100.000","%a.s.","22.500","deg","20.000","°C","1013.000","hPa","0.861","-0.02056","0.00035","-0.00011","0","14.7","Humid","26.25","0","52.00","343343.30","SABD0000000001","AAV1.0.0.11","2.0.0.28","PSt7-10","000000-000","10/20/2017 9:36:39 AM","0000-00","0","no battery","V"
"10/20/2017","12:59:44","5","default","957498349","OXY5","110.101","min","155.382","μmol/L","Humid","21.188","deg","90859","µV","35.881","°C","1019.000","hPa","37.0","pmil","0","55.500","deg","20.000","°C","100.000","%a.s.","22.500","deg","20.000","°C","1013.000","hPa","0.861","-0.02056","0.00035","-0.00011","0","14.7","Humid","26.25","0","52.00","343338.67","SABD0000000001","AAV1.0.0.11","2.0.0.28","PSt7-10","000000-000","10/20/2017 9:36:39 AM","0000-00","0","no battery","V"
"10/20/2017","12:59:45","5","default","957498349","OXY5","110.118","min","155.278","μmol/L","Humid","21.190","deg","90854","µV","35.894","°C","1019.000","hPa","37.0","pmil","0","55.500","deg","20.000","°C","100.000","%a.s.","22.500","deg","20.000","°C","1013.000","hPa","0.861","-0.02056","0.00035","-0.00011","0","14.7","Humid","26.25","0","52.00","343346.74","SABD0000000001","AAV1.0.0.11","2.0.0.28","PSt7-10","000000-000","10/20/2017 9:36:39 AM","0000-00","0","no battery","V"
"10/20/2017","12:59:46","5","default","957498349","OXY5","110.134","min","155.326","μmol/L","Humid","21.192","deg","90859","µV","35.881","°C","1019.000","hPa","37.0","pmil","0","55.500","deg","20.000","°C","100.000","%a.s.","22.500","deg","20.000","°C","1013.000","hPa","0.861","-0.02056","0.00035","-0.00011","0","14.7","Humid","26.25","0","52.00","343352.81","SABD0000000001","AAV1.0.0.11","2.0.0.28","PSt7-10","000000-000","10/20/2017 9:36:39 AM","0000-00","0","no battery","V"
"10/20/2017","12:59:47","5","default","957498349","OXY5","110.151","min","155.362","μmol/L","Humid","21.190","deg","90859","µV","35.880","°C","1019.000","hPa","37.0","pmil","0","55.500","deg","20.000","°C","100.000","%a.s.","22.500","deg","20.000","°C","1013.000","hPa","0.861","-0.02056","0.00035","-0.00011","0","14.7","Humid","26.25","0","52.00","343353.76","SABD0000000001","AAV1.0.0.11","2.0.0.28","PSt7-10","000000-000","10/20/2017 9:36:39 AM","0000-00","0","no battery","V"
"10/20/2017","12:59:48","5","default","957498349","OXY5","110.168","min","155.358","μmol/L","Humid","21.191","deg","90859","µV","35.878","°C","1019.000","hPa","37.0","pmil","0","55.500","deg","20.000","°C","100.000","%a.s.","22.500","deg","20.000","°C","1013.000","hPa","0.861","-0.02056","0.00035","-0.00011","0","14.7","Humid","26.25","0","52.00","343349.18","SABD0000000001","AAV1.0.0.11","2.0.0.28","PSt7-10","000000-000","10/20/2017 9:36:39 AM","0000-00","0","no battery","V"
"10/20/2017","12:59:49","5","default","957498349","OXY5","110.184","min","155.454","μmol/L","Humid","21.190","deg","90861","µV","35.864","°C","1019.000","hPa","37.0","pmil","0","55.500","deg","20.000","°C","100.000","%a.s.","22.500","deg","20.000","°C","1013.000","hPa","0.861","-0.02056","0.00035","-0.00011","0","14.7","Humid","26.25","0","52.00","343341.48","SABD0000000001","AAV1.0.0.11","2.0.0.28","PSt7-10","000000-000","10/20/2017 9:36:39 AM","0000-00","0","no battery","V"
"10/20/2017","12:59:50","5","default","957498349","OXY5","110.201","min","155.323","μmol/L","Humid","21.191","deg","90862","µV","35.884","°C","1019.000","hPa","37.0","pmil","0","55.500","deg","20.000","°C","100.000","%a.s.","22.500","deg","20.000","°C","1013.000","hPa","0.861","-0.02056","0.00035","-0.00011","0","14.7","Humid","26.25","0","52.00","343350.03","SABD0000000001","AAV1.0.0.11","2.0.0.28","PSt7-10","000000-000","10/20/2017 9:36:39 AM","0000-00","0","no battery","V"
"10/20/2017","12:59:51","5","default","957498349","OXY5","110.218","min","155.351","μmol/L","Humid","21.191","deg","90862","µV","35.879","°C","1019.000","hPa","37.0","pmil","0","55.500","deg","20.000","°C","100.000","%a.s.","22.500","deg","20.000","°C","1013.000","hPa","0.861","-0.02056","0.00035","-0.00011","0","14.7","Humid","26.25","0","52.00","343347.54","SABD0000000001","AAV1.0.0.11","2.0.0.28","PSt7-10","000000-000","10/20/2017 9:36:39 AM","0000-00","0","no battery","V"
"10/20/2017","12:59:52","5","default","957498349","OXY5","110.234","min","155.423","μmol/L","Humid","21.185","deg","90864","µV","35.881","°C","1019.000","hPa","37.0","pmil","0","55.500","deg","20.000","°C","100.000","%a.s.","22.500","deg","20.000","°C","1013.000","hPa","0.861","-0.02056","0.00035","-0.00011","0","14.7","Humid","26.25","0","52.00","343349.57","SABD0000000001","AAV1.0.0.11","2.0.0.28","PSt7-10","000000-000","10/20/2017 9:36:39 AM","0000-00","0","no battery","V"
"10/20/2017","12:59:53","5","default","957498349","OXY5","110.251","min","155.348","μmol/L","Humid","21.188","deg","90860","µV","35.887","°C","1019.000","hPa","37.0","pmil","0","55.500","deg","20.000","°C","100.000","%a.s.","22.500","deg","20.000","°C","1013.000","hPa","0.861","-0.02056","0.00035","-0.00011","0","14.7","Humid","26.25","0","52.00","343350.59","SABD0000000001","AAV1.0.0.11","2.0.0.28","PSt7-10","000000-000","10/20/2017 9:36:39 AM","0000-00","0","no battery","V"
"10/20/2017","12:59:54","5","default","957498349","OXY5","110.268","min","155.321","μmol/L","Humid","21.189","deg","90858","µV","35.889","°C","1019.000","hPa","37.0","pmil","0","55.500","deg","20.000","°C","100.000","%a.s.","22.500","deg","20.000","°C","1013.000","hPa","0.861","-0.02056","0.00035","-0.00011","0","14.7","Humid","26.25","0","52.00","343356.83","SABD0000000001","AAV1.0.0.11","2.0.0.28","PSt7-10","000000-000","10/20/2017 9:36:39 AM","0000-00","0","no battery","V"
"10/20/2017","12:59:55","5","default","957498349","OXY5","110.284","min","155.334","μmol/L","Humid","21.192","deg","90861","µV","35.880","°C","1019.000","hPa","37.0","pmil","0","55.500","deg","20.000","°C","100.000","%a.s.","22.500","deg","20.000","°C","1013.000","hPa","0.861","-0.02056","0.00035","-0.00011","0","14.7","Humid","26.25","0","52.00","343348.09","SABD0000000001","AAV1.0.0.11","2.0.0.28","PSt7-10","000000-000","10/20/2017 9:36:39 AM","0000-00","0","no battery","V"
"10/20/2017","12:59:56","5","default","957498349","OXY5","110.301","min","155.375","μmol/L","Humid","21.188","deg","90857","µV","35.882","°C","1019.000","hPa","37.0","pmil","0","55.500","deg","20.000","°C","100.000","%a.s.","22.500","deg","20.000","°C","1013.000","hPa","0.861","-0.02056","0.00035","-0.00011","0","14.7","Humid","26.25","0","52.00","343339.41","SABD0000000001","AAV1.0.0.11","2.0.0.28","PSt7-10","000000-000","10/20/2017 9:36:39 AM","0000-00","0","no battery","V"
"10/20/2017","12:59:57","5","default","957498349","OXY5","110.318","min","155.449","μmol/L","Humid","21.188","deg","90863","µV","35.870","°C","1019.000","hPa","37.0","pmil","0","55.500","deg","20.000","°C","100.000","%a.s.","22.500","deg","20.000","°C","1013.000","hPa","0.861","-0.02056","0.00035","-0.00011","0","14.7","Humid","26.25","0","52.00","343343.97","SABD0000000001","AAV1.0.0.11","2.0.0.28","PSt7-10","000000-000","10/20/2017 9:36:39 AM","0000-00","0","no battery","V"
"10/20/2017","12:59:58","5","default","957498349","OXY5","110.334","min","155.344","μmol/L","Humid","21.189","deg","90863","µV","35.885","°C","1019.000","hPa","37.0","pmil","0","55.500","deg","20.000","°C","100.000","%a.s.","22.500","deg","20.000","°C","1013.000","hPa","0.861","-0.02056","0.00035","-0.00011","0","14.7","Humid","26.25","0","52.00","343349.37","SABD0000000001","AAV1.0.0.11","2.0.0.28","PSt7-10","000000-000","10/20/2017 9:36:39 AM","0000-00","0","no battery","V"
"10/20/2017","12:59:59","5","default","957498349","OXY5","110.351","min","155.337","μmol/L","Humid","21.187","deg","90857","µV","35.891","°C","1019.000","hPa","37.0","pmil","0","55.500","deg","20.000","°C","100.000","%a.s.","22.500","deg","20.000","°C","1013.000","hPa","0.861","-0.02056","0.00035","-0.00011","0","14.7","Humid","26.25","0","52.00","343342.86","SABD0000000001","AAV1.0.0.11","2.0.0.28","PSt7-10","000000-000","10/20/2017 9:36:39 AM","0000-00","0","no battery","V"
"10/20/2017","13:00:00","5","default","957498349","OXY5","110.368","min","155.297","μmol/L","Humid","21.191","deg","90867","µV","35.888","°C","1019.000","hPa","37.0","pmil","0","55.500","deg","20.000","°C","100.000","%a.s.","22.500","deg","20.000","°C","1013.000","hPa","0.861","-0.02056","0.00035","-0.00011","0","14.7","Humid","26.25","0","52.00","343345.91","SABD0000000001","AAV1.0.0.11","2.0.0.28","PSt7-10","000000-000","10/20/2017 9:36:39 AM","0000-00","0","no battery","V"
"10/20/2017","13:00:01","5","default","957498349","OXY5","110.384","min","155.293","μmol/L","Humid","21.194","deg","90858","µV","35.882","°C","1019.000","hPa","37.0","pmil","0","55.500","deg","20.000","°C","100.000","%a.s.","22.500","deg","20.000","°C","1013.000","hPa","0.861","-0.02056","0.00035","-0.00011","0","14.7","Humid","26.25","0","52.00","343354.86","SABD0000000001","AAV1.0.0.11","2.0.0.28","PSt7-10","000000-000","10/20/2017 9:36:39 AM","0000-00","0","no battery","V"
"10/20/2017","13:00:02","5","default","957498349","OXY5","110.401","min","155.311","μmol/L","Humid","21.191","deg","90860","µV","35.886","°C","1019.000","hPa","37.0","pmil","0","55.500","deg","20.000","°C","100.000","%a.s.","22.500","deg","20.000","°C","1013.000","hPa","0.861","-0.02056","0.00035","-0.00011","0","14.7","Humid","26.25","0","52.00","343358.23","SABD0000000001","AAV1.0.0.11","2.0.0.28","PSt7-10","000000-000","10/20/2017 9:36:39 AM","0000-00","0","no battery","V"
"10/20/2017","13:00:03","5","default","957498349","OXY5","110.418","min","155.360","μmol/L","Humid","21.191","deg","90858","µV","35.878","°C","1019.000","hPa","37.0","pmil","0","55.500","deg","20.000","°C","100.000","%a.s.","22.500","deg","20.000","°C","1013.000","hPa","0.861","-0.02056","0.00035","-0.00011","0","14.7","Humid","26.25","0","52.00","343344.24","SABD0000000001","AAV1.0.0.11","2.0.0.28","PSt7-10","000000-000","10/20/2017 9:36:39 AM","0000-00","0","no battery","V"
"10/20/2017","13:00:04","5","default","957498349","OXY5","110.434","min","155.336","μmol/L","Humid","21.191","deg","90857","µV","35.882","°C","1019.000","hPa","37.0","pmil","0","55.500","deg","20.000","°C","100.000","%a.s.","22.500","deg","20.000","°C","1013.000","hPa","0.861","-0.02056","0.00035","-0.00011","0","14.7","Humid","26.25","0","52.00","343348.60","SABD0000000001","AAV1.0.0.11","2.0.0.28","PSt7-10","000000-000","10/20/2017 9:36:39 AM","0000-00","0","no battery","V"
"10/20/2017","13:00:05","5","default","957498349","OXY5","110.451","min","155.408","μmol/L","Humid","21.189","deg","90856","µV","35.874","°C","1019.000","hPa","37.0","pmil","0","55.500","deg","20.000","°C","100.000","%a.s.","22.500","deg","20.000","°C","1013.000","hPa","0.861","-0.02056","0.00035","-0.00011","0","14.7","Humid","26.25","0","52.00","343349.37","SABD0000000001","AAV1.0.0.11","2.0.0.28","PSt7-10","000000-000","10/20/2017 9:36:39 AM","0000-00","0","no battery","V"
"10/20/2017","13:00:06","5","default","957498349","OXY5","110.468","min","155.305","μmol/L","Humid","21.189","deg","90853","µV","35.892","°C","1019.000","hPa","37.0","pmil","0","55.500","deg","20.000","°C","100.000","%a.s.","22.500","deg","20.000","°C","1013.000","hPa","0.861","-0.02056","0.00035","-0.00011","0","14.7","Humid","26.25","0","52.00","343348.99","SABD0000000001","AAV1.0.0.11","2.0.0.28","PSt7-10","000000-000","10/20/2017 9:36:39 AM","0000-00","0","no battery","V"
"10/20/2017","13:00:07","5","default","957498349","OXY5","110.484","min","155.418","μmol/L","Humid","21.189","deg","90859","µV","35.872","°C","1019.000","hPa","37.0","pmil","0","55.500","deg","20.000","°C","100.000","%a.s.","22.500","deg","20.000","°C","1013.000","hPa","0.861","-0.02056","0.00035","-0.00011","0","14.7","Humid","26.25","0","52.00","343339.30","SABD0000000001","AAV1.0.0.11","2.0.0.28","PSt7-10","000000-000","10/20/2017 9:36:39 AM","0000-00","0","no battery","V"
"10/20/2017","13:00:08","5","default","957498349","OXY5","110.501","min","155.366","μmol/L","Humid","21.189","deg","90863","µV","35.881","°C","1019.000","hPa","37.0","pmil","0","55.500","deg","20.000","°C","100.000","%a.s.","22.500","deg","20.000","°C","1013.000","hPa","0.861","-0.02056","0.00035","-0.00011","0","14.7","Humid","26.25","0","52.00","343358.19","SABD0000000001","AAV1.0.0.11","2.0.0.28","PSt7-10","000000-000","10/20/2017 9:36:39 AM","0000-00","0","no battery","V"
"10/20/2017","13:00:09","5","default","957498349","OXY5","110.518","min","155.267","μmol/L","Humid","21.191","deg","90854","µV","35.893","°C","1019.000","hPa","37.0","pmil","0","55.500","deg","20.000","°C","100.000","%a.s.","22.500","deg","20.000","°C","1013.000","hPa","0.861","-0.02056","0.00035","-0.00011","0","14.7","Humid","26.25","0","52.00","343338.09","SABD0000000001","AAV1.0.0.11","2.0.0.28","PSt7-10","000000-000","10/20/2017 9:36:39 AM","0000-00","0","no battery","V"
"10/20/2017","13:00:10","5","default","957498349","OXY5","110.535","min","155.281","μmol/L","Humid","21.194","deg","90850","µV","35.884","°C","1019.000","hPa","37.0","pmil","0","55.500","deg","20.000","°C","100.000","%a.s.","22.500","deg","20.000","°C","1013.000","hPa","0.861","-0.02056","0.00035","-0.00011","0","14.7","Humid","26.25","0","52.00","343340.99","SABD0000000001","AAV1.0.0.11","2.0.0.28","PSt7-10","000000-000","10/20/2017 9:36:39 AM","0000-00","0","no battery","V"
"10/20/2017","13:00:11","5","default","957498349","OXY5","110.551","min","155.328","μmol/L","Humid","21.188","deg","90858","µV","35.890","°C","1019.000","hPa","37.0","pmil","0","55.500","deg","20.000","°C","100.000","%a.s.","22.500","deg","20.000","°C","1013.000","hPa","0.861","-0.02056","0.00035","-0.00011","0","14.7","Humid","26.25","0","52.00","343336.95","SABD0000000001","AAV1.0.0.11","2.0.0.28","PSt7-10","000000-000","10/20/2017 9:36:39 AM","0000-00","0","no battery","V"
"10/20/2017","13:00:12","5","default","957498349","OXY5","110.568","min","155.402","μmol/L","Humid","21.189","deg","90856","µV","35.875","°C","1019.000","hPa","37.0","pmil","0","55.500","deg","20.000","°C","100.000","%a.s.","22.500","deg","20.000","°C","1013.000","hPa","0.861","-0.02056","0.00035","-0.00011","0","14.7","Humid","26.25","0","52.00","343341.93","SABD0000000001","AAV1.0.0.11","2.0.0.28","PSt7-10","000000-000","10/20/2017 9:36:39 AM","0000-00","0","no battery","V"
"10/20/2017","13:00:13","5","default","957498349","OXY5","110.585","min","155.195","μmol/L","Humid","21.195","deg","90857","µV","35.896","°C","1019.000","hPa","37.0","pmil","0","55.500","deg","20.000","°C","100.000","%a.s.","22.500","deg","20.000","°C","1013.000","hPa","0.861","-0.02056","0.00035","-0.00011","0","14.7","Humid","26.25","0","52.00","343322.51","SABD0000000001","AAV1.0.0.11","2.0.0.28","PSt7-10","000000-000","10/20/2017 9:36:39 AM","0000-00","0","no battery","V"
"10/20/2017","13:00:14","5","default","957498349","OXY5","110.601","min","155.267","μmol/L","Humid","21.194","deg","90857","µV","35.886","°C","1019.000","hPa","37.0","pmil","0","55.500","deg","20.000","°C","100.000","%a.s.","22.500","deg","20.000","°C","1013.000","hPa","0.861","-0.02056","0.00035","-0.00011","0","14.7","Humid","26.25","0","52.00","343320.94","SABD0000000001","AAV1.0.0.11","2.0.0.28","PSt7-10","000000-000","10/20/2017 9:36:39 AM","0000-00","0","no battery","V"
"10/20/2017","13:00:15","5","default","957498349","OXY5","110.618","min","155.267","μmol/L","Humid","21.187","deg","90856","µV","35.903","°C","1019.000","hPa","37.0","pmil","0","55.500","deg","20.000","°C","100.000","%a.s.","22.500","deg","20.000","°C","1013.000","hPa","0.861","-0.02056","0.00035","-0.00011","0","14.7","Humid","26.25","0","52.00","343332.54","SABD0000000001","AAV1.0.0.11","2.0.0.28","PSt7-10","000000-000","10/20/2017 9:36:39 AM","0000-00","0","no battery","V"
"10/20/2017","13:00:16","5","default","957498349","OXY5","110.635","min","155.257","μmol/L","Humid","21.191","deg","90865","µV","35.895","°C","1019.000","hPa","37.0","pmil","0","55.500","deg","20.000","°C","100.000","%a.s.","22.500","deg","20.000","°C","1013.000","hPa","0.861","-0.02056","0.00035","-0.00011","0","14.7","Humid","26.25","0","52.00","343326.25","SABD0000000001","AAV1.0.0.11","2.0.0.28","PSt7-10","000000-000","10/20/2017 9:36:39 AM","0000-00","0","no battery","V"
"10/20/2017","13:00:17","5","default","957498349","OXY5","110.651","min","155.307","μmol/L","Humid","21.190","deg","90851","µV","35.889","°C","1019.000","hPa","37.0","pmil","0","55.500","deg","20.000","°C","100.000","%a.s.","22.500","deg","20.000","°C","1013.000","hPa","0.861","-0.02056","0.00035","-0.00011","0","14.7","Humid","26.25","0","52.00","343308.36","SABD0000000001","AAV1.0.0.11","2.0.0.28","PSt7-10","000000-000","10/20/2017 9:36:39 AM","0000-00","0","no battery","V"
"10/20/2017","13:00:18","5","default","957498349","OXY5","110.668","min","155.287","μmol/L","Humid","21.191","deg","90858","µV","35.890","°C","1019.000","hPa","37.0","pmil","0","55.500","deg","20.000","°C","100.000","%a.s.","22.500","deg","20.000","°C","1013.000","hPa","0.861","-0.02056","0.00035","-0.00011","0","14.7","Humid","26.25","0","52.00","343321.70","SABD0000000001","AAV1.0.0.11","2.0.0.28","PSt7-10","000000-000","10/20/2017 9:36:39 AM","0000-00","0","no battery","V"
"10/20/2017","13:00:19","5","default","957498349","OXY5","110.685","min","155.343","μmol/L","Humid","21.187","deg","90854","µV","35.890","°C","1019.000","hPa","37.0","pmil","0","55.500","deg","20.000","°C","100.000","%a.s.","22.500","deg","20.000","°C","1013.000","hPa","0.861","-0.02056","0.00035","-0.00011","0","14.7","Humid","26.25","0","52.00","343327.19","SABD0000000001","AAV1.0.0.11","2.0.0.28","PSt7-10","000000-000","10/20/2017 9:36:39 AM","0000-00","0","no battery","V"
"10/20/2017","13:00:20","5","default","957498349","OXY5","110.701","min","155.350","μmol/L","Humid","21.186","deg","90850","µV","35.891","°C","1019.000","hPa","37.0","pmil","0","55.500","deg","20.000","°C","100.000","%a.s.","22.500","deg","20.000","°C","1013.000","hPa","0.861","-0.02056","0.00035","-0.00011","0","14.7","Humid","26.25","0","52.00","343325.63","SABD0000000001","AAV1.0.0.11","2.0.0.28","PSt7-10","000000-000","10/20/2017 9:36:39 AM","0000-00","0","no battery","V"
"10/20/2017","13:00:21","5","default","957498349","OXY5","110.718","min","155.325","μmol/L","Humid","21.188","deg","90857","µV","35.890","°C","1019.000","hPa","37.0","pmil","0","55.500","deg","20.000","°C","100.000","%a.s.","22.500","deg","20.000","°C","1013.000","hPa","0.861","-0.02056","0.00035","-0.00011","0","14.7","Humid","26.25","0","52.00","343330.51","SABD0000000001","AAV1.0.0.11","2.0.0.28","PSt7-10","000000-000","10/20/2017 9:36:39 AM","0000-00","0","no battery","V"
"10/20/2017","13:00:22","5","default","957498349","OXY5","110.735","min","155.269","μmol/L","Humid","21.191","deg","90854","µV","35.893","°C","1019.000","hPa","37.0","pmil","0","55.500","deg","20.000","°C","100.000","%a.s.","22.500","deg","20.000","°C","1013.000","hPa","0.861","-0.02056","0.00035","-0.00011","0","14.7","Humid","26.25","0","52.00","343315.08","SABD0000000001","AAV1.0.0.11","2.0.0.28","PSt7-10","000000-000","10/20/2017 9:36:39 AM","0000-00","0","no battery","V"
"10/20/2017","13:00:23","5","default","957498349","OXY5","110.751","min","155.319","μmol/L","Humid","21.190","deg","90853","µV","35.887","°C","1019.000","hPa","37.0","pmil","0","55.500","deg","20.000","°C","100.000","%a.s.","22.500","deg","20.000","°C","1013.000","hPa","0.861","-0.02056","0.00035","-0.00011","0","14.7","Humid","26.25","0","52.00","343310.76","SABD0000000001","AAV1.0.0.11","2.0.0.28","PSt7-10","000000-000","10/20/2017 9:36:39 AM","0000-00","0","no battery","V"
"10/20/2017","13:00:24","5","default","957498349","OXY5","110.768","min","155.377","μmol/L","Humid","21.187","deg","90854","µV","35.884","°C","1019.000","hPa","37.0","pmil","0","55.500","deg","20.000","°C","100.000","%a.s.","22.500","deg","20.000","°C","1013.000","hPa","0.861","-0.02056","0.00035","-0.00011","0","14.7","Humid","26.25","0","52.00","343319.61","SABD0000000001","AAV1.0.0.11","2.0.0.28","PSt7-10","000000-000","10/20/2017 9:36:39 AM","0000-00","0","no battery","V"
"10/20/2017","13:00:25","5","default","957498349","OXY5","110.785","min","155.320","μmol/L","Humid","21.191","deg","90853","µV","35.884","°C","1019.000","hPa","37.0","pmil","0","55.500","deg","20.000","°C","100.000","%a.s.","22.500","deg","20.000","°C","1013.000","hPa","0.861","-0.02056","0.00035","-0.00011","0","14.7","Humid","26.25","0","52.00","343308.49","SABD0000000001","AAV1.0.0.11","2.0.0.28","PSt7-10","000000-000","10/20/2017 9:36:39 AM","0000-00","0","no battery","V"
"10/20/2017","13:00:26","5","default","957498349","OXY5","110.801","min","155.310","μmol/L","Humid","21.192","deg","90853","µV","35.884","°C","1019.000","hPa","37.0","pmil","0","55.500","deg","20.000","°C","100.000","%a.s.","22.500","deg","20.000","°C","1013.000","hPa","0.861","-0.02056","0.00035","-0.00011","0","14.7","Humid","26.25","0","52.00","343314.88","SABD0000000001","AAV1.0.0.11","2.0.0.28","PSt7-10","000000-000","10/20/2017 9:36:39 AM","0000-00","0","no battery","V"
"10/20/2017","13:00:27","5","default","957498349","OXY5","110.818","min","155.358","μmol/L","Humid","21.191","deg","90857","µV","35.878","°C","1019.000","hPa","37.0","pmil","0","55.500","deg","20.000","°C","100.000","%a.s.","22.500","deg","20.000","°C","1013.000","hPa","0.861","-0.02056","0.00035","-0.00011","0","14.7","Humid","26.25","0","52.00","343319.32","SABD0000000001","AAV1.0.0.11","2.0.0.28","PSt7-10","000000-000","10/20/2017 9:36:39 AM","0000-00","0","no battery","V"
"10/20/2017","13:00:28","5","default","957498349","OXY5","110.835","min","155.349","μmol/L","Humid","21.189","deg","90851","µV","35.884","°C","1019.000","hPa","37.0","pmil","0","55.500","deg","20.000","°C","100.000","%a.s.","22.500","deg","20.000","°C","1013.000","hPa","0.861","-0.02056","0.00035","-0.00011","0","14.7","Humid","26.25","0","52.00","343322.27","SABD0000000001","AAV1.0.0.11","2.0.0.28","PSt7-10","000000-000","10/20/2017 9:36:39 AM","0000-00","0","no battery","V"
"10/20/2017","13:00:29","5","default","957498349","OXY5","110.851","min","155.242","μmol/L","Humid","21.192","deg","90851","µV","35.895","°C","1019.000","hPa","37.0","pmil","0","55.500","deg","20.000","°C","100.000","%a.s.","22.500","deg","20.000","°C","1013.000","hPa","0.861","-0.02056","0.00035","-0.00011","0","14.7","Humid","26.25","0","52.00","343323.76","SABD0000000001","AAV1.0.0.11","2.0.0.28","PSt7-10","000000-000","10/20/2017 9:36:39 AM","0000-00","0","no battery","V"
"10/20/2017","13:00:30","5","default","957498349","OXY5","110.868","min","155.257","μmol/L","Humid","21.190","deg","90856","µV","35.897","°C","1019.000","hPa","37.0","pmil","0","55.500","deg","20.000","°C","100.000","%a.s.","22.500","deg","20.000","°C","1013.000","hPa","0.861","-0.02056","0.00035","-0.00011","0","14.7","Humid","26.25","0","52.00","343319.61","SABD0000000001","AAV1.0.0.11","2.0.0.28","PSt7-10","000000-000","10/20/2017 9:36:39 AM","0000-00","0","no battery","V"
"10/20/2017","13:00:31","5","default","957498349","OXY5","110.885","min","155.258","μmol/L","Humid","21.194","deg","90850","µV","35.888","°C","1019.000","hPa","37.0","pmil","0","55.500","deg","20.000","°C","100.000","%a.s.","22.500","deg","20.000","°C","1013.000","hPa","0.861","-0.02056","0.00035","-0.00011","0","14.7","Humid","26.25","0","52.00","343321.14","SABD0000000001","AAV1.0.0.11","2.0.0.28","PSt7-10","000000-000","10/20/2017 9:36:39 AM","0000-00","0","no battery","V"
"10/20/2017","13:00:32","5","default","957498349","OXY5","110.902","min","155.314","μmol/L","Humid","21.188","deg","90853","µV","35.892","°C","1019.000","hPa","37.0","pmil","0","55.500","deg","20.000","°C","100.000","%a.s.","22.500","deg","20.000","°C","1013.000","hPa","0.861","-0.02056","0.00035","-0.00011","0","14.7","Humid","26.25","0","52.00","343293.13","SABD0000000001","AAV1.0.0.11","2.0.0.28","PSt7-10","000000-000","10/20/2017 9:36:39 AM","0000-00","0","no battery","V"
"10/20/2017","13:00:33","5","default","957498349","OXY5","110.918","min","155.344","μmol/L","Humid","21.188","deg","90853","µV","35.887","°C","1019.000","hPa","37.0","pmil","0","55.500","deg","20.000","°C","100.000","%a.s.","22.500","deg","20.000","°C","1013.000","hPa","0.861","-0.02056","0.00035","-0.00011","0","14.7","Humid","26.25","0","52.00","343316.91","SABD0000000001","AAV1.0.0.11","2.0.0.28","PSt7-10","000000-000","10/20/2017 9:36:39 AM","0000-00","0","no battery","V"
"10/20/2017","13:00:34","5","default","957498349","OXY5","110.935","min","155.246","μmol/L","Humid","21.191","deg","90856","µV","35.897","°C","1019.000","hPa","37.0","pmil","0","55.500","deg","20.000","°C","100.000","%a.s.","22.500","deg","20.000","°C","1013.000","hPa","0.861","-0.02056","0.00035","-0.00011","0","14.7","Humid","26.25","0","52.00","343308.12","SABD0000000001","AAV1.0.0.11","2.0.0.28","PSt7-10","000000-000","10/20/2017 9:36:39 AM","0000-00","0","no battery","V"
"10/20/2017","13:00:35","5","default","957498349","OXY5","110.952","min","155.371","μmol/L","Humid","21.191","deg","90856","µV","35.876","°C","1019.000","hPa","37.0","pmil","0","55.500","deg","20.000","°C","100.000","%a.s.","22.500","deg","20.000","°C","1013.000","hPa","0.861","-0.02056","0.00035","-0.00011","0","14.7","Humid","26.25","0","52.00","343302.00","SABD0000000001","AAV1.0.0.11","2.0.0.28","PSt7-10","000000-000","10/20/2017 9:36:39 AM","0000-00","0","no battery","V"
"10/20/2017","13:00:36","5","default","957498349","OXY5","110.968","min","155.322","μmol/L","Humid","21.192","deg","90852","µV","35.882","°C","1019.000","hPa","37.0","pmil","0","55.500","deg","20.000","°C","100.000","%a.s.","22.500","deg","20.000","°C","1013.000","hPa","0.861","-0.02056","0.00035","-0.00011","0","14.7","Humid","26.25","0","52.00","343293.39","SABD0000000001","AAV1.0.0.11","2.0.0.28","PSt7-10","000000-000","10/20/2017 9:36:39 AM","0000-00","0","no battery","V"
"10/20/2017","13:00:37","5","default","957498349","OXY5","110.985","min","155.164","μmol/L","Humid","21.193","deg","90856","µV","35.906","°C","1019.000","hPa","37.0","pmil","0","55.500","deg","20.000","°C","100.000","%a.s.","22.500","deg","20.000","°C","1013.000","hPa","0.861","-0.02056","0.00035","-0.00011","0","14.7","Humid","26.25","0","52.00","343315.00","SABD0000000001","AAV1.0.0.11","2.0.0.28","PSt7-10","000000-000","10/20/2017 9:36:39 AM","0000-00","0","no battery","V"
"10/20/2017","13:00:38","5","default","957498349","OXY5","111.002","min","155.209","μmol/L","Humid","21.190","deg","90851","µV","35.906","°C","1019.000","hPa","37.0","pmil","0","55.500","deg","20.000","°C","100.000","%a.s.","22.500","deg","20.000","°C","1013.000","hPa","0.861","-0.02056","0.00035","-0.00011","0","14.7","Humid","26.25","0","52.00","343297.52","SABD0000000001","AAV1.0.0.11","2.0.0.28","PSt7-10","000000-000","10/20/2017 9:36:39 AM","0000-00","0","no battery","V"
"10/20/2017","13:00:39","5","default","957498349","OXY5","111.018","min","155.208","μmol/L","Humid","21.191","deg","90850","µV","35.903","°C","1019.000","hPa","37.0","pmil","0","55.500","deg","20.000","°C","100.000","%a.s.","22.500","deg","20.000","°C","1013.000","hPa","0.861","-0.02056","0.00035","-0.00011","0","14.7","Humid","26.25","0","52.00","343311.81","SABD0000000001","AAV1.0.0.11","2.0.0.28","PSt7-10","000000-000","10/20/2017 9:36:39 AM","0000-00","0","no battery","V"
"10/20/2017","13:00:40","5","default","957498349","OXY5","111.035","min","155.367","μmol/L","Humid","21.190","deg","90852","µV","35.879","°C","1019.000","hPa","37.0","pmil","0","55.500","deg","20.000","°C","100.000","%a.s.","22.500","deg","20.000","°C","1013.000","hPa","0.861","-0.02056","0.00035","-0.00011","0","14.7","Humid","26.25","0","52.00","343297.22","SABD0000000001","AAV1.0.0.11","2.0.0.28","PSt7-10","000000-000","10/20/2017 9:36:39 AM","0000-00","0","no battery","V"
"10/20/2017","13:00:41","5","default","957498349","OXY5","111.052","min","155.337","μmol/L","Humid","21.187","deg","90852","µV","35.891","°C","1019.000","hPa","37.0","pmil","0","55.500","deg","20.000","°C","100.000","%a.s.","22.500","deg","20.000","°C","1013.000","hPa","0.861","-0.02056","0.00035","-0.00011","0","14.7","Humid","26.25","0","52.00","343295.19","SABD0000000001","AAV1.0.0.11","2.0.0.28","PSt7-10","000000-000","10/20/2017 9:36:39 AM","0000-00","0","no battery","V"
"10/20/2017","13:00:42","5","default","957498349","OXY5","111.068","min","155.322","μmol/L","Humid","21.189","deg","90851","µV","35.889","°C","1019.000","hPa","37.0","pmil","0","55.500","deg","20.000","°C","100.000","%a.s.","22.500","deg","20.000","°C","1013.000","hPa","0.861","-0.02056","0.00035","-0.00011","0","14.7","Humid","26.25","0","52.00","343294.01","SABD0000000001","AAV1.0.0.11","2.0.0.28","PSt7-10","000000-000","10/20/2017 9:36:39 AM","0000-00","0","no battery","V"
"10/20/2017","13:00:43","5","default","957498349","OXY5","111.085","min","155.338","μmol/L","Humid","21.190","deg","90856","µV","35.884","°C","1019.000","hPa","37.0","pmil","0","55.500","deg","20.000","°C","100.000","%a.s.","22.500","deg","20.000","°C","1013.000","hPa","0.861","-0.02056","0.00035","-0.00011","0","14.7","Humid","26.25","0","52.00","343298.73","SABD0000000001","AAV1.0.0.11","2.0.0.28","PSt7-10","000000-000","10/20/2017 9:36:39 AM","0000-00","0","no battery","V"
"10/20/2017","13:00:44","5","default","957498349","OXY5","111.102","min","155.358","μmol/L","Humid","21.191","deg","90858","µV","35.878","°C","1019.000","hPa","37.0","pmil","0","55.500","deg","20.000","°C","100.000","%a.s.","22.500","deg","20.000","°C","1013.000","hPa","0.861","-0.02056","0.00035","-0.00011","0","14.7","Humid","26.25","0","52.00","343314.70","SABD0000000001","AAV1.0.0.11","2.0.0.28","PSt7-10","000000-000","10/20/2017 9:36:39 AM","0000-00","0","no battery","V"
"10/20/2017","13:00:45","5","default","957498349","OXY5","111.118","min","155.321","μmol/L","Humid","21.189","deg","90860","µV","35.889","°C","1019.000","hPa","37.0","pmil","0","55.500","deg","20.000","°C","100.000","%a.s.","22.500","deg","20.000","°C","1013.000","hPa","0.861","-0.02056","0.00035","-0.00011","0","14.7","Humid","26.25","0","52.00","343313.13","SABD0000000001","AAV1.0.0.11","2.0.0.28","PSt7-10","000000-000","10/20/2017 9:36:39 AM","0000-00","0","no battery","V"
"10/20/2017","13:00:46","5","default","957498349","OXY5","111.134","min","155.438","μmol/L","Humid","21.188","deg","90851","µV","35.871","°C","1019.000","hPa","37.0","pmil","0","55.500","deg","20.000","°C","100.000","%a.s.","22.500","deg","20.000","°C","1013.000","hPa","0.861","-0.02056","0.00035","-0.00011","0","14.7","Humid","26.25","0","52.00","343302.11","SABD0000000001","AAV1.0.0.11","2.0.0.28","PSt7-10","000000-000","10/20/2017 9:36:39 AM","0000-00","0","no battery","V"
"10/20/2017","13:00:47","5","default","957498349","OXY5","111.151","min","155.389","μmol/L","Humid","21.187","deg","90854","µV","35.882","°C","1019.000","hPa","37.0","pmil","0","55.500","deg","20.000","°C","100.000","%a.s.","22.500","deg","20.000","°C","1013.000","hPa","0.861","-0.02056","0.00035","-0.00011","0","14.7","Humid","26.25","0","52.00","343291.85","SABD0000000001","AAV1.0.0.11","2.0.0.28","PSt7-10","000000-000","10/20/2017 9:36:39 AM","0000-00","0","no battery","V"
"10/20/2017","13:00:48","5","default","957498349","OXY5","111.168","min","155.253","μmol/L","Humid","21.193","deg","90858","µV","35.891","°C","1019.000","hPa","37.0","pmil","0","55.500","deg","20.000","°C","100.000","%a.s.","22.500","deg","20.000","°C","1013.000","hPa","0.861","-0.02056","0.00035","-0.00011","0","14.7","Humid","26.25","0","52.00","343288.52","SABD0000000001","AAV1.0.0.11","2.0.0.28","PSt7-10","000000-000","10/20/2017 9:36:39 AM","0000-00","0","no battery","V"
"10/20/2017","13:00:49","5","default","957498349","OXY5","111.184","min","155.276","μmol/L","Humid","21.192","deg","90851","µV","35.889","°C","1019.000","hPa","37.0","pmil","0","55.500","deg","20.000","°C","100.000","%a.s.","22.500","deg","20.000","°C","1013.000","hPa","0.861","-0.02056","0.00035","-0.00011","0","14.7","Humid","26.25","0","52.00","343295.48","SABD0000000001","AAV1.0.0.11","2.0.0.28","PSt7-10","000000-000","10/20/2017 9:36:39 AM","0000-00","0","no battery","V"
"10/20/2017","13:00:50","5","default","957498349","OXY5","111.201","min","155.217","μmol/L","Humid","21.193","deg","90845","µV","35.897","°C","1019.000","hPa","37.0","pmil","0","55.500","deg","20.000","°C","100.000","%a.s.","22.500","deg","20.000","°C","1013.000","hPa","0.861","-0.02056","0.00035","-0.00011","0","14.7","Humid","26.25","0","52.00","343281.23","SABD0000000001","AAV1.0.0.11","2.0.0.28","PSt7-10","000000-000","10/20/2017 9:36:39 AM","0000-00","0","no battery","V"
"10/20/2017","13:00:51","5","default","957498349","OXY5","111.218","min","155.264","μmol/L","Humid","21.193","deg","90852","µV","35.889","°C","1019.000","hPa","37.0","pmil","0","55.500","deg","20.000","°C","100.000","%a.s.","22.500","deg","20.000","°C","1013.000","hPa","0.861","-0.02056","0.00035","-0.00011","0","14.7","Humid","26.25","0","52.00","343296.38","SABD0000000001","AAV1.0.0.11","2.0.0.28","PSt7-10","000000-000","10/20/2017 9:36:39 AM","0000-00","0","no battery","V"
"10/20/2017","13:00:52","5","default","957498349","OXY5","111.234","min","155.263","μmol/L","Humid","21.192","deg","90855","µV","35.892","°C","1019.000","hPa","37.0","pmil","0","55.500","deg","20.000","°C","100.000","%a.s.","22.500","deg","20.000","°C","1013.000","hPa","0.861","-0.02056","0.00035","-0.00011","0","14.7","Humid","26.25","0","52.00","343288.75","SABD0000000001","AAV1.0.0.11","2.0.0.28","PSt7-10","000000-000","10/20/2017 9:36:39 AM","0000-00","0","no battery","V"
"10/20/2017","13:00:53","5","default","957498349","OXY5","111.251","min","155.152","μmol/L","Humid","21.191","deg","90859","µV","35.913","°C","1019.000","hPa","37.0","pmil","0","55.500","deg","20.000","°C","100.000","%a.s.","22.500","deg","20.000","°C","1013.000","hPa","0.861","-0.02056","0.00035","-0.00011","0","14.7","Humid","26.25","0","52.00","343298.36","SABD0000000001","AAV1.0.0.11","2.0.0.28","PSt7-10","000000-000","10/20/2017 9:36:39 AM","0000-00","0","no battery","V"
"10/20/2017","13:00:54","5","default","957498349","OXY5","111.268","min","155.368","μmol/L","Humid","21.189","deg","90845","µV","35.881","°C","1019.000","hPa","37.0","pmil","0","55.500","deg","20.000","°C","100.000","%a.s.","22.500","deg","20.000","°C","1013.000","hPa","0.861","-0.02056","0.00035","-0.00011","0","14.7","Humid","26.25","0","52.00","343281.89","SABD0000000001","AAV1.0.0.11","2.0.0.28","PSt7-10","000000-000","10/20/2017 9:36:39 AM","0000-00","0","no battery","V"
"10/20/2017","13:00:55","5","default","957498349","OXY5","111.284","min","155.299","μmol/L","Humid","21.192","deg","90859","µV","35.886","°C","1019.000","hPa","37.0","pmil","0","55.500","deg","20.000","°C","100.000","%a.s.","22.500","deg","20.000","°C","1013.000","hPa","0.861","-0.02056","0.00035","-0.00011","0","14.7","Humid","26.25","0","52.00","343293.94","SABD0000000001","AAV1.0.0.11","2.0.0.28","PSt7-10","000000-000","10/20/2017 9:36:39 AM","0000-00","0","no battery","V"
"10/20/2017","13:00:56","5","default","957498349","OXY5","111.301","min","155.367","μmol/L","Humid","21.186","deg","90863","µV","35.888","°C","1019.000","hPa","37.0","pmil","0","55.500","deg","20.000","°C","100.000","%a.s.","22.500","deg","20.000","°C","1013.000","hPa","0.861","-0.02056","0.00035","-0.00011","0","14.7","Humid","26.25","0","52.00","343300.33","SABD0000000001","AAV1.0.0.11","2.0.0.28","PSt7-10","000000-000","10/20/2017 9:36:39 AM","0000-00","0","no battery","V"
"10/20/2017","13:00:57","5","default","957498349","OXY5","111.318","min","155.355","μmol/L","Humid","21.189","deg","90855","µV","35.883","°C","1019.000","hPa","37.0","pmil","0","55.500","deg","20.000","°C","100.000","%a.s.","22.500","deg","20.000","°C","1013.000","hPa","0.861","-0.02056","0.00035","-0.00011","0","14.7","Humid","26.25","0","52.00","343299.74","SABD0000000001","AAV1.0.0.11","2.0.0.28","PSt7-10","000000-000","10/20/2017 9:36:39 AM","0000-00","0","no battery","V"
"10/20/2017","13:00:58","5","default","957498349","OXY5","111.335","min","155.273","μmol/L","Humid","21.188","deg","90848","µV","35.899","°C","1019.000","hPa","37.0","pmil","0","55.500","deg","20.000","°C","100.000","%a.s.","22.500","deg","20.000","°C","1013.000","hPa","0.861","-0.02056","0.00035","-0.00011","0","14.7","Humid","26.25","0","52.00","343295.44","SABD0000000001","AAV1.0.0.11","2.0.0.28","PSt7-10","000000-000","10/20/2017 9:36:39 AM","0000-00","0","no battery","V"
"10/20/2017","13:00:59","5","default","957498349","OXY5","111.351","min","155.253","μmol/L","Humid","21.193","deg","90852","µV","35.891","°C","1019.000","hPa","37.0","pmil","0","55.500","deg","20.000","°C","100.000","%a.s.","22.500","deg","20.000","°C","1013.000","hPa","0.861","-0.02056","0.00035","-0.00011","0","14.7","Humid","26.25","0","52.00","343293.33","SABD0000000001","AAV1.0.0.11","2.0.0.28","PSt7-10","000000-000","10/20/2017 9:36:39 AM","0000-00","0","no battery","V"
"10/20/2017","13:01:00","5","default","957498349","OXY5","111.368","min","155.293","μmol/L","Humid","21.192","deg","90851","µV","35.887","°C","1019.000","hPa","37.0","pmil","0","55.500","deg","20.000","°C","100.000","%a.s.","22.500","deg","20.000","°C","1013.000","hPa","0.861","-0.02056","0.00035","-0.00011","0","14.7","Humid","26.25","0","52.00","343279.33","SABD0000000001","AAV1.0.0.11","2.0.0.28","PSt7-10","000000-000","10/20/2017 9:36:39 AM","0000-00","0","no battery","V"
"10/20/2017","13:01:01","5","default","957498349","OXY5","111.385","min","155.284","μmol/L","Humid","21.191","deg","90862","µV","35.890","°C","1019.000","hPa","37.0","pmil","0","55.500","deg","20.000","°C","100.000","%a.s.","22.500","deg","20.000","°C","1013.000","hPa","0.861","-0.02056","0.00035","-0.00011","0","14.7","Humid","26.25","0","52.00","343291.45","SABD0000000001","AAV1.0.0.11","2.0.0.28","PSt7-10","000000-000","10/20/2017 9:36:39 AM","0000-00","0","no battery","V"
"10/20/2017","13:01:02","5","default","957498349","OXY5","111.401","min","155.298","μmol/L","Humid","21.191","deg","90850","µV","35.888","°C","1019.000","hPa","37.0","pmil","0","55.500","deg","20.000","°C","100.000","%a.s.","22.500","deg","20.000","°C","1013.000","hPa","0.861","-0.02056","0.00035","-0.00011","0","14.7","Humid","26.25","0","52.00","343281.89","SABD0000000001","AAV1.0.0.11","2.0.0.28","PSt7-10","000000-000","10/20/2017 9:36:39 AM","0000-00","0","no battery","V"
"10/20/2017","13:01:03","5","default","957498349","OXY5","111.418","min","155.276","μmol/L","Humid","21.188","deg","90853","µV","35.899","°C","1019.000","hPa","37.0","pmil","0","55.500","deg","20.000","°C","100.000","%a.s.","22.500","deg","20.000","°C","1013.000","hPa","0.861","-0.02056","0.00035","-0.00011","0","14.7","Humid","26.25","0","52.00","343296.08","SABD0000000001","AAV1.0.0.11","2.0.0.28","PSt7-10","000000-000","10/20/2017 9:36:39 AM","0000-00","0","no battery","V"
"10/20/2017","13:01:04","5","default","957498349","OXY5","111.435","min","155.431","μmol/L","Humid","21.186","deg","90852","µV","35.877","°C","1019.000","hPa","37.0","pmil","0","55.500","deg","20.000","°C","100.000","%a.s.","22.500","deg","20.000","°C","1013.000","hPa","0.861","-0.02056","0.00035","-0.00011","0","14.7","Humid","26.25","0","52.00","343289.41","SABD0000000001","AAV1.0.0.11","2.0.0.28","PSt7-10","000000-000","10/20/2017 9:36:39 AM","0000-00","0","no battery","V"
"10/20/2017","13:01:05","5","default","957498349","OXY5","111.451","min","155.339","μmol/L","Humid","21.191","deg","90855","µV","35.881","°C","1019.000","hPa","37.0","pmil","0","55.500","deg","20.000","°C","100.000","%a.s.","22.500","deg","20.000","°C","1013.000","hPa","0.861","-0.02056","0.00035","-0.00011","0","14.7","Humid","26.25","0","52.00","343270.09","SABD0000000001","AAV1.0.0.11","2.0.0.28","PSt7-10","000000-000","10/20/2017 9:36:39 AM","0000-00","0","no battery","V"
"10/20/2017","13:01:06","5","default","957498349","OXY5","111.468","min","155.243","μmol/L","Humid","21.194","deg","90863","µV","35.890","°C","1019.000","hPa","37.0","pmil","0","55.500","deg","20.000","°C","100.000","%a.s.","22.500","deg","20.000","°C","1013.000","hPa","0.861","-0.02056","0.00035","-0.00011","0","14.7","Humid","26.25","0","52.00","343287.87","SABD0000000001","AAV1.0.0.11","2.0.0.28","PSt7-10","000000-000","10/20/2017 9:36:39 AM","0000-00","0","no battery","V"
"10/20/2017","13:01:07","5","default","957498349","OXY5","111.485","min","155.201","μmol/L","Humid","21.191","deg","90858","µV","35.905","°C","1019.000","hPa","37.0","pmil","0","55.500","deg","20.000","°C","100.000","%a.s.","22.500","deg","20.000","°C","1013.000","hPa","0.861","-0.02056","0.00035","-0.00011","0","14.7","Humid","26.25","0","52.00","343284.17","SABD0000000001","AAV1.0.0.11","2.0.0.28","PSt7-10","000000-000","10/20/2017 9:36:39 AM","0000-00","0","no battery","V"
"10/20/2017","13:01:08","5","default","957498349","OXY5","111.501","min","155.315","μmol/L","Humid","21.187","deg","90848","µV","35.895","°C","1019.000","hPa","37.0","pmil","0","55.500","deg","20.000","°C","100.000","%a.s.","22.500","deg","20.000","°C","1013.000","hPa","0.861","-0.02056","0.00035","-0.00011","0","14.7","Humid","26.25","0","52.00","343297.04","SABD0000000001","AAV1.0.0.11","2.0.0.28","PSt7-10","000000-000","10/20/2017 9:36:39 AM","0000-00","0","no battery","V"
"10/20/2017","13:01:09","5","default","957498349","OXY5","111.518","min","155.272","μmol/L","Humid","21.187","deg","90857","µV","35.902","°C","1019.000","hPa","37.0","pmil","0","55.500","deg","20.000","°C","100.000","%a.s.","22.500","deg","20.000","°C","1013.000","hPa","0.861","-0.02056","0.00035","-0.00011","0","14.7","Humid","26.25","0","52.00","343278.24","SABD0000000001","AAV1.0.0.11","2.0.0.28","PSt7-10","000000-000","10/20/2017 9:36:39 AM","0000-00","0","no battery","V"
"10/20/2017","13:01:10","5","default","957498349","OXY5","111.535","min","155.283","μmol/L","Humid","21.192","deg","90855","µV","35.888","°C","1019.000","hPa","37.0","pmil","0","55.500","deg","20.000","°C","100.000","%a.s.","22.500","deg","20.000","°C","1013.000","hPa","0.861","-0.02056","0.00035","-0.00011","0","14.7","Humid","26.25","0","52.00","343275.47","SABD0000000001","AAV1.0.0.11","2.0.0.28","PSt7-10","000000-000","10/20/2017 9:36:39 AM","0000-00","0","no battery","V"
"10/20/2017","13:01:11","5","default","957498349","OXY5","111.551","min","155.212","μmol/L","Humid","21.192","deg","90857","µV","35.900","°C","1019.000","hPa","37.0","pmil","0","55.500","deg","20.000","°C","100.000","%a.s.","22.500","deg","20.000","°C","1013.000","hPa","0.861","-0.02056","0.00035","-0.00011","0","14.7","Humid","26.25","0","52.00","343283.45","SABD0000000001","AAV1.0.0.11","2.0.0.28","PSt7-10","000000-000","10/20/2017 9:36:39 AM","0000-00","0","no battery","V"
"10/20/2017","13:01:12","5","default","957498349","OXY5","111.568","min","155.271","μmol/L","Humid","21.190","deg","90851","µV","35.895","°C","1019.000","hPa","37.0","pmil","0","55.500","deg","20.000","°C","100.000","%a.s.","22.500","deg","20.000","°C","1013.000","hPa","0.861","-0.02056","0.00035","-0.00011","0","14.7","Humid","26.25","0","52.00","343278.69","SABD0000000001","AAV1.0.0.11","2.0.0.28","PSt7-10","000000-000","10/20/2017 9:36:39 AM","0000-00","0","no battery","V"
"10/20/2017","13:01:13","5","default","957498349","OXY5","111.585","min","155.249","μmol/L","Humid","21.191","deg","90850","µV","35.896","°C","1019.000","hPa","37.0","pmil","0","55.500","deg","20.000","°C","100.000","%a.s.","22.500","deg","20.000","°C","1013.000","hPa","0.861","-0.02056","0.00035","-0.00011","0","14.7","Humid","26.25","0","52.00","343288.54","SABD0000000001","AAV1.0.0.11","2.0.0.28","PSt7-10","000000-000","10/20/2017 9:36:39 AM","0000-00","0","no battery","V"
"10/20/2017","13:01:14","5","default","957498349","OXY5","111.601","min","155.356","μmol/L","Humid","21.187","deg","90857","µV","35.888","°C","1019.000","hPa","37.0","pmil","0","55.500","deg","20.000","°C","100.000","%a.s.","22.500","deg","20.000","°C","1013.000","hPa","0.861","-0.02056","0.00035","-0.00011","0","14.7","Humid","26.25","0","52.00","343267.55","SABD0000000001","AAV1.0.0.11","2.0.0.28","PSt7-10","000000-000","10/20/2017 9:36:39 AM","0000-00","0","no battery","V"
"10/20/2017","13:01:15","5","default","957498349","OXY5","111.618","min","155.265","μmol/L","Humid","21.193","deg","90850","µV","35.889","°C","1019.000","hPa","37.0","pmil","0","55.500","deg","20.000","°C","100.000","%a.s.","22.500","deg","20.000","°C","1013.000","hPa","0.861","-0.02056","0.00035","-0.00011","0","14.7","Humid","26.25","0","52.00","343279.21","SABD0000000001","AAV1.0.0.11","2.0.0.28","PSt7-10","000000-000","10/20/2017 9:36:39 AM","0000-00","0","no battery","V"
"10/20/2017","13:01:16","5","default","957498349","OXY5","111.635","min","155.217","μmol/L","Humid","21.189","deg","90848","µV","35.906","°C","1019.000","hPa","37.0","pmil","0","55.500","deg","20.000","°C","100.000","%a.s.","22.500","deg","20.000","°C","1013.000","hPa","0.861","-0.02056","0.00035","-0.00011","0","14.7","Humid","26.25","0","52.00","343271.88","SABD0000000001","AAV1.0.0.11","2.0.0.28","PSt7-10","000000-000","10/20/2017 9:36:39 AM","0000-00","0","no battery","V"
"10/20/2017","13:01:17","5","default","957498349","OXY5","111.651","min","155.185","μmol/L","Humid","21.193","deg","90855","µV","35.902","°C","1019.000","hPa","37.0","pmil","0","55.500","deg","20.000","°C","100.000","%a.s.","22.500","deg","20.000","°C","1013.000","hPa","0.861","-0.02056","0.00035","-0.00011","0","14.7","Humid","26.25","0","52.00","343276.08","SABD0000000001","AAV1.0.0.11","2.0.0.28","PSt7-10","000000-000","10/20/2017 9:36:39 AM","0000-00","0","no battery","V"
"10/20/2017","13:01:18","5","default","957498349","OXY5","111.668","min","155.215","μmol/L","Humid","21.193","deg","90851","µV","35.897","°C","1019.000","hPa","37.0","pmil","0","55.500","deg","20.000","°C","100.000","%a.s.","22.500","deg","20.000","°C","1013.000","hPa","0.861","-0.02056","0.00035","-0.00011","0","14.7","Humid","26.25","0","52.00","343257.77","SABD0000000001","AAV1.0.0.11","2.0.0.28","PSt7-10","000000-000","10/20/2017 9:36:39 AM","0000-00","0","no battery","V"
"10/20/2017","13:01:19","5","default","957498349","OXY5","111.685","min","155.210","μmol/L","Humid","21.191","deg","90855","µV","35.903","°C","1019.000","hPa","37.0","pmil","0","55.500","deg","20.000","°C","100.000","%a.s.","22.500","deg","20.000","°C","1013.000","hPa","0.861","-0.02056","0.00035","-0.00011","0","14.7","Humid","26.25","0","52.00","343258.34","SABD0000000001","AAV1.0.0.11","2.0.0.28","PSt7-10","000000-000","10/20/2017 9:36:39 AM","0000-00","0","no battery","V"
"10/20/2017","13:01:20","5","default","957498349","OXY5","111.701","min","155.294","μmol/L","Humid","21.193","deg","90855","µV","35.884","°C","1019.000","hPa","37.0","pmil","0","55.500","deg","20.000","°C","100.000","%a.s.","22.500","deg","20.000","°C","1013.000","hPa","0.861","-0.02056","0.00035","-0.00011","0","14.7","Humid","26.25","0","52.00","343271.06","SABD0000000001","AAV1.0.0.11","2.0.0.28","PSt7-10","000000-000","10/20/2017 9:36:39 AM","0000-00","0","no battery","V"
"10/20/2017","13:01:21","5","default","957498349","OXY5","111.718","min","155.232","μmol/L","Humid","21.190","deg","90852","µV","35.902","°C","1019.000","hPa","37.0","pmil","0","55.500","deg","20.000","°C","100.000","%a.s.","22.500","deg","20.000","°C","1013.000","hPa","0.861","-0.02056","0.00035","-0.00011","0","14.7","Humid","26.25","0","52.00","343276.75","SABD0000000001","AAV1.0.0.11","2.0.0.28","PSt7-10","000000-000","10/20/2017 9:36:39 AM","0000-00","0","no battery","V"
"10/20/2017","13:01:22","5","default","957498349","OXY5","111.735","min","155.323","μmol/L","Humid","21.191","deg","90855","µV","35.884","°C","1019.000","hPa","37.0","pmil","0","55.500","deg","20.000","°C","100.000","%a.s.","22.500","deg","20.000","°C","1013.000","hPa","0.861","-0.02056","0.00035","-0.00011","0","14.7","Humid","26.25","0","52.00","343255.23","SABD0000000001","AAV1.0.0.11","2.0.0.28","PSt7-10","000000-000","10/20/2017 9:36:39 AM","0000-00","0","no battery","V"
"10/20/2017","13:01:23","5","default","957498349","OXY5","111.751","min","155.325","μmol/L","Humid","21.190","deg","90851","µV","35.886","°C","1019.000","hPa","37.0","pmil","0","55.500","deg","20.000","°C","100.000","%a.s.","22.500","deg","20.000","°C","1013.000","hPa","0.861","-0.02056","0.00035","-0.00011","0","14.7","Humid","26.25","0","52.00","343270.25","SABD0000000001","AAV1.0.0.11","2.0.0.28","PSt7-10","000000-000","10/20/2017 9:36:39 AM","0000-00","0","no battery","V"
"10/20/2017","13:01:24","5","default","957498349","OXY5","111.768","min","155.289","μmol/L","Humid","21.191","deg","90855","µV","35.890","°C","1019.000","hPa","37.0","pmil","0","55.500","deg","20.000","°C","100.000","%a.s.","22.500","deg","20.000","°C","1013.000","hPa","0.861","-0.02056","0.00035","-0.00011","0","14.7","Humid","26.25","0","52.00","343267.07","SABD0000000001","AAV1.0.0.11","2.0.0.28","PSt7-10","000000-000","10/20/2017 9:36:39 AM","0000-00","0","no battery","V"
"10/20/2017","13:01:25","5","default","957498349","OXY5","111.785","min","155.181","μmol/L","Humid","21.191","deg","90860","µV","35.908","°C","1019.000","hPa","37.0","pmil","0","55.500","deg","20.000","°C","100.000","%a.s.","22.500","deg","20.000","°C","1013.000","hPa","0.861","-0.02056","0.00035","-0.00011","0","14.7","Humid","26.25","0","52.00","343252.00","SABD0000000001","AAV1.0.0.11","2.0.0.28","PSt7-10","000000-000","10/20/2017 9:36:39 AM","0000-00","0","no battery","V"
"10/20/2017","13:01:26","5","default","957498349","OXY5","111.802","min","155.208","μmol/L","Humid","21.189","deg","90856","µV","35.908","°C","1019.000","hPa","37.0","pmil","0","55.500","deg","20.000","°C","100.000","%a.s.","22.500","deg","20.000","°C","1013.000","hPa","0.861","-0.02056","0.00035","-0.00011","0","14.7","Humid","26.25","0","52.00","343263.31","SABD0000000001","AAV1.0.0.11","2.0.0.28","PSt7-10","000000-000","10/20/2017 9:36:39 AM","0000-00","0","no battery","V"
"10/20/2017","13:01:27","5","default","957498349","OXY5","111.818","min","155.296","μmol/L","Humid","21.189","deg","90853","µV","35.893","°C","1019.000","hPa","37.0","pmil","0","55.500","deg","20.000","°C","100.000","%a.s.","22.500","deg","20.000","°C","1013.000","hPa","0.861","-0.02056","0.00035","-0.00011","0","14.7","Humid","26.25","0","52.00","343261.70","SABD0000000001","AAV1.0.0.11","2.0.0.28","PSt7-10","000000-000","10/20/2017 9:36:39 AM","0000-00","0","no battery","V"
"10/20/2017","13:01:28","5","default","957498349","OXY5","111.835","min","155.274","μmol/L","Humid","21.189","deg","90853","µV","35.897","°C","1019.000","hPa","37.0","pmil","0","55.500","deg","20.000","°C","100.000","%a.s.","22.500","deg","20.000","°C","1013.000","hPa","0.861","-0.02056","0.00035","-0.00011","0","14.7","Humid","26.25","0","52.00","343254.80","SABD0000000001","AAV1.0.0.11","2.0.0.28","PSt7-10","000000-000","10/20/2017 9:36:39 AM","0000-00","0","no battery","V"
"10/20/2017","13:01:29","5","default","957498349","OXY5","111.852","min","155.233","μmol/L","Humid","21.187","deg","90851","µV","35.908","°C","1019.000","hPa","37.0","pmil","0","55.500","deg","20.000","°C","100.000","%a.s.","22.500","deg","20.000","°C","1013.000","hPa","0.861","-0.02056","0.00035","-0.00011","0","14.7","Humid","26.25","0","52.00","343262.78","SABD0000000001","AAV1.0.0.11","2.0.0.28","PSt7-10","000000-000","10/20/2017 9:36:39 AM","0000-00","0","no battery","V"
"10/20/2017","13:01:30","5","default","957498349","OXY5","111.868","min","155.280","μmol/L","Humid","21.191","deg","90855","µV","35.891","°C","1019.000","hPa","37.0","pmil","0","55.500","deg","20.000","°C","100.000","%a.s.","22.500","deg","20.000","°C","1013.000","hPa","0.861","-0.02056","0.00035","-0.00011","0","14.7","Humid","26.25","0","52.00","343266.48","SABD0000000001","AAV1.0.0.11","2.0.0.28","PSt7-10","000000-000","10/20/2017 9:36:39 AM","0000-00","0","no battery","V"
"10/20/2017","13:01:31","5","default","957498349","OXY5","111.885","min","155.288","μmol/L","Humid","21.188","deg","90849","µV","35.897","°C","1019.000","hPa","37.0","pmil","0","55.500","deg","20.000","°C","100.000","%a.s.","22.500","deg","20.000","°C","1013.000","hPa","0.861","-0.02056","0.00035","-0.00011","0","14.7","Humid","26.25","0","52.00","343266.04","SABD0000000001","AAV1.0.0.11","2.0.0.28","PSt7-10","000000-000","10/20/2017 9:36:39 AM","0000-00","0","no battery","V"
"10/20/2017","13:01:32","5","default","957498349","OXY5","111.902","min","155.296","μmol/L","Humid","21.189","deg","90854","µV","35.893","°C","1019.000","hPa","37.0","pmil","0","55.500","deg","20.000","°C","100.000","%a.s.","22.500","deg","20.000","°C","1013.000","hPa","0.861","-0.02056","0.00035","-0.00011","0","14.7","Humid","26.25","0","52.00","343268.29","SABD0000000001","AAV1.0.0.11","2.0.0.28","PSt7-10","000000-000","10/20/2017 9:36:39 AM","0000-00","0","no battery","V"
"10/20/2017","13:01:33","5","default","957498349","OXY5","111.919","min","155.277","μmol/L","Humid","21.191","deg","90856","µV","35.892","°C","1019.000","hPa","37.0","pmil","0","55.500","deg","20.000","°C","100.000","%a.s.","22.500","deg","20.000","°C","1013.000","hPa","0.861","-0.02056","0.00035","-0.00011","0","14.7","Humid","26.25","0","52.00","343265.09","SABD0000000001","AAV1.0.0.11","2.0.0.28","PSt7-10","000000-000","10/20/2017 9:36:39 AM","0000-00","0","no battery","V"
"10/20/2017","13:01:34","5","default","957498349","OXY5","111.935","min","155.287","μmol/L","Humid","21.189","deg","90860","µV","35.895","°C","1019.000","hPa","37.0","pmil","0","55.500","deg","20.000","°C","100.000","%a.s.","22.500","deg","20.000","°C","1013.000","hPa","0.861","-0.02056","0.00035","-0.00011","0","14.7","Humid","26.25","0","52.00","343265.08","SABD0000000001","AAV1.0.0.11","2.0.0.28","PSt7-10","000000-000","10/20/2017 9:36:39 AM","0000-00","0","no battery","V"
"10/20/2017","13:01:35","5","default","957498349","OXY5","111.952","min","155.202","μmol/L","Humid","21.192","deg","90855","µV","35.902","°C","1019.000","hPa","37.0","pmil","0","55.500","deg","20.000","°C","100.000","%a.s.","22.500","deg","20.000","°C","1013.000","hPa","0.861","-0.02056","0.00035","-0.00011","0","14.7","Humid","26.25","0","52.00","343267.15","SABD0000000001","AAV1.0.0.11","2.0.0.28","PSt7-10","000000-000","10/20/2017 9:36:39 AM","0000-00","0","no battery","V"
"10/20/2017","13:01:36","5","default","957498349","OXY5","111.968","min","155.246","μmol/L","Humid","21.188","deg","90847","µV","35.904","°C","1019.000","hPa","37.0","pmil","0","55.500","deg","20.000","°C","100.000","%a.s.","22.500","deg","20.000","°C","1013.000","hPa","0.861","-0.02056","0.00035","-0.00011","0","14.7","Humid","26.25","0","52.00","343259.21","SABD0000000001","AAV1.0.0.11","2.0.0.28","PSt7-10","000000-000","10/20/2017 9:36:39 AM","0000-00","0","no battery","V"
"10/20/2017","13:01:37","5","default","957498349","OXY5","111.985","min","155.185","μmol/L","Humid","21.193","deg","90851","µV","35.903","°C","1019.000","hPa","37.0","pmil","0","55.500","deg","20.000","°C","100.000","%a.s.","22.500","deg","20.000","°C","1013.000","hPa","0.861","-0.02056","0.00035","-0.00011","0","14.7","Humid","26.25","0","52.00","343259.53","SABD0000000001","AAV1.0.0.11","2.0.0.28","PSt7-10","000000-000","10/20/2017 9:36:39 AM","0000-00","0","no battery","V"
"10/20/2017","13:01:38","5","default","957498349","OXY5","112.002","min","155.244","μmol/L","Humid","21.189","deg","90852","µV","35.902","°C","1019.000","hPa","37.0","pmil","0","55.500","deg","20.000","°C","100.000","%a.s.","22.500","deg","20.000","°C","1013.000","hPa","0.861","-0.02056","0.00035","-0.00011","0","14.7","Humid","26.25","0","52.00","343254.66","SABD0000000001","AAV1.0.0.11","2.0.0.28","PSt7-10","000000-000","10/20/2017 9:36:39 AM","0000-00","0","no battery","V"
"10/20/2017","13:01:39","5","default","957498349","OXY5","112.019","min","155.223","μmol/L","Humid","21.192","deg","90853","µV","35.898","°C","1019.000","hPa","37.0","pmil","0","55.500","deg","20.000","°C","100.000","%a.s.","22.500","deg","20.000","°C","1013.000","hPa","0.861","-0.02056","0.00035","-0.00011","0","14.7","Humid","26.25","0","52.00","343274.35","SABD0000000001","AAV1.0.0.11","2.0.0.28","PSt7-10","000000-000","10/20/2017 9:36:39 AM","0000-00","0","no battery","V"
"10/20/2017","13:01:40","5","default","957498349","OXY5","112.035","min","155.300","μmol/L","Humid","21.190","deg","90859","µV","35.890","°C","1019.000","hPa","37.0","pmil","0","55.500","deg","20.000","°C","100.000","%a.s.","22.500","deg","20.000","°C","1013.000","hPa","0.861","-0.02056","0.00035","-0.00011","0","14.7","Humid","26.25","0","52.00","343267.25","SABD0000000001","AAV1.0.0.11","2.0.0.28","PSt7-10","000000-000","10/20/2017 9:36:39 AM","0000-00","0","no battery","V"
"10/20/2017","13:01:41","5","default","957498349","OXY5","112.052","min","155.297","μmol/L","Humid","21.190","deg","90855","µV","35.891","°C","1019.000","hPa","37.0","pmil","0","55.500","deg","20.000","°C","100.000","%a.s.","22.500","deg","20.000","°C","1013.000","hPa","0.861","-0.02056","0.00035","-0.00011","0","14.7","Humid","26.25","0","52.00","343259.62","SABD0000000001","AAV1.0.0.11","2.0.0.28","PSt7-10","000000-000","10/20/2017 9:36:39 AM","0000-00","0","no battery","V"
"10/20/2017","13:01:42","5","default","957498349","OXY5","112.069","min","155.214","μmol/L","Humid","21.192","deg","90854","µV","35.900","°C","1019.000","hPa","37.0","pmil","0","55.500","deg","20.000","°C","100.000","%a.s.","22.500","deg","20.000","°C","1013.000","hPa","0.861","-0.02056","0.00035","-0.00011","0","14.7","Humid","26.25","0","52.00","343258.20","SABD0000000001","AAV1.0.0.11","2.0.0.28","PSt7-10","000000-000","10/20/2017 9:36:39 AM","0000-00","0","no battery","V"
"10/20/2017","13:01:43","5","default","957498349","OXY5","112.085","min","155.338","μmol/L","Humid","21.187","deg","90857","µV","35.891","°C","1019.000","hPa","37.0","pmil","0","55.500","deg","20.000","°C","100.000","%a.s.","22.500","deg","20.000","°C","1013.000","hPa","0.861","-0.02056","0.00035","-0.00011","0","14.7","Humid","26.25","0","52.00","343261.85","SABD0000000001","AAV1.0.0.11","2.0.0.28","PSt7-10","000000-000","10/20/2017 9:36:39 AM","0000-00","0","no battery","V"
"10/20/2017","13:01:44","5","default","957498349","OXY5","112.101","min","155.020","μmol/L","Humid","21.195","deg","90850","µV","35.926","°C","1019.000","hPa","37.0","pmil","0","55.500","deg","20.000","°C","100.000","%a.s.","22.500","deg","20.000","°C","1013.000","hPa","0.861","-0.02056","0.00035","-0.00011","0","14.7","Humid","26.25","0","52.00","343263.46","SABD0000000001","AAV1.0.0.11","2.0.0.28","PSt7-10","000000-000","10/20/2017 9:36:39 AM","0000-00","0","no battery","V"
"10/20/2017","13:01:45","5","default","957498349","OXY5","112.118","min","155.159","μmol/L","Humid","21.189","deg","90850","µV","35.916","°C","1019.000","hPa","37.0","pmil","0","55.500","deg","20.000","°C","100.000","%a.s.","22.500","deg","20.000","°C","1013.000","hPa","0.861","-0.02056","0.00035","-0.00011","0","14.7","Humid","26.25","0","52.00","343260.83","SABD0000000001","AAV1.0.0.11","2.0.0.28","PSt7-10","000000-000","10/20/2017 9:36:39 AM","0000-00","0","no battery","V"
"10/20/2017","13:01:46","5","default","957498349","OXY5","112.134","min","155.256","μmol/L","Humid","21.186","deg","90852","µV","35.907","°C","1019.000","hPa","37.0","pmil","0","55.500","deg","20.000","°C","100.000","%a.s.","22.500","deg","20.000","°C","1013.000","hPa","0.861","-0.02056","0.00035","-0.00011","0","14.7","Humid","26.25","0","52.00","343243.91","SABD0000000001","AAV1.0.0.11","2.0.0.28","PSt7-10","000000-000","10/20/2017 9:36:39 AM","0000-00","0","no battery","V"
"10/20/2017","13:01:47","5","default","957498349","OXY5","112.151","min","155.285","μmol/L","Humid","21.188","deg","90857","µV","35.897","°C","1019.000","hPa","37.0","pmil","0","55.500","deg","20.000","°C","100.000","%a.s.","22.500","deg","20.000","°C","1013.000","hPa","0.861","-0.02056","0.00035","-0.00011","0","14.7","Humid","26.25","0","52.00","343250.29","SABD0000000001","AAV1.0.0.11","2.0.0.28","PSt7-10","000000-000","10/20/2017 9:36:39 AM","0000-00","0","no battery","V"
"10/20/2017","13:01:48","5","default","957498349","OXY5","112.168","min","155.209","μmol/L","Humid","21.190","deg","90847","µV","35.906","°C","1019.000","hPa","37.0","pmil","0","55.500","deg","20.000","°C","100.000","%a.s.","22.500","deg","20.000","°C","1013.000","hPa","0.861","-0.02056","0.00035","-0.00011","0","14.7","Humid","26.25","0","52.00","343251.73","SABD0000000001","AAV1.0.0.11","2.0.0.28","PSt7-10","000000-000","10/20/2017 9:36:39 AM","0000-00","0","no battery","V"
"10/20/2017","13:01:49","5","default","957498349","OXY5","112.184","min","155.255","μmol/L","Humid","21.190","deg","90850","µV","35.898","°C","1019.000","hPa","37.0","pmil","0","55.500","deg","20.000","°C","100.000","%a.s.","22.500","deg","20.000","°C","1013.000","hPa","0.861","-0.02056","0.00035","-0.00011","0","14.7","Humid","26.25","0","52.00","343242.55","SABD0000000001","AAV1.0.0.11","2.0.0.28","PSt7-10","000000-000","10/20/2017 9:36:39 AM","0000-00","0","no battery","V"
"10/20/2017","13:01:50","5","default","957498349","OXY5","112.201","min","155.271","μmol/L","Humid","21.193","deg","90850","µV","35.888","°C","1019.000","hPa","37.0","pmil","0","55.500","deg","20.000","°C","100.000","%a.s.","22.500","deg","20.000","°C","1013.000","hPa","0.861","-0.02056","0.00035","-0.00011","0","14.7","Humid","26.25","0","52.00","343253.55","SABD0000000001","AAV1.0.0.11","2.0.0.28","PSt7-10","000000-000","10/20/2017 9:36:39 AM","0000-00","0","no battery","V"
"10/20/2017","13:01:51","5","default","957498349","OXY5","112.218","min","155.294","μmol/L","Humid","21.188","deg","90853","µV","35.896","°C","1019.000","hPa","37.0","pmil","0","55.500","deg","20.000","°C","100.000","%a.s.","22.500","deg","20.000","°C","1013.000","hPa","0.861","-0.02056","0.00035","-0.00011","0","14.7","Humid","26.25","0","52.00","343262.30","SABD0000000001","AAV1.0.0.11","2.0.0.28","PSt7-10","000000-000","10/20/2017 9:36:39 AM","0000-00","0","no battery","V"
"10/20/2017","13:01:52","5","default","957498349","OXY5","112.234","min","155.284","μmol/L","Humid","21.188","deg","90850","µV","35.897","°C","1019.000","hPa","37.0","pmil","0","55.500","deg","20.000","°C","100.000","%a.s.","22.500","deg","20.000","°C","1013.000","hPa","0.861","-0.02056","0.00035","-0.00011","0","14.7","Humid","26.25","0","52.00","343255.49","SABD0000000001","AAV1.0.0.11","2.0.0.28","PSt7-10","000000-000","10/20/2017 9:36:39 AM","0000-00","0","no battery","V"
"10/20/2017","13:01:53","5","default","957498349","OXY5","112.251","min","155.212","μmol/L","Humid","21.192","deg","90859","µV","35.900","°C","1019.000","hPa","37.0","pmil","0","55.500","deg","20.000","°C","100.000","%a.s.","22.500","deg","20.000","°C","1013.000","hPa","0.861","-0.02056","0.00035","-0.00011","0","14.7","Humid","26.25","0","52.00","343241.74","SABD0000000001","AAV1.0.0.11","2.0.0.28","PSt7-10","000000-000","10/20/2017 9:36:39 AM","0000-00","0","no battery","V"
"10/20/2017","13:01:54","5","default","957498349","OXY5","112.268","min","155.233","μmol/L","Humid","21.190","deg","90851","µV","35.901","°C","1019.000","hPa","37.0","pmil","0","55.500","deg","20.000","°C","100.000","%a.s.","22.500","deg","20.000","°C","1013.000","hPa","0.861","-0.02056","0.00035","-0.00011","0","14.7","Humid","26.25","0","52.00","343258.32","SABD0000000001","AAV1.0.0.11","2.0.0.28","PSt7-10","000000-000","10/20/2017 9:36:39 AM","0000-00","0","no battery","V"
"10/20/2017","13:01:55","5","default","957498349","OXY5","112.284","min","155.223","μmol/L","Humid","21.193","deg","90853","µV","35.896","°C","1019.000","hPa","37.0","pmil","0","55.500","deg","20.000","°C","100.000","%a.s.","22.500","deg","20.000","°C","1013.000","hPa","0.861","-0.02056","0.00035","-0.00011","0","14.7","Humid","26.25","0","52.00","343233.46","SABD0000000001","AAV1.0.0.11","2.0.0.28","PSt7-10","000000-000","10/20/2017 9:36:39 AM","0000-00","0","no battery","V"
"10/20/2017","13:01:56","5","default","957498349","OXY5","112.301","min","155.210","μmol/L","Humid","21.191","deg","90850","µV","35.903","°C","1019.000","hPa","37.0","pmil","0","55.500","deg","20.000","°C","100.000","%a.s.","22.500","deg","20.000","°C","1013.000","hPa","0.861","-0.02056","0.00035","-0.00011","0","14.7","Humid","26.25","0","52.00","343256.70","SABD0000000001","AAV1.0.0.11","2.0.0.28","PSt7-10","000000-000","10/20/2017 9:36:39 AM","0000-00","0","no battery","V"
"10/20/2017","13:01:57","5","default","957498349","OXY5","112.318","min","155.173","μmol/L","Humid","21.191","deg","90853","µV","35.909","°C","1019.000","hPa","37.0","pmil","0","55.500","deg","20.000","°C","100.000","%a.s.","22.500","deg","20.000","°C","1013.000","hPa","0.861","-0.02056","0.00035","-0.00011","0","14.7","Humid","26.25","0","52.00","343240.32","SABD0000000001","AAV1.0.0.11","2.0.0.28","PSt7-10","000000-000","10/20/2017 9:36:39 AM","0000-00","0","no battery","V"
"10/20/2017","13:01:58","5","default","957498349","OXY5","112.335","min","155.254","μmol/L","Humid","21.193","deg","90856","µV","35.891","°C","1019.000","hPa","37.0","pmil","0","55.500","deg","20.000","°C","100.000","%a.s.","22.500","deg","20.000","°C","1013.000","hPa","0.861","-0.02056","0.00035","-0.00011","0","14.7","Humid","26.25","0","52.00","343248.33","SABD0000000001","AAV1.0.0.11","2.0.0.28","PSt7-10","000000-000","10/20/2017 9:36:39 AM","0000-00","0","no battery","V"
"10/20/2017","13:01:59","5","default","957498349","OXY5","112.351","min","155.296","μmol/L","Humid","21.191","deg","90853","µV","35.888","°C","1019.000","hPa","37.0","pmil","0","55.500","deg","20.000","°C","100.000","%a.s.","22.500","deg","20.000","°C","1013.000","hPa","0.861","-0.02056","0.00035","-0.00011","0","14.7","Humid","26.25","0","52.00","343240.97","SABD0000000001","AAV1.0.0.11","2.0.0.28","PSt7-10","000000-000","10/20/2017 9:36:39 AM","0000-00","0","no battery","V"
"10/20/2017","13:02:00","5","default","957498349","OXY5","112.368","min","155.254","μmol/L","Humid","21.190","deg","90856","µV","35.898","°C","1019.000","hPa","37.0","pmil","0","55.500","deg","20.000","°C","100.000","%a.s.","22.500","deg","20.000","°C","1013.000","hPa","0.861","-0.02056","0.00035","-0.00011","0","14.7","Humid","26.25","0","52.00","343249.52","SABD0000000001","AAV1.0.0.11","2.0.0.28","PSt7-10","000000-000","10/20/2017 9:36:39 AM","0000-00","0","no battery","V"
"10/20/2017","13:02:01","5","default","957498349","OXY5","112.385","min","155.337","μmol/L","Humid","21.190","deg","90851","µV","35.884","°C","1019.000","hPa","37.0","pmil","0","55.500","deg","20.000","°C","100.000","%a.s.","22.500","deg","20.000","°C","1013.000","hPa","0.861","-0.02056","0.00035","-0.00011","0","14.7","Humid","26.25","0","52.00","343230.26","SABD0000000001","AAV1.0.0.11","2.0.0.28","PSt7-10","000000-000","10/20/2017 9:36:39 AM","0000-00","0","no battery","V"
"10/20/2017","13:02:02","5","default","957498349","OXY5","112.402","min","155.285","μmol/L","Humid","21.192","deg","90848","µV","35.888","°C","1019.000","hPa","37.0","pmil","0","55.500","deg","20.000","°C","100.000","%a.s.","22.500","deg","20.000","°C","1013.000","hPa","0.861","-0.02056","0.00035","-0.00011","0","14.7","Humid","26.25","0","52.00","343233.34","SABD0000000001","AAV1.0.0.11","2.0.0.28","PSt7-10","000000-000","10/20/2017 9:36:39 AM","0000-00","0","no battery","V"
"10/20/2017","13:02:03","5","default","957498349","OXY5","112.418","min","155.199","μmol/L","Humid","21.191","deg","90845","µV","35.905","°C","1019.000","hPa","37.0","pmil","0","55.500","deg","20.000","°C","100.000","%a.s.","22.500","deg","20.000","°C","1013.000","hPa","0.861","-0.02056","0.00035","-0.00011","0","14.7","Humid","26.25","0","52.00","343247.80","SABD0000000001","AAV1.0.0.11","2.0.0.28","PSt7-10","000000-000","10/20/2017 9:36:39 AM","0000-00","0","no battery","V"
"10/20/2017","13:02:04","5","default","957498349","OXY5","112.435","min","155.142","μmol/L","Humid","21.192","deg","90861","µV","35.912","°C","1019.000","hPa","37.0","pmil","0","55.500","deg","20.000","°C","100.000","%a.s.","22.500","deg","20.000","°C","1013.000","hPa","0.861","-0.02056","0.00035","-0.00011","0","14.7","Humid","26.25","0","52.00","343254.66","SABD0000000001","AAV1.0.0.11","2.0.0.28","PSt7-10","000000-000","10/20/2017 9:36:39 AM","0000-00","0","no battery","V"
"10/20/2017","13:02:05","5","default","957498349","OXY5","112.452","min","155.167","μmol/L","Humid","21.192","deg","90856","µV","35.908","°C","1019.000","hPa","37.0","pmil","0","55.500","deg","20.000","°C","100.000","%a.s.","22.500","deg","20.000","°C","1013.000","hPa","0.861","-0.02056","0.00035","-0.00011","0","14.7","Humid","26.25","0","52.00","343240.40","SABD0000000001","AAV1.0.0.11","2.0.0.28","PSt7-10","000000-000","10/20/2017 9:36:39 AM","0000-00","0","no battery","V"
"10/20/2017","13:02:06","5","default","957498349","OXY5","112.468","min","155.197","μmol/L","Humid","21.190","deg","90856","µV","35.908","°C","1019.000","hPa","37.0","pmil","0","55.500","deg","20.000","°C","100.000","%a.s.","22.500","deg","20.000","°C","1013.000","hPa","0.861","-0.02056","0.00035","-0.00011","0","14.7","Humid","26.25","0","52.00","343238.95","SABD0000000001","AAV1.0.0.11","2.0.0.28","PSt7-10","000000-000","10/20/2017 9:36:39 AM","0000-00","0","no battery","V"
"10/20/2017","13:02:07","5","default","957498349","OXY5","112.485","min","155.150","μmol/L","Humid","21.192","deg","90850","µV","35.911","°C","1019.000","hPa","37.0","pmil","0","55.500","deg","20.000","°C","100.000","%a.s.","22.500","deg","20.000","°C","1013.000","hPa","0.861","-0.02056","0.00035","-0.00011","0","14.7","Humid","26.25","0","52.00","343234.94","SABD0000000001","AAV1.0.0.11","2.0.0.28","PSt7-10","000000-000","10/20/2017 9:36:39 AM","0000-00","0","no battery","V"
"10/20/2017","13:02:08","5","default","957498349","OXY5","112.502","min","155.237","μmol/L","Humid","21.190","deg","90851","µV","35.901","°C","1019.000","hPa","37.0","pmil","0","55.500","deg","20.000","°C","100.000","%a.s.","22.500","deg","20.000","°C","1013.000","hPa","0.861","-0.02056","0.00035","-0.00011","0","14.7","Humid","26.25","0","52.00","343245.10","SABD0000000001","AAV1.0.0.11","2.0.0.28","PSt7-10","000000-000","10/20/2017 9:36:39 AM","0000-00","0","no battery","V"
"10/20/2017","13:02:09","5","default","957498349","OXY5","112.518","min","155.153","μmol/L","Humid","21.192","deg","90852","µV","35.910","°C","1019.000","hPa","37.0","pmil","0","55.500","deg","20.000","°C","100.000","%a.s.","22.500","deg","20.000","°C","1013.000","hPa","0.861","-0.02056","0.00035","-0.00011","0","14.7","Humid","26.25","0","52.00","343222.23","SABD0000000001","AAV1.0.0.11","2.0.0.28","PSt7-10","000000-000","10/20/2017 9:36:39 AM","0000-00","0","no battery","V"
"10/20/2017","13:02:10","5","default","957498349","OXY5","112.535","min","155.360","μmol/L","Humid","21.187","deg","90847","µV","35.887","°C","1019.000","hPa","37.0","pmil","0","55.500","deg","20.000","°C","100.000","%a.s.","22.500","deg","20.000","°C","1013.000","hPa","0.861","-0.02056","0.00035","-0.00011","0","14.7","Humid","26.25","0","52.00","343229.51","SABD0000000001","AAV1.0.0.11","2.0.0.28","PSt7-10","000000-000","10/20/2017 9:36:39 AM","0000-00","0","no battery","V"
"10/20/2017","13:02:11","5","default","957498349","OXY5","112.552","min","155.344","μmol/L","Humid","21.191","deg","90844","µV","35.880","°C","1019.000","hPa","37.0","pmil","0","55.500","deg","20.000","°C","100.000","%a.s.","22.500","deg","20.000","°C","1013.000","hPa","0.861","-0.02056","0.00035","-0.00011","0","14.7","Humid","26.25","0","52.00","343235.86","SABD0000000001","AAV1.0.0.11","2.0.0.28","PSt7-10","000000-000","10/20/2017 9:36:39 AM","0000-00","0","no battery","V"
"10/20/2017","13:02:12","5","default","957498349","OXY5","112.568","min","155.142","μmol/L","Humid","21.192","deg","90845","µV","35.912","°C","1019.000","hPa","37.0","pmil","0","55.500","deg","20.000","°C","100.000","%a.s.","22.500","deg","20.000","°C","1013.000","hPa","0.861","-0.02056","0.00035","-0.00011","0","14.7","Humid","26.25","0","52.00","343230.48","SABD0000000001","AAV1.0.0.11","2.0.0.28","PSt7-10","000000-000","10/20/2017 9:36:39 AM","0000-00","0","no battery","V"
"10/20/2017","13:02:13","5","default","957498349","OXY5","112.585","min","155.173","μmol/L","Humid","21.191","deg","90849","µV","35.909","°C","1019.000","hPa","37.0","pmil","0","55.500","deg","20.000","°C","100.000","%a.s.","22.500","deg","20.000","°C","1013.000","hPa","0.861","-0.02056","0.00035","-0.00011","0","14.7","Humid","26.25","0","52.00","343225.69","SABD0000000001","AAV1.0.0.11","2.0.0.28","PSt7-10","000000-000","10/20/2017 9:36:39 AM","0000-00","0","no battery","V"
"10/20/2017","13:02:14","5","default","957498349","OXY5","112.602","min","155.249","μmol/L","Humid","21.191","deg","90852","µV","35.896","°C","1019.000","hPa","37.0","pmil","0","55.500","deg","20.000","°C","100.000","%a.s.","22.500","deg","20.000","°C","1013.000","hPa","0.861","-0.02056","0.00035","-0.00011","0","14.7","Humid","26.25","0","52.00","343220.32","SABD0000000001","AAV1.0.0.11","2.0.0.28","PSt7-10","000000-000","10/20/2017 9:36:39 AM","0000-00","0","no battery","V"
"10/20/2017","13:02:15","5","default","957498349","OXY5","112.618","min","155.264","μmol/L","Humid","21.189","deg","90845","µV","35.899","°C","1019.000","hPa","37.0","pmil","0","55.500","deg","20.000","°C","100.000","%a.s.","22.500","deg","20.000","°C","1013.000","hPa","0.861","-0.02056","0.00035","-0.00011","0","14.7","Humid","26.25","0","52.00","343206.68","SABD0000000001","AAV1.0.0.11","2.0.0.28","PSt7-10","000000-000","10/20/2017 9:36:39 AM","0000-00","0","no battery","V"
"10/20/2017","13:02:16","5","default","957498349","OXY5","112.635","min","155.197","μmol/L","Humid","21.190","deg","90859","µV","35.907","°C","1019.000","hPa","37.0","pmil","0","55.500","deg","20.000","°C","100.000","%a.s.","22.500","deg","20.000","°C","1013.000","hPa","0.861","-0.02056","0.00035","-0.00011","0","14.7","Humid","26.25","0","52.00","343221.44","SABD0000000001","AAV1.0.0.11","2.0.0.28","PSt7-10","000000-000","10/20/2017 9:36:39 AM","0000-00","0","no battery","V"
"10/20/2017","13:02:17","5","default","957498349","OXY5","112.652","min","155.100","μmol/L","Humid","21.194","deg","90858","µV","35.915","°C","1019.000","hPa","37.0","pmil","0","55.500","deg","20.000","°C","100.000","%a.s.","22.500","deg","20.000","°C","1013.000","hPa","0.861","-0.02056","0.00035","-0.00011","0","14.7","Humid","26.25","0","52.00","343239.33","SABD0000000001","AAV1.0.0.11","2.0.0.28","PSt7-10","000000-000","10/20/2017 9:36:39 AM","0000-00","0","no battery","V"
"10/20/2017","13:02:18","5","default","957498349","OXY5","112.668","min","155.159","μmol/L","Humid","21.195","deg","90849","µV","35.902","°C","1019.000","hPa","37.0","pmil","0","55.500","deg","20.000","°C","100.000","%a.s.","22.500","deg","20.000","°C","1013.000","hPa","0.861","-0.02056","0.00035","-0.00011","0","14.7","Humid","26.25","0","52.00","343227.46","SABD0000000001","AAV1.0.0.11","2.0.0.28","PSt7-10","000000-000","10/20/2017 9:36:39 AM","0000-00","0","no battery","V"
"10/20/2017","13:02:19","5","default","957498349","OXY5","112.685","min","155.209","μmol/L","Humid","21.192","deg","90845","µV","35.901","°C","1019.000","hPa","37.0","pmil","0","55.500","deg","20.000","°C","100.000","%a.s.","22.500","deg","20.000","°C","1013.000","hPa","0.861","-0.02056","0.00035","-0.00011","0","14.7","Humid","26.25","0","52.00","343226.07","SABD0000000001","AAV1.0.0.11","2.0.0.28","PSt7-10","000000-000","10/20/2017 9:36:39 AM","0000-00","0","no battery","V"
"10/20/2017","13:02:20","5","default","957498349","OXY5","112.701","min","155.282","μmol/L","Humid","21.189","deg","90849","µV","35.895","°C","1019.000","hPa","37.0","pmil","0","55.500","deg","20.000","°C","100.000","%a.s.","22.500","deg","20.000","°C","1013.000","hPa","0.861","-0.02056","0.00035","-0.00011","0","14.7","Humid","26.25","0","52.00","343219.14","SABD0000000001","AAV1.0.0.11","2.0.0.28","PSt7-10","000000-000","10/20/2017 9:36:39 AM","0000-00","0","no battery","V"
"10/20/2017","13:02:21","5","default","957498349","OXY5","112.718","min","155.150","μmol/L","Humid","21.191","deg","90844","µV","35.913","°C","1019.000","hPa","37.0","pmil","0","55.500","deg","20.000","°C","100.000","%a.s.","22.500","deg","20.000","°C","1013.000","hPa","0.861","-0.02056","0.00035","-0.00011","0","14.7","Humid","26.25","0","52.00","343211.53","SABD0000000001","AAV1.0.0.11","2.0.0.28","PSt7-10","000000-000","10/20/2017 9:36:39 AM","0000-00","0","no battery","V"
"10/20/2017","13:02:22","5","default","957498349","OXY5","112.734","min","155.157","μmol/L","Humid","21.190","deg","90848","µV","35.914","°C","1019.000","hPa","37.0","pmil","0","55.500","deg","20.000","°C","100.000","%a.s.","22.500","deg","20.000","°C","1013.000","hPa","0.861","-0.02056","0.00035","-0.00011","0","14.7","Humid","26.25","0","52.00","343216.95","SABD0000000001","AAV1.0.0.11","2.0.0.28","PSt7-10","000000-000","10/20/2017 9:36:39 AM","0000-00","0","no battery","V"
"10/20/2017","13:02:23","5","default","957498349","OXY5","112.751","min","155.169","μmol/L","Humid","21.189","deg","90848","µV","35.915","°C","1019.000","hPa","37.0","pmil","0","55.500","deg","20.000","°C","100.000","%a.s.","22.500","deg","20.000","°C","1013.000","hPa","0.861","-0.02056","0.00035","-0.00011","0","14.7","Humid","26.25","0","52.00","343229.80","SABD0000000001","AAV1.0.0.11","2.0.0.28","PSt7-10","000000-000","10/20/2017 9:36:39 AM","0000-00","0","no battery","V"
"10/20/2017","13:02:24","5","default","957498349","OXY5","112.768","min","155.166","μmol/L","Humid","21.193","deg","90844","µV","35.906","°C","1019.000","hPa","37.0","pmil","0","55.500","deg","20.000","°C","100.000","%a.s.","22.500","deg","20.000","°C","1013.000","hPa","0.861","-0.02056","0.00035","-0.00011","0","14.7","Humid","26.25","0","52.00","343222.45","SABD0000000001","AAV1.0.0.11","2.0.0.28","PSt7-10","000000-000","10/20/2017 9:36:39 AM","0000-00","0","no battery","V"
"10/20/2017","13:02:25","5","default","957498349","OXY5","112.785","min","155.177","μmol/L","Humid","21.195","deg","90850","µV","35.899","°C","1019.000","hPa","37.0","pmil","0","55.500","deg","20.000","°C","100.000","%a.s.","22.500","deg","20.000","°C","1013.000","hPa","0.861","-0.02056","0.00035","-0.00011","0","14.7","Humid","26.25","0","52.00","343219.65","SABD0000000001","AAV1.0.0.11","2.0.0.28","PSt7-10","000000-000","10/20/2017 9:36:39 AM","0000-00","0","no battery","V"
"10/20/2017","13:02:26","5","default","957498349","OXY5","112.801","min","155.236","μmol/L","Humid","21.189","deg","90852","µV","35.903","°C","1019.000","hPa","37.0","pmil","0","55.500","deg","20.000","°C","100.000","%a.s.","22.500","deg","20.000","°C","1013.000","hPa","0.861","-0.02056","0.00035","-0.00011","0","14.7","Humid","26.25","0","52.00","343217.61","SABD0000000001","AAV1.0.0.11","2.0.0.28","PSt7-10","000000-000","10/20/2017 9:36:39 AM","0000-00","0","no battery","V"
"10/20/2017","13:02:27","5","default","957498349","OXY5","112.818","min","155.171","μmol/L","Humid","21.191","deg","90852","µV","35.910","°C","1019.000","hPa","37.0","pmil","0","55.500","deg","20.000","°C","100.000","%a.s.","22.500","deg","20.000","°C","1013.000","hPa","0.861","-0.02056","0.00035","-0.00011","0","14.7","Humid","26.25","0","52.00","343220.87","SABD0000000001","AAV1.0.0.11","2.0.0.28","PSt7-10","000000-000","10/20/2017 9:36:39 AM","0000-00","0","no battery","V"
"10/20/2017","13:02:28","5","default","957498349","OXY5","112.835","min","155.096","μmol/L","Humid","21.193","deg","90850","µV","35.918","°C","1019.000","hPa","37.0","pmil","0","55.500","deg","20.000","°C","100.000","%a.s.","22.500","deg","20.000","°C","1013.000","hPa","0.861","-0.02056","0.00035","-0.00011","0","14.7","Humid","26.25","0","52.00","343228.33","SABD0000000001","AAV1.0.0.11","2.0.0.28","PSt7-10","000000-000","10/20/2017 9:36:39 AM","0000-00","0","no battery","V"
"10/20/2017","13:02:29","5","default","957498349","OXY5","112.851","min","155.190","μmol/L","Humid","21.192","deg","90851","µV","35.902","°C","1018.000","hPa","37.0","pmil","0","55.500","deg","20.000","°C","100.000","%a.s.","22.500","deg","20.000","°C","1013.000","hPa","0.861","-0.02056","0.00035","-0.00011","0","14.7","Humid","26.25","0","52.00","343220.76","SABD0000000001","AAV1.0.0.11","2.0.0.28","PSt7-10","000000-000","10/20/2017 9:36:39 AM","0000-00","0","no battery","V"
"10/20/2017","13:02:30","5","default","957498349","OXY5","112.868","min","155.220","μmol/L","Humid","21.189","deg","90856","µV","35.906","°C","1019.000","hPa","37.0","pmil","0","55.500","deg","20.000","°C","100.000","%a.s.","22.500","deg","20.000","°C","1013.000","hPa","0.861","-0.02056","0.00035","-0.00011","0","14.7","Humid","26.25","0","52.00","343223.39","SABD0000000001","AAV1.0.0.11","2.0.0.28","PSt7-10","000000-000","10/20/2017 9:36:39 AM","0000-00","0","no battery","V"
"10/20/2017","13:02:31","5","default","957498349","OXY5","112.885","min","155.299","μmol/L","Humid","21.187","deg","90842","µV","35.897","°C","1019.000","hPa","37.0","pmil","0","55.500","deg","20.000","°C","100.000","%a.s.","22.500","deg","20.000","°C","1013.000","hPa","0.861","-0.02056","0.00035","-0.00011","0","14.7","Humid","26.25","0","52.00","343217.35","SABD0000000001","AAV1.0.0.11","2.0.0.28","PSt7-10","000000-000","10/20/2017 9:36:39 AM","0000-00","0","no battery","V"
"10/20/2017","13:02:32","5","default","957498349","OXY5","112.901","min","155.232","μmol/L","Humid","21.190","deg","90850","µV","35.902","°C","1019.000","hPa","37.0","pmil","0","55.500","deg","20.000","°C","100.000","%a.s.","22.500","deg","20.000","°C","1013.000","hPa","0.861","-0.02056","0.00035","-0.00011","0","14.7","Humid","26.25","0","52.00","343232.47","SABD0000000001","AAV1.0.0.11","2.0.0.28","PSt7-10","000000-000","10/20/2017 9:36:39 AM","0000-00","0","no battery","V"
"10/20/2017","13:02:33","5","default","957498349","OXY5","112.918","min","155.205","μmol/L","Humid","21.193","deg","90854","µV","35.899","°C","1019.000","hPa","37.0","pmil","0","55.500","deg","20.000","°C","100.000","%a.s.","22.500","deg","20.000","°C","1013.000","hPa","0.861","-0.02056","0.00035","-0.00011","0","14.7","Humid","26.25","0","52.00","343227.50","SABD0000000001","AAV1.0.0.11","2.0.0.28","PSt7-10","000000-000","10/20/2017 9:36:39 AM","0000-00","0","no battery","V"
"10/20/2017","13:02:34","5","default","957498349","OXY5","112.935","min","155.198","μmol/L","Humid","21.192","deg","90854","µV","35.903","°C","1019.000","hPa","37.0","pmil","0","55.500","deg","20.000","°C","100.000","%a.s.","22.500","deg","20.000","°C","1013.000","hPa","0.861","-0.02056","0.00035","-0.00011","0","14.7","Humid","26.25","0","52.00","343203.22","SABD0000000001","AAV1.0.0.11","2.0.0.28","PSt7-10","000000-000","10/20/2017 9:36:39 AM","0000-00","0","no battery","V"
"10/20/2017","13:02:35","5","default","957498349","OXY5","112.951","min","155.153","μmol/L","Humid","21.194","deg","90853","µV","35.906","°C","1019.000","hPa","37.0","pmil","0","55.500","deg","20.000","°C","100.000","%a.s.","22.500","deg","20.000","°C","1013.000","hPa","0.861","-0.02056","0.00035","-0.00011","0","14.7","Humid","26.25","0","52.00","343204.22","SABD0000000001","AAV1.0.0.11","2.0.0.28","PSt7-10","000000-000","10/20/2017 9:36:39 AM","0000-00","0","no battery","V"
"10/20/2017","13:02:36","5","default","957498349","OXY5","112.968","min","155.221","μmol/L","Humid","21.192","deg","90847","µV","35.899","°C","1019.000","hPa","37.0","pmil","0","55.500","deg","20.000","°C","100.000","%a.s.","22.500","deg","20.000","°C","1013.000","hPa","0.861","-0.02056","0.00035","-0.00011","0","14.7","Humid","26.25","0","52.00","343211.59","SABD0000000001","AAV1.0.0.11","2.0.0.28","PSt7-10","000000-000","10/20/2017 9:36:39 AM","0000-00","0","no battery","V"
"10/20/2017","13:02:37","5","default","957498349","OXY5","112.985","min","155.303","μmol/L","Humid","21.188","deg","90851","µV","35.894","°C","1019.000","hPa","37.0","pmil","0","55.500","deg","20.000","°C","100.000","%a.s.","22.500","deg","20.000","°C","1013.000","hPa","0.861","-0.02056","0.00035","-0.00011","0","14.7","Humid","26.25","0","52.00","343207.88","SABD0000000001","AAV1.0.0.11","2.0.0.28","PSt7-10","000000-000","10/20/2017 9:36:39 AM","0000-00","0","no battery","V"
"10/20/2017","13:02:38","5","default","957498349","OXY5","113.001","min","155.168","μmol/L","Humid","21.191","deg","90849","µV","35.910","°C","1019.000","hPa","37.0","pmil","0","55.500","deg","20.000","°C","100.000","%a.s.","22.500","deg","20.000","°C","1013.000","hPa","0.861","-0.02056","0.00035","-0.00011","0","14.7","Humid","26.25","0","52.00","343212.53","SABD0000000001","AAV1.0.0.11","2.0.0.28","PSt7-10","000000-000","10/20/2017 9:36:39 AM","0000-00","0","no battery","V"
"10/20/2017","13:02:39","5","default","957498349","OXY5","113.018","min","155.283","μmol/L","Humid","21.190","deg","90853","µV","35.893","°C","1019.000","hPa","37.0","pmil","0","55.500","deg","20.000","°C","100.000","%a.s.","22.500","deg","20.000","°C","1013.000","hPa","0.861","-0.02056","0.00035","-0.00011","0","14.7","Humid","26.25","0","52.00","343207.17","SABD0000000001","AAV1.0.0.11","2.0.0.28","PSt7-10","000000-000","10/20/2017 9:36:39 AM","0000-00","0","no battery","V"
"10/20/2017","13:02:40","5","default","957498349","OXY5","113.035","min","155.160","μmol/L","Humid","21.191","deg","90849","µV","35.911","°C","1019.000","hPa","37.0","pmil","0","55.500","deg","20.000","°C","100.000","%a.s.","22.500","deg","20.000","°C","1013.000","hPa","0.861","-0.02056","0.00035","-0.00011","0","14.7","Humid","26.25","0","52.00","343220.95","SABD0000000001","AAV1.0.0.11","2.0.0.28","PSt7-10","000000-000","10/20/2017 9:36:39 AM","0000-00","0","no battery","V"
"10/20/2017","13:02:41","5","default","957498349","OXY5","113.051","min","155.160","μmol/L","Humid","21.190","deg","90854","µV","35.914","°C","1019.000","hPa","37.0","pmil","0","55.500","deg","20.000","°C","100.000","%a.s.","22.500","deg","20.000","°C","1013.000","hPa","0.861","-0.02056","0.00035","-0.00011","0","14.7","Humid","26.25","0","52.00","343213.50","SABD0000000001","AAV1.0.0.11","2.0.0.28","PSt7-10","000000-000","10/20/2017 9:36:39 AM","0000-00","0","no battery","V"
"10/20/2017","13:02:42","5","default","957498349","OXY5","113.068","min","155.053","μmol/L","Humid","21.193","deg","90840","µV","35.925","°C","1019.000","hPa","37.0","pmil","0","55.500","deg","20.000","°C","100.000","%a.s.","22.500","deg","20.000","°C","1013.000","hPa","0.861","-0.02056","0.00035","-0.00011","0","14.7","Humid","26.25","0","52.00","343196.75","SABD0000000001","AAV1.0.0.11","2.0.0.28","PSt7-10","000000-000","10/20/2017 9:36:39 AM","0000-00","0","no battery","V"
"10/20/2017","13:02:43","5","default","957498349","OXY5","113.085","min","155.134","μmol/L","Humid","21.190","deg","90857","µV","35.918","°C","1019.000","hPa","37.0","pmil","0","55.500","deg","20.000","°C","100.000","%a.s.","22.500","deg","20.000","°C","1013.000","hPa","0.861","-0.02056","0.00035","-0.00011","0","14.7","Humid","26.25","0","52.00","343202.23","SABD0000000001","AAV1.0.0.11","2.0.0.28","PSt7-10","000000-000","10/20/2017 9:36:39 AM","0000-00","0","no battery","V"
"10/20/2017","13:02:44","5","default","957498349","OXY5","113.101","min","155.207","μmol/L","Humid","21.190","deg","90847","µV","35.906","°C","1019.000","hPa","37.0","pmil","0","55.500","deg","20.000","°C","100.000","%a.s.","22.500","deg","20.000","°C","1013.000","hPa","0.861","-0.02056","0.00035","-0.00011","0","14.7","Humid","26.25","0","52.00","343204.08","SABD0000000001","AAV1.0.0.11","2.0.0.28","PSt7-10","000000-000","10/20/2017 9:36:39 AM","0000-00","0","no battery","V"
"10/20/2017","13:02:45","5","default","957498349","OXY5","113.118","min","155.176","μmol/L","Humid","21.187","deg","90855","µV","35.918","°C","1019.000","hPa","37.0","pmil","0","55.500","deg","20.000","°C","100.000","%a.s.","22.500","deg","20.000","°C","1013.000","hPa","0.861","-0.02056","0.00035","-0.00011","0","14.7","Humid","26.25","0","52.00","343200.93","SABD0000000001","AAV1.0.0.11","2.0.0.28","PSt7-10","000000-000","10/20/2017 9:36:39 AM","0000-00","0","no battery","V"
"10/20/2017","13:02:46","5","default","957498349","OXY5","113.135","min","155.174","μmol/L","Humid","21.187","deg","90850","µV","35.919","°C","1019.000","hPa","37.0","pmil","0","55.500","deg","20.000","°C","100.000","%a.s.","22.500","deg","20.000","°C","1013.000","hPa","0.861","-0.02056","0.00035","-0.00011","0","14.7","Humid","26.25","0","52.00","343203.93","SABD0000000001","AAV1.0.0.11","2.0.0.28","PSt7-10","000000-000","10/20/2017 9:36:39 AM","0000-00","0","no battery","V"
"10/20/2017","13:02:47","5","default","957498349","OXY5","113.151","min","155.067","μmol/L","Humid","21.193","deg","90850","µV","35.923","°C","1019.000","hPa","37.0","pmil","0","55.500","deg","20.000","°C","100.000","%a.s.","22.500","deg","20.000","°C","1013.000","hPa","0.861","-0.02056","0.00035","-0.00011","0","14.7","Humid","26.25","0","52.00","343213.86","SABD0000000001","AAV1.0.0.11","2.0.0.28","PSt7-10","000000-000","10/20/2017 9:36:39 AM","0000-00","0","no battery","V"
"10/20/2017","13:02:48","5","default","957498349","OXY5","113.168","min","155.230","μmol/L","Humid","21.191","deg","90849","µV","35.900","°C","1019.000","hPa","37.0","pmil","0","55.500","deg","20.000","°C","100.000","%a.s.","22.500","deg","20.000","°C","1013.000","hPa","0.861","-0.02056","0.00035","-0.00011","0","14.7","Humid","26.25","0","52.00","343186.77","SABD0000000001","AAV1.0.0.11","2.0.0.28","PSt7-10","000000-000","10/20/2017 9:36:39 AM","0000-00","0","no battery","V"
"10/20/2017","13:02:49","5","default","957498349","OXY5","113.185","min","155.122","μmol/L","Humid","21.191","deg","90849","µV","35.918","°C","1019.000","hPa","37.0","pmil","0","55.500","deg","20.000","°C","100.000","%a.s.","22.500","deg","20.000","°C","1013.000","hPa","0.861","-0.02056","0.00035","-0.00011","0","14.7","Humid","26.25","0","52.00","343213.41","SABD0000000001","AAV1.0.0.11","2.0.0.28","PSt7-10","000000-000","10/20/2017 9:36:39 AM","0000-00","0","no battery","V"
"10/20/2017","13:02:50","5","default","957498349","OXY5","113.202","min","155.189","μmol/L","Humid","21.188","deg","90846","µV","35.914","°C","1019.000","hPa","37.0","pmil","0","55.500","deg","20.000","°C","100.000","%a.s.","22.500","deg","20.000","°C","1013.000","hPa","0.861","-0.02056","0.00035","-0.00011","0","14.7","Humid","26.25","0","52.00","343207.92","SABD0000000001","AAV1.0.0.11","2.0.0.28","PSt7-10","000000-000","10/20/2017 9:36:39 AM","0000-00","0","no battery","V"
"10/20/2017","13:02:51","5","default","957498349","OXY5","113.218","min","155.207","μmol/L","Humid","21.187","deg","90856","µV","35.911","°C","1018.000","hPa","37.0","pmil","0","55.500","deg","20.000","°C","100.000","%a.s.","22.500","deg","20.000","°C","1013.000","hPa","0.861","-0.02056","0.00035","-0.00011","0","14.7","Humid","26.25","0","52.00","343201.47","SABD0000000001","AAV1.0.0.11","2.0.0.28","PSt7-10","000000-000","10/20/2017 9:36:39 AM","0000-00","0","no battery","V"
"10/20/2017","13:02:52","5","default","957498349","OXY5","113.235","min","155.199","μmol/L","Humid","21.188","deg","90846","µV","35.912","°C","1019.000","hPa","37.0","pmil","0","55.500","deg","20.000","°C","100.000","%a.s.","22.500","deg","20.000","°C","1013.000","hPa","0.861","-0.02056","0.00035","-0.00011","0","14.7","Humid","26.25","0","52.00","343205.48","SABD0000000001","AAV1.0.0.11","2.0.0.28","PSt7-10","000000-000","10/20/2017 9:36:39 AM","0000-00","0","no battery","V"
"10/20/2017","13:02:53","5","default","957498349","OXY5","113.252","min","155.112","μmol/L","Humid","21.193","deg","90851","µV","35.915","°C","1019.000","hPa","37.0","pmil","0","55.500","deg","20.000","°C","100.000","%a.s.","22.500","deg","20.000","°C","1013.000","hPa","0.861","-0.02056","0.00035","-0.00011","0","14.7","Humid","26.25","0","52.00","343191.56","SABD0000000001","AAV1.0.0.11","2.0.0.28","PSt7-10","000000-000","10/20/2017 9:36:39 AM","0000-00","0","no battery","V"
"10/20/2017","13:02:54","5","default","957498349","OXY5","113.268","min","155.169","μmol/L","Humid","21.190","deg","90843","µV","35.912","°C","1019.000","hPa","37.0","pmil","0","55.500","deg","20.000","°C","100.000","%a.s.","22.500","deg","20.000","°C","1013.000","hPa","0.861","-0.02056","0.00035","-0.00011","0","14.7","Humid","26.25","0","52.00","343177.17","SABD0000000001","AAV1.0.0.11","2.0.0.28","PSt7-10","000000-000","10/20/2017 9:36:39 AM","0000-00","0","no battery","V"
"10/20/2017","13:02:55","5","default","957498349","OXY5","113.285","min","155.197","μmol/L","Humid","21.191","deg","90849","µV","35.904","°C","1018.000","hPa","37.0","pmil","0","55.500","deg","20.000","°C","100.000","%a.s.","22.500","deg","20.000","°C","1013.000","hPa","0.861","-0.02056","0.00035","-0.00011","0","14.7","Humid","26.25","0","52.00","343188.07","SABD0000000001","AAV1.0.0.11","2.0.0.28","PSt7-10","000000-000","10/20/2017 9:36:39 AM","0000-00","0","no battery","V"
"10/20/2017","13:02:56","5","default","957498349","OXY5","113.302","min","155.194","μmol/L","Humid","21.191","deg","90855","µV","35.906","°C","1019.000","hPa","37.0","pmil","0","55.500","deg","20.000","°C","100.000","%a.s.","22.500","deg","20.000","°C","1013.000","hPa","0.861","-0.02056","0.00035","-0.00011","0","14.7","Humid","26.25","0","52.00","343192.97","SABD0000000001","AAV1.0.0.11","2.0.0.28","PSt7-10","000000-000","10/20/2017 9:36:39 AM","0000-00","0","no battery","V"
"10/20/2017","13:02:57","5","default","957498349","OXY5","113.318","min","155.202","μmol/L","Humid","21.192","deg","90843","µV","35.902","°C","1019.000","hPa","37.0","pmil","0","55.500","deg","20.000","°C","100.000","%a.s.","22.500","deg","20.000","°C","1013.000","hPa","0.861","-0.02056","0.00035","-0.00011","0","14.7","Humid","26.25","0","52.00","343198.79","SABD0000000001","AAV1.0.0.11","2.0.0.28","PSt7-10","000000-000","10/20/2017 9:36:39 AM","0000-00","0","no battery","V"
"10/20/2017","13:02:58","5","default","957498349","OXY5","113.335","min","155.234","μmol/L","Humid","21.192","deg","90852","µV","35.897","°C","1019.000","hPa","37.0","pmil","0","55.500","deg","20.000","°C","100.000","%a.s.","22.500","deg","20.000","°C","1013.000","hPa","0.861","-0.02056","0.00035","-0.00011","0","14.7","Humid","26.25","0","52.00","343191.57","SABD0000000001","AAV1.0.0.11","2.0.0.28","PSt7-10","000000-000","10/20/2017 9:36:39 AM","0000-00","0","no battery","V"
"10/20/2017","13:02:59","5","default","957498349","OXY5","113.352","min","155.196","μmol/L","Humid","21.194","deg","90846","µV","35.897","°C","1018.000","hPa","37.0","pmil","0","55.500","deg","20.000","°C","100.000","%a.s.","22.500","deg","20.000","°C","1013.000","hPa","0.861","-0.02056","0.00035","-0.00011","0","14.7","Humid","26.25","0","52.00","343199.85","SABD0000000001","AAV1.0.0.11","2.0.0.28","PSt7-10","000000-000","10/20/2017 9:36:39 AM","0000-00","0","no battery","V"
"10/20/2017","13:03:00","5","default","957498349","OXY5","113.368","min","155.070","μmol/L","Humid","21.193","deg","90847","µV","35.922","°C","1019.000","hPa","37.0","pmil","0","55.500","deg","20.000","°C","100.000","%a.s.","22.500","deg","20.000","°C","1013.000","hPa","0.861","-0.02056","0.00035","-0.00011","0","14.7","Humid","26.25","0","52.00","343189.98","SABD0000000001","AAV1.0.0.11","2.0.0.28","PSt7-10","000000-000","10/20/2017 9:36:39 AM","0000-00","0","no battery","V"
"10/20/2017","13:03:01","5","default","957498349","OXY5","113.385","min","155.156","μmol/L","Humid","21.191","deg","90852","µV","35.912","°C","1019.000","hPa","37.0","pmil","0","55.500","deg","20.000","°C","100.000","%a.s.","22.500","deg","20.000","°C","1013.000","hPa","0.861","-0.02056","0.00035","-0.00011","0","14.7","Humid","26.25","0","52.00","343206.67","SABD0000000001","AAV1.0.0.11","2.0.0.28","PSt7-10","000000-000","10/20/2017 9:36:39 AM","0000-00","0","no battery","V"
"10/20/2017","13:03:02","5","default","957498349","OXY5","113.402","min","155.088","μmol/L","Humid","21.196","deg","90848","µV","35.912","°C","1019.000","hPa","37.0","pmil","0","55.500","deg","20.000","°C","100.000","%a.s.","22.500","deg","20.000","°C","1013.000","hPa","0.861","-0.02056","0.00035","-0.00011","0","14.7","Humid","26.25","0","52.00","343203.42","SABD0000000001","AAV1.0.0.11","2.0.0.28","PSt7-10","000000-000","10/20/2017 9:36:39 AM","0000-00","0","no battery","V"
"10/20/2017","13:03:03","5","default","957498349","OXY5","113.418","min","155.163","μmol/L","Humid","21.193","deg","90843","µV","35.906","°C","1019.000","hPa","37.0","pmil","0","55.500","deg","20.000","°C","100.000","%a.s.","22.500","deg","20.000","°C","1013.000","hPa","0.861","-0.02056","0.00035","-0.00011","0","14.7","Humid","26.25","0","52.00","343191.36","SABD0000000001","AAV1.0.0.11","2.0.0.28","PSt7-10","000000-000","10/20/2017 9:36:39 AM","0000-00","0","no battery","V"
"10/20/2017","13:03:04","5","default","957498349","OXY5","113.435","min","155.134","μmol/L","Humid","21.191","deg","90846","µV","35.916","°C","1019.000","hPa","37.0","pmil","0","55.500","deg","20.000","°C","100.000","%a.s.","22.500","deg","20.000","°C","1013.000","hPa","0.861","-0.02056","0.00035","-0.00011","0","14.7","Humid","26.25","0","52.00","343211.19","SABD0000000001","AAV1.0.0.11","2.0.0.28","PSt7-10","000000-000","10/20/2017 9:36:39 AM","0000-00","0","no battery","V"
"10/20/2017","13:03:05","5","default","957498349","OXY5","113.451","min","155.249","μmol/L","Humid","21.190","deg","90849","µV","35.899","°C","1019.000","hPa","37.0","pmil","0","55.500","deg","20.000","°C","100.000","%a.s.","22.500","deg","20.000","°C","1013.000","hPa","0.861","-0.02056","0.00035","-0.00011","0","14.7","Humid","26.25","0","52.00","343196.97","SABD0000000001","AAV1.0.0.11","2.0.0.28","PSt7-10","000000-000","10/20/2017 9:36:39 AM","0000-00","0","no battery","V"
"10/20/2017","13:03:06","5","default","957498349","OXY5","113.468","min","155.199","μmol/L","Humid","21.189","deg","90852","µV","35.910","°C","1019.000","hPa","37.0","pmil","0","55.500","deg","20.000","°C","100.000","%a.s.","22.500","deg","20.000","°C","1013.000","hPa","0.861","-0.02056","0.00035","-0.00011","0","14.7","Humid","26.25","0","52.00","343193.79","SABD0000000001","AAV1.0.0.11","2.0.0.28","PSt7-10","000000-000","10/20/2017 9:36:39 AM","0000-00","0","no battery","V"
"10/20/2017","13:03:07","5","default","957498349","OXY5","113.484","min","155.180","μmol/L","Humid","21.192","deg","90848","µV","35.906","°C","1019.000","hPa","37.0","pmil","0","55.500","deg","20.000","°C","100.000","%a.s.","22.500","deg","20.000","°C","1013.000","hPa","0.861","-0.02056","0.00035","-0.00011","0","14.7","Humid","26.25","0","52.00","343193.48","SABD0000000001","AAV1.0.0.11","2.0.0.28","PSt7-10","000000-000","10/20/2017 9:36:39 AM","0000-00","0","no battery","V"
"10/20/2017","13:03:08","5","default","957498349","OXY5","113.501","min","155.111","μmol/L","Humid","21.191","deg","90850","µV","35.918","°C","1018.000","hPa","37.0","pmil","0","55.500","deg","20.000","°C","100.000","%a.s.","22.500","deg","20.000","°C","1013.000","hPa","0.861","-0.02056","0.00035","-0.00011","0","14.7","Humid","26.25","0","52.00","343177.52","SABD0000000001","AAV1.0.0.11","2.0.0.28","PSt7-10","000000-000","10/20/2017 9:36:39 AM","0000-00","0","no battery","V"
"10/20/2017","13:03:09","5","default","957498349","OXY5","113.518","min","155.071","μmol/L","Humid","21.195","deg","90844","µV","35.917","°C","1019.000","hPa","37.0","pmil","0","55.500","deg","20.000","°C","100.000","%a.s.","22.500","deg","20.000","°C","1013.000","hPa","0.861","-0.02056","0.00035","-0.00011","0","14.7","Humid","26.25","0","52.00","343179.02","SABD0000000001","AAV1.0.0.11","2.0.0.28","PSt7-10","000000-000","10/20/2017 9:36:39 AM","0000-00","0","no battery","V"
"10/20/2017","13:03:10","5","default","957498349","OXY5","113.534","min","155.097","μmol/L","Humid","21.196","deg","90852","µV","35.910","°C","1019.000","hPa","37.0","pmil","0","55.500","deg","20.000","°C","100.000","%a.s.","22.500","deg","20.000","°C","1013.000","hPa","0.861","-0.02056","0.00035","-0.00011","0","14.7","Humid","26.25","0","52.00","343199.30","SABD0000000001","AAV1.0.0.11","2.0.0.28","PSt7-10","000000-000","10/20/2017 9:36:39 AM","0000-00","0","no battery","V"
"10/20/2017","13:03:11","5","default","957498349","OXY5","113.551","min","155.049","μmol/L","Humid","21.191","deg","90849","µV","35.930","°C","1019.000","hPa","37.0","pmil","0","55.500","deg","20.000","°C","100.000","%a.s.","22.500","deg","20.000","°C","1013.000","hPa","0.861","-0.02056","0.00035","-0.00011","0","14.7","Humid","26.25","0","52.00","343193.03","SABD0000000001","AAV1.0.0.11","2.0.0.28","PSt7-10","000000-000","10/20/2017 9:36:39 AM","0000-00","0","no battery","V"
"10/20/2017","13:03:12","5","default","957498349","OXY5","113.568","min","155.089","μmol/L","Humid","21.198","deg","90845","µV","35.907","°C","1019.000","hPa","37.0","pmil","0","55.500","deg","20.000","°C","100.000","%a.s.","22.500","deg","20.000","°C","1013.000","hPa","0.861","-0.02056","0.00035","-0.00011","0","14.7","Humid","26.25","0","52.00","343170.95","SABD0000000001","AAV1.0.0.11","2.0.0.28","PSt7-10","000000-000","10/20/2017 9:36:39 AM","0000-00","0","no battery","V"
"10/20/2017","13:03:13","5","default","957498349","OXY5","113.584","min","155.243","μmol/L","Humid","21.191","deg","90850","µV","35.897","°C","1019.000","hPa","37.0","pmil","0","55.500","deg","20.000","°C","100.000","%a.s.","22.500","deg","20.000","°C","1013.000","hPa","0.861","-0.02056","0.00035","-0.00011","0","14.7","Humid","26.25","0","52.00","343181.66","SABD0000000001","AAV1.0.0.11","2.0.0.28","PSt7-10","000000-000","10/20/2017 9:36:39 AM","0000-00","0","no battery","V"
"10/20/2017","13:03:14","5","default","957498349","OXY5","113.601","min","155.216","μmol/L","Humid","21.190","deg","90853","µV","35.904","°C","1019.000","hPa","37.0","pmil","0","55.500","deg","20.000","°C","100.000","%a.s.","22.500","deg","20.000","°C","1013.000","hPa","0.861","-0.02056","0.00035","-0.00011","0","14.7","Humid","26.25","0","52.00","343201.50","SABD0000000001","AAV1.0.0.11","2.0.0.28","PSt7-10","000000-000","10/20/2017 9:36:39 AM","0000-00","0","no battery","V"
"10/20/2017","13:03:15","5","default","957498349","OXY5","113.618","min","155.302","μmol/L","Humid","21.190","deg","90851","µV","35.890","°C","1019.000","hPa","37.0","pmil","0","55.500","deg","20.000","°C","100.000","%a.s.","22.500","deg","20.000","°C","1013.000","hPa","0.861","-0.02056","0.00035","-0.00011","0","14.7","Humid","26.25","0","52.00","343182.79","SABD0000000001","AAV1.0.0.11","2.0.0.28","PSt7-10","000000-000","10/20/2017 9:36:39 AM","0000-00","0","no battery","V"
"10/20/2017","13:03:16","5","default","957498349","OXY5","113.634","min","155.134","μmol/L","Humid","21.191","deg","90851","µV","35.916","°C","1019.000","hPa","37.0","pmil","0","55.500","deg","20.000","°C","100.000","%a.s.","22.500","deg","20.000","°C","1013.000","hPa","0.861","-0.02056","0.00035","-0.00011","0","14.7","Humid","26.25","0","52.00","343190.14","SABD0000000001","AAV1.0.0.11","2.0.0.28","PSt7-10","000000-000","10/20/2017 9:36:39 AM","0000-00","0","no battery","V"
"10/20/2017","13:03:17","5","default","957498349","OXY5","113.651","min","155.295","μmol/L","Humid","21.188","deg","90846","µV","35.896","°C","1019.000","hPa","37.0","pmil","0","55.500","deg","20.000","°C","100.000","%a.s.","22.500","deg","20.000","°C","1013.000","hPa","0.861","-0.02056","0.00035","-0.00011","0","14.7","Humid","26.25","0","52.00","343168.02","SABD0000000001","AAV1.0.0.11","2.0.0.28","PSt7-10","000000-000","10/20/2017 9:36:39 AM","0000-00","0","no battery","V"
"10/20/2017","13:03:18","5","default","957498349","OXY5","113.668","min","155.096","μmol/L","Humid","21.192","deg","90849","µV","35.920","°C","1019.000","hPa","37.0","pmil","0","55.500","deg","20.000","°C","100.000","%a.s.","22.500","deg","20.000","°C","1013.000","hPa","0.861","-0.02056","0.00035","-0.00011","0","14.7","Humid","26.25","0","52.00","343170.34","SABD0000000001","AAV1.0.0.11","2.0.0.28","PSt7-10","000000-000","10/20/2017 9:36:39 AM","0000-00","0","no battery","V"
"10/20/2017","13:03:19","5","default","957498349","OXY5","113.685","min","154.969","μmol/L","Humid","21.195","deg","90844","µV","35.935","°C","1019.000","hPa","37.0","pmil","0","55.500","deg","20.000","°C","100.000","%a.s.","22.500","deg","20.000","°C","1013.000","hPa","0.861","-0.02056","0.00035","-0.00011","0","14.7","Humid","26.25","0","52.00","343175.45","SABD0000000001","AAV1.0.0.11","2.0.0.28","PSt7-10","000000-000","10/20/2017 9:36:39 AM","0000-00","0","no battery","V"
"10/20/2017","13:03:20","5","default","957498349","OXY5","113.701","min","155.086","μmol/L","Humid","21.192","deg","90846","µV","35.922","°C","1019.000","hPa","37.0","pmil","0","55.500","deg","20.000","°C","100.000","%a.s.","22.500","deg","20.000","°C","1013.000","hPa","0.861","-0.02056","0.00035","-0.00011","0","14.7","Humid","26.25","0","52.00","343181.12","SABD0000000001","AAV1.0.0.11","2.0.0.28","PSt7-10","000000-000","10/20/2017 9:36:39 AM","0000-00","0","no battery","V"
"10/20/2017","13:03:21","5","default","957498349","OXY5","113.718","min","155.022","μmol/L","Humid","21.192","deg","90847","µV","35.932","°C","1019.000","hPa","37.0","pmil","0","55.500","deg","20.000","°C","100.000","%a.s.","22.500","deg","20.000","°C","1013.000","hPa","0.861","-0.02056","0.00035","-0.00011","0","14.7","Humid","26.25","0","52.00","343192.03","SABD0000000001","AAV1.0.0.11","2.0.0.28","PSt7-10","000000-000","10/20/2017 9:36:39 AM","0000-00","0","no battery","V"
"10/20/2017","13:03:22","5","default","957498349","OXY5","113.735","min","155.066","μmol/L","Humid","21.194","deg","90850","µV","35.920","°C","1019.000","hPa","37.0","pmil","0","55.500","deg","20.000","°C","100.000","%a.s.","22.500","deg","20.000","°C","1013.000","hPa","0.861","-0.02056","0.00035","-0.00011","0","14.7","Humid","26.25","0","52.00","343186.03","SABD0000000001","AAV1.0.0.11","2.0.0.28","PSt7-10","000000-000","10/20/2017 9:36:39 AM","0000-00","0","no battery","V"
"10/20/2017","13:03:23","5","default","957498349","OXY5","113.751","min","155.073","μmol/L","Humid","21.192","deg","90852","µV","35.924","°C","1019.000","hPa","37.0","pmil","0","55.500","deg","20.000","°C","100.000","%a.s.","22.500","deg","20.000","°C","1013.000","hPa","0.861","-0.02056","0.00035","-0.00011","0","14.7","Humid","26.25","0","52.00","343199.51","SABD0000000001","AAV1.0.0.11","2.0.0.28","PSt7-10","000000-000","10/20/2017 9:36:39 AM","0000-00","0","no battery","V"
"10/20/2017","13:03:24","5","default","957498349","OXY5","113.768","min","155.213","μmol/L","Humid","21.189","deg","90847","µV","35.907","°C","1019.000","hPa","37.0","pmil","0","55.500","deg","20.000","°C","100.000","%a.s.","22.500","deg","20.000","°C","1013.000","hPa","0.861","-0.02056","0.00035","-0.00011","0","14.7","Humid","26.25","0","52.00","343190.79","SABD0000000001","AAV1.0.0.11","2.0.0.28","PSt7-10","000000-000","10/20/2017 9:36:39 AM","0000-00","0","no battery","V"
"10/20/2017","13:03:25","5","default","957498349","OXY5","113.785","min","155.144","μmol/L","Humid","21.195","deg","90850","µV","35.905","°C","1019.000","hPa","37.0","pmil","0","55.500","deg","20.000","°C","100.000","%a.s.","22.500","deg","20.000","°C","1013.000","hPa","0.861","-0.02056","0.00035","-0.00011","0","14.7","Humid","26.25","0","52.00","343186.44","SABD0000000001","AAV1.0.0.11","2.0.0.28","PSt7-10","000000-000","10/20/2017 9:36:39 AM","0000-00","0","no battery","V"
"10/20/2017","13:03:26","5","default","957498349","OXY5","113.801","min","155.144","μmol/L","Humid","21.196","deg","90850","µV","35.902","°C","1019.000","hPa","37.0","pmil","0","55.500","deg","20.000","°C","100.000","%a.s.","22.500","deg","20.000","°C","1013.000","hPa","0.861","-0.02056","0.00035","-0.00011","0","14.7","Humid","26.25","0","52.00","343178.52","SABD0000000001","AAV1.0.0.11","2.0.0.28","PSt7-10","000000-000","10/20/2017 9:36:39 AM","0000-00","0","no battery","V"
"10/20/2017","13:03:27","5","default","957498349","OXY5","113.818","min","155.155","μmol/L","Humid","21.193","deg","90853","µV","35.908","°C","1019.000","hPa","37.0","pmil","0","55.500","deg","20.000","°C","100.000","%a.s.","22.500","deg","20.000","°C","1013.000","hPa","0.861","-0.02056","0.00035","-0.00011","0","14.7","Humid","26.25","0","52.00","343195.84","SABD0000000001","AAV1.0.0.11","2.0.0.28","PSt7-10","000000-000","10/20/2017 9:36:39 AM","0000-00","0","no battery","V"
"10/20/2017","13:03:28","5","default","957498349","OXY5","113.835","min","155.087","μmol/L","Humid","21.191","deg","90844","µV","35.924","°C","1019.000","hPa","37.0","pmil","0","55.500","deg","20.000","°C","100.000","%a.s.","22.500","deg","20.000","°C","1013.000","hPa","0.861","-0.02056","0.00035","-0.00011","0","14.7","Humid","26.25","0","52.00","343178.10","SABD0000000001","AAV1.0.0.11","2.0.0.28","PSt7-10","000000-000","10/20/2017 9:36:39 AM","0000-00","0","no battery","V"
"10/20/2017","13:03:29","5","default","957498349","OXY5","113.851","min","155.191","μmol/L","Humid","21.188","deg","90849","µV","35.913","°C","1019.000","hPa","37.0","pmil","0","55.500","deg","20.000","°C","100.000","%a.s.","22.500","deg","20.000","°C","1013.000","hPa","0.861","-0.02056","0.00035","-0.00011","0","14.7","Humid","26.25","0","52.00","343177.52","SABD0000000001","AAV1.0.0.11","2.0.0.28","PSt7-10","000000-000","10/20/2017 9:36:39 AM","0000-00","0","no battery","V"
"10/20/2017","13:03:30","5","default","957498349","OXY5","113.868","min","155.121","μmol/L","Humid","21.192","deg","90850","µV","35.916","°C","1019.000","hPa","37.0","pmil","0","55.500","deg","20.000","°C","100.000","%a.s.","22.500","deg","20.000","°C","1013.000","hPa","0.861","-0.02056","0.00035","-0.00011","0","14.7","Humid","26.25","0","52.00","343178.62","SABD0000000001","AAV1.0.0.11","2.0.0.28","PSt7-10","000000-000","10/20/2017 9:36:39 AM","0000-00","0","no battery","V"
"10/20/2017","13:03:31","5","default","957498349","OXY5","113.885","min","155.132","μmol/L","Humid","21.192","deg","90840","µV","35.914","°C","1019.000","hPa","37.0","pmil","0","55.500","deg","20.000","°C","100.000","%a.s.","22.500","deg","20.000","°C","1013.000","hPa","0.861","-0.02056","0.00035","-0.00011","0","14.7","Humid","26.25","0","52.00","343172.52","SABD0000000001","AAV1.0.0.11","2.0.0.28","PSt7-10","000000-000","10/20/2017 9:36:39 AM","0000-00","0","no battery","V"
"10/20/2017","13:03:32","5","default","957498349","OXY5","113.901","min","155.206","μmol/L","Humid","21.189","deg","90846","µV","35.908","°C","1019.000","hPa","37.0","pmil","0","55.500","deg","20.000","°C","100.000","%a.s.","22.500","deg","20.000","°C","1013.000","hPa","0.861","-0.02056","0.00035","-0.00011","0","14.7","Humid","26.25","0","52.00","343175.69","SABD0000000001","AAV1.0.0.11","2.0.0.28","PSt7-10","000000-000","10/20/2017 9:36:39 AM","0000-00","0","no battery","V"
"10/20/2017","13:03:33","5","default","957498349","OXY5","113.918","min","155.177","μmol/L","Humid","21.191","deg","90843","µV","35.909","°C","1019.000","hPa","37.0","pmil","0","55.500","deg","20.000","°C","100.000","%a.s.","22.500","deg","20.000","°C","1013.000","hPa","0.861","-0.02056","0.00035","-0.00011","0","14.7","Humid","26.25","0","52.00","343175.03","SABD0000000001","AAV1.0.0.11","2.0.0.28","PSt7-10","000000-000","10/20/2017 9:36:39 AM","0000-00","0","no battery","V"
"10/20/2017","13:03:34","5","default","957498349","OXY5","113.935","min","155.153","μmol/L","Humid","21.191","deg","90846","µV","35.913","°C","1019.000","hPa","37.0","pmil","0","55.500","deg","20.000","°C","100.000","%a.s.","22.500","deg","20.000","°C","1013.000","hPa","0.861","-0.02056","0.00035","-0.00011","0","14.7","Humid","26.25","0","52.00","343169.00","SABD0000000001","AAV1.0.0.11","2.0.0.28","PSt7-10","000000-000","10/20/2017 9:36:39 AM","0000-00","0","no battery","V"
"10/20/2017","13:03:35","5","default","957498349","OXY5","113.952","min","155.205","μmol/L","Humid","21.193","deg","90850","µV","35.899","°C","1019.000","hPa","37.0","pmil","0","55.500","deg","20.000","°C","100.000","%a.s.","22.500","deg","20.000","°C","1013.000","hPa","0.861","-0.02056","0.00035","-0.00011","0","14.7","Humid","26.25","0","52.00","343186.39","SABD0000000001","AAV1.0.0.11","2.0.0.28","PSt7-10","000000-000","10/20/2017 9:36:39 AM","0000-00","0","no battery","V"
"10/20/2017","13:03:36","5","default","957498349","OXY5","113.968","min","155.177","μmol/L","Humid","21.189","deg","90849","µV","35.913","°C","1019.000","hPa","37.0","pmil","0","55.500","deg","20.000","°C","100.000","%a.s.","22.500","deg","20.000","°C","1013.000","hPa","0.861","-0.02056","0.00035","-0.00011","0","14.7","Humid","26.25","0","52.00","343178.27","SABD0000000001","AAV1.0.0.11","2.0.0.28","PSt7-10","000000-000","10/20/2017 9:36:39 AM","0000-00","0","no battery","V"
"10/20/2017","13:03:37","5","default","957498349","OXY5","113.985","min","155.059","μmol/L","Humid","21.196","deg","90845","µV","35.917","°C","1019.000","hPa","37.0","pmil","0","55.500","deg","20.000","°C","100.000","%a.s.","22.500","deg","20.000","°C","1013.000","hPa","0.861","-0.02056","0.00035","-0.00011","0","14.7","Humid","26.25","0","52.00","343176.46","SABD0000000001","AAV1.0.0.11","2.0.0.28","PSt7-10","000000-000","10/20/2017 9:36:39 AM","0000-00","0","no battery","V"
"10/20/2017","13:03:38","5","default","957498349","OXY5","114.002","min","155.170","μmol/L","Humid","21.190","deg","90845","µV","35.911","°C","1018.000","hPa","37.0","pmil","0","55.500","deg","20.000","°C","100.000","%a.s.","22.500","deg","20.000","°C","1013.000","hPa","0.861","-0.02056","0.00035","-0.00011","0","14.7","Humid","26.25","0","52.00","343186.64","SABD0000000001","AAV1.0.0.11","2.0.0.28","PSt7-10","000000-000","10/20/2017 9:36:39 AM","0000-00","0","no battery","V"
"10/20/2017","13:03:39","5","default","957498349","OXY5","114.018","min","155.148","μmol/L","Humid","21.191","deg","90850","µV","35.912","°C","1018.000","hPa","37.0","pmil","0","55.500","deg","20.000","°C","100.000","%a.s.","22.500","deg","20.000","°C","1013.000","hPa","0.861","-0.02056","0.00035","-0.00011","0","14.7","Humid","26.25","0","52.00","343169.42","SABD0000000001","AAV1.0.0.11","2.0.0.28","PSt7-10","000000-000","10/20/2017 9:36:39 AM","0000-00","0","no battery","V"
"10/20/2017","13:03:40","5","default","957498349","OXY5","114.035","min","155.003","μmol/L","Humid","21.194","deg","90845","µV","35.931","°C","1019.000","hPa","37.0","pmil","0","55.500","deg","20.000","°C","100.000","%a.s.","22.500","deg","20.000","°C","1013.000","hPa","0.861","-0.02056","0.00035","-0.00011","0","14.7","Humid","26.25","0","52.00","343170.27","SABD0000000001","AAV1.0.0.11","2.0.0.28","PSt7-10","000000-000","10/20/2017 9:36:39 AM","0000-00","0","no battery","V"
"10/20/2017","13:03:41","5","default","957498349","OXY5","114.052","min","155.027","μmol/L","Humid","21.194","deg","90852","µV","35.925","°C","1018.000","hPa","37.0","pmil","0","55.500","deg","20.000","°C","100.000","%a.s.","22.500","deg","20.000","°C","1013.000","hPa","0.861","-0.02056","0.00035","-0.00011","0","14.7","Humid","26.25","0","52.00","343176.80","SABD0000000001","AAV1.0.0.11","2.0.0.28","PSt7-10","000000-000","10/20/2017 9:36:39 AM","0000-00","0","no battery","V"
"10/20/2017","13:03:42","5","default","957498349","OXY5","114.068","min","155.090","μmol/L","Humid","21.193","deg","90845","µV","35.919","°C","1019.000","hPa","37.0","pmil","0","55.500","deg","20.000","°C","100.000","%a.s.","22.500","deg","20.000","°C","1013.000","hPa","0.861","-0.02056","0.00035","-0.00011","0","14.7","Humid","26.25","0","52.00","343169.49","SABD0000000001","AAV1.0.0.11","2.0.0.28","PSt7-10","000000-000","10/20/2017 9:36:39 AM","0000-00","0","no battery","V"
"10/20/2017","13:03:43","5","default","957498349","OXY5","114.085","min","155.222","μmol/L","Humid","21.186","deg","90853","µV","35.913","°C","1019.000","hPa","37.0","pmil","0","55.500","deg","20.000","°C","100.000","%a.s.","22.500","deg","20.000","°C","1013.000","hPa","0.861","-0.02056","0.00035","-0.00011","0","14.7","Humid","26.25","0","52.00","343167.16","SABD0000000001","AAV1.0.0.11","2.0.0.28","PSt7-10","000000-000","10/20/2017 9:36:39 AM","0000-00","0","no battery","V"
"10/20/2017","13:03:44","5","default","957498349","OXY5","114.102","min","155.007","μmol/L","Humid","21.195","deg","90849","µV","35.928","°C","1019.000","hPa","37.0","pmil","0","55.500","deg","20.000","°C","100.000","%a.s.","22.500","deg","20.000","°C","1013.000","hPa","0.861","-0.02056","0.00035","-0.00011","0","14.7","Humid","26.25","0","52.00","343165.06","SABD0000000001","AAV1.0.0.11","2.0.0.28","PSt7-10","000000-000","10/20/2017 9:36:39 AM","0000-00","0","no battery","V"
"10/20/2017","13:03:45","5","default","957498349","OXY5","114.118","min","155.159","μmol/L","Humid","21.194","deg","90851","µV","35.904","°C","1019.000","hPa","37.0","pmil","0","55.500","deg","20.000","°C","100.000","%a.s.","22.500","deg","20.000","°C","1013.000","hPa","0.861","-0.02056","0.00035","-0.00011","0","14.7","Humid","26.25","0","52.00","343168.87","SABD0000000001","AAV1.0.0.11","2.0.0.28","PSt7-10","000000-000","10/20/2017 9:36:39 AM","0000-00","0","no battery","V"
"10/20/2017","13:03:46","5","default","957498349","OXY5","114.135","min","155.104","μmol/L","Humid","21.194","deg","90848","µV","35.914","°C","1019.000","hPa","37.0","pmil","0","55.500","deg","20.000","°C","100.000","%a.s.","22.500","deg","20.000","°C","1013.000","hPa","0.861","-0.02056","0.00035","-0.00011","0","14.7","Humid","26.25","0","52.00","343168.66","SABD0000000001","AAV1.0.0.11","2.0.0.28","PSt7-10","000000-000","10/20/2017 9:36:39 AM","0000-00","0","no battery","V"
"10/20/2017","13:03:47","5","default","957498349","OXY5","114.152","min","155.065","μmol/L","Humid","21.192","deg","90847","µV","35.925","°C","1019.000","hPa","37.0","pmil","0","55.500","deg","20.000","°C","100.000","%a.s.","22.500","deg","20.000","°C","1013.000","hPa","0.861","-0.02056","0.00035","-0.00011","0","14.7","Humid","26.25","0","52.00","343161.45","SABD0000000001","AAV1.0.0.11","2.0.0.28","PSt7-10","000000-000","10/20/2017 9:36:39 AM","0000-00","0","no battery","V"
"10/20/2017","13:03:48","5","default","957498349","OXY5","114.168","min","155.037","μmol/L","Humid","21.195","deg","90847","µV","35.923","°C","1019.000","hPa","37.0","pmil","0","55.500","deg","20.000","°C","100.000","%a.s.","22.500","deg","20.000","°C","1013.000","hPa","0.861","-0.02056","0.00035","-0.00011","0","14.7","Humid","26.25","0","52.00","343150.09","SABD0000000001","AAV1.0.0.11","2.0.0.28","PSt7-10","000000-000","10/20/2017 9:36:39 AM","0000-00","0","no battery","V"
"10/20/2017","13:03:49","5","default","957498349","OXY5","114.185","min","155.164","μmol/L","Humid","21.190","deg","90847","µV","35.913","°C","1019.000","hPa","37.0","pmil","0","55.500","deg","20.000","°C","100.000","%a.s.","22.500","deg","20.000","°C","1013.000","hPa","0.861","-0.02056","0.00035","-0.00011","0","14.7","Humid","26.25","0","52.00","343158.91","SABD0000000001","AAV1.0.0.11","2.0.0.28","PSt7-10","000000-000","10/20/2017 9:36:39 AM","0000-00","0","no battery","V"
"10/20/2017","13:03:50","5","default","957498349","OXY5","114.201","min","155.235","μmol/L","Humid","21.192","deg","90847","µV","35.896","°C","1019.000","hPa","37.0","pmil","0","55.500","deg","20.000","°C","100.000","%a.s.","22.500","deg","20.000","°C","1013.000","hPa","0.861","-0.02056","0.00035","-0.00011","0","14.7","Humid","26.25","0","52.00","343158.43","SABD0000000001","AAV1.0.0.11","2.0.0.28","PSt7-10","000000-000","10/20/2017 9:36:39 AM","0000-00","0","no battery","V"
"10/20/2017","13:03:51","5","default","957498349","OXY5","114.218","min","155.071","μmol/L","Humid","21.192","deg","90847","µV","35.924","°C","1019.000","hPa","37.0","pmil","0","55.500","deg","20.000","°C","100.000","%a.s.","22.500","deg","20.000","°C","1013.000","hPa","0.861","-0.02056","0.00035","-0.00011","0","14.7","Humid","26.25","0","52.00","343161.19","SABD0000000001","AAV1.0.0.11","2.0.0.28","PSt7-10","000000-000","10/20/2017 9:36:39 AM","0000-00","0","no battery","V"
"10/20/2017","13:03:52","5","default","957498349","OXY5","114.234","min","155.126","μmol/L","Humid","21.190","deg","90848","µV","35.920","°C","1019.000","hPa","37.0","pmil","0","55.500","deg","20.000","°C","100.000","%a.s.","22.500","deg","20.000","°C","1013.000","hPa","0.861","-0.02056","0.00035","-0.00011","0","14.7","Humid","26.25","0","52.00","343144.61","SABD0000000001","AAV1.0.0.11","2.0.0.28","PSt7-10","000000-000","10/20/2017 9:36:39 AM","0000-00","0","no battery","V"
"10/20/2017","13:03:53","5","default","957498349","OXY5","114.251","min","155.047","μmol/L","Humid","21.193","deg","90848","µV","35.926","°C","1019.000","hPa","37.0","pmil","0","55.500","deg","20.000","°C","100.000","%a.s.","22.500","deg","20.000","°C","1013.000","hPa","0.861","-0.02056","0.00035","-0.00011","0","14.7","Humid","26.25","0","52.00","343159.57","SABD0000000001","AAV1.0.0.11","2.0.0.28","PSt7-10","000000-000","10/20/2017 9:36:39 AM","0000-00","0","no battery","V"
"10/20/2017","13:03:54","5","default","957498349","OXY5","114.268","min","155.137","μmol/L","Humid","21.192","deg","90850","µV","35.913","°C","1019.000","hPa","37.0","pmil","0","55.500","deg","20.000","°C","100.000","%a.s.","22.500","deg","20.000","°C","1013.000","hPa","0.861","-0.02056","0.00035","-0.00011","0","14.7","Humid","26.25","0","52.00","343166.30","SABD0000000001","AAV1.0.0.11","2.0.0.28","PSt7-10","000000-000","10/20/2017 9:36:39 AM","0000-00","0","no battery","V"
"10/20/2017","13:03:55","5","default","957498349","OXY5","114.284","min","155.213","μmol/L","Humid","21.187","deg","90849","µV","35.912","°C","1019.000","hPa","37.0","pmil","0","55.500","deg","20.000","°C","100.000","%a.s.","22.500","deg","20.000","°C","1013.000","hPa","0.861","-0.02056","0.00035","-0.00011","0","14.7","Humid","26.25","0","52.00","343163.02","SABD0000000001","AAV1.0.0.11","2.0.0.28","PSt7-10","000000-000","10/20/2017 9:36:39 AM","0000-00","0","no battery","V"
"10/20/2017","13:03:56","5","default","957498349","OXY5","114.301","min","155.179","μmol/L","Humid","21.191","deg","90848","µV","35.908","°C","1019.000","hPa","37.0","pmil","0","55.500","deg","20.000","°C","100.000","%a.s.","22.500","deg","20.000","°C","1013.000","hPa","0.861","-0.02056","0.00035","-0.00011","0","14.7","Humid","26.25","0","52.00","343147.55","SABD0000000001","AAV1.0.0.11","2.0.0.28","PSt7-10","000000-000","10/20/2017 9:36:39 AM","0000-00","0","no battery","V"
"10/20/2017","13:03:57","5","default","957498349","OXY5","114.318","min","155.049","μmol/L","Humid","21.191","deg","90840","µV","35.930","°C","1019.000","hPa","37.0","pmil","0","55.500","deg","20.000","°C","100.000","%a.s.","22.500","deg","20.000","°C","1013.000","hPa","0.861","-0.02056","0.00035","-0.00011","0","14.7","Humid","26.25","0","52.00","343155.74","SABD0000000001","AAV1.0.0.11","2.0.0.28","PSt7-10","000000-000","10/20/2017 9:36:39 AM","0000-00","0","no battery","V"
"10/20/2017","13:03:58","5","default","957498349","OXY5","114.334","min","155.003","μmol/L","Humid","21.194","deg","90846","µV","35.931","°C","1019.000","hPa","37.0","pmil","0","55.500","deg","20.000","°C","100.000","%a.s.","22.500","deg","20.000","°C","1013.000","hPa","0.861","-0.02056","0.00035","-0.00011","0","14.7","Humid","26.25","0","52.00","343153.18","SABD0000000001","AAV1.0.0.11","2.0.0.28","PSt7-10","000000-000","10/20/2017 9:36:39 AM","0000-00","0","no battery","V"
"10/20/2017","13:03:59","5","default","957498349","OXY5","114.351","min","155.092","μmol/L","Humid","21.190","deg","90841","µV","35.925","°C","1019.000","hPa","37.0","pmil","0","55.500","deg","20.000","°C","100.000","%a.s.","22.500","deg","20.000","°C","1013.000","hPa","0.861","-0.02056","0.00035","-0.00011","0","14.7","Humid","26.25","0","52.00","343154.19","SABD0000000001","AAV1.0.0.11","2.0.0.28","PSt7-10","000000-000","10/20/2017 9:36:39 AM","0000-00","0","no battery","V"
"10/20/2017","13:04:00","5","default","957498349","OXY5","114.368","min","155.161","μmol/L","Humid","21.189","deg","90846","µV","35.916","°C","1019.000","hPa","37.0","pmil","0","55.500","deg","20.000","°C","100.000","%a.s.","22.500","deg","20.000","°C","1013.000","hPa","0.861","-0.02056","0.00035","-0.00011","0","14.7","Humid","26.25","0","52.00","343148.15","SABD0000000001","AAV1.0.0.11","2.0.0.28","PSt7-10","000000-000","10/20/2017 9:36:39 AM","0000-00","0","no battery","V"
"10/20/2017","13:04:01","5","default","957498349","OXY5","114.384","min","155.006","μmol/L","Humid","21.196","deg","90851","µV","35.926","°C","1019.000","hPa","37.0","pmil","0","55.500","deg","20.000","°C","100.000","%a.s.","22.500","deg","20.000","°C","1013.000","hPa","0.861","-0.02056","0.00035","-0.00011","0","14.7","Humid","26.25","0","52.00","343156.11","SABD0000000001","AAV1.0.0.11","2.0.0.28","PSt7-10","000000-000","10/20/2017 9:36:39 AM","0000-00","0","no battery","V"
"10/20/2017","13:04:02","5","default","957498349","OXY5","114.401","min","155.015","μmol/L","Humid","21.191","deg","90845","µV","35.936","°C","1019.000","hPa","37.0","pmil","0","55.500","deg","20.000","°C","100.000","%a.s.","22.500","deg","20.000","°C","1013.000","hPa","0.861","-0.02056","0.00035","-0.00011","0","14.7","Humid","26.25","0","52.00","343158.31","SABD0000000001","AAV1.0.0.11","2.0.0.28","PSt7-10","000000-000","10/20/2017 9:36:39 AM","0000-00","0","no battery","V"
"10/20/2017","13:04:03","5","default","957498349","OXY5","114.418","min","155.077","μmol/L","Humid","21.191","deg","90843","µV","35.926","°C","1019.000","hPa","37.0","pmil","0","55.500","deg","20.000","°C","100.000","%a.s.","22.500","deg","20.000","°C","1013.000","hPa","0.861","-0.02056","0.00035","-0.00011","0","14.7","Humid","26.25","0","52.00","343147.13","SABD0000000001","AAV1.0.0.11","2.0.0.28","PSt7-10","000000-000","10/20/2017 9:36:39 AM","0000-00","0","no battery","V"
"10/20/2017","13:04:04","5","default","957498349","OXY5","114.435","min","155.127","μmol/L","Humid","21.190","deg","90846","µV","35.919","°C","1019.000","hPa","37.0","pmil","0","55.500","deg","20.000","°C","100.000","%a.s.","22.500","deg","20.000","°C","1013.000","hPa","0.861","-0.02056","0.00035","-0.00011","0","14.7","Humid","26.25","0","52.00","343147.20","SABD0000000001","AAV1.0.0.11","2.0.0.28","PSt7-10","000000-000","10/20/2017 9:36:39 AM","0000-00","0","no battery","V"
"10/20/2017","13:04:05","5","default","957498349","OXY5","114.451","min","155.128","μmol/L","Humid","21.191","deg","90846","µV","35.917","°C","1019.000","hPa","37.0","pmil","0","55.500","deg","20.000","°C","100.000","%a.s.","22.500","deg","20.000","°C","1013.000","hPa","0.861","-0.02056","0.00035","-0.00011","0","14.7","Humid","26.25","0","52.00","343158.13","SABD0000000001","AAV1.0.0.11","2.0.0.28","PSt7-10","000000-000","10/20/2017 9:36:39 AM","0000-00","0","no battery","V"
"10/20/2017","13:04:06","5","default","957498349","OXY5","114.468","min","155.071","μmol/L","Humid","21.192","deg","90850","µV","35.924","°C","1019.000","hPa","37.0","pmil","0","55.500","deg","20.000","°C","100.000","%a.s.","22.500","deg","20.000","°C","1013.000","hPa","0.861","-0.02056","0.00035","-0.00011","0","14.7","Humid","26.25","0","52.00","343162.29","SABD0000000001","AAV1.0.0.11","2.0.0.28","PSt7-10","000000-000","10/20/2017 9:36:39 AM","0000-00","0","no battery","V"
"10/20/2017","13:04:07","5","default","957498349","OXY5","114.485","min","155.145","μmol/L","Humid","21.188","deg","90839","µV","35.921","°C","1019.000","hPa","37.0","pmil","0","55.500","deg","20.000","°C","100.000","%a.s.","22.500","deg","20.000","°C","1013.000","hPa","0.861","-0.02056","0.00035","-0.00011","0","14.7","Humid","26.25","0","52.00","343157.13","SABD0000000001","AAV1.0.0.11","2.0.0.28","PSt7-10","000000-000","10/20/2017 9:36:39 AM","0000-00","0","no battery","V"
"10/20/2017","13:04:08","5","default","957498349","OXY5","114.501","min","155.049","μmol/L","Humid","21.193","deg","90850","µV","35.926","°C","1019.000","hPa","37.0","pmil","0","55.500","deg","20.000","°C","100.000","%a.s.","22.500","deg","20.000","°C","1013.000","hPa","0.861","-0.02056","0.00035","-0.00011","0","14.7","Humid","26.25","0","52.00","343163.04","SABD0000000001","AAV1.0.0.11","2.0.0.28","PSt7-10","000000-000","10/20/2017 9:36:39 AM","0000-00","0","no battery","V"
"10/20/2017","13:04:09","5","default","957498349","OXY5","114.518","min","155.116","μmol/L","Humid","21.192","deg","90848","µV","35.917","°C","1019.000","hPa","37.0","pmil","0","55.500","deg","20.000","°C","100.000","%a.s.","22.500","deg","20.000","°C","1013.000","hPa","0.861","-0.02056","0.00035","-0.00011","0","14.7","Humid","26.25","0","52.00","343145.61","SABD0000000001","AAV1.0.0.11","2.0.0.28","PSt7-10","000000-000","10/20/2017 9:36:39 AM","0000-00","0","no battery","V"
"10/20/2017","13:04:10","5","default","957498349","OXY5","114.535","min","155.199","μmol/L","Humid","21.188","deg","90851","µV","35.912","°C","1019.000","hPa","37.0","pmil","0","55.500","deg","20.000","°C","100.000","%a.s.","22.500","deg","20.000","°C","1013.000","hPa","0.861","-0.02056","0.00035","-0.00011","0","14.7","Humid","26.25","0","52.00","343150.52","SABD0000000001","AAV1.0.0.11","2.0.0.28","PSt7-10","000000-000","10/20/2017 9:36:39 AM","0000-00","0","no battery","V"
"10/20/2017","13:04:11","5","default","957498349","OXY5","114.551","min","155.161","μmol/L","Humid","21.193","deg","90845","µV","35.905","°C","1018.000","hPa","37.0","pmil","0","55.500","deg","20.000","°C","100.000","%a.s.","22.500","deg","20.000","°C","1013.000","hPa","0.861","-0.02056","0.00035","-0.00011","0","14.7","Humid","26.25","0","52.00","343134.91","SABD0000000001","AAV1.0.0.11","2.0.0.28","PSt7-10","000000-000","10/20/2017 9:36:39 AM","0000-00","0","no battery","V"
"10/20/2017","13:04:12","5","default","957498349","OXY5","114.568","min","155.008","μmol/L","Humid","21.196","deg","90845","µV","35.925","°C","1019.000","hPa","37.0","pmil","0","55.500","deg","20.000","°C","100.000","%a.s.","22.500","deg","20.000","°C","1013.000","hPa","0.861","-0.02056","0.00035","-0.00011","0","14.7","Humid","26.25","0","52.00","343146.80","SABD0000000001","AAV1.0.0.11","2.0.0.28","PSt7-10","000000-000","10/20/2017 9:36:39 AM","0000-00","0","no battery","V"
"10/20/2017","13:04:13","5","default","957498349","OXY5","114.585","min","155.167","μmol/L","Humid","21.192","deg","90851","µV","35.908","°C","1019.000","hPa","37.0","pmil","0","55.500","deg","20.000","°C","100.000","%a.s.","22.500","deg","20.000","°C","1013.000","hPa","0.861","-0.02056","0.00035","-0.00011","0","14.7","Humid","26.25","0","52.00","343149.91","SABD0000000001","AAV1.0.0.11","2.0.0.28","PSt7-10","000000-000","10/20/2017 9:36:39 AM","0000-00","0","no battery","V"
"10/20/2017","13:04:14","5","default","957498349","OXY5","114.601","min","155.126","μmol/L","Humid","21.191","deg","90851","µV","35.916","°C","1018.000","hPa","37.0","pmil","0","55.500","deg","20.000","°C","100.000","%a.s.","22.500","deg","20.000","°C","1013.000","hPa","0.861","-0.02056","0.00035","-0.00011","0","14.7","Humid","26.25","0","52.00","343161.29","SABD0000000001","AAV1.0.0.11","2.0.0.28","PSt7-10","000000-000","10/20/2017 9:36:39 AM","0000-00","0","no battery","V"
"10/20/2017","13:04:15","5","default","957498349","OXY5","114.618","min","155.160","μmol/L","Humid","21.191","deg","90849","µV","35.911","°C","1019.000","hPa","37.0","pmil","0","55.500","deg","20.000","°C","100.000","%a.s.","22.500","deg","20.000","°C","1013.000","hPa","0.861","-0.02056","0.00035","-0.00011","0","14.7","Humid","26.25","0","52.00","343135.33","SABD0000000001","AAV1.0.0.11","2.0.0.28","PSt7-10","000000-000","10/20/2017 9:36:39 AM","0000-00","0","no battery","V"
"10/20/2017","13:04:16","5","default","957498349","OXY5","114.635","min","155.041","μmol/L","Humid","21.193","deg","90852","µV","35.925","°C","1018.000","hPa","37.0","pmil","0","55.500","deg","20.000","°C","100.000","%a.s.","22.500","deg","20.000","°C","1013.000","hPa","0.861","-0.02056","0.00035","-0.00011","0","14.7","Humid","26.25","0","52.00","343151.46","SABD0000000001","AAV1.0.0.11","2.0.0.28","PSt7-10","000000-000","10/20/2017 9:36:39 AM","0000-00","0","no battery","V"
"10/20/2017","13:04:17","5","default","957498349","OXY5","114.651","min","155.053","μmol/L","Humid","21.194","deg","90846","µV","35.921","°C","1018.000","hPa","37.0","pmil","0","55.500","deg","20.000","°C","100.000","%a.s.","22.500","deg","20.000","°C","1013.000","hPa","0.861","-0.02056","0.00035","-0.00011","0","14.7","Humid","26.25","0","52.00","343151.01","SABD0000000001","AAV1.0.0.11","2.0.0.28","PSt7-10","000000-000","10/20/2017 9:36:39 AM","0000-00","0","no battery","V"
"10/20/2017","13:04:18","5","default","957498349","OXY5","114.668","min","155.130","μmol/L","Humid","21.189","deg","90852","µV","35.921","°C","1019.000","hPa","37.0","pmil","0","55.500","deg","20.000","°C","100.000","%a.s.","22.500","deg","20.000","°C","1013.000","hPa","0.861","-0.02056","0.00035","-0.00011","0","14.7","Humid","26.25","0","52.00","343140.01","SABD0000000001","AAV1.0.0.11","2.0.0.28","PSt7-10","000000-000","10/20/2017 9:36:39 AM","0000-00","0","no battery","V"
"10/20/2017","13:04:19","5","default","957498349","OXY5","114.685","min","155.097","μmol/L","Humid","21.193","deg","90845","µV","35.916","°C","1018.000","hPa","37.0","pmil","0","55.500","deg","20.000","°C","100.000","%a.s.","22.500","deg","20.000","°C","1013.000","hPa","0.861","-0.02056","0.00035","-0.00011","0","14.7","Humid","26.25","0","52.00","343142.56","SABD0000000001","AAV1.0.0.11","2.0.0.28","PSt7-10","000000-000","10/20/2017 9:36:39 AM","0000-00","0","no battery","V"
"10/20/2017","13:04:20","5","default","957498349","OXY5","114.701","min","155.102","μmol/L","Humid","21.189","deg","90844","µV","35.926","°C","1019.000","hPa","37.0","pmil","0","55.500","deg","20.000","°C","100.000","%a.s.","22.500","deg","20.000","°C","1013.000","hPa","0.861","-0.02056","0.00035","-0.00011","0","14.7","Humid","26.25","0","52.00","343129.77","SABD0000000001","AAV1.0.0.11","2.0.0.28","PSt7-10","000000-000","10/20/2017 9:36:39 AM","0000-00","0","no battery","V"
"10/20/2017","13:04:21","5","default","957498349","OXY5","114.718","min","155.113","μmol/L","Humid","21.192","deg","90844","µV","35.917","°C","1019.000","hPa","37.0","pmil","0","55.500","deg","20.000","°C","100.000","%a.s.","22.500","deg","20.000","°C","1013.000","hPa","0.861","-0.02056","0.00035","-0.00011","0","14.7","Humid","26.25","0","52.00","343136.72","SABD0000000001","AAV1.0.0.11","2.0.0.28","PSt7-10","000000-000","10/20/2017 9:36:39 AM","0000-00","0","no battery","V"
"10/20/2017","13:04:22","5","default","957498349","OXY5","114.735","min","155.054","μmol/L","Humid","21.191","deg","90845","µV","35.928","°C","1018.000","hPa","37.0","pmil","0","55.500","deg","20.000","°C","100.000","%a.s.","22.500","deg","20.000","°C","1013.000","hPa","0.861","-0.02056","0.00035","-0.00011","0","14.7","Humid","26.25","0","52.00","343141.04","SABD0000000001","AAV1.0.0.11","2.0.0.28","PSt7-10","000000-000","10/20/2017 9:36:39 AM","0000-00","0","no battery","V"
"10/20/2017","13:04:23","5","default","957498349","OXY5","114.752","min","155.138","μmol/L","Humid","21.190","deg","90851","µV","35.916","°C","1018.000","hPa","37.0","pmil","0","55.500","deg","20.000","°C","100.000","%a.s.","22.500","deg","20.000","°C","1013.000","hPa","0.861","-0.02056","0.00035","-0.00011","0","14.7","Humid","26.25","0","52.00","343129.40","SABD0000000001","AAV1.0.0.11","2.0.0.28","PSt7-10","000000-000","10/20/2017 9:36:39 AM","0000-00","0","no battery","V"
"10/20/2017","13:04:24","5","default","957498349","OXY5","114.768","min","155.128","μmol/L","Humid","21.192","deg","90843","µV","35.913","°C","1018.000","hPa","37.0","pmil","0","55.500","deg","20.000","°C","100.000","%a.s.","22.500","deg","20.000","°C","1013.000","hPa","0.861","-0.02056","0.00035","-0.00011","0","14.7","Humid","26.25","0","52.00","343136.01","SABD0000000001","AAV1.0.0.11","2.0.0.28","PSt7-10","000000-000","10/20/2017 9:36:39 AM","0000-00","0","no battery","V"
"10/20/2017","13:04:25","5","default","957498349","OXY5","114.785","min","155.085","μmol/L","Humid","21.188","deg","90849","µV","35.930","°C","1018.000","hPa","37.0","pmil","0","55.500","deg","20.000","°C","100.000","%a.s.","22.500","deg","20.000","°C","1013.000","hPa","0.861","-0.02056","0.00035","-0.00011","0","14.7","Humid","26.25","0","52.00","343139.50","SABD0000000001","AAV1.0.0.11","2.0.0.28","PSt7-10","000000-000","10/20/2017 9:36:39 AM","0000-00","0","no battery","V"
"10/20/2017","13:04:26","5","default","957498349","OXY5","114.802","min","155.062","μmol/L","Humid","21.191","deg","90846","µV","35.927","°C","1018.000","hPa","37.0","pmil","0","55.500","deg","20.000","°C","100.000","%a.s.","22.500","deg","20.000","°C","1013.000","hPa","0.861","-0.02056","0.00035","-0.00011","0","14.7","Humid","26.25","0","52.00","343135.07","SABD0000000001","AAV1.0.0.11","2.0.0.28","PSt7-10","000000-000","10/20/2017 9:36:39 AM","0000-00","0","no battery","V"
"10/20/2017","13:04:27","5","default","957498349","OXY5","114.818","min","155.058","μmol/L","Humid","21.192","deg","90849","µV","35.925","°C","1018.000","hPa","37.0","pmil","0","55.500","deg","20.000","°C","100.000","%a.s.","22.500","deg","20.000","°C","1013.000","hPa","0.861","-0.02056","0.00035","-0.00011","0","14.7","Humid","26.25","0","52.00","343143.41","SABD0000000001","AAV1.0.0.11","2.0.0.28","PSt7-10","000000-000","10/20/2017 9:36:39 AM","0000-00","0","no battery","V"
"10/20/2017","13:04:28","5","default","957498349","OXY5","114.835","min","155.137","μmol/L","Humid","21.189","deg","90844","µV","35.920","°C","1019.000","hPa","37.0","pmil","0","55.500","deg","20.000","°C","100.000","%a.s.","22.500","deg","20.000","°C","1013.000","hPa","0.861","-0.02056","0.00035","-0.00011","0","14.7","Humid","26.25","0","52.00","343114.48","SABD0000000001","AAV1.0.0.11","2.0.0.28","PSt7-10","000000-000","10/20/2017 9:36:39 AM","0000-00","0","no battery","V"
"10/20/2017","13:04:29","5","default","957498349","OXY5","114.852","min","155.083","μmol/L","Humid","21.194","deg","90848","µV","35.917","°C","1019.000","hPa","37.0","pmil","0","55.500","deg","20.000","°C","100.000","%a.s.","22.500","deg","20.000","°C","1013.000","hPa","0.861","-0.02056","0.00035","-0.00011","0","14.7","Humid","26.25","0","52.00","343132.35","SABD0000000001","AAV1.0.0.11","2.0.0.28","PSt7-10","000000-000","10/20/2017 9:36:39 AM","0000-00","0","no battery","V"
"10/20/2017","13:04:30","5","default","957498349","OXY5","114.868","min","155.036","μmol/L","Humid","21.193","deg","90843","µV","35.926","°C","1018.000","hPa","37.0","pmil","0","55.500","deg","20.000","°C","100.000","%a.s.","22.500","deg","20.000","°C","1013.000","hPa","0.861","-0.02056","0.00035","-0.00011","0","14.7","Humid","26.25","0","52.00","343130.33","SABD0000000001","AAV1.0.0.11","2.0.0.28","PSt7-10","000000-000","10/20/2017 9:36:39 AM","0000-00","0","no battery","V"
"10/20/2017","13:04:31","5","default","957498349","OXY5","114.885","min","155.075","μmol/L","Humid","21.197","deg","90843","µV","35.910","°C","1018.000","hPa","37.0","pmil","0","55.500","deg","20.000","°C","100.000","%a.s.","22.500","deg","20.000","°C","1013.000","hPa","0.861","-0.02056","0.00035","-0.00011","0","14.7","Humid","26.25","0","52.00","343119.30","SABD0000000001","AAV1.0.0.11","2.0.0.28","PSt7-10","000000-000","10/20/2017 9:36:39 AM","0000-00","0","no battery","V"
"10/20/2017","13:04:32","5","default","957498349","OXY5","114.902","min","155.165","μmol/L","Humid","21.190","deg","90847","µV","35.913","°C","1019.000","hPa","37.0","pmil","0","55.500","deg","20.000","°C","100.000","%a.s.","22.500","deg","20.000","°C","1013.000","hPa","0.861","-0.02056","0.00035","-0.00011","0","14.7","Humid","26.25","0","52.00","343129.18","SABD0000000001","AAV1.0.0.11","2.0.0.28","PSt7-10","000000-000","10/20/2017 9:36:39 AM","0000-00","0","no battery","V"
"10/20/2017","13:04:33","5","default","957498349","OXY5","114.918","min","155.134","μmol/L","Humid","21.193","deg","90849","µV","35.911","°C","1019.000","hPa","37.0","pmil","0","55.500","deg","20.000","°C","100.000","%a.s.","22.500","deg","20.000","°C","1013.000","hPa","0.861","-0.02056","0.00035","-0.00011","0","14.7","Humid","26.25","0","52.00","343128.83","SABD0000000001","AAV1.0.0.11","2.0.0.28","PSt7-10","000000-000","10/20/2017 9:36:39 AM","0000-00","0","no battery","V"
"10/20/2017","13:04:34","5","default","957498349","OXY5","114.935","min","155.136","μmol/L","Humid","21.194","deg","90850","µV","35.909","°C","1019.000","hPa","37.0","pmil","0","55.500","deg","20.000","°C","100.000","%a.s.","22.500","deg","20.000","°C","1013.000","hPa","0.861","-0.02056","0.00035","-0.00011","0","14.7","Humid","26.25","0","52.00","343124.44","SABD0000000001","AAV1.0.0.11","2.0.0.28","PSt7-10","000000-000","10/20/2017 9:36:39 AM","0000-00","0","no battery","V"
"10/20/2017","13:04:35","5","default","957498349","OXY5","114.952","min","155.087","μmol/L","Humid","21.194","deg","90849","µV","35.917","°C","1019.000","hPa","37.0","pmil","0","55.500","deg","20.000","°C","100.000","%a.s.","22.500","deg","20.000","°C","1013.000","hPa","0.861","-0.02056","0.00035","-0.00011","0","14.7","Humid","26.25","0","52.00","343142.30","SABD0000000001","AAV1.0.0.11","2.0.0.28","PSt7-10","000000-000","10/20/2017 9:36:39 AM","0000-00","0","no battery","V"
"10/20/2017","13:04:36","5","default","957498349","OXY5","114.968","min","154.969","μmol/L","Humid","21.196","deg","90849","µV","35.932","°C","1019.000","hPa","37.0","pmil","0","55.500","deg","20.000","°C","100.000","%a.s.","22.500","deg","20.000","°C","1013.000","hPa","0.861","-0.02056","0.00035","-0.00011","0","14.7","Humid","26.25","0","52.00","343132.96","SABD0000000001","AAV1.0.0.11","2.0.0.28","PSt7-10","000000-000","10/20/2017 9:36:39 AM","0000-00","0","no battery","V"
"10/20/2017","13:04:37","5","default","957498349","OXY5","114.985","min","155.102","μmol/L","Humid","21.192","deg","90849","µV","35.919","°C","1019.000","hPa","37.0","pmil","0","55.500","deg","20.000","°C","100.000","%a.s.","22.500","deg","20.000","°C","1013.000","hPa","0.861","-0.02056","0.00035","-0.00011","0","14.7","Humid","26.25","0","52.00","343136.52","SABD0000000001","AAV1.0.0.11","2.0.0.28","PSt7-10","000000-000","10/20/2017 9:36:39 AM","0000-00","0","no battery","V"
"10/20/2017","13:04:38","5","default","957498349","OXY5","115.002","min","155.008","μmol/L","Humid","21.195","deg","90846","µV","35.928","°C","1019.000","hPa","37.0","pmil","0","55.500","deg","20.000","°C","100.000","%a.s.","22.500","deg","20.000","°C","1013.000","hPa","0.861","-0.02056","0.00035","-0.00011","0","14.7","Humid","26.25","0","52.00","343120.38","SABD0000000001","AAV1.0.0.11","2.0.0.28","PSt7-10","000000-000","10/20/2017 9:36:39 AM","0000-00","0","no battery","V"
"10/20/2017","13:04:39","5","default","957498349","OXY5","115.018","min","155.151","μmol/L","Humid","21.191","deg","90841","µV","35.911","°C","1018.000","hPa","37.0","pmil","0","55.500","deg","20.000","°C","100.000","%a.s.","22.500","deg","20.000","°C","1013.000","hPa","0.861","-0.02056","0.00035","-0.00011","0","14.7","Humid","26.25","0","52.00","343116.65","SABD0000000001","AAV1.0.0.11","2.0.0.28","PSt7-10","000000-000","10/20/2017 9:36:39 AM","0000-00","0","no battery","V"
"10/20/2017","13:04:40","5","default","957498349","OXY5","115.035","min","155.035","μmol/L","Humid","21.187","deg","90845","µV","35.940","°C","1018.000","hPa","37.0","pmil","0","55.500","deg","20.000","°C","100.000","%a.s.","22.500","deg","20.000","°C","1013.000","hPa","0.861","-0.02056","0.00035","-0.00011","0","14.7","Humid","26.25","0","52.00","343121.46","SABD0000000001","AAV1.0.0.11","2.0.0.28","PSt7-10","000000-000","10/20/2017 9:36:39 AM","0000-00","0","no battery","V"
"10/20/2017","13:04:41","5","default","957498349","OXY5","115.052","min","155.053","μmol/L","Humid","21.192","deg","90850","µV","35.927","°C","1019.000","hPa","37.0","pmil","0","55.500","deg","20.000","°C","100.000","%a.s.","22.500","deg","20.000","°C","1013.000","hPa","0.861","-0.02056","0.00035","-0.00011","0","14.7","Humid","26.25","0","52.00","343130.48","SABD0000000001","AAV1.0.0.11","2.0.0.28","PSt7-10","000000-000","10/20/2017 9:36:39 AM","0000-00","0","no battery","V"
"10/20/2017","13:04:42","5","default","957498349","OXY5","115.068","min","155.179","μmol/L","Humid","21.192","deg","90842","µV","35.906","°C","1019.000","hPa","37.0","pmil","0","55.500","deg","20.000","°C","100.000","%a.s.","22.500","deg","20.000","°C","1013.000","hPa","0.861","-0.02056","0.00035","-0.00011","0","14.7","Humid","26.25","0","52.00","343113.10","SABD0000000001","AAV1.0.0.11","2.0.0.28","PSt7-10","000000-000","10/20/2017 9:36:39 AM","0000-00","0","no battery","V"
"10/20/2017","13:04:43","5","default","957498349","OXY5","115.085","min","155.138","μmol/L","Humid","21.191","deg","90845","µV","35.914","°C","1018.000","hPa","37.0","pmil","0","55.500","deg","20.000","°C","100.000","%a.s.","22.500","deg","20.000","°C","1013.000","hPa","0.861","-0.02056","0.00035","-0.00011","0","14.7","Humid","26.25","0","52.00","343119.66","SABD0000000001","AAV1.0.0.11","2.0.0.28","PSt7-10","000000-000","10/20/2017 9:36:39 AM","0000-00","0","no battery","V"
"10/20/2017","13:04:44","5","default","957498349","OXY5","115.102","min","155.036","μmol/L","Humid","21.193","deg","90840","µV","35.926","°C","1018.000","hPa","37.0","pmil","0","55.500","deg","20.000","°C","100.000","%a.s.","22.500","deg","20.000","°C","1013.000","hPa","0.861","-0.02056","0.00035","-0.00011","0","14.7","Humid","26.25","0","52.00","343117.12","SABD0000000001","AAV1.0.0.11","2.0.0.28","PSt7-10","000000-000","10/20/2017 9:36:39 AM","0000-00","0","no battery","V"
"10/20/2017","13:04:45","5","default","957498349","OXY5","115.118","min","155.083","μmol/L","Humid","21.189","deg","90840","µV","35.929","°C","1019.000","hPa","37.0","pmil","0","55.500","deg","20.000","°C","100.000","%a.s.","22.500","deg","20.000","°C","1013.000","hPa","0.861","-0.02056","0.00035","-0.00011","0","14.7","Humid","26.25","0","52.00","343099.60","SABD0000000001","AAV1.0.0.11","2.0.0.28","PSt7-10","000000-000","10/20/2017 9:36:39 AM","0000-00","0","no battery","V"
"10/20/2017","13:04:46","5","default","957498349","OXY5","115.135","min","154.962","μmol/L","Humid","21.193","deg","90841","µV","35.940","°C","1019.000","hPa","37.0","pmil","0","55.500","deg","20.000","°C","100.000","%a.s.","22.500","deg","20.000","°C","1013.000","hPa","0.861","-0.02056","0.00035","-0.00011","0","14.7","Humid","26.25","0","52.00","343108.07","SABD0000000001","AAV1.0.0.11","2.0.0.28","PSt7-10","000000-000","10/20/2017 9:36:39 AM","0000-00","0","no battery","V"
"10/20/2017","13:04:47","5","default","957498349","OXY5","115.152","min","155.061","μmol/L","Humid","21.194","deg","90848","µV","35.921","°C","1019.000","hPa","37.0","pmil","0","55.500","deg","20.000","°C","100.000","%a.s.","22.500","deg","20.000","°C","1013.000","hPa","0.861","-0.02056","0.00035","-0.00011","0","14.7","Humid","26.25","0","52.00","343122.16","SABD0000000001","AAV1.0.0.11","2.0.0.28","PSt7-10","000000-000","10/20/2017 9:36:39 AM","0000-00","0","no battery","V"
"10/20/2017","13:04:48","5","default","957498349","OXY5","115.168","min","155.198","μmol/L","Humid","21.188","deg","90848","µV","35.912","°C","1019.000","hPa","37.0","pmil","0","55.500","deg","20.000","°C","100.000","%a.s.","22.500","deg","20.000","°C","1013.000","hPa","0.861","-0.02056","0.00035","-0.00011","0","14.7","Humid","26.25","0","52.00","343112.76","SABD0000000001","AAV1.0.0.11","2.0.0.28","PSt7-10","000000-000","10/20/2017 9:36:39 AM","0000-00","0","no battery","V"
"10/20/2017","13:04:49","5","default","957498349","OXY5","115.185","min","155.107","μmol/L","Humid","21.195","deg","90840","µV","35.911","°C","1019.000","hPa","37.0","pmil","0","55.500","deg","20.000","°C","100.000","%a.s.","22.500","deg","20.000","°C","1013.000","hPa","0.861","-0.02056","0.00035","-0.00011","0","14.7","Humid","26.25","0","52.00","343112.38","SABD0000000001","AAV1.0.0.11","2.0.0.28","PSt7-10","000000-000","10/20/2017 9:36:39 AM","0000-00","0","no battery","V"
"10/20/2017","13:04:50","5","default","957498349","OXY5","115.202","min","155.011","μmol/L","Humid","21.191","deg","90841","µV","35.937","°C","1019.000","hPa","37.0","pmil","0","55.500","deg","20.000","°C","100.000","%a.s.","22.500","deg","20.000","°C","1013.000","hPa","0.861","-0.02056","0.00035","-0.00011","0","14.7","Humid","26.25","0","52.00","343112.67","SABD0000000001","AAV1.0.0.11","2.0.0.28","PSt7-10","000000-000","10/20/2017 9:36:39 AM","0000-00","0","no battery","V"
"10/20/2017","13:04:51","5","default","957498349","OXY5","115.218","min","155.052","μmol/L","Humid","21.195","deg","90845","µV","35.919","°C","1018.000","hPa","37.0","pmil","0","55.500","deg","20.000","°C","100.000","%a.s.","22.500","deg","20.000","°C","1013.000","hPa","0.861","-0.02056","0.00035","-0.00011","0","14.7","Humid","26.25","0","52.00","343118.45","SABD0000000001","AAV1.0.0.11","2.0.0.28","PSt7-10","000000-000","10/20/2017 9:36:39 AM","0000-00","0","no battery","V"
"10/20/2017","13:04:52","5","default","957498349","OXY5","115.235","min","155.114","μmol/L","Humid","21.192","deg","90835","µV","35.915","°C","1018.000","hPa","37.0","pmil","0","55.500","deg","20.000","°C","100.000","%a.s.","22.500","deg","20.000","°C","1013.000","hPa","0.861","-0.02056","0.00035","-0.00011","0","14.7","Humid","26.25","0","52.00","343109.24","SABD0000000001","AAV1.0.0.11","2.0.0.28","PSt7-10","000000-000","10/20/2017 9:36:39 AM","0000-00","0","no battery","V"
"10/20/2017","13:04:53","5","default","957498349","OXY5","115.251","min","155.030","μmol/L","Humid","21.193","deg","90851","µV","35.927","°C","1018.000","hPa","37.0","pmil","0","55.500","deg","20.000","°C","100.000","%a.s.","22.500","deg","20.000","°C","1013.000","hPa","0.861","-0.02056","0.00035","-0.00011","0","14.7","Humid","26.25","0","52.00","343118.08","SABD0000000001","AAV1.0.0.11","2.0.0.28","PSt7-10","000000-000","10/20/2017 9:36:39 AM","0000-00","0","no battery","V"
"10/20/2017","13:04:54","5","default","957498349","OXY5","115.268","min","154.983","μmol/L","Humid","21.193","deg","90847","µV","35.937","°C","1019.000","hPa","37.0","pmil","0","55.500","deg","20.000","°C","100.000","%a.s.","22.500","deg","20.000","°C","1013.000","hPa","0.861","-0.02056","0.00035","-0.00011","0","14.7","Humid","26.25","0","52.00","343110.35","SABD0000000001","AAV1.0.0.11","2.0.0.28","PSt7-10","000000-000","10/20/2017 9:36:39 AM","0000-00","0","no battery","V"
"10/20/2017","13:04:55","5","default","957498349","OXY5","115.284","min","154.980","μmol/L","Humid","21.196","deg","90839","µV","35.930","°C","1019.000","hPa","37.0","pmil","0","55.500","deg","20.000","°C","100.000","%a.s.","22.500","deg","20.000","°C","1013.000","hPa","0.861","-0.02056","0.00035","-0.00011","0","14.7","Humid","26.25","0","52.00","343103.15","SABD0000000001","AAV1.0.0.11","2.0.0.28","PSt7-10","000000-000","10/20/2017 9:36:39 AM","0000-00","0","no battery","V"
"10/20/2017","13:04:56","5","default","957498349","OXY5","115.301","min","155.069","μmol/L","Humid","21.196","deg","90838","µV","35.914","°C","1018.000","hPa","37.0","pmil","0","55.500","deg","20.000","°C","100.000","%a.s.","22.500","deg","20.000","°C","1013.000","hPa","0.861","-0.02056","0.00035","-0.00011","0","14.7","Humid","26.25","0","52.00","343103.91","SABD0000000001","AAV1.0.0.11","2.0.0.28","PSt7-10","000000-000","10/20/2017 9:36:39 AM","0000-00","0","no battery","V"
"10/20/2017","13:04:57","5","default","957498349","OXY5","115.318","min","154.990","μmol/L","Humid","21.195","deg","90839","µV","35.931","°C","1019.000","hPa","37.0","pmil","0","55.500","deg","20.000","°C","100.000","%a.s.","22.500","deg","20.000","°C","1013.000","hPa","0.861","-0.02056","0.00035","-0.00011","0","14.7","Humid","26.25","0","52.00","343095.19","SABD0000000001","AAV1.0.0.11","2.0.0.28","PSt7-10","000000-000","10/20/2017 9:36:39 AM","0000-00","0","no battery","V"
"10/20/2017","13:04:58","5","default","957498349","OXY5","115.334","min","154.976","μmol/L","Humid","21.193","deg","90836","µV","35.936","°C","1018.000","hPa","37.0","pmil","0","55.500","deg","20.000","°C","100.000","%a.s.","22.500","deg","20.000","°C","1013.000","hPa","0.861","-0.02056","0.00035","-0.00011","0","14.7","Humid","26.25","0","52.00","343113.87","SABD0000000001","AAV1.0.0.11","2.0.0.28","PSt7-10","000000-000","10/20/2017 9:36:39 AM","0000-00","0","no battery","V"
"10/20/2017","13:04:59","5","default","957498349","OXY5","115.351","min","155.093","μmol/L","Humid","21.193","deg","90845","µV","35.918","°C","1019.000","hPa","37.0","pmil","0","55.500","deg","20.000","°C","100.000","%a.s.","22.500","deg","20.000","°C","1013.000","hPa","0.861","-0.02056","0.00035","-0.00011","0","14.7","Humid","26.25","0","52.00","343120.72","SABD0000000001","AAV1.0.0.11","2.0.0.28","PSt7-10","000000-000","10/20/2017 9:36:39 AM","0000-00","0","no battery","V"
"10/20/2017","13:05:00","5","default","957498349","OXY5","115.368","min","155.009","μmol/L","Humid","21.198","deg","90847","µV","35.921","°C","1019.000","hPa","37.0","pmil","0","55.500","deg","20.000","°C","100.000","%a.s.","22.500","deg","20.000","°C","1013.000","hPa","0.861","-0.02056","0.00035","-0.00011","0","14.7","Humid","26.25","0","52.00","343114.27","SABD0000000001","AAV1.0.0.11","2.0.0.28","PSt7-10","000000-000","10/20/2017 9:36:39 AM","0000-00","0","no battery","V"
"10/20/2017","13:05:01","5","default","957498349","OXY5","115.384","min","155.094","μmol/L","Humid","21.193","deg","90844","µV","35.916","°C","1018.000","hPa","37.0","pmil","0","55.500","deg","20.000","°C","100.000","%a.s.","22.500","deg","20.000","°C","1013.000","hPa","0.861","-0.02056","0.00035","-0.00011","0","14.7","Humid","26.25","0","52.00","343117.57","SABD0000000001","AAV1.0.0.11","2.0.0.28","PSt7-10","000000-000","10/20/2017 9:36:39 AM","0000-00","0","no battery","V"
"10/20/2017","13:05:02","5","default","957498349","OXY5","115.401","min","155.180","μmol/L","Humid","21.192","deg","90846","µV","35.904","°C","1018.000","hPa","37.0","pmil","0","55.500","deg","20.000","°C","100.000","%a.s.","22.500","deg","20.000","°C","1013.000","hPa","0.861","-0.02056","0.00035","-0.00011","0","14.7","Humid","26.25","0","52.00","343119.79","SABD0000000001","AAV1.0.0.11","2.0.0.28","PSt7-10","000000-000","10/20/2017 9:36:39 AM","0000-00","0","no battery","V"
"10/20/2017","13:05:03","5","default","957498349","OXY5","115.418","min","154.957","μmol/L","Humid","21.194","deg","90846","µV","35.937","°C","1018.000","hPa","37.0","pmil","0","55.500","deg","20.000","°C","100.000","%a.s.","22.500","deg","20.000","°C","1013.000","hPa","0.861","-0.02056","0.00035","-0.00011","0","14.7","Humid","26.25","0","52.00","343099.73","SABD0000000001","AAV1.0.0.11","2.0.0.28","PSt7-10","000000-000","10/20/2017 9:36:39 AM","0000-00","0","no battery","V"
"10/20/2017","13:05:04","5","default","957498349","OXY5","115.435","min","155.042","μmol/L","Humid","21.196","deg","90842","µV","35.918","°C","1018.000","hPa","37.0","pmil","0","55.500","deg","20.000","°C","100.000","%a.s.","22.500","deg","20.000","°C","1013.000","hPa","0.861","-0.02056","0.00035","-0.00011","0","14.7","Humid","26.25","0","52.00","343100.66","SABD0000000001","AAV1.0.0.11","2.0.0.28","PSt7-10","000000-000","10/20/2017 9:36:39 AM","0000-00","0","no battery","V"
"10/20/2017","13:05:05","5","default","957498349","OXY5","115.451","min","155.030","μmol/L","Humid","21.194","deg","90842","µV","35.926","°C","1019.000","hPa","37.0","pmil","0","55.500","deg","20.000","°C","100.000","%a.s.","22.500","deg","20.000","°C","1013.000","hPa","0.861","-0.02056","0.00035","-0.00011","0","14.7","Humid","26.25","0","52.00","343103.09","SABD0000000001","AAV1.0.0.11","2.0.0.28","PSt7-10","000000-000","10/20/2017 9:36:39 AM","0000-00","0","no battery","V"
"10/20/2017","13:05:06","5","default","957498349","OXY5","115.468","min","154.999","μmol/L","Humid","21.195","deg","90843","µV","35.929","°C","1019.000","hPa","37.0","pmil","0","55.500","deg","20.000","°C","100.000","%a.s.","22.500","deg","20.000","°C","1013.000","hPa","0.861","-0.02056","0.00035","-0.00011","0","14.7","Humid","26.25","0","52.00","343092.17","SABD0000000001","AAV1.0.0.11","2.0.0.28","PSt7-10","000000-000","10/20/2017 9:36:39 AM","0000-00","0","no battery","V"
"10/20/2017","13:05:07","5","default","957498349","OXY5","115.485","min","155.007","μmol/L","Humid","21.195","deg","90832","µV","35.926","°C","1018.000","hPa","37.0","pmil","0","55.500","deg","20.000","°C","100.000","%a.s.","22.500","deg","20.000","°C","1013.000","hPa","0.861","-0.02056","0.00035","-0.00011","0","14.7","Humid","26.25","0","52.00","343104.48","SABD0000000001","AAV1.0.0.11","2.0.0.28","PSt7-10","000000-000","10/20/2017 9:36:39 AM","0000-00","0","no battery","V"
"10/20/2017","13:05:08","5","default","957498349","OXY5","115.501","min","155.068","μmol/L","Humid","21.190","deg","90844","µV","35.928","°C","1018.000","hPa","37.0","pmil","0","55.500","deg","20.000","°C","100.000","%a.s.","22.500","deg","20.000","°C","1013.000","hPa","0.861","-0.02056","0.00035","-0.00011","0","14.7","Humid","26.25","0","52.00","343095.07","SABD0000000001","AAV1.0.0.11","2.0.0.28","PSt7-10","000000-000","10/20/2017 9:36:39 AM","0000-00","0","no battery","V"
"10/20/2017","13:05:09","5","default","957498349","OXY5","115.518","min","155.138","μmol/L","Humid","21.190","deg","90843","µV","35.917","°C","1019.000","hPa","37.0","pmil","0","55.500","deg","20.000","°C","100.000","%a.s.","22.500","deg","20.000","°C","1013.000","hPa","0.861","-0.02056","0.00035","-0.00011","0","14.7","Humid","26.25","0","52.00","343092.75","SABD0000000001","AAV1.0.0.11","2.0.0.28","PSt7-10","000000-000","10/20/2017 9:36:39 AM","0000-00","0","no battery","V"
"10/20/2017","13:05:10","5","default","957498349","OXY5","115.535","min","155.098","μmol/L","Humid","21.194","deg","90840","µV","35.915","°C","1019.000","hPa","37.0","pmil","0","55.500","deg","20.000","°C","100.000","%a.s.","22.500","deg","20.000","°C","1013.000","hPa","0.861","-0.02056","0.00035","-0.00011","0","14.7","Humid","26.25","0","52.00","343093.50","SABD0000000001","AAV1.0.0.11","2.0.0.28","PSt7-10","000000-000","10/20/2017 9:36:39 AM","0000-00","0","no battery","V"
"10/20/2017","13:05:11","5","default","957498349","OXY5","115.551","min","155.088","μmol/L","Humid","21.192","deg","90838","µV","35.920","°C","1018.000","hPa","37.0","pmil","0","55.500","deg","20.000","°C","100.000","%a.s.","22.500","deg","20.000","°C","1013.000","hPa","0.861","-0.02056","0.00035","-0.00011","0","14.7","Humid","26.25","0","52.00","343086.01","SABD0000000001","AAV1.0.0.11","2.0.0.28","PSt7-10","000000-000","10/20/2017 9:36:39 AM","0000-00","0","no battery","V"
"10/20/2017","13:05:12","5","default","957498349","OXY5","115.568","min","155.066","μmol/L","Humid","21.194","deg","90851","µV","35.919","°C","1018.000","hPa","37.0","pmil","0","55.500","deg","20.000","°C","100.000","%a.s.","22.500","deg","20.000","°C","1013.000","hPa","0.861","-0.02056","0.00035","-0.00011","0","14.7","Humid","26.25","0","52.00","343107.38","SABD0000000001","AAV1.0.0.11","2.0.0.28","PSt7-10","000000-000","10/20/2017 9:36:39 AM","0000-00","0","no battery","V"
"10/20/2017","13:05:13","5","default","957498349","OXY5","115.585","min","155.003","μmol/L","Humid","21.193","deg","90839","µV","35.932","°C","1018.000","hPa","37.0","pmil","0","55.500","deg","20.000","°C","100.000","%a.s.","22.500","deg","20.000","°C","1013.000","hPa","0.861","-0.02056","0.00035","-0.00011","0","14.7","Humid","26.25","0","52.00","343098.31","SABD0000000001","AAV1.0.0.11","2.0.0.28","PSt7-10","000000-000","10/20/2017 9:36:39 AM","0000-00","0","no battery","V"
"10/20/2017","13:05:14","5","default","957498349","OXY5","115.601","min","154.975","μmol/L","Humid","21.192","deg","90841","µV","35.939","°C","1018.000","hPa","37.0","pmil","0","55.500","deg","20.000","°C","100.000","%a.s.","22.500","deg","20.000","°C","1013.000","hPa","0.861","-0.02056","0.00035","-0.00011","0","14.7","Humid","26.25","0","52.00","343104.77","SABD0000000001","AAV1.0.0.11","2.0.0.28","PSt7-10","000000-000","10/20/2017 9:36:39 AM","0000-00","0","no battery","V"
"10/20/2017","13:05:15","5","default","957498349","OXY5","115.618","min","155.030","μmol/L","Humid","21.191","deg","90846","µV","35.932","°C","1018.000","hPa","37.0","pmil","0","55.500","deg","20.000","°C","100.000","%a.s.","22.500","deg","20.000","°C","1013.000","hPa","0.861","-0.02056","0.00035","-0.00011","0","14.7","Humid","26.25","0","52.00","343100.72","SABD0000000001","AAV1.0.0.11","2.0.0.28","PSt7-10","000000-000","10/20/2017 9:36:39 AM","0000-00","0","no battery","V"
"10/20/2017","13:05:16","5","default","957498349","OXY5","115.635","min","155.063","μmol/L","Humid","21.195","deg","90845","µV","35.918","°C","1019.000","hPa","37.0","pmil","0","55.500","deg","20.000","°C","100.000","%a.s.","22.500","deg","20.000","°C","1013.000","hPa","0.861","-0.02056","0.00035","-0.00011","0","14.7","Humid","26.25","0","52.00","343086.36","SABD0000000001","AAV1.0.0.11","2.0.0.28","PSt7-10","000000-000","10/20/2017 9:36:39 AM","0000-00","0","no battery","V"
"10/20/2017","13:05:17","5","default","957498349","OXY5","115.651","min","155.046","μmol/L","Humid","21.193","deg","90841","µV","35.925","°C","1018.000","hPa","37.0","pmil","0","55.500","deg","20.000","°C","100.000","%a.s.","22.500","deg","20.000","°C","1013.000","hPa","0.861","-0.02056","0.00035","-0.00011","0","14.7","Humid","26.25","0","52.00","343083.58","SABD0000000001","AAV1.0.0.11","2.0.0.28","PSt7-10","000000-000","10/20/2017 9:36:39 AM","0000-00","0","no battery","V"
"10/20/2017","13:05:18","5","default","957498349","OXY5","115.668","min","155.025","μmol/L","Humid","21.196","deg","90840","µV","35.921","°C","1018.000","hPa","37.0","pmil","0","55.500","deg","20.000","°C","100.000","%a.s.","22.500","deg","20.000","°C","1013.000","hPa","0.861","-0.02056","0.00035","-0.00011","0","14.7","Humid","26.25","0","52.00","343085.55","SABD0000000001","AAV1.0.0.11","2.0.0.28","PSt7-10","000000-000","10/20/2017 9:36:39 AM","0000-00","0","no battery","V"
"10/20/2017","13:05:19","5","default","957498349","OXY5","115.685","min","155.076","μmol/L","Humid","21.189","deg","90842","µV","35.930","°C","1019.000","hPa","37.0","pmil","0","55.500","deg","20.000","°C","100.000","%a.s.","22.500","deg","20.000","°C","1013.000","hPa","0.861","-0.02056","0.00035","-0.00011","0","14.7","Humid","26.25","0","52.00","343084.40","SABD0000000001","AAV1.0.0.11","2.0.0.28","PSt7-10","000000-000","10/20/2017 9:36:39 AM","0000-00","0","no battery","V"
"10/20/2017","13:05:20","5","default","957498349","OXY5","115.702","min","155.184","μmol/L","Humid","21.191","deg","90853","µV","35.906","°C","1018.000","hPa","37.0","pmil","0","55.500","deg","20.000","°C","100.000","%a.s.","22.500","deg","20.000","°C","1013.000","hPa","0.861","-0.02056","0.00035","-0.00011","0","14.7","Humid","26.25","0","52.00","343073.85","SABD0000000001","AAV1.0.0.11","2.0.0.28","PSt7-10","000000-000","10/20/2017 9:36:39 AM","0000-00","0","no battery","V"
"10/20/2017","13:05:21","5","default","957498349","OXY5","115.718","min","155.063","μmol/L","Humid","21.189","deg","90833","µV","35.933","°C","1019.000","hPa","37.0","pmil","0","55.500","deg","20.000","°C","100.000","%a.s.","22.500","deg","20.000","°C","1013.000","hPa","0.861","-0.02056","0.00035","-0.00011","0","14.7","Humid","26.25","0","52.00","343090.16","SABD0000000001","AAV1.0.0.11","2.0.0.28","PSt7-10","000000-000","10/20/2017 9:36:39 AM","0000-00","0","no battery","V"
"10/20/2017","13:05:22","5","default","957498349","OXY5","115.735","min","154.959","μmol/L","Humid","21.196","deg","90847","µV","35.934","°C","1019.000","hPa","37.0","pmil","0","55.500","deg","20.000","°C","100.000","%a.s.","22.500","deg","20.000","°C","1013.000","hPa","0.861","-0.02056","0.00035","-0.00011","0","14.7","Humid","26.25","0","52.00","343075.12","SABD0000000001","AAV1.0.0.11","2.0.0.28","PSt7-10","000000-000","10/20/2017 9:36:39 AM","0000-00","0","no battery","V"
"10/20/2017","13:05:23","5","default","957498349","OXY5","115.752","min","155.021","μmol/L","Humid","21.193","deg","90835","µV","35.930","°C","1019.000","hPa","37.0","pmil","0","55.500","deg","20.000","°C","100.000","%a.s.","22.500","deg","20.000","°C","1013.000","hPa","0.861","-0.02056","0.00035","-0.00011","0","14.7","Humid","26.25","0","52.00","343083.70","SABD0000000001","AAV1.0.0.11","2.0.0.28","PSt7-10","000000-000","10/20/2017 9:36:39 AM","0000-00","0","no battery","V"
"10/20/2017","13:05:24","5","default","957498349","OXY5","115.768","min","154.909","μmol/L","Humid","21.195","deg","90845","µV","35.945","°C","1019.000","hPa","37.0","pmil","0","55.500","deg","20.000","°C","100.000","%a.s.","22.500","deg","20.000","°C","1013.000","hPa","0.861","-0.02056","0.00035","-0.00011","0","14.7","Humid","26.25","0","52.00","343087.19","SABD0000000001","AAV1.0.0.11","2.0.0.28","PSt7-10","000000-000","10/20/2017 9:36:39 AM","0000-00","0","no battery","V"
"10/20/2017","13:05:25","5","default","957498349","OXY5","115.785","min","155.046","μmol/L","Humid","21.193","deg","90846","µV","35.925","°C","1018.000","hPa","37.0","pmil","0","55.500","deg","20.000","°C","100.000","%a.s.","22.500","deg","20.000","°C","1013.000","hPa","0.861","-0.02056","0.00035","-0.00011","0","14.7","Humid","26.25","0","52.00","343090.71","SABD0000000001","AAV1.0.0.11","2.0.0.28","PSt7-10","000000-000","10/20/2017 9:36:39 AM","0000-00","0","no battery","V"
"10/20/2017","13:05:26","5","default","957498349","OXY5","115.802","min","155.020","μmol/L","Humid","21.193","deg","90841","µV","35.929","°C","1018.000","hPa","37.0","pmil","0","55.500","deg","20.000","°C","100.000","%a.s.","22.500","deg","20.000","°C","1013.000","hPa","0.861","-0.02056","0.00035","-0.00011","0","14.7","Humid","26.25","0","52.00","343074.08","SABD0000000001","AAV1.0.0.11","2.0.0.28","PSt7-10","000000-000","10/20/2017 9:36:39 AM","0000-00","0","no battery","V"
"10/20/2017","13:05:27","5","default","957498349","OXY5","115.818","min","155.015","μmol/L","Humid","21.189","deg","90838","µV","35.939","°C","1018.000","hPa","37.0","pmil","0","55.500","deg","20.000","°C","100.000","%a.s.","22.500","deg","20.000","°C","1013.000","hPa","0.861","-0.02056","0.00035","-0.00011","0","14.7","Humid","26.25","0","52.00","343076.44","SABD0000000001","AAV1.0.0.11","2.0.0.28","PSt7-10","000000-000","10/20/2017 9:36:39 AM","0000-00","0","no battery","V"
"10/20/2017","13:05:28","5","default","957498349","OXY5","115.835","min","154.982","μmol/L","Humid","21.191","deg","90845","µV","35.942","°C","1019.000","hPa","37.0","pmil","0","55.500","deg","20.000","°C","100.000","%a.s.","22.500","deg","20.000","°C","1013.000","hPa","0.861","-0.02056","0.00035","-0.00011","0","14.7","Humid","26.25","0","52.00","343077.89","SABD0000000001","AAV1.0.0.11","2.0.0.28","PSt7-10","000000-000","10/20/2017 9:36:39 AM","0000-00","0","no battery","V"
"10/20/2017","13:05:29","5","default","957498349","OXY5","115.852","min","155.049","μmol/L","Humid","21.191","deg","90836","µV","35.929","°C","1018.000","hPa","37.0","pmil","0","55.500","deg","20.000","°C","100.000","%a.s.","22.500","deg","20.000","°C","1013.000","hPa","0.861","-0.02056","0.00035","-0.00011","0","14.7","Humid","26.25","0","52.00","343075.66","SABD0000000001","AAV1.0.0.11","2.0.0.28","PSt7-10","000000-000","10/20/2017 9:36:39 AM","0000-00","0","no battery","V"
"10/20/2017","13:05:30","5","default","957498349","OXY5","115.868","min","155.095","μmol/L","Humid","21.192","deg","90837","µV","35.918","°C","1018.000","hPa","37.0","pmil","0","55.500","deg","20.000","°C","100.000","%a.s.","22.500","deg","20.000","°C","1013.000","hPa","0.861","-0.02056","0.00035","-0.00011","0","14.7","Humid","26.25","0","52.00","343082.61","SABD0000000001","AAV1.0.0.11","2.0.0.28","PSt7-10","000000-000","10/20/2017 9:36:39 AM","0000-00","0","no battery","V"
"10/20/2017","13:05:31","5","default","957498349","OXY5","115.885","min","155.123","μmol/L","Humid","21.191","deg","90841","µV","35.916","°C","1018.000","hPa","37.0","pmil","0","55.500","deg","20.000","°C","100.000","%a.s.","22.500","deg","20.000","°C","1013.000","hPa","0.861","-0.02056","0.00035","-0.00011","0","14.7","Humid","26.25","0","52.00","343095.61","SABD0000000001","AAV1.0.0.11","2.0.0.28","PSt7-10","000000-000","10/20/2017 9:36:39 AM","0000-00","0","no battery","V"
"10/20/2017","13:05:32","5","default","957498349","OXY5","115.902","min","155.001","μmol/L","Humid","21.193","deg","90843","µV","35.932","°C","1018.000","hPa","37.0","pmil","0","55.500","deg","20.000","°C","100.000","%a.s.","22.500","deg","20.000","°C","1013.000","hPa","0.861","-0.02056","0.00035","-0.00011","0","14.7","Humid","26.25","0","52.00","343086.23","SABD0000000001","AAV1.0.0.11","2.0.0.28","PSt7-10","000000-000","10/20/2017 9:36:39 AM","0000-00","0","no battery","V"
"10/20/2017","13:05:33","5","default","957498349","OXY5","115.918","min","154.977","μmol/L","Humid","21.194","deg","90841","µV","35.934","°C","1018.000","hPa","37.0","pmil","0","55.500","deg","20.000","°C","100.000","%a.s.","22.500","deg","20.000","°C","1013.000","hPa","0.861","-0.02056","0.00035","-0.00011","0","14.7","Humid","26.25","0","52.00","343087.64","SABD0000000001","AAV1.0.0.11","2.0.0.28","PSt7-10","000000-000","10/20/2017 9:36:39 AM","0000-00","0","no battery","V"
"10/20/2017","13:05:34","5","default","957498349","OXY5","115.935","min","155.022","μmol/L","Humid","21.190","deg","90839","µV","35.936","°C","1018.000","hPa","37.0","pmil","0","55.500","deg","20.000","°C","100.000","%a.s.","22.500","deg","20.000","°C","1013.000","hPa","0.861","-0.02056","0.00035","-0.00011","0","14.7","Humid","26.25","0","52.00","343081.91","SABD0000000001","AAV1.0.0.11","2.0.0.28","PSt7-10","000000-000","10/20/2017 9:36:39 AM","0000-00","0","no battery","V"
"10/20/2017","13:05:35","5","default","957498349","OXY5","115.952","min","154.973","μmol/L","Humid","21.193","deg","90848","µV","35.937","°C","1018.000","hPa","37.0","pmil","0","55.500","deg","20.000","°C","100.000","%a.s.","22.500","deg","20.000","°C","1013.000","hPa","0.861","-0.02056","0.00035","-0.00011","0","14.7","Humid","26.25","0","52.00","343079.87","SABD0000000001","AAV1.0.0.11","2.0.0.28","PSt7-10","000000-000","10/20/2017 9:36:39 AM","0000-00","0","no battery","V"
"10/20/2017","13:05:36","5","default","957498349","OXY5","115.968","min","155.106","μmol/L","Humid","21.192","deg","90849","µV","35.917","°C","1018.000","hPa","37.0","pmil","0","55.500","deg","20.000","°C","100.000","%a.s.","22.500","deg","20.000","°C","1013.000","hPa","0.861","-0.02056","0.00035","-0.00011","0","14.7","Humid","26.25","0","52.00","343077.70","SABD0000000001","AAV1.0.0.11","2.0.0.28","PSt7-10","000000-000","10/20/2017 9:36:39 AM","0000-00","0","no battery","V"
"10/20/2017","13:05:37","5","default","957498349","OXY5","115.985","min","155.028","μmol/L","Humid","21.192","deg","90850","µV","35.930","°C","1018.000","hPa","37.0","pmil","0","55.500","deg","20.000","°C","100.000","%a.s.","22.500","deg","20.000","°C","1013.000","hPa","0.861","-0.02056","0.00035","-0.00011","0","14.7","Humid","26.25","0","52.00","343084.78","SABD0000000001","AAV1.0.0.11","2.0.0.28","PSt7-10","000000-000","10/20/2017 9:36:39 AM","0000-00","0","no battery","V"
"10/20/2017","13:05:38","5","default","957498349","OXY5","116.002","min","155.044","μmol/L","Humid","21.191","deg","90845","µV","35.930","°C","1018.000","hPa","37.0","pmil","0","55.500","deg","20.000","°C","100.000","%a.s.","22.500","deg","20.000","°C","1013.000","hPa","0.861","-0.02056","0.00035","-0.00011","0","14.7","Humid","26.25","0","52.00","343076.97","SABD0000000001","AAV1.0.0.11","2.0.0.28","PSt7-10","000000-000","10/20/2017 9:36:39 AM","0000-00","0","no battery","V"
"10/20/2017","13:05:39","5","default","957498349","OXY5","116.018","min","155.019","μmol/L","Humid","21.191","deg","90851","µV","35.934","°C","1018.000","hPa","37.0","pmil","0","55.500","deg","20.000","°C","100.000","%a.s.","22.500","deg","20.000","°C","1013.000","hPa","0.861","-0.02056","0.00035","-0.00011","0","14.7","Humid","26.25","0","52.00","343075.74","SABD0000000001","AAV1.0.0.11","2.0.0.28","PSt7-10","000000-000","10/20/2017 9:36:39 AM","0000-00","0","no battery","V"
"10/20/2017","13:05:40","5","default","957498349","OXY5","116.035","min","155.106","μmol/L","Humid","21.190","deg","90846","µV","35.921","°C","1018.000","hPa","37.0","pmil","0","55.500","deg","20.000","°C","100.000","%a.s.","22.500","deg","20.000","°C","1013.000","hPa","0.861","-0.02056","0.00035","-0.00011","0","14.7","Humid","26.25","0","52.00","343075.40","SABD0000000001","AAV1.0.0.11","2.0.0.28","PSt7-10","000000-000","10/20/2017 9:36:39 AM","0000-00","0","no battery","V"
"10/20/2017","13:05:41","5","default","957498349","OXY5","116.052","min","154.967","μmol/L","Humid","21.196","deg","90847","µV","35.931","°C","1018.000","hPa","37.0","pmil","0","55.500","deg","20.000","°C","100.000","%a.s.","22.500","deg","20.000","°C","1013.000","hPa","0.861","-0.02056","0.00035","-0.00011","0","14.7","Humid","26.25","0","52.00","343080.15","SABD0000000001","AAV1.0.0.11","2.0.0.28","PSt7-10","000000-000","10/20/2017 9:36:39 AM","0000-00","0","no battery","V"
"10/20/2017","13:05:42","5","default","957498349","OXY5","116.068","min","154.998","μmol/L","Humid","21.192","deg","90840","µV","35.935","°C","1018.000","hPa","37.0","pmil","0","55.500","deg","20.000","°C","100.000","%a.s.","22.500","deg","20.000","°C","1013.000","hPa","0.861","-0.02056","0.00035","-0.00011","0","14.7","Humid","26.25","0","52.00","343080.51","SABD0000000001","AAV1.0.0.11","2.0.0.28","PSt7-10","000000-000","10/20/2017 9:36:39 AM","0000-00","0","no battery","V"
"10/20/2017","13:05:43","5","default","957498349","OXY5","116.085","min","155.040","μmol/L","Humid","21.194","deg","90850","µV","35.923","°C","1018.000","hPa","37.0","pmil","0","55.500","deg","20.000","°C","100.000","%a.s.","22.500","deg","20.000","°C","1013.000","hPa","0.861","-0.02056","0.00035","-0.00011","0","14.7","Humid","26.25","0","52.00","343080.63","SABD0000000001","AAV1.0.0.11","2.0.0.28","PSt7-10","000000-000","10/20/2017 9:36:39 AM","0000-00","0","no battery","V"
"10/20/2017","13:05:44","5","default","957498349","OXY5","116.101","min","154.976","μmol/L","Humid","21.196","deg","90850","µV","35.929","°C","1018.000","hPa","37.0","pmil","0","55.500","deg","20.000","°C","100.000","%a.s.","22.500","deg","20.000","°C","1013.000","hPa","0.861","-0.02056","0.00035","-0.00011","0","14.7","Humid","26.25","0","52.00","343071.15","SABD0000000001","AAV1.0.0.11","2.0.0.28","PSt7-10","000000-000","10/20/2017 9:36:39 AM","0000-00","0","no battery","V"
"10/20/2017","13:05:45","5","default","957498349","OXY5","116.118","min","155.132","μmol/L","Humid","21.191","deg","90846","µV","35.916","°C","1019.000","hPa","37.0","pmil","0","55.500","deg","20.000","°C","100.000","%a.s.","22.500","deg","20.000","°C","1013.000","hPa","0.861","-0.02056","0.00035","-0.00011","0","14.7","Humid","26.25","0","52.00","343059.30","SABD0000000001","AAV1.0.0.11","2.0.0.28","PSt7-10","000000-000","10/20/2017 9:36:39 AM","0000-00","0","no battery","V"
"10/20/2017","13:05:46","5","default","957498349","OXY5","116.134","min","155.046","μmol/L","Humid","21.192","deg","90848","µV","35.927","°C","1018.000","hPa","37.0","pmil","0","55.500","deg","20.000","°C","100.000","%a.s.","22.500","deg","20.000","°C","1013.000","hPa","0.861","-0.02056","0.00035","-0.00011","0","14.7","Humid","26.25","0","52.00","343077.78","SABD0000000001","AAV1.0.0.11","2.0.0.28","PSt7-10","000000-000","10/20/2017 9:36:39 AM","0000-00","0","no battery","V"
"10/20/2017","13:05:47","5","default","957498349","OXY5","116.151","min","155.012","μmol/L","Humid","21.196","deg","90841","µV","35.923","°C","1018.000","hPa","37.0","pmil","0","55.500","deg","20.000","°C","100.000","%a.s.","22.500","deg","20.000","°C","1013.000","hPa","0.861","-0.02056","0.00035","-0.00011","0","14.7","Humid","26.25","0","52.00","343079.32","SABD0000000001","AAV1.0.0.11","2.0.0.28","PSt7-10","000000-000","10/20/2017 9:36:39 AM","0000-00","0","no battery","V"
"10/20/2017","13:05:48","5","default","957498349","OXY5","116.168","min","155.020","μmol/L","Humid","21.193","deg","90856","µV","35.929","°C","1018.000","hPa","37.0","pmil","0","55.500","deg","20.000","°C","100.000","%a.s.","22.500","deg","20.000","°C","1013.000","hPa","0.861","-0.02056","0.00035","-0.00011","0","14.7","Humid","26.25","0","52.00","343069.70","SABD0000000001","AAV1.0.0.11","2.0.0.28","PSt7-10","000000-000","10/20/2017 9:36:39 AM","0000-00","0","no battery","V"
"10/20/2017","13:05:49","5","default","957498349","OXY5","116.184","min","155.112","μmol/L","Humid","21.191","deg","90848","µV","35.918","°C","1018.000","hPa","37.0","pmil","0","55.500","deg","20.000","°C","100.000","%a.s.","22.500","deg","20.000","°C","1013.000","hPa","0.861","-0.02056","0.00035","-0.00011","0","14.7","Humid","26.25","0","52.00","343094.49","SABD0000000001","AAV1.0.0.11","2.0.0.28","PSt7-10","000000-000","10/20/2017 9:36:39 AM","0000-00","0","no battery","V"
"10/20/2017","13:05:50","5","default","957498349","OXY5","116.201","min","155.058","μmol/L","Humid","21.195","deg","90850","µV","35.918","°C","1018.000","hPa","37.0","pmil","0","55.500","deg","20.000","°C","100.000","%a.s.","22.500","deg","20.000","°C","1013.000","hPa","0.861","-0.02056","0.00035","-0.00011","0","14.7","Humid","26.25","0","52.00","343084.84","SABD0000000001","AAV1.0.0.11","2.0.0.28","PSt7-10","000000-000","10/20/2017 9:36:39 AM","0000-00","0","no battery","V"
"10/20/2017","13:05:51","5","default","957498349","OXY5","116.218","min","154.889","μmol/L","Humid","21.192","deg","90845","µV","35.953","°C","1018.000","hPa","37.0","pmil","0","55.500","deg","20.000","°C","100.000","%a.s.","22.500","deg","20.000","°C","1013.000","hPa","0.861","-0.02056","0.00035","-0.00011","0","14.7","Humid","26.25","0","52.00","343075.08","SABD0000000001","AAV1.0.0.11","2.0.0.28","PSt7-10","000000-000","10/20/2017 9:36:39 AM","0000-00","0","no battery","V"
"10/20/2017","13:05:52","5","default","957498349","OXY5","116.234","min","154.944","μmol/L","Humid","21.193","deg","90852","µV","35.942","°C","1018.000","hPa","37.0","pmil","0","55.500","deg","20.000","°C","100.000","%a.s.","22.500","deg","20.000","°C","1013.000","hPa","0.861","-0.02056","0.00035","-0.00011","0","14.7","Humid","26.25","0","52.00","343069.94","SABD0000000001","AAV1.0.0.11","2.0.0.28","PSt7-10","000000-000","10/20/2017 9:36:39 AM","0000-00","0","no battery","V"
"10/20/2017","13:05:53","5","default","957498349","OXY5","116.251","min","154.958","μmol/L","Humid","21.198","deg","90843","µV","35.928","°C","1018.000","hPa","37.0","pmil","0","55.500","deg","20.000","°C","100.000","%a.s.","22.500","deg","20.000","°C","1013.000","hPa","0.861","-0.02056","0.00035","-0.00011","0","14.7","Humid","26.25","0","52.00","343079.25","SABD0000000001","AAV1.0.0.11","2.0.0.28","PSt7-10","000000-000","10/20/2017 9:36:39 AM","0000-00","0","no battery","V"
"10/20/2017","13:05:54","5","default","957498349","OXY5","116.268","min","155.112","μmol/L","Humid","21.187","deg","90851","µV","35.928","°C","1018.000","hPa","37.0","pmil","0","55.500","deg","20.000","°C","100.000","%a.s.","22.500","deg","20.000","°C","1013.000","hPa","0.861","-0.02056","0.00035","-0.00011","0","14.7","Humid","26.25","0","52.00","343056.60","SABD0000000001","AAV1.0.0.11","2.0.0.28","PSt7-10","000000-000","10/20/2017 9:36:39 AM","0000-00","0","no battery","V"
"10/20/2017","13:05:55","5","default","957498349","OXY5","116.284","min","155.073","μmol/L","Humid","21.190","deg","90847","µV","35.927","°C","1018.000","hPa","37.0","pmil","0","55.500","deg","20.000","°C","100.000","%a.s.","22.500","deg","20.000","°C","1013.000","hPa","0.861","-0.02056","0.00035","-0.00011","0","14.7","Humid","26.25","0","52.00","343058.70","SABD0000000001","AAV1.0.0.11","2.0.0.28","PSt7-10","000000-000","10/20/2017 9:36:39 AM","0000-00","0","no battery","V"
"10/20/2017","13:05:56","5","default","957498349","OXY5","116.301","min","155.016","μmol/L","Humid","21.191","deg","90841","µV","35.934","°C","1018.000","hPa","37.0","pmil","0","55.500","deg","20.000","°C","100.000","%a.s.","22.500","deg","20.000","°C","1013.000","hPa","0.861","-0.02056","0.00035","-0.00011","0","14.7","Humid","26.25","0","52.00","343072.92","SABD0000000001","AAV1.0.0.11","2.0.0.28","PSt7-10","000000-000","10/20/2017 9:36:39 AM","0000-00","0","no battery","V"
"10/20/2017","13:05:57","5","default","957498349","OXY5","116.318","min","155.007","μmol/L","Humid","21.192","deg","90847","µV","35.933","°C","1018.000","hPa","37.0","pmil","0","55.500","deg","20.000","°C","100.000","%a.s.","22.500","deg","20.000","°C","1013.000","hPa","0.861","-0.02056","0.00035","-0.00011","0","14.7","Humid","26.25","0","52.00","343063.58","SABD0000000001","AAV1.0.0.11","2.0.0.28","PSt7-10","000000-000","10/20/2017 9:36:39 AM","0000-00","0","no battery","V"
"10/20/2017","13:05:58","5","default","957498349","OXY5","116.335","min","155.031","μmol/L","Humid","21.189","deg","90844","µV","35.937","°C","1018.000","hPa","37.0","pmil","0","55.500","deg","20.000","°C","100.000","%a.s.","22.500","deg","20.000","°C","1013.000","hPa","0.861","-0.02056","0.00035","-0.00011","0","14.7","Humid","26.25","0","52.00","343066.84","SABD0000000001","AAV1.0.0.11","2.0.0.28","PSt7-10","000000-000","10/20/2017 9:36:39 AM","0000-00","0","no battery","V"
"10/20/2017","13:05:59","5","default","957498349","OXY5","116.351","min","154.933","μmol/L","Humid","21.198","deg","90842","µV","35.932","°C","1018.000","hPa","37.0","pmil","0","55.500","deg","20.000","°C","100.000","%a.s.","22.500","deg","20.000","°C","1013.000","hPa","0.861","-0.02056","0.00035","-0.00011","0","14.7","Humid","26.25","0","52.00","343062.37","SABD0000000001","AAV1.0.0.11","2.0.0.28","PSt7-10","000000-000","10/20/2017 9:36:39 AM","0000-00","0","no battery","V"
"10/20/2017","13:06:00","5","default","957498349","OXY5","116.368","min","154.927","μmol/L","Humid","21.195","deg","90842","µV","35.942","°C","1019.000","hPa","37.0","pmil","0","55.500","deg","20.000","°C","100.000","%a.s.","22.500","deg","20.000","°C","1013.000","hPa","0.861","-0.02056","0.00035","-0.00011","0","14.7","Humid","26.25","0","52.00","343058.83","SABD0000000001","AAV1.0.0.11","2.0.0.28","PSt7-10","000000-000","10/20/2017 9:36:39 AM","0000-00","0","no battery","V"
"10/20/2017","13:06:01","5","default","957498349","OXY5","116.385","min","154.968","μmol/L","Humid","21.194","deg","90841","µV","35.935","°C","1018.000","hPa","37.0","pmil","0","55.500","deg","20.000","°C","100.000","%a.s.","22.500","deg","20.000","°C","1013.000","hPa","0.861","-0.02056","0.00035","-0.00011","0","14.7","Humid","26.25","0","52.00","343055.20","SABD0000000001","AAV1.0.0.11","2.0.0.28","PSt7-10","000000-000","10/20/2017 9:36:39 AM","0000-00","0","no battery","V"
"10/20/2017","13:06:02","5","default","957498349","OXY5","116.401","min","154.958","μmol/L","Humid","21.193","deg","90839","µV","35.939","°C","1018.000","hPa","37.0","pmil","0","55.500","deg","20.000","°C","100.000","%a.s.","22.500","deg","20.000","°C","1013.000","hPa","0.861","-0.02056","0.00035","-0.00011","0","14.7","Humid","26.25","0","52.00","343062.14","SABD0000000001","AAV1.0.0.11","2.0.0.28","PSt7-10","000000-000","10/20/2017 9:36:39 AM","0000-00","0","no battery","V"
"10/20/2017","13:06:03","5","default","957498349","OXY5","116.418","min","155.027","μmol/L","Humid","21.192","deg","90841","µV","35.930","°C","1018.000","hPa","37.0","pmil","0","55.500","deg","20.000","°C","100.000","%a.s.","22.500","deg","20.000","°C","1013.000","hPa","0.861","-0.02056","0.00035","-0.00011","0","14.7","Humid","26.25","0","52.00","343053.80","SABD0000000001","AAV1.0.0.11","2.0.0.28","PSt7-10","000000-000","10/20/2017 9:36:39 AM","0000-00","0","no battery","V"
"10/20/2017","13:06:04","5","default","957498349","OXY5","116.435","min","155.042","μmol/L","Humid","21.190","deg","90844","µV","35.932","°C","1018.000","hPa","37.0","pmil","0","55.500","deg","20.000","°C","100.000","%a.s.","22.500","deg","20.000","°C","1013.000","hPa","0.861","-0.02056","0.00035","-0.00011","0","14.7","Humid","26.25","0","52.00","343058.10","SABD0000000001","AAV1.0.0.11","2.0.0.28","PSt7-10","000000-000","10/20/2017 9:36:39 AM","0000-00","0","no battery","V"
"10/20/2017","13:06:05","5","default","957498349","OXY5","116.451","min","155.037","μmol/L","Humid","21.194","deg","90845","µV","35.925","°C","1019.000","hPa","37.0","pmil","0","55.500","deg","20.000","°C","100.000","%a.s.","22.500","deg","20.000","°C","1013.000","hPa","0.861","-0.02056","0.00035","-0.00011","0","14.7","Humid","26.25","0","52.00","343049.44","SABD0000000001","AAV1.0.0.11","2.0.0.28","PSt7-10","000000-000","10/20/2017 9:36:39 AM","0000-00","0","no battery","V"
"10/20/2017","13:06:06","5","default","957498349","OXY5","116.468","min","155.012","μmol/L","Humid","21.192","deg","90844","µV","35.933","°C","1018.000","hPa","37.0","pmil","0","55.500","deg","20.000","°C","100.000","%a.s.","22.500","deg","20.000","°C","1013.000","hPa","0.861","-0.02056","0.00035","-0.00011","0","14.7","Humid","26.25","0","52.00","343051.01","SABD0000000001","AAV1.0.0.11","2.0.0.28","PSt7-10","000000-000","10/20/2017 9:36:39 AM","0000-00","0","no battery","V"
"10/20/2017","13:06:07","5","default","957498349","OXY5","116.485","min","155.006","μmol/L","Humid","21.193","deg","90840","µV","35.933","°C","1019.000","hPa","37.0","pmil","0","55.500","deg","20.000","°C","100.000","%a.s.","22.500","deg","20.000","°C","1013.000","hPa","0.861","-0.02056","0.00035","-0.00011","0","14.7","Humid","26.25","0","52.00","343044.35","SABD0000000001","AAV1.0.0.11","2.0.0.28","PSt7-10","000000-000","10/20/2017 9:36:39 AM","0000-00","0","no battery","V"
"10/20/2017","13:06:08","5","default","957498349","OXY5","116.501","min","155.048","μmol/L","Humid","21.194","deg","90842","µV","35.922","°C","1018.000","hPa","37.0","pmil","0","55.500","deg","20.000","°C","100.000","%a.s.","22.500","deg","20.000","°C","1013.000","hPa","0.861","-0.02056","0.00035","-0.00011","0","14.7","Humid","26.25","0","52.00","343044.75","SABD0000000001","AAV1.0.0.11","2.0.0.28","PSt7-10","000000-000","10/20/2017 9:36:39 AM","0000-00","0","no battery","V"
"10/20/2017","13:06:09","5","default","957498349","OXY5","116.518","min","154.951","μmol/L","Humid","21.198","deg","90847","µV","35.929","°C","1018.000","hPa","37.0","pmil","0","55.500","deg","20.000","°C","100.000","%a.s.","22.500","deg","20.000","°C","1013.000","hPa","0.861","-0.02056","0.00035","-0.00011","0","14.7","Humid","26.25","0","52.00","343054.30","SABD0000000001","AAV1.0.0.11","2.0.0.28","PSt7-10","000000-000","10/20/2017 9:36:39 AM","0000-00","0","no battery","V"
"10/20/2017","13:06:10","5","default","957498349","OXY5","116.535","min","154.932","μmol/L","Humid","21.195","deg","90839","µV","35.939","°C","1018.000","hPa","37.0","pmil","0","55.500","deg","20.000","°C","100.000","%a.s.","22.500","deg","20.000","°C","1013.000","hPa","0.861","-0.02056","0.00035","-0.00011","0","14.7","Humid","26.25","0","52.00","343063.89","SABD0000000001","AAV1.0.0.11","2.0.0.28","PSt7-10","000000-000","10/20/2017 9:36:39 AM","0000-00","0","no battery","V"
"10/20/2017","13:06:11","5","default","957498349","OXY5","116.551","min","154.922","μmol/L","Humid","21.196","deg","90839","µV","35.939","°C","1018.000","hPa","37.0","pmil","0","55.500","deg","20.000","°C","100.000","%a.s.","22.500","deg","20.000","°C","1013.000","hPa","0.861","-0.02056","0.00035","-0.00011","0","14.7","Humid","26.25","0","52.00","343044.91","SABD0000000001","AAV1.0.0.11","2.0.0.28","PSt7-10","000000-000","10/20/2017 9:36:39 AM","0000-00","0","no battery","V"
"10/20/2017","13:06:12","5","default","957498349","OXY5","116.568","min","154.990","μmol/L","Humid","21.190","deg","90843","µV","35.941","°C","1018.000","hPa","37.0","pmil","0","55.500","deg","20.000","°C","100.000","%a.s.","22.500","deg","20.000","°C","1013.000","hPa","0.861","-0.02056","0.00035","-0.00011","0","14.7","Humid","26.25","0","52.00","343059.98","SABD0000000001","AAV1.0.0.11","2.0.0.28","PSt7-10","000000-000","10/20/2017 9:36:39 AM","0000-00","0","no battery","V"
"10/20/2017","13:06:13","5","default","957498349","OXY5","116.585","min","154.929","μmol/L","Humid","21.196","deg","90845","µV","35.937","°C","1018.000","hPa","37.0","pmil","0","55.500","deg","20.000","°C","100.000","%a.s.","22.500","deg","20.000","°C","1013.000","hPa","0.861","-0.02056","0.00035","-0.00011","0","14.7","Humid","26.25","0","52.00","343056.14","SABD0000000001","AAV1.0.0.11","2.0.0.28","PSt7-10","000000-000","10/20/2017 9:36:39 AM","0000-00","0","no battery","V"
"10/20/2017","13:06:14","5","default","957498349","OXY5","116.601","min","154.989","μmol/L","Humid","21.192","deg","90843","µV","35.938","°C","1019.000","hPa","37.0","pmil","0","55.500","deg","20.000","°C","100.000","%a.s.","22.500","deg","20.000","°C","1013.000","hPa","0.861","-0.02056","0.00035","-0.00011","0","14.7","Humid","26.25","0","52.00","343046.60","SABD0000000001","AAV1.0.0.11","2.0.0.28","PSt7-10","000000-000","10/20/2017 9:36:39 AM","0000-00","0","no battery","V"
"10/20/2017","13:06:15","5","default","957498349","OXY5","116.618","min","155.027","μmol/L","Humid","21.190","deg","90839","µV","35.935","°C","1018.000","hPa","37.0","pmil","0","55.500","deg","20.000","°C","100.000","%a.s.","22.500","deg","20.000","°C","1013.000","hPa","0.861","-0.02056","0.00035","-0.00011","0","14.7","Humid","26.25","0","52.00","343056.89","SABD0000000001","AAV1.0.0.11","2.0.0.28","PSt7-10","000000-000","10/20/2017 9:36:39 AM","0000-00","0","no battery","V"
"10/20/2017","13:06:16","5","default","957498349","OXY5","116.635","min","155.036","μmol/L","Humid","21.191","deg","90844","µV","35.931","°C","1018.000","hPa","37.0","pmil","0","55.500","deg","20.000","°C","100.000","%a.s.","22.500","deg","20.000","°C","1013.000","hPa","0.861","-0.02056","0.00035","-0.00011","0","14.7","Humid","26.25","0","52.00","343054.95","SABD0000000001","AAV1.0.0.11","2.0.0.28","PSt7-10","000000-000","10/20/2017 9:36:39 AM","0000-00","0","no battery","V"
"10/20/2017","13:06:17","5","default","957498349","OXY5","116.651","min","155.010","μmol/L","Humid","21.192","deg","90839","µV","35.933","°C","1018.000","hPa","37.0","pmil","0","55.500","deg","20.000","°C","100.000","%a.s.","22.500","deg","20.000","°C","1013.000","hPa","0.861","-0.02056","0.00035","-0.00011","0","14.7","Humid","26.25","0","52.00","343055.35","SABD0000000001","AAV1.0.0.11","2.0.0.28","PSt7-10","000000-000","10/20/2017 9:36:39 AM","0000-00","0","no battery","V"
"10/20/2017","13:06:18","5","default","957498349","OXY5","116.668","min","155.084","μmol/L","Humid","21.190","deg","90844","µV","35.925","°C","1018.000","hPa","37.0","pmil","0","55.500","deg","20.000","°C","100.000","%a.s.","22.500","deg","20.000","°C","1013.000","hPa","0.861","-0.02056","0.00035","-0.00011","0","14.7","Humid","26.25","0","52.00","343049.93","SABD0000000001","AAV1.0.0.11","2.0.0.28","PSt7-10","000000-000","10/20/2017 9:36:39 AM","0000-00","0","no battery","V"
"10/20/2017","13:06:19","5","default","957498349","OXY5","116.685","min","154.955","μmol/L","Humid","21.197","deg","90845","µV","35.931","°C","1018.000","hPa","37.0","pmil","0","55.500","deg","20.000","°C","100.000","%a.s.","22.500","deg","20.000","°C","1013.000","hPa","0.861","-0.02056","0.00035","-0.00011","0","14.7","Humid","26.25","0","52.00","343046.27","SABD0000000001","AAV1.0.0.11","2.0.0.28","PSt7-10","000000-000","10/20/2017 9:36:39 AM","0000-00","0","no battery","V"
"10/20/2017","13:06:20","5","default","957498349","OXY5","116.702","min","155.008","μmol/L","Humid","21.194","deg","90843","µV","35.929","°C","1018.000","hPa","37.0","pmil","0","55.500","deg","20.000","°C","100.000","%a.s.","22.500","deg","20.000","°C","1013.000","hPa","0.861","-0.02056","0.00035","-0.00011","0","14.7","Humid","26.25","0","52.00","343051.12","SABD0000000001","AAV1.0.0.11","2.0.0.28","PSt7-10","000000-000","10/20/2017 9:36:39 AM","0000-00","0","no battery","V"
"10/20/2017","13:06:21","5","default","957498349","OXY5","116.718","min","154.967","μmol/L","Humid","21.196","deg","90847","µV","35.931","°C","1018.000","hPa","37.0","pmil","0","55.500","deg","20.000","°C","100.000","%a.s.","22.500","deg","20.000","°C","1013.000","hPa","0.861","-0.02056","0.00035","-0.00011","0","14.7","Humid","26.25","0","52.00","343052.28","SABD0000000001","AAV1.0.0.11","2.0.0.28","PSt7-10","000000-000","10/20/2017 9:36:39 AM","0000-00","0","no battery","V"
"10/20/2017","13:06:22","5","default","957498349","OXY5","116.735","min","155.030","μmol/L","Humid","21.192","deg","90841","µV","35.930","°C","1018.000","hPa","37.0","pmil","0","55.500","deg","20.000","°C","100.000","%a.s.","22.500","deg","20.000","°C","1013.000","hPa","0.861","-0.02056","0.00035","-0.00011","0","14.7","Humid","26.25","0","52.00","343046.36","SABD0000000001","AAV1.0.0.11","2.0.0.28","PSt7-10","000000-000","10/20/2017 9:36:39 AM","0000-00","0","no battery","V"
"10/20/2017","13:06:23","5","default","957498349","OXY5","116.752","min","154.935","μmol/L","Humid","21.194","deg","90846","µV","35.941","°C","1018.000","hPa","37.0","pmil","0","55.500","deg","20.000","°C","100.000","%a.s.","22.500","deg","20.000","°C","1013.000","hPa","0.861","-0.02056","0.00035","-0.00011","0","14.7","Humid","26.25","0","52.00","343051.78","SABD0000000001","AAV1.0.0.11","2.0.0.28","PSt7-10","000000-000","10/20/2017 9:36:39 AM","0000-00","0","no battery","V"
"10/20/2017","13:06:24","5","default","957498349","OXY5","116.768","min","154.905","μmol/L","Humid","21.194","deg","90845","µV","35.946","°C","1018.000","hPa","37.0","pmil","0","55.500","deg","20.000","°C","100.000","%a.s.","22.500","deg","20.000","°C","1013.000","hPa","0.861","-0.02056","0.00035","-0.00011","0","14.7","Humid","26.25","0","52.00","343050.33","SABD0000000001","AAV1.0.0.11","2.0.0.28","PSt7-10","000000-000","10/20/2017 9:36:39 AM","0000-00","0","no battery","V"
"10/20/2017","13:06:25","5","default","957498349","OXY5","116.785","min","154.983","μmol/L","Humid","21.192","deg","90845","µV","35.938","°C","1018.000","hPa","37.0","pmil","0","55.500","deg","20.000","°C","100.000","%a.s.","22.500","deg","20.000","°C","1013.000","hPa","0.861","-0.02056","0.00035","-0.00011","0","14.7","Humid","26.25","0","52.00","343041.90","SABD0000000001","AAV1.0.0.11","2.0.0.28","PSt7-10","000000-000","10/20/2017 9:36:39 AM","0000-00","0","no battery","V"
"10/20/2017","13:06:26","5","default","957498349","OXY5","116.802","min","154.931","μmol/L","Humid","21.198","deg","90840","µV","35.932","°C","1018.000","hPa","37.0","pmil","0","55.500","deg","20.000","°C","100.000","%a.s.","22.500","deg","20.000","°C","1013.000","hPa","0.861","-0.02056","0.00035","-0.00011","0","14.7","Humid","26.25","0","52.00","343055.55","SABD0000000001","AAV1.0.0.11","2.0.0.28","PSt7-10","000000-000","10/20/2017 9:36:39 AM","0000-00","0","no battery","V"
"10/20/2017","13:06:27","5","default","957498349","OXY5","116.818","min","154.970","μmol/L","Humid","21.196","deg","90843","µV","35.930","°C","1018.000","hPa","37.0","pmil","0","55.500","deg","20.000","°C","100.000","%a.s.","22.500","deg","20.000","°C","1013.000","hPa","0.861","-0.02056","0.00035","-0.00011","0","14.7","Humid","26.25","0","52.00","343050.05","SABD0000000001","AAV1.0.0.11","2.0.0.28","PSt7-10","000000-000","10/20/2017 9:36:39 AM","0000-00","0","no battery","V"
"10/20/2017","13:06:28","5","default","957498349","OXY5","116.835","min","154.853","μmol/L","Humid","21.195","deg","90841","µV","35.953","°C","1018.000","hPa","37.0","pmil","0","55.500","deg","20.000","°C","100.000","%a.s.","22.500","deg","20.000","°C","1013.000","hPa","0.861","-0.02056","0.00035","-0.00011","0","14.7","Humid","26.25","0","52.00","343044.51","SABD0000000001","AAV1.0.0.11","2.0.0.28","PSt7-10","000000-000","10/20/2017 9:36:39 AM","0000-00","0","no battery","V"
"10/20/2017","13:06:29","5","default","957498349","OXY5","116.852","min","154.865","μmol/L","Humid","21.197","deg","90845","µV","35.946","°C","1018.000","hPa","37.0","pmil","0","55.500","deg","20.000","°C","100.000","%a.s.","22.500","deg","20.000","°C","1013.000","hPa","0.861","-0.02056","0.00035","-0.00011","0","14.7","Humid","26.25","0","52.00","343046.65","SABD0000000001","AAV1.0.0.11","2.0.0.28","PSt7-10","000000-000","10/20/2017 9:36:39 AM","0000-00","0","no battery","V"
"10/20/2017","13:06:30","5","default","957498349","OXY5","116.868","min","154.899","μmol/L","Humid","21.192","deg","90842","µV","35.952","°C","1018.000","hPa","37.0","pmil","0","55.500","deg","20.000","°C","100.000","%a.s.","22.500","deg","20.000","°C","1013.000","hPa","0.861","-0.02056","0.00035","-0.00011","0","14.7","Humid","26.25","0","52.00","343040.94","SABD0000000001","AAV1.0.0.11","2.0.0.28","PSt7-10","000000-000","10/20/2017 9:36:39 AM","0000-00","0","no battery","V"
"10/20/2017","13:06:31","5","default","957498349","OXY5","116.885","min","154.854","μmol/L","Humid","21.197","deg","90836","µV","35.948","°C","1018.000","hPa","37.0","pmil","0","55.500","deg","20.000","°C","100.000","%a.s.","22.500","deg","20.000","°C","1013.000","hPa","0.861","-0.02056","0.00035","-0.00011","0","14.7","Humid","26.25","0","52.00","343044.61","SABD0000000001","AAV1.0.0.11","2.0.0.28","PSt7-10","000000-000","10/20/2017 9:36:39 AM","0000-00","0","no battery","V"
"10/20/2017","13:06:32","5","default","957498349","OXY5","116.902","min","154.884","μmol/L","Humid","21.196","deg","90845","µV","35.945","°C","1018.000","hPa","37.0","pmil","0","55.500","deg","20.000","°C","100.000","%a.s.","22.500","deg","20.000","°C","1013.000","hPa","0.861","-0.02056","0.00035","-0.00011","0","14.7","Humid","26.25","0","52.00","343043.25","SABD0000000001","AAV1.0.0.11","2.0.0.28","PSt7-10","000000-000","10/20/2017 9:36:39 AM","0000-00","0","no battery","V"
"10/20/2017","13:06:33","5","default","957498349","OXY5","116.918","min","154.895","μmol/L","Humid","21.196","deg","90843","µV","35.943","°C","1018.000","hPa","37.0","pmil","0","55.500","deg","20.000","°C","100.000","%a.s.","22.500","deg","20.000","°C","1013.000","hPa","0.861","-0.02056","0.00035","-0.00011","0","14.7","Humid","26.25","0","52.00","343049.81","SABD0000000001","AAV1.0.0.11","2.0.0.28","PSt7-10","000000-000","10/20/2017 9:36:39 AM","0000-00","0","no battery","V"
"10/20/2017","13:06:34","5","default","957498349","OXY5","116.935","min","154.935","μmol/L","Humid","21.196","deg","90848","µV","35.936","°C","1018.000","hPa","37.0","pmil","0","55.500","deg","20.000","°C","100.000","%a.s.","22.500","deg","20.000","°C","1013.000","hPa","0.861","-0.02056","0.00035","-0.00011","0","14.7","Humid","26.25","0","52.00","343031.23","SABD0000000001","AAV1.0.0.11","2.0.0.28","PSt7-10","000000-000","10/20/2017 9:36:39 AM","0000-00","0","no battery","V"
"10/20/2017","13:06:35","5","default","957498349","OXY5","116.951","min","154.976","μmol/L","Humid","21.195","deg","90839","µV","35.932","°C","1018.000","hPa","37.0","pmil","0","55.500","deg","20.000","°C","100.000","%a.s.","22.500","deg","20.000","°C","1013.000","hPa","0.861","-0.02056","0.00035","-0.00011","0","14.7","Humid","26.25","0","52.00","343028.73","SABD0000000001","AAV1.0.0.11","2.0.0.28","PSt7-10","000000-000","10/20/2017 9:36:39 AM","0000-00","0","no battery","V"
"10/20/2017","13:06:36","5","default","957498349","OXY5","116.968","min","154.968","μmol/L","Humid","21.196","deg","90839","µV","35.931","°C","1018.000","hPa","37.0","pmil","0","55.500","deg","20.000","°C","100.000","%a.s.","22.500","deg","20.000","°C","1013.000","hPa","0.861","-0.02056","0.00035","-0.00011","0","14.7","Humid","26.25","0","52.00","343041.11","SABD0000000001","AAV1.0.0.11","2.0.0.28","PSt7-10","000000-000","10/20/2017 9:36:39 AM","0000-00","0","no battery","V"
"10/20/2017","13:06:37","5","default","957498349","OXY5","116.984","min","154.906","μmol/L","Humid","21.198","deg","90836","µV","35.936","°C","1018.000","hPa","37.0","pmil","0","55.500","deg","20.000","°C","100.000","%a.s.","22.500","deg","20.000","°C","1013.000","hPa","0.861","-0.02056","0.00035","-0.00011","0","14.7","Humid","26.25","0","52.00","343037.73","SABD0000000001","AAV1.0.0.11","2.0.0.28","PSt7-10","000000-000","10/20/2017 9:36:39 AM","0000-00","0","no battery","V"
"10/20/2017","13:06:38","5","default","957498349","OXY5","117.001","min","154.935","μmol/L","Humid","21.191","deg","90845","µV","35.948","°C","1018.000","hPa","37.0","pmil","0","55.500","deg","20.000","°C","100.000","%a.s.","22.500","deg","20.000","°C","1013.000","hPa","0.861","-0.02056","0.00035","-0.00011","0","14.7","Humid","26.25","0","52.00","343032.48","SABD0000000001","AAV1.0.0.11","2.0.0.28","PSt7-10","000000-000","10/20/2017 9:36:39 AM","0000-00","0","no battery","V"
"10/20/2017","13:06:39","5","default","957498349","OXY5","117.018","min","155.091","μmol/L","Humid","21.189","deg","90841","µV","35.926","°C","1018.000","hPa","37.0","pmil","0","55.500","deg","20.000","°C","100.000","%a.s.","22.500","deg","20.000","°C","1013.000","hPa","0.861","-0.02056","0.00035","-0.00011","0","14.7","Humid","26.25","0","52.00","343020.50","SABD0000000001","AAV1.0.0.11","2.0.0.28","PSt7-10","000000-000","10/20/2017 9:36:39 AM","0000-00","0","no battery","V"
"10/20/2017","13:06:40","5","default","957498349","OXY5","117.034","min","155.034","μmol/L","Humid","21.193","deg","90839","µV","35.927","°C","1018.000","hPa","37.0","pmil","0","55.500","deg","20.000","°C","100.000","%a.s.","22.500","deg","20.000","°C","1013.000","hPa","0.861","-0.02056","0.00035","-0.00011","0","14.7","Humid","26.25","0","52.00","343033.16","SABD0000000001","AAV1.0.0.11","2.0.0.28","PSt7-10","000000-000","10/20/2017 9:36:39 AM","0000-00","0","no battery","V"
"10/20/2017","13:06:41","5","default","957498349","OXY5","117.051","min","154.929","μmol/L","Humid","21.193","deg","90842","µV","35.944","°C","1018.000","hPa","37.0","pmil","0","55.500","deg","20.000","°C","100.000","%a.s.","22.500","deg","20.000","°C","1013.000","hPa","0.861","-0.02056","0.00035","-0.00011","0","14.7","Humid","26.25","0","52.00","343034.74","SABD0000000001","AAV1.0.0.11","2.0.0.28","PSt7-10","000000-000","10/20/2017 9:36:39 AM","0000-00","0","no battery","V"
"10/20/2017","13:06:42","5","default","957498349","OXY5","117.068","min","154.947","μmol/L","Humid","21.195","deg","90846","µV","35.937","°C","1018.000","hPa","37.0","pmil","0","55.500","deg","20.000","°C","100.000","%a.s.","22.500","deg","20.000","°C","1013.000","hPa","0.861","-0.02056","0.00035","-0.00011","0","14.7","Humid","26.25","0","52.00","343033.33","SABD0000000001","AAV1.0.0.11","2.0.0.28","PSt7-10","000000-000","10/20/2017 9:36:39 AM","0000-00","0","no battery","V"
"10/20/2017","13:06:43","5","default","957498349","OXY5","117.084","min","154.945","μmol/L","Humid","21.195","deg","90840","µV","35.937","°C","1018.000","hPa","37.0","pmil","0","55.500","deg","20.000","°C","100.000","%a.s.","22.500","deg","20.000","°C","1013.000","hPa","0.861","-0.02056","0.00035","-0.00011","0","14.7","Humid","26.25","0","52.00","343022.55","SABD0000000001","AAV1.0.0.11","2.0.0.28","PSt7-10","000000-000","10/20/2017 9:36:39 AM","0000-00","0","no battery","V"
"10/20/2017","13:06:44","5","default","957498349","OXY5","117.101","min","154.946","μmol/L","Humid","21.193","deg","90842","µV","35.941","°C","1018.000","hPa","37.0","pmil","0","55.500","deg","20.000","°C","100.000","%a.s.","22.500","deg","20.000","°C","1013.000","hPa","0.861","-0.02056","0.00035","-0.00011","0","14.7","Humid","26.25","0","52.00","343026.70","SABD0000000001","AAV1.0.0.11","2.0.0.28","PSt7-10","000000-000","10/20/2017 9:36:39 AM","0000-00","0","no battery","V"
"10/20/2017","13:06:45","5","default","957498349","OXY5","117.118","min","154.994","μmol/L","Humid","21.195","deg","90841","µV","35.929","°C","1018.000","hPa","37.0","pmil","0","55.500","deg","20.000","°C","100.000","%a.s.","22.500","deg","20.000","°C","1013.000","hPa","0.861","-0.02056","0.00035","-0.00011","0","14.7","Humid","26.25","0","52.00","343041.50","SABD0000000001","AAV1.0.0.11","2.0.0.28","PSt7-10","000000-000","10/20/2017 9:36:39 AM","0000-00","0","no battery","V"
"10/20/2017","13:06:46","5","default","957498349","OXY5","117.134","min","154.961","μmol/L","Humid","21.196","deg","90841","µV","35.932","°C","1018.000","hPa","37.0","pmil","0","55.500","deg","20.000","°C","100.000","%a.s.","22.500","deg","20.000","°C","1013.000","hPa","0.861","-0.02056","0.00035","-0.00011","0","14.7","Humid","26.25","0","52.00","343036.42","SABD0000000001","AAV1.0.0.11","2.0.0.28","PSt7-10","000000-000","10/20/2017 9:36:39 AM","0000-00","0","no battery","V"
"10/20/2017","13:06:47","5","default","957498349","OXY5","117.151","min","154.968","μmol/L","Humid","21.198","deg","90849","µV","35.926","°C","1018.000","hPa","37.0","pmil","0","55.500","deg","20.000","°C","100.000","%a.s.","22.500","deg","20.000","°C","1013.000","hPa","0.861","-0.02056","0.00035","-0.00011","0","14.7","Humid","26.25","0","52.00","343034.17","SABD0000000001","AAV1.0.0.11","2.0.0.28","PSt7-10","000000-000","10/20/2017 9:36:39 AM","0000-00","0","no battery","V"
"10/20/2017","13:06:48","5","default","957498349","OXY5","117.168","min","154.983","μmol/L","Humid","21.194","deg","90843","µV","35.933","°C","1018.000","hPa","37.0","pmil","0","55.500","deg","20.000","°C","100.000","%a.s.","22.500","deg","20.000","°C","1013.000","hPa","0.861","-0.02056","0.00035","-0.00011","0","14.7","Humid","26.25","0","52.00","343020.75","SABD0000000001","AAV1.0.0.11","2.0.0.28","PSt7-10","000000-000","10/20/2017 9:36:39 AM","0000-00","0","no battery","V"
"10/20/2017","13:06:49","5","default","957498349","OXY5","117.184","min","154.898","μmol/L","Humid","21.195","deg","90841","µV","35.945","°C","1018.000","hPa","37.0","pmil","0","55.500","deg","20.000","°C","100.000","%a.s.","22.500","deg","20.000","°C","1013.000","hPa","0.861","-0.02056","0.00035","-0.00011","0","14.7","Humid","26.25","0","52.00","343020.46","SABD0000000001","AAV1.0.0.11","2.0.0.28","PSt7-10","000000-000","10/20/2017 9:36:39 AM","0000-00","0","no battery","V"
"10/20/2017","13:06:50","5","default","957498349","OXY5","117.201","min","155.034","μmol/L","Humid","21.193","deg","90837","µV","35.928","°C","1019.000","hPa","37.0","pmil","0","55.500","deg","20.000","°C","100.000","%a.s.","22.500","deg","20.000","°C","1013.000","hPa","0.861","-0.02056","0.00035","-0.00011","0","14.7","Humid","26.25","0","52.00","343002.45","SABD0000000001","AAV1.0.0.11","2.0.0.28","PSt7-10","000000-000","10/20/2017 9:36:39 AM","0000-00","0","no battery","V"
"10/20/2017","13:06:51","5","default","957498349","OXY5","117.218","min","155.019","μmol/L","Humid","21.194","deg","90841","µV","35.927","°C","1018.000","hPa","37.0","pmil","0","55.500","deg","20.000","°C","100.000","%a.s.","22.500","deg","20.000","°C","1013.000","hPa","0.861","-0.02056","0.00035","-0.00011","0","14.7","Humid","26.25","0","52.00","343027.98","SABD0000000001","AAV1.0.0.11","2.0.0.28","PSt7-10","000000-000","10/20/2017 9:36:39 AM","0000-00","0","no battery","V"
"10/20/2017","13:06:52","5","default","957498349","OXY5","117.234","min","154.990","μmol/L","Humid","21.192","deg","90839","µV","35.936","°C","1018.000","hPa","37.0","pmil","0","55.500","deg","20.000","°C","100.000","%a.s.","22.500","deg","20.000","°C","1013.000","hPa","0.861","-0.02056","0.00035","-0.00011","0","14.7","Humid","26.25","0","52.00","343018.59","SABD0000000001","AAV1.0.0.11","2.0.0.28","PSt7-10","000000-000","10/20/2017 9:36:39 AM","0000-00","0","no battery","V"
"10/20/2017","13:06:53","5","default","957498349","OXY5","117.251","min","154.938","μmol/L","Humid","21.195","deg","90836","µV","35.938","°C","1018.000","hPa","37.0","pmil","0","55.500","deg","20.000","°C","100.000","%a.s.","22.500","deg","20.000","°C","1013.000","hPa","0.861","-0.02056","0.00035","-0.00011","0","14.7","Humid","26.25","0","52.00","343021.64","SABD0000000001","AAV1.0.0.11","2.0.0.28","PSt7-10","000000-000","10/20/2017 9:36:39 AM","0000-00","0","no battery","V"
"10/20/2017","13:06:54","5","default","957498349","OXY5","117.268","min","154.968","μmol/L","Humid","21.194","deg","90846","µV","35.935","°C","1018.000","hPa","37.0","pmil","0","55.500","deg","20.000","°C","100.000","%a.s.","22.500","deg","20.000","°C","1013.000","hPa","0.861","-0.02056","0.00035","-0.00011","0","14.7","Humid","26.25","0","52.00","343028.10","SABD0000000001","AAV1.0.0.11","2.0.0.28","PSt7-10","000000-000","10/20/2017 9:36:39 AM","0000-00","0","no battery","V"
"10/20/2017","13:06:55","5","default","957498349","OXY5","117.284","min","154.955","μmol/L","Humid","21.194","deg","90844","µV","35.938","°C","1018.000","hPa","37.0","pmil","0","55.500","deg","20.000","°C","100.000","%a.s.","22.500","deg","20.000","°C","1013.000","hPa","0.861","-0.02056","0.00035","-0.00011","0","14.7","Humid","26.25","0","52.00","343036.58","SABD0000000001","AAV1.0.0.11","2.0.0.28","PSt7-10","000000-000","10/20/2017 9:36:39 AM","0000-00","0","no battery","V"
"10/20/2017","13:06:56","5","default","957498349","OXY5","117.301","min","154.990","μmol/L","Humid","21.197","deg","90847","µV","35.925","°C","1018.000","hPa","37.0","pmil","0","55.500","deg","20.000","°C","100.000","%a.s.","22.500","deg","20.000","°C","1013.000","hPa","0.861","-0.02056","0.00035","-0.00011","0","14.7","Humid","26.25","0","52.00","343024.58","SABD0000000001","AAV1.0.0.11","2.0.0.28","PSt7-10","000000-000","10/20/2017 9:36:39 AM","0000-00","0","no battery","V"
"10/20/2017","13:06:57","5","default","957498349","OXY5","117.318","min","155.009","μmol/L","Humid","21.194","deg","90837","µV","35.928","°C","1018.000","hPa","37.0","pmil","0","55.500","deg","20.000","°C","100.000","%a.s.","22.500","deg","20.000","°C","1013.000","hPa","0.861","-0.02056","0.00035","-0.00011","0","14.7","Humid","26.25","0","52.00","343027.37","SABD0000000001","AAV1.0.0.11","2.0.0.28","PSt7-10","000000-000","10/20/2017 9:36:39 AM","0000-00","0","no battery","V"
"10/20/2017","13:06:58","5","default","957498349","OXY5","117.335","min","154.982","μmol/L","Humid","21.193","deg","90839","µV","35.935","°C","1018.000","hPa","37.0","pmil","0","55.500","deg","20.000","°C","100.000","%a.s.","22.500","deg","20.000","°C","1013.000","hPa","0.861","-0.02056","0.00035","-0.00011","0","14.7","Humid","26.25","0","52.00","343030.18","SABD0000000001","AAV1.0.0.11","2.0.0.28","PSt7-10","000000-000","10/20/2017 9:36:39 AM","0000-00","0","no battery","V"
"10/20/2017","13:06:59","5","default","957498349","OXY5","117.351","min","154.960","μmol/L","Humid","21.192","deg","90842","µV","35.941","°C","1018.000","hPa","37.0","pmil","0","55.500","deg","20.000","°C","100.000","%a.s.","22.500","deg","20.000","°C","1013.000","hPa","0.861","-0.02056","0.00035","-0.00011","0","14.7","Humid","26.25","0","52.00","343018.16","SABD0000000001","AAV1.0.0.11","2.0.0.28","PSt7-10","000000-000","10/20/2017 9:36:39 AM","0000-00","0","no battery","V"
"10/20/2017","13:07:00","5","default","957498349","OXY5","117.368","min","154.925","μmol/L","Humid","21.196","deg","90838","µV","35.938","°C","1018.000","hPa","37.0","pmil","0","55.500","deg","20.000","°C","100.000","%a.s.","22.500","deg","20.000","°C","1013.000","hPa","0.861","-0.02056","0.00035","-0.00011","0","14.7","Humid","26.25","0","52.00","343019.59","SABD0000000001","AAV1.0.0.11","2.0.0.28","PSt7-10","000000-000","10/20/2017 9:36:39 AM","0000-00","0","no battery","V"
"10/20/2017","13:07:01","5","default","957498349","OXY5","117.385","min","154.877","μmol/L","Humid","21.197","deg","90838","µV","35.944","°C","1018.000","hPa","37.0","pmil","0","55.500","deg","20.000","°C","100.000","%a.s.","22.500","deg","20.000","°C","1013.000","hPa","0.861","-0.02056","0.00035","-0.00011","0","14.7","Humid","26.25","0","52.00","343038.40","SABD0000000001","AAV1.0.0.11","2.0.0.28","PSt7-10","000000-000","10/20/2017 9:36:39 AM","0000-00","0","no battery","V"
"10/20/2017","13:07:02","5","default","957498349","OXY5","117.401","min","154.885","μmol/L","Humid","21.197","deg","90845","µV","35.942","°C","1018.000","hPa","37.0","pmil","0","55.500","deg","20.000","°C","100.000","%a.s.","22.500","deg","20.000","°C","1013.000","hPa","0.861","-0.02056","0.00035","-0.00011","0","14.7","Humid","26.25","0","52.00","343035.99","SABD0000000001","AAV1.0.0.11","2.0.0.28","PSt7-10","000000-000","10/20/2017 9:36:39 AM","0000-00","0","no battery","V"
"10/20/2017","13:07:03","5","default","957498349","OXY5","117.418","min","154.883","μmol/L","Humid","21.197","deg","90834","µV","35.943","°C","1018.000","hPa","37.0","pmil","0","55.500","deg","20.000","°C","100.000","%a.s.","22.500","deg","20.000","°C","1013.000","hPa","0.861","-0.02056","0.00035","-0.00011","0","14.7","Humid","26.25","0","52.00","343030.71","SABD0000000001","AAV1.0.0.11","2.0.0.28","PSt7-10","000000-000","10/20/2017 9:36:39 AM","0000-00","0","no battery","V"
"10/20/2017","13:07:04","5","default","957498349","OXY5","117.435","min","154.995","μmol/L","Humid","21.192","deg","90840","µV","35.935","°C","1018.000","hPa","37.0","pmil","0","55.500","deg","20.000","°C","100.000","%a.s.","22.500","deg","20.000","°C","1013.000","hPa","0.861","-0.02056","0.00035","-0.00011","0","14.7","Humid","26.25","0","52.00","343012.45","SABD0000000001","AAV1.0.0.11","2.0.0.28","PSt7-10","000000-000","10/20/2017 9:36:39 AM","0000-00","0","no battery","V"
"10/20/2017","13:07:05","5","default","957498349","OXY5","117.451","min","155.110","μmol/L","Humid","21.192","deg","90840","µV","35.916","°C","1018.000","hPa","37.0","pmil","0","55.500","deg","20.000","°C","100.000","%a.s.","22.500","deg","20.000","°C","1013.000","hPa","0.861","-0.02056","0.00035","-0.00011","0","14.7","Humid","26.25","0","52.00","343020.55","SABD0000000001","AAV1.0.0.11","2.0.0.28","PSt7-10","000000-000","10/20/2017 9:36:39 AM","0000-00","0","no battery","V"
"10/20/2017","13:07:06","5","default","957498349","OXY5","117.468","min","154.938","μmol/L","Humid","21.194","deg","90838","µV","35.941","°C","1018.000","hPa","37.0","pmil","0","55.500","deg","20.000","°C","100.000","%a.s.","22.500","deg","20.000","°C","1013.000","hPa","0.861","-0.02056","0.00035","-0.00011","0","14.7","Humid","26.25","0","52.00","343023.40","SABD0000000001","AAV1.0.0.11","2.0.0.28","PSt7-10","000000-000","10/20/2017 9:36:39 AM","0000-00","0","no battery","V"
"10/20/2017","13:07:07","5","default","957498349","OXY5","117.485","min","154.866","μmol/L","Humid","21.194","deg","90834","µV","35.953","°C","1018.000","hPa","37.0","pmil","0","55.500","deg","20.000","°C","100.000","%a.s.","22.500","deg","20.000","°C","1013.000","hPa","0.861","-0.02056","0.00035","-0.00011","0","14.7","Humid","26.25","0","52.00","343017.72","SABD0000000001","AAV1.0.0.11","2.0.0.28","PSt7-10","000000-000","10/20/2017 9:36:39 AM","0000-00","0","no battery","V"
"10/20/2017","13:07:08","5","default","957498349","OXY5","117.501","min","154.897","μmol/L","Humid","21.192","deg","90831","µV","35.952","°C","1018.000","hPa","37.0","pmil","0","55.500","deg","20.000","°C","100.000","%a.s.","22.500","deg","20.000","°C","1013.000","hPa","0.861","-0.02056","0.00035","-0.00011","0","14.7","Humid","26.25","0","52.00","343026.37","SABD0000000001","AAV1.0.0.11","2.0.0.28","PSt7-10","000000-000","10/20/2017 9:36:39 AM","0000-00","0","no battery","V"
"10/20/2017","13:07:09","5","default","957498349","OXY5","117.518","min","154.948","μmol/L","Humid","21.195","deg","90831","µV","35.938","°C","1019.000","hPa","37.0","pmil","0","55.500","deg","20.000","°C","100.000","%a.s.","22.500","deg","20.000","°C","1013.000","hPa","0.861","-0.02056","0.00035","-0.00011","0","14.7","Humid","26.25","0","52.00","343000.91","SABD0000000001","AAV1.0.0.11","2.0.0.28","PSt7-10","000000-000","10/20/2017 9:36:39 AM","0000-00","0","no battery","V"
"10/20/2017","13:07:10","5","default","957498349","OXY5","117.535","min","154.786","μmol/L","Humid","21.200","deg","90827","µV","35.952","°C","1018.000","hPa","37.0","pmil","0","55.500","deg","20.000","°C","100.000","%a.s.","22.500","deg","20.000","°C","1013.000","hPa","0.861","-0.02056","0.00035","-0.00011","0","14.7","Humid","26.25","0","52.00","343010.70","SABD0000000001","AAV1.0.0.11","2.0.0.28","PSt7-10","000000-000","10/20/2017 9:36:39 AM","0000-00","0","no battery","V"
"10/20/2017","13:07:11","5","default","957498349","OXY5","117.551","min","154.943","μmol/L","Humid","21.195","deg","90826","µV","35.937","°C","1018.000","hPa","37.0","pmil","0","55.500","deg","20.000","°C","100.000","%a.s.","22.500","deg","20.000","°C","1013.000","hPa","0.861","-0.02056","0.00035","-0.00011","0","14.7","Humid","26.25","0","52.00","343000.28","SABD0000000001","AAV1.0.0.11","2.0.0.28","PSt7-10","000000-000","10/20/2017 9:36:39 AM","0000-00","0","no battery","V"
"10/20/2017","13:07:12","5","default","957498349","OXY5","117.568","min","154.900","μmol/L","Humid","21.194","deg","90823","µV","35.947","°C","1018.000","hPa","37.0","pmil","0","55.500","deg","20.000","°C","100.000","%a.s.","22.500","deg","20.000","°C","1013.000","hPa","0.861","-0.02056","0.00035","-0.00011","0","14.7","Humid","26.25","0","52.00","343001.21","SABD0000000001","AAV1.0.0.11","2.0.0.28","PSt7-10","000000-000","10/20/2017 9:36:39 AM","0000-00","0","no battery","V"
"10/20/2017","13:07:13","5","default","957498349","OXY5","117.585","min","154.913","μmol/L","Humid","21.195","deg","90825","µV","35.942","°C","1018.000","hPa","37.0","pmil","0","55.500","deg","20.000","°C","100.000","%a.s.","22.500","deg","20.000","°C","1013.000","hPa","0.861","-0.02056","0.00035","-0.00011","0","14.7","Humid","26.25","0","52.00","343001.02","SABD0000000001","AAV1.0.0.11","2.0.0.28","PSt7-10","000000-000","10/20/2017 9:36:39 AM","0000-00","0","no battery","V"
"10/20/2017","13:07:14","5","default","957498349","OXY5","117.601","min","154.908","μmol/L","Humid","21.195","deg","90830","µV","35.943","°C","1018.000","hPa","37.0","pmil","0","55.500","deg","20.000","°C","100.000","%a.s.","22.500","deg","20.000","°C","1013.000","hPa","0.861","-0.02056","0.00035","-0.00011","0","14.7","Humid","26.25","0","52.00","342989.53","SABD0000000001","AAV1.0.0.11","2.0.0.28","PSt7-10","000000-000","10/20/2017 9:36:39 AM","0000-00","0","no battery","V"
"10/20/2017","13:07:15","5","default","957498349","OXY5","117.618","min","154.969","μmol/L","Humid","21.192","deg","90828","µV","35.940","°C","1018.000","hPa","37.0","pmil","0","55.500","deg","20.000","°C","100.000","%a.s.","22.500","deg","20.000","°C","1013.000","hPa","0.861","-0.02056","0.00035","-0.00011","0","14.7","Humid","26.25","0","52.00","343016.00","SABD0000000001","AAV1.0.0.11","2.0.0.28","PSt7-10","000000-000","10/20/2017 9:36:39 AM","0000-00","0","no battery","V"
"10/20/2017","13:07:16","5","default","957498349","OXY5","117.635","min","154.889","μmol/L","Humid","21.195","deg","90820","µV","35.946","°C","1018.000","hPa","37.0","pmil","0","55.500","deg","20.000","°C","100.000","%a.s.","22.500","deg","20.000","°C","1013.000","hPa","0.861","-0.02056","0.00035","-0.00011","0","14.7","Humid","26.25","0","52.00","343012.61","SABD0000000001","AAV1.0.0.11","2.0.0.28","PSt7-10","000000-000","10/20/2017 9:36:39 AM","0000-00","0","no battery","V"
"10/20/2017","13:07:17","5","default","957498349","OXY5","117.651","min","154.983","μmol/L","Humid","21.192","deg","90817","µV","35.938","°C","1018.000","hPa","37.0","pmil","0","55.500","deg","20.000","°C","100.000","%a.s.","22.500","deg","20.000","°C","1013.000","hPa","0.861","-0.02056","0.00035","-0.00011","0","14.7","Humid","26.25","0","52.00","342990.94","SABD0000000001","AAV1.0.0.11","2.0.0.28","PSt7-10","000000-000","10/20/2017 9:36:39 AM","0000-00","0","no battery","V"
"10/20/2017","13:07:18","5","default","957498349","OXY5","117.668","min","154.969","μmol/L","Humid","21.193","deg","90816","µV","35.938","°C","1018.000","hPa","37.0","pmil","0","55.500","deg","20.000","°C","100.000","%a.s.","22.500","deg","20.000","°C","1013.000","hPa","0.861","-0.02056","0.00035","-0.00011","0","14.7","Humid","26.25","0","52.00","342991.31","SABD0000000001","AAV1.0.0.11","2.0.0.28","PSt7-10","000000-000","10/20/2017 9:36:39 AM","0000-00","0","no battery","V"
"10/20/2017","13:07:19","5","default","957498349","OXY5","117.685","min","154.993","μmol/L","Humid","21.192","deg","90810","µV","35.936","°C","1018.000","hPa","37.0","pmil","0","55.500","deg","20.000","°C","100.000","%a.s.","22.500","deg","20.000","°C","1013.000","hPa","0.861","-0.02056","0.00035","-0.00011","0","14.7","Humid","26.25","0","52.00","342998.86","SABD0000000001","AAV1.0.0.11","2.0.0.28","PSt7-10","000000-000","10/20/2017 9:36:39 AM","0000-00","0","no battery","V"
"10/20/2017","13:07:20","5","default","957498349","OXY5","117.701","min","154.945","μmol/L","Humid","21.195","deg","90815","µV","35.937","°C","1018.000","hPa","37.0","pmil","0","55.500","deg","20.000","°C","100.000","%a.s.","22.500","deg","20.000","°C","1013.000","hPa","0.861","-0.02056","0.00035","-0.00011","0","14.7","Humid","26.25","0","52.00","343012.32","SABD0000000001","AAV1.0.0.11","2.0.0.28","PSt7-10","000000-000","10/20/2017 9:36:39 AM","0000-00","0","no battery","V"
"10/20/2017","13:07:21","5","default","957498349","OXY5","117.718","min","154.903","μmol/L","Humid","21.192","deg","90808","µV","35.951","°C","1018.000","hPa","37.0","pmil","0","55.500","deg","20.000","°C","100.000","%a.s.","22.500","deg","20.000","°C","1013.000","hPa","0.861","-0.02056","0.00035","-0.00011","0","14.7","Humid","26.25","0","52.00","343001.42","SABD0000000001","AAV1.0.0.11","2.0.0.28","PSt7-10","000000-000","10/20/2017 9:36:39 AM","0000-00","0","no battery","V"
"10/20/2017","13:07:22","5","default","957498349","OXY5","117.735","min","155.023","μmol/L","Humid","21.191","deg","90805","µV","35.933","°C","1018.000","hPa","37.0","pmil","0","55.500","deg","20.000","°C","100.000","%a.s.","22.500","deg","20.000","°C","1013.000","hPa","0.861","-0.02056","0.00035","-0.00011","0","14.7","Humid","26.25","0","52.00","342995.31","SABD0000000001","AAV1.0.0.11","2.0.0.28","PSt7-10","000000-000","10/20/2017 9:36:39 AM","0000-00","0","no battery","V"
"10/20/2017","13:07:23","5","default","957498349","OXY5","117.751","min","154.985","μmol/L","Humid","21.192","deg","90797","µV","35.937","°C","1018.000","hPa","37.0","pmil","0","55.500","deg","20.000","°C","100.000","%a.s.","22.500","deg","20.000","°C","1013.000","hPa","0.861","-0.02056","0.00035","-0.00011","0","14.7","Humid","26.25","0","52.00","342988.92","SABD0000000001","AAV1.0.0.11","2.0.0.28","PSt7-10","000000-000","10/20/2017 9:36:39 AM","0000-00","0","no battery","V"
"10/20/2017","13:07:24","5","default","957498349","OXY5","117.768","min","154.966","μmol/L","Humid","21.196","deg","90803","µV","35.931","°C","1018.000","hPa","37.0","pmil","0","55.500","deg","20.000","°C","100.000","%a.s.","22.500","deg","20.000","°C","1013.000","hPa","0.861","-0.02056","0.00035","-0.00011","0","14.7","Humid","26.25","0","52.00","342991.16","SABD0000000001","AAV1.0.0.11","2.0.0.28","PSt7-10","000000-000","10/20/2017 9:36:39 AM","0000-00","0","no battery","V"
"10/20/2017","13:07:25","5","default","957498349","OXY5","117.785","min","154.955","μmol/L","Humid","21.197","deg","90796","µV","35.931","°C","1018.000","hPa","37.0","pmil","0","55.500","deg","20.000","°C","100.000","%a.s.","22.500","deg","20.000","°C","1013.000","hPa","0.861","-0.02056","0.00035","-0.00011","0","14.7","Humid","26.25","0","52.00","342994.55","SABD0000000001","AAV1.0.0.11","2.0.0.28","PSt7-10","000000-000","10/20/2017 9:36:39 AM","0000-00","0","no battery","V"
"10/20/2017","13:07:26","5","default","957498349","OXY5","117.801","min","154.893","μmol/L","Humid","21.196","deg","90797","µV","35.943","°C","1018.000","hPa","37.0","pmil","0","55.500","deg","20.000","°C","100.000","%a.s.","22.500","deg","20.000","°C","1013.000","hPa","0.861","-0.02056","0.00035","-0.00011","0","14.7","Humid","26.25","0","52.00","342991.50","SABD0000000001","AAV1.0.0.11","2.0.0.28","PSt7-10","000000-000","10/20/2017 9:36:39 AM","0000-00","0","no battery","V"
"10/20/2017","13:07:27","5","default","957498349","OXY5","117.818","min","154.870","μmol/L","Humid","21.196","deg","90795","µV","35.947","°C","1018.000","hPa","37.0","pmil","0","55.500","deg","20.000","°C","100.000","%a.s.","22.500","deg","20.000","°C","1013.000","hPa","0.861","-0.02056","0.00035","-0.00011","0","14.7","Humid","26.25","0","52.00","342990.23","SABD0000000001","AAV1.0.0.11","2.0.0.28","PSt7-10","000000-000","10/20/2017 9:36:39 AM","0000-00","0","no battery","V"
"10/20/2017","13:07:28","5","default","957498349","OXY5","117.835","min","154.841","μmol/L","Humid","21.195","deg","90799","µV","35.955","°C","1018.000","hPa","37.0","pmil","0","55.500","deg","20.000","°C","100.000","%a.s.","22.500","deg","20.000","°C","1013.000","hPa","0.861","-0.02056","0.00035","-0.00011","0","14.7","Humid","26.25","0","52.00","343003.72","SABD0000000001","AAV1.0.0.11","2.0.0.28","PSt7-10","000000-000","10/20/2017 9:36:39 AM","0000-00","0","no battery","V"
"10/20/2017","13:07:29","5","default","957498349","OXY5","117.852","min","154.942","μmol/L","Humid","21.191","deg","90789","µV","35.947","°C","1018.000","hPa","37.0","pmil","0","55.500","deg","20.000","°C","100.000","%a.s.","22.500","deg","20.000","°C","1013.000","hPa","0.861","-0.02056","0.00035","-0.00011","0","14.7","Humid","26.25","0","52.00","342992.28","SABD0000000001","AAV1.0.0.11","2.0.0.28","PSt7-10","000000-000","10/20/2017 9:36:39 AM","0000-00","0","no battery","V"
"10/20/2017","13:07:30","5","default","957498349","OXY5","117.868","min","154.929","μmol/L","Humid","21.193","deg","90795","µV","35.944","°C","1018.000","hPa","37.0","pmil","0","55.500","deg","20.000","°C","100.000","%a.s.","22.500","deg","20.000","°C","1013.000","hPa","0.861","-0.02056","0.00035","-0.00011","0","14.7","Humid","26.25","0","52.00","343001.75","SABD0000000001","AAV1.0.0.11","2.0.0.28","PSt7-10","000000-000","10/20/2017 9:36:39 AM","0000-00","0","no battery","V"
"10/20/2017","13:07:31","5","default","957498349","OXY5","117.885","min","154.826","μmol/L","Humid","21.199","deg","90792","µV","35.948","°C","1018.000","hPa","37.0","pmil","0","55.500","deg","20.000","°C","100.000","%a.s.","22.500","deg","20.000","°C","1013.000","hPa","0.861","-0.02056","0.00035","-0.00011","0","14.7","Humid","26.25","0","52.00","342997.64","SABD0000000001","AAV1.0.0.11","2.0.0.28","PSt7-10","000000-000","10/20/2017 9:36:39 AM","0000-00","0","no battery","V"
"10/20/2017","13:07:32","5","default","957498349","OXY5","117.902","min","154.850","μmol/L","Humid","21.193","deg","90800","µV","35.958","°C","1018.000","hPa","37.0","pmil","0","55.500","deg","20.000","°C","100.000","%a.s.","22.500","deg","20.000","°C","1013.000","hPa","0.861","-0.02056","0.00035","-0.00011","0","14.7","Humid","26.25","0","52.00","342987.29","SABD0000000001","AAV1.0.0.11","2.0.0.28","PSt7-10","000000-000","10/20/2017 9:36:39 AM","0000-00","0","no battery","V"
"10/20/2017","13:07:33","5","default","957498349","OXY5","117.918","min","154.941","μmol/L","Humid","21.190","deg","90796","µV","35.949","°C","1018.000","hPa","37.0","pmil","0","55.500","deg","20.000","°C","100.000","%a.s.","22.500","deg","20.000","°C","1013.000","hPa","0.861","-0.02056","0.00035","-0.00011","0","14.7","Humid","26.25","0","52.00","342985.29","SABD0000000001","AAV1.0.0.11","2.0.0.28","PSt7-10","000000-000","10/20/2017 9:36:39 AM","0000-00","0","no battery","V"
"10/20/2017","13:07:34","5","default","957498349","OXY5","117.935","min","154.929","μmol/L","Humid","21.192","deg","90796","µV","35.947","°C","1018.000","hPa","37.0","pmil","0","55.500","deg","20.000","°C","100.000","%a.s.","22.500","deg","20.000","°C","1013.000","hPa","0.861","-0.02056","0.00035","-0.00011","0","14.7","Humid","26.25","0","52.00","342994.13","SABD0000000001","AAV1.0.0.11","2.0.0.28","PSt7-10","000000-000","10/20/2017 9:36:39 AM","0000-00","0","no battery","V"
"10/20/2017","13:07:35","5","default","957498349","OXY5","117.951","min","154.965","μmol/L","Humid","21.193","deg","90783","µV","35.938","°C","1018.000","hPa","37.0","pmil","0","55.500","deg","20.000","°C","100.000","%a.s.","22.500","deg","20.000","°C","1013.000","hPa","0.861","-0.02056","0.00035","-0.00011","0","14.7","Humid","26.25","0","52.00","342994.73","SABD0000000001","AAV1.0.0.11","2.0.0.28","PSt7-10","000000-000","10/20/2017 9:36:39 AM","0000-00","0","no battery","V"
"10/20/2017","13:07:36","5","default","957498349","OXY5","117.968","min","154.944","μmol/L","Humid","21.194","deg","90785","µV","35.940","°C","1018.000","hPa","37.0","pmil","0","55.500","deg","20.000","°C","100.000","%a.s.","22.500","deg","20.000","°C","1013.000","hPa","0.861","-0.02056","0.00035","-0.00011","0","14.7","Humid","26.25","0","52.00","342992.96","SABD0000000001","AAV1.0.0.11","2.0.0.28","PSt7-10","000000-000","10/20/2017 9:36:39 AM","0000-00","0","no battery","V"
"10/20/2017","13:07:37","5","default","957498349","OXY5","117.985","min","154.878","μmol/L","Humid","21.196","deg","90791","µV","35.946","°C","1018.000","hPa","37.0","pmil","0","55.500","deg","20.000","°C","100.000","%a.s.","22.500","deg","20.000","°C","1013.000","hPa","0.861","-0.02056","0.00035","-0.00011","0","14.7","Humid","26.25","0","52.00","342996.60","SABD0000000001","AAV1.0.0.11","2.0.0.28","PSt7-10","000000-000","10/20/2017 9:36:39 AM","0000-00","0","no battery","V"
"10/20/2017","13:07:38","5","default","957498349","OXY5","118.001","min","154.810","μmol/L","Humid","21.198","deg","90791","µV","35.953","°C","1018.000","hPa","37.0","pmil","0","55.500","deg","20.000","°C","100.000","%a.s.","22.500","deg","20.000","°C","1013.000","hPa","0.861","-0.02056","0.00035","-0.00011","0","14.7","Humid","26.25","0","52.00","342994.60","SABD0000000001","AAV1.0.0.11","2.0.0.28","PSt7-10","000000-000","10/20/2017 9:36:39 AM","0000-00","0","no battery","V"
"10/20/2017","13:07:39","5","default","957498349","OXY5","118.018","min","154.909","μmol/L","Humid","21.196","deg","90789","µV","35.941","°C","1018.000","hPa","37.0","pmil","0","55.500","deg","20.000","°C","100.000","%a.s.","22.500","deg","20.000","°C","1013.000","hPa","0.861","-0.02056","0.00035","-0.00011","0","14.7","Humid","26.25","0","52.00","342988.21","SABD0000000001","AAV1.0.0.11","2.0.0.28","PSt7-10","000000-000","10/20/2017 9:36:39 AM","0000-00","0","no battery","V"
"10/20/2017","13:07:40","5","default","957498349","OXY5","118.035","min","154.867","μmol/L","Humid","21.195","deg","90790","µV","35.950","°C","1018.000","hPa","37.0","pmil","0","55.500","deg","20.000","°C","100.000","%a.s.","22.500","deg","20.000","°C","1013.000","hPa","0.861","-0.02056","0.00035","-0.00011","0","14.7","Humid","26.25","0","52.00","342980.12","SABD0000000001","AAV1.0.0.11","2.0.0.28","PSt7-10","000000-000","10/20/2017 9:36:39 AM","0000-00","0","no battery","V"
"10/20/2017","13:07:41","5","default","957498349","OXY5","118.051","min","154.876","μmol/L","Humid","21.197","deg","90785","µV","35.944","°C","1018.000","hPa","37.0","pmil","0","55.500","deg","20.000","°C","100.000","%a.s.","22.500","deg","20.000","°C","1013.000","hPa","0.861","-0.02056","0.00035","-0.00011","0","14.7","Humid","26.25","0","52.00","342973.04","SABD0000000001","AAV1.0.0.11","2.0.0.28","PSt7-10","000000-000","10/20/2017 9:36:39 AM","0000-00","0","no battery","V"
"10/20/2017","13:07:42","5","default","957498349","OXY5","118.068","min","154.895","μmol/L","Humid","21.194","deg","90791","µV","35.948","°C","1018.000","hPa","37.0","pmil","0","55.500","deg","20.000","°C","100.000","%a.s.","22.500","deg","20.000","°C","1013.000","hPa","0.861","-0.02056","0.00035","-0.00011","0","14.7","Humid","26.25","0","52.00","343004.91","SABD0000000001","AAV1.0.0.11","2.0.0.28","PSt7-10","000000-000","10/20/2017 9:36:39 AM","0000-00","0","no battery","V"
"10/20/2017","13:07:43","5","default","957498349","OXY5","118.085","min","154.870","μmol/L","Humid","21.197","deg","90787","µV","35.945","°C","1018.000","hPa","37.0","pmil","0","55.500","deg","20.000","°C","100.000","%a.s.","22.500","deg","20.000","°C","1013.000","hPa","0.861","-0.02056","0.00035","-0.00011","0","14.7","Humid","26.25","0","52.00","342981.45","SABD0000000001","AAV1.0.0.11","2.0.0.28","PSt7-10","000000-000","10/20/2017 9:36:39 AM","0000-00","0","no battery","V"
"10/20/2017","13:07:44","5","default","957498349","OXY5","118.102","min","154.951","μmol/L","Humid","21.195","deg","90790","µV","35.936","°C","1018.000","hPa","37.0","pmil","0","55.500","deg","20.000","°C","100.000","%a.s.","22.500","deg","20.000","°C","1013.000","hPa","0.861","-0.02056","0.00035","-0.00011","0","14.7","Humid","26.25","0","52.00","342985.62","SABD0000000001","AAV1.0.0.11","2.0.0.28","PSt7-10","000000-000","10/20/2017 9:36:39 AM","0000-00","0","no battery","V"
"10/20/2017","13:07:45","5","default","957498349","OXY5","118.118","min","154.776","μmol/L","Humid","21.196","deg","90783","µV","35.963","°C","1018.000","hPa","37.0","pmil","0","55.500","deg","20.000","°C","100.000","%a.s.","22.500","deg","20.000","°C","1013.000","hPa","0.861","-0.02056","0.00035","-0.00011","0","14.7","Humid","26.25","0","52.00","342989.72","SABD0000000001","AAV1.0.0.11","2.0.0.28","PSt7-10","000000-000","10/20/2017 9:36:39 AM","0000-00","0","no battery","V"
"10/20/2017","13:07:46","5","default","957498349","OXY5","118.135","min","154.780","μmol/L","Humid","21.196","deg","90789","µV","35.963","°C","1018.000","hPa","37.0","pmil","0","55.500","deg","20.000","°C","100.000","%a.s.","22.500","deg","20.000","°C","1013.000","hPa","0.861","-0.02056","0.00035","-0.00011","0","14.7","Humid","26.25","0","52.00","342981.85","SABD0000000001","AAV1.0.0.11","2.0.0.28","PSt7-10","000000-000","10/20/2017 9:36:39 AM","0000-00","0","no battery","V"
"10/20/2017","13:07:47","5","default","957498349","OXY5","118.152","min","154.758","μmol/L","Humid","21.199","deg","90786","µV","35.959","°C","1018.000","hPa","37.0","pmil","0","55.500","deg","20.000","°C","100.000","%a.s.","22.500","deg","20.000","°C","1013.000","hPa","0.861","-0.02056","0.00035","-0.00011","0","14.7","Humid","26.25","0","52.00","342992.04","SABD0000000001","AAV1.0.0.11","2.0.0.28","PSt7-10","000000-000","10/20/2017 9:36:39 AM","0000-00","0","no battery","V"
"10/20/2017","13:07:48","5","default","957498349","OXY5","118.168","min","154.854","μmol/L","Humid","21.197","deg","90782","µV","35.948","°C","1018.000","hPa","37.0","pmil","0","55.500","deg","20.000","°C","100.000","%a.s.","22.500","deg","20.000","°C","1013.000","hPa","0.861","-0.02056","0.00035","-0.00011","0","14.7","Humid","26.25","0","52.00","342985.24","SABD0000000001","AAV1.0.0.11","2.0.0.28","PSt7-10","000000-000","10/20/2017 9:36:39 AM","0000-00","0","no battery","V"
"10/20/2017","13:07:49","5","default","957498349","OXY5","118.185","min","154.884","μmol/L","Humid","21.195","deg","90789","µV","35.947","°C","1018.000","hPa","37.0","pmil","0","55.500","deg","20.000","°C","100.000","%a.s.","22.500","deg","20.000","°C","1013.000","hPa","0.861","-0.02056","0.00035","-0.00011","0","14.7","Humid","26.25","0","52.00","342989.01","SABD0000000001","AAV1.0.0.11","2.0.0.28","PSt7-10","000000-000","10/20/2017 9:36:39 AM","0000-00","0","no battery","V"
"10/20/2017","13:07:50","5","default","957498349","OXY5","118.202","min","154.814","μmol/L","Humid","21.195","deg","90786","µV","35.959","°C","1018.000","hPa","37.0","pmil","0","55.500","deg","20.000","°C","100.000","%a.s.","22.500","deg","20.000","°C","1013.000","hPa","0.861","-0.02056","0.00035","-0.00011","0","14.7","Humid","26.25","0","52.00","342986.83","SABD0000000001","AAV1.0.0.11","2.0.0.28","PSt7-10","000000-000","10/20/2017 9:36:39 AM","0000-00","0","no battery","V"
"10/20/2017","13:07:51","5","default","957498349","OXY5","118.218","min","154.883","μmol/L","Humid","21.196","deg","90787","µV","35.945","°C","1018.000","hPa","37.0","pmil","0","55.500","deg","20.000","°C","100.000","%a.s.","22.500","deg","20.000","°C","1013.000","hPa","0.861","-0.02056","0.00035","-0.00011","0","14.7","Humid","26.25","0","52.00","342992.83","SABD0000000001","AAV1.0.0.11","2.0.0.28","PSt7-10","000000-000","10/20/2017 9:36:39 AM","0000-00","0","no battery","V"
"10/20/2017","13:07:52","5","default","957498349","OXY5","118.235","min","154.902","μmol/L","Humid","21.195","deg","90783","µV","35.944","°C","1018.000","hPa","37.0","pmil","0","55.500","deg","20.000","°C","100.000","%a.s.","22.500","deg","20.000","°C","1013.000","hPa","0.861","-0.02056","0.00035","-0.00011","0","14.7","Humid","26.25","0","52.00","342982.73","SABD0000000001","AAV1.0.0.11","2.0.0.28","PSt7-10","000000-000","10/20/2017 9:36:39 AM","0000-00","0","no battery","V"
"10/20/2017","13:07:53","5","default","957498349","OXY5","118.252","min","154.891","μmol/L","Humid","21.195","deg","90787","µV","35.946","°C","1018.000","hPa","37.0","pmil","0","55.500","deg","20.000","°C","100.000","%a.s.","22.500","deg","20.000","°C","1013.000","hPa","0.861","-0.02056","0.00035","-0.00011","0","14.7","Humid","26.25","0","52.00","342989.72","SABD0000000001","AAV1.0.0.11","2.0.0.28","PSt7-10","000000-000","10/20/2017 9:36:39 AM","0000-00","0","no battery","V"
"10/20/2017","13:07:54","5","default","957498349","OXY5","118.268","min","154.828","μmol/L","Humid","21.200","deg","90796","µV","35.945","°C","1018.000","hPa","37.0","pmil","0","55.500","deg","20.000","°C","100.000","%a.s.","22.500","deg","20.000","°C","1013.000","hPa","0.861","-0.02056","0.00035","-0.00011","0","14.7","Humid","26.25","0","52.00","342988.20","SABD0000000001","AAV1.0.0.11","2.0.0.28","PSt7-10","000000-000","10/20/2017 9:36:39 AM","0000-00","0","no battery","V"
"10/20/2017","13:07:55","5","default","957498349","OXY5","118.285","min","154.876","μmol/L","Humid","21.197","deg","90781","µV","35.944","°C","1018.000","hPa","37.0","pmil","0","55.500","deg","20.000","°C","100.000","%a.s.","22.500","deg","20.000","°C","1013.000","hPa","0.861","-0.02056","0.00035","-0.00011","0","14.7","Humid","26.25","0","52.00","342981.20","SABD0000000001","AAV1.0.0.11","2.0.0.28","PSt7-10","000000-000","10/20/2017 9:36:39 AM","0000-00","0","no battery","V"
"10/20/2017","13:07:56","5","default","957498349","OXY5","118.302","min","154.815","μmol/L","Humid","21.198","deg","90782","µV","35.952","°C","1018.000","hPa","37.0","pmil","0","55.500","deg","20.000","°C","100.000","%a.s.","22.500","deg","20.000","°C","1013.000","hPa","0.861","-0.02056","0.00035","-0.00011","0","14.7","Humid","26.25","0","52.00","342973.94","SABD0000000001","AAV1.0.0.11","2.0.0.28","PSt7-10","000000-000","10/20/2017 9:36:39 AM","0000-00","0","no battery","V"
"10/20/2017","13:07:57","5","default","957498349","OXY5","118.318","min","154.904","μmol/L","Humid","21.194","deg","90787","µV","35.946","°C","1018.000","hPa","37.0","pmil","0","55.500","deg","20.000","°C","100.000","%a.s.","22.500","deg","20.000","°C","1013.000","hPa","0.861","-0.02056","0.00035","-0.00011","0","14.7","Humid","26.25","0","52.00","342970.76","SABD0000000001","AAV1.0.0.11","2.0.0.28","PSt7-10","000000-000","10/20/2017 9:36:39 AM","0000-00","0","no battery","V"
"10/20/2017","13:07:58","5","default","957498349","OXY5","118.335","min","154.940","μmol/L","Humid","21.195","deg","90784","µV","35.938","°C","1018.000","hPa","37.0","pmil","0","55.500","deg","20.000","°C","100.000","%a.s.","22.500","deg","20.000","°C","1013.000","hPa","0.861","-0.02056","0.00035","-0.00011","0","14.7","Humid","26.25","0","52.00","342971.32","SABD0000000001","AAV1.0.0.11","2.0.0.28","PSt7-10","000000-000","10/20/2017 9:36:39 AM","0000-00","0","no battery","V"
"10/20/2017","13:07:59","5","default","957498349","OXY5","118.352","min","154.916","μmol/L","Humid","21.196","deg","90780","µV","35.939","°C","1018.000","hPa","37.0","pmil","0","55.500","deg","20.000","°C","100.000","%a.s.","22.500","deg","20.000","°C","1013.000","hPa","0.861","-0.02056","0.00035","-0.00011","0","14.7","Humid","26.25","0","52.00","342979.75","SABD0000000001","AAV1.0.0.11","2.0.0.28","PSt7-10","000000-000","10/20/2017 9:36:39 AM","0000-00","0","no battery","V"
"10/20/2017","13:08:00","5","default","957498349","OXY5","118.368","min","154.920","μmol/L","Humid","21.195","deg","90784","µV","35.941","°C","1018.000","hPa","37.0","pmil","0","55.500","deg","20.000","°C","100.000","%a.s.","22.500","deg","20.000","°C","1013.000","hPa","0.861","-0.02056","0.00035","-0.00011","0","14.7","Humid","26.25","0","52.00","342970.46","SABD0000000001","AAV1.0.0.11","2.0.0.28","PSt7-10","000000-000","10/20/2017 9:36:39 AM","0000-00","0","no battery","V"
"10/20/2017","13:08:01","5","default","957498349","OXY5","118.385","min","154.931","μmol/L","Humid","21.194","deg","90789","µV","35.942","°C","1018.000","hPa","37.0","pmil","0","55.500","deg","20.000","°C","100.000","%a.s.","22.500","deg","20.000","°C","1013.000","hPa","0.861","-0.02056","0.00035","-0.00011","0","14.7","Humid","26.25","0","52.00","342966.43","SABD0000000001","AAV1.0.0.11","2.0.0.28","PSt7-10","000000-000","10/20/2017 9:36:39 AM","0000-00","0","no battery","V"
"10/20/2017","13:08:02","5","default","957498349","OXY5","118.402","min","154.927","μmol/L","Humid","21.197","deg","90790","µV","35.935","°C","1018.000","hPa","37.0","pmil","0","55.500","deg","20.000","°C","100.000","%a.s.","22.500","deg","20.000","°C","1013.000","hPa","0.861","-0.02056","0.00035","-0.00011","0","14.7","Humid","26.25","0","52.00","342971.31","SABD0000000001","AAV1.0.0.11","2.0.0.28","PSt7-10","000000-000","10/20/2017 9:36:39 AM","0000-00","0","no battery","V"
"10/20/2017","13:08:03","5","default","957498349","OXY5","118.418","min","154.833","μmol/L","Humid","21.195","deg","90786","µV","35.956","°C","1018.000","hPa","37.0","pmil","0","55.500","deg","20.000","°C","100.000","%a.s.","22.500","deg","20.000","°C","1013.000","hPa","0.861","-0.02056","0.00035","-0.00011","0","14.7","Humid","26.25","0","52.00","342975.28","SABD0000000001","AAV1.0.0.11","2.0.0.28","PSt7-10","000000-000","10/20/2017 9:36:39 AM","0000-00","0","no battery","V"
"10/20/2017","13:08:04","5","default","957498349","OXY5","118.435","min","154.785","μmol/L","Humid","21.196","deg","90780","µV","35.962","°C","1018.000","hPa","37.0","pmil","0","55.500","deg","20.000","°C","100.000","%a.s.","22.500","deg","20.000","°C","1013.000","hPa","0.861","-0.02056","0.00035","-0.00011","0","14.7","Humid","26.25","0","52.00","342972.10","SABD0000000001","AAV1.0.0.11","2.0.0.28","PSt7-10","000000-000","10/20/2017 9:36:39 AM","0000-00","0","no battery","V"
"10/20/2017","13:08:05","5","default","957498349","OXY5","118.452","min","154.719","μmol/L","Humid","21.197","deg","90791","µV","35.971","°C","1018.000","hPa","37.0","pmil","0","55.500","deg","20.000","°C","100.000","%a.s.","22.500","deg","20.000","°C","1013.000","hPa","0.861","-0.02056","0.00035","-0.00011","0","14.7","Humid","26.25","0","52.00","342973.72","SABD0000000001","AAV1.0.0.11","2.0.0.28","PSt7-10","000000-000","10/20/2017 9:36:39 AM","0000-00","0","no battery","V"
"10/20/2017","13:08:06","5","default","957498349","OXY5","118.468","min","154.847","μmol/L","Humid","21.196","deg","90788","µV","35.951","°C","1018.000","hPa","37.0","pmil","0","55.500","deg","20.000","°C","100.000","%a.s.","22.500","deg","20.000","°C","1013.000","hPa","0.861","-0.02056","0.00035","-0.00011","0","14.7","Humid","26.25","0","52.00","342984.29","SABD0000000001","AAV1.0.0.11","2.0.0.28","PSt7-10","000000-000","10/20/2017 9:36:39 AM","0000-00","0","no battery","V"
"10/20/2017","13:08:07","5","default","957498349","OXY5","118.485","min","154.809","μmol/L","Humid","21.197","deg","90785","µV","35.955","°C","1018.000","hPa","37.0","pmil","0","55.500","deg","20.000","°C","100.000","%a.s.","22.500","deg","20.000","°C","1013.000","hPa","0.861","-0.02056","0.00035","-0.00011","0","14.7","Humid","26.25","0","52.00","342960.09","SABD0000000001","AAV1.0.0.11","2.0.0.28","PSt7-10","000000-000","10/20/2017 9:36:39 AM","0000-00","0","no battery","V"
"10/20/2017","13:08:08","5","default","957498349","OXY5","118.502","min","154.879","μmol/L","Humid","21.191","deg","90786","µV","35.958","°C","1018.000","hPa","37.0","pmil","0","55.500","deg","20.000","°C","100.000","%a.s.","22.500","deg","20.000","°C","1013.000","hPa","0.861","-0.02056","0.00035","-0.00011","0","14.7","Humid","26.25","0","52.00","342964.77","SABD0000000001","AAV1.0.0.11","2.0.0.28","PSt7-10","000000-000","10/20/2017 9:36:39 AM","0000-00","0","no battery","V"
"10/20/2017","13:08:09","5","default","957498349","OXY5","118.518","min","154.885","μmol/L","Humid","21.194","deg","90788","µV","35.949","°C","1018.000","hPa","37.0","pmil","0","55.500","deg","20.000","°C","100.000","%a.s.","22.500","deg","20.000","°C","1013.000","hPa","0.861","-0.02056","0.00035","-0.00011","0","14.7","Humid","26.25","0","52.00","342961.03","SABD0000000001","AAV1.0.0.11","2.0.0.28","PSt7-10","000000-000","10/20/2017 9:36:39 AM","0000-00","0","no battery","V"
"10/20/2017","13:08:10","5","default","957498349","OXY5","118.535","min","154.779","μmol/L","Humid","21.199","deg","90782","µV","35.956","°C","1018.000","hPa","37.0","pmil","0","55.500","deg","20.000","°C","100.000","%a.s.","22.500","deg","20.000","°C","1013.000","hPa","0.861","-0.02056","0.00035","-0.00011","0","14.7","Humid","26.25","0","52.00","342975.61","SABD0000000001","AAV1.0.0.11","2.0.0.28","PSt7-10","000000-000","10/20/2017 9:36:39 AM","0000-00","0","no battery","V"
"10/20/2017","13:08:11","5","default","957498349","OXY5","118.552","min","154.935","μmol/L","Humid","21.193","deg","90786","µV","35.943","°C","1018.000","hPa","37.0","pmil","0","55.500","deg","20.000","°C","100.000","%a.s.","22.500","deg","20.000","°C","1013.000","hPa","0.861","-0.02056","0.00035","-0.00011","0","14.7","Humid","26.25","0","52.00","342967.57","SABD0000000001","AAV1.0.0.11","2.0.0.28","PSt7-10","000000-000","10/20/2017 9:36:39 AM","0000-00","0","no battery","V"
"10/20/2017","13:08:12","5","default","957498349","OXY5","118.568","min","154.978","μmol/L","Humid","21.192","deg","90786","µV","35.938","°C","1018.000","hPa","37.0","pmil","0","55.500","deg","20.000","°C","100.000","%a.s.","22.500","deg","20.000","°C","1013.000","hPa","0.861","-0.02056","0.00035","-0.00011","0","14.7","Humid","26.25","0","52.00","342975.09","SABD0000000001","AAV1.0.0.11","2.0.0.28","PSt7-10","000000-000","10/20/2017 9:36:39 AM","0000-00","0","no battery","V"
"10/20/2017","13:08:13","5","default","957498349","OXY5","118.584","min","154.896","μmol/L","Humid","21.192","deg","90786","µV","35.952","°C","1018.000","hPa","37.0","pmil","0","55.500","deg","20.000","°C","100.000","%a.s.","22.500","deg","20.000","°C","1013.000","hPa","0.861","-0.02056","0.00035","-0.00011","0","14.7","Humid","26.25","0","52.00","342964.64","SABD0000000001","AAV1.0.0.11","2.0.0.28","PSt7-10","000000-000","10/20/2017 9:36:39 AM","0000-00","0","no battery","V"
"10/20/2017","13:08:14","5","default","957498349","OXY5","118.601","min","154.837","μmol/L","Humid","21.196","deg","90786","µV","35.953","°C","1018.000","hPa","37.0","pmil","0","55.500","deg","20.000","°C","100.000","%a.s.","22.500","deg","20.000","°C","1013.000","hPa","0.861","-0.02056","0.00035","-0.00011","0","14.7","Humid","26.25","0","52.00","342974.24","SABD0000000001","AAV1.0.0.11","2.0.0.28","PSt7-10","000000-000","10/20/2017 9:36:39 AM","0000-00","0","no battery","V"
"10/20/2017","13:08:15","5","default","957498349","OXY5","118.618","min","154.881","μmol/L","Humid","21.193","deg","90786","µV","35.953","°C","1018.000","hPa","37.0","pmil","0","55.500","deg","20.000","°C","100.000","%a.s.","22.500","deg","20.000","°C","1013.000","hPa","0.861","-0.02056","0.00035","-0.00011","0","14.7","Humid","26.25","0","52.00","342972.62","SABD0000000001","AAV1.0.0.11","2.0.0.28","PSt7-10","000000-000","10/20/2017 9:36:39 AM","0000-00","0","no battery","V"
"10/20/2017","13:08:16","5","default","957498349","OXY5","118.634","min","154.895","μmol/L","Humid","21.198","deg","90785","µV","35.938","°C","1018.000","hPa","37.0","pmil","0","55.500","deg","20.000","°C","100.000","%a.s.","22.500","deg","20.000","°C","1013.000","hPa","0.861","-0.02056","0.00035","-0.00011","0","14.7","Humid","26.25","0","52.00","342970.55","SABD0000000001","AAV1.0.0.11","2.0.0.28","PSt7-10","000000-000","10/20/2017 9:36:39 AM","0000-00","0","no battery","V"
"10/20/2017","13:08:17","5","default","957498349","OXY5","118.651","min","154.863","μmol/L","Humid","21.194","deg","90786","µV","35.953","°C","1018.000","hPa","37.0","pmil","0","55.500","deg","20.000","°C","100.000","%a.s.","22.500","deg","20.000","°C","1013.000","hPa","0.861","-0.02056","0.00035","-0.00011","0","14.7","Humid","26.25","0","52.00","342976.48","SABD0000000001","AAV1.0.0.11","2.0.0.28","PSt7-10","000000-000","10/20/2017 9:36:39 AM","0000-00","0","no battery","V"
"10/20/2017","13:08:18","5","default","957498349","OXY5","118.668","min","154.872","μmol/L","Humid","21.197","deg","90785","µV","35.945","°C","1018.000","hPa","37.0","pmil","0","55.500","deg","20.000","°C","100.000","%a.s.","22.500","deg","20.000","°C","1013.000","hPa","0.861","-0.02056","0.00035","-0.00011","0","14.7","Humid","26.25","0","52.00","342968.72","SABD0000000001","AAV1.0.0.11","2.0.0.28","PSt7-10","000000-000","10/20/2017 9:36:39 AM","0000-00","0","no battery","V"
"10/20/2017","13:08:19","5","default","957498349","OXY5","118.684","min","154.988","μmol/L","Humid","21.191","deg","90781","µV","35.939","°C","1018.000","hPa","37.0","pmil","0","55.500","deg","20.000","°C","100.000","%a.s.","22.500","deg","20.000","°C","1013.000","hPa","0.861","-0.02056","0.00035","-0.00011","0","14.7","Humid","26.25","0","52.00","342955.72","SABD0000000001","AAV1.0.0.11","2.0.0.28","PSt7-10","000000-000","10/20/2017 9:36:39 AM","0000-00","0","no battery","V"
"10/20/2017","13:08:20","5","default","957498349","OXY5","118.701","min","154.894","μmol/L","Humid","21.198","deg","90789","µV","35.939","°C","1018.000","hPa","37.0","pmil","0","55.500","deg","20.000","°C","100.000","%a.s.","22.500","deg","20.000","°C","1013.000","hPa","0.861","-0.02056","0.00035","-0.00011","0","14.7","Humid","26.25","0","52.00","342970.27","SABD0000000001","AAV1.0.0.11","2.0.0.28","PSt7-10","000000-000","10/20/2017 9:36:39 AM","0000-00","0","no battery","V"
"10/20/2017","13:08:21","5","default","957498349","OXY5","118.718","min","154.923","μmol/L","Humid","21.194","deg","90783","µV","35.943","°C","1018.000","hPa","37.0","pmil","0","55.500","deg","20.000","°C","100.000","%a.s.","22.500","deg","20.000","°C","1013.000","hPa","0.861","-0.02056","0.00035","-0.00011","0","14.7","Humid","26.25","0","52.00","342970.10","SABD0000000001","AAV1.0.0.11","2.0.0.28","PSt7-10","000000-000","10/20/2017 9:36:39 AM","0000-00","0","no battery","V"
"10/20/2017","13:08:22","5","default","957498349","OXY5","118.734","min","154.914","μmol/L","Humid","21.196","deg","90784","µV","35.940","°C","1018.000","hPa","37.0","pmil","0","55.500","deg","20.000","°C","100.000","%a.s.","22.500","deg","20.000","°C","1013.000","hPa","0.861","-0.02056","0.00035","-0.00011","0","14.7","Humid","26.25","0","52.00","342966.71","SABD0000000001","AAV1.0.0.11","2.0.0.28","PSt7-10","000000-000","10/20/2017 9:36:39 AM","0000-00","0","no battery","V"
"10/20/2017","13:08:23","5","default","957498349","OXY5","118.751","min","154.842","μmol/L","Humid","21.196","deg","90782","µV","35.952","°C","1018.000","hPa","37.0","pmil","0","55.500","deg","20.000","°C","100.000","%a.s.","22.500","deg","20.000","°C","1013.000","hPa","0.861","-0.02056","0.00035","-0.00011","0","14.7","Humid","26.25","0","52.00","342958.89","SABD0000000001","AAV1.0.0.11","2.0.0.28","PSt7-10","000000-000","10/20/2017 9:36:39 AM","0000-00","0","no battery","V"
"10/20/2017","13:08:24","5","default","957498349","OXY5","118.768","min","154.860","μmol/L","Humid","21.196","deg","90783","µV","35.949","°C","1018.000","hPa","37.0","pmil","0","55.500","deg","20.000","°C","100.000","%a.s.","22.500","deg","20.000","°C","1013.000","hPa","0.861","-0.02056","0.00035","-0.00011","0","14.7","Humid","26.25","0","52.00","342964.85","SABD0000000001","AAV1.0.0.11","2.0.0.28","PSt7-10","000000-000","10/20/2017 9:36:39 AM","0000-00","0","no battery","V"
"10/20/2017","13:08:25","5","default","957498349","OXY5","118.784","min","154.850","μmol/L","Humid","21.194","deg","90777","µV","35.955","°C","1018.000","hPa","37.0","pmil","0","55.500","deg","20.000","°C","100.000","%a.s.","22.500","deg","20.000","°C","1013.000","hPa","0.861","-0.02056","0.00035","-0.00011","0","14.7","Humid","26.25","0","52.00","342960.91","SABD0000000001","AAV1.0.0.11","2.0.0.28","PSt7-10","000000-000","10/20/2017 9:36:39 AM","0000-00","0","no battery","V"
"10/20/2017","13:08:26","5","default","957498349","OXY5","118.801","min","154.789","μmol/L","Humid","21.196","deg","90782","µV","35.961","°C","1018.000","hPa","37.0","pmil","0","55.500","deg","20.000","°C","100.000","%a.s.","22.500","deg","20.000","°C","1013.000","hPa","0.861","-0.02056","0.00035","-0.00011","0","14.7","Humid","26.25","0","52.00","342978.31","SABD0000000001","AAV1.0.0.11","2.0.0.28","PSt7-10","000000-000","10/20/2017 9:36:39 AM","0000-00","0","no battery","V"
"10/20/2017","13:08:27","5","default","957498349","OXY5","118.818","min","154.819","μmol/L","Humid","21.194","deg","90787","µV","35.961","°C","1018.000","hPa","37.0","pmil","0","55.500","deg","20.000","°C","100.000","%a.s.","22.500","deg","20.000","°C","1013.000","hPa","0.861","-0.02056","0.00035","-0.00011","0","14.7","Humid","26.25","0","52.00","342970.86","SABD0000000001","AAV1.0.0.11","2.0.0.28","PSt7-10","000000-000","10/20/2017 9:36:39 AM","0000-00","0","no battery","V"
"10/20/2017","13:08:28","5","default","957498349","OXY5","118.834","min","154.792","μmol/L","Humid","21.197","deg","90785","µV","35.958","°C","1018.000","hPa","37.0","pmil","0","55.500","deg","20.000","°C","100.000","%a.s.","22.500","deg","20.000","°C","1013.000","hPa","0.861","-0.02056","0.00035","-0.00011","0","14.7","Humid","26.25","0","52.00","342966.98","SABD0000000001","AAV1.0.0.11","2.0.0.28","PSt7-10","000000-000","10/20/2017 9:36:39 AM","0000-00","0","no battery","V"
"10/20/2017","13:08:29","5","default","957498349","OXY5","118.851","min","154.729","μmol/L","Humid","21.201","deg","90782","µV","35.959","°C","1018.000","hPa","37.0","pmil","0","55.500","deg","20.000","°C","100.000","%a.s.","22.500","deg","20.000","°C","1013.000","hPa","0.861","-0.02056","0.00035","-0.00011","0","14.7","Humid","26.25","0","52.00","342962.02","SABD0000000001","AAV1.0.0.11","2.0.0.28","PSt7-10","000000-000","10/20/2017 9:36:39 AM","0000-00","0","no battery","V"
"10/20/2017","13:08:30","5","default","957498349","OXY5","118.868","min","154.817","μmol/L","Humid","21.201","deg","90781","µV","35.945","°C","1018.000","hPa","37.0","pmil","0","55.500","deg","20.000","°C","100.000","%a.s.","22.500","deg","20.000","°C","1013.000","hPa","0.861","-0.02056","0.00035","-0.00011","0","14.7","Humid","26.25","0","52.00","342960.65","SABD0000000001","AAV1.0.0.11","2.0.0.28","PSt7-10","000000-000","10/20/2017 9:36:39 AM","0000-00","0","no battery","V"
"10/20/2017","13:08:31","5","default","957498349","OXY5","118.884","min","154.894","μmol/L","Humid","21.195","deg","90786","µV","35.946","°C","1018.000","hPa","37.0","pmil","0","55.500","deg","20.000","°C","100.000","%a.s.","22.500","deg","20.000","°C","1013.000","hPa","0.861","-0.02056","0.00035","-0.00011","0","14.7","Humid","26.25","0","52.00","342960.93","SABD0000000001","AAV1.0.0.11","2.0.0.28","PSt7-10","000000-000","10/20/2017 9:36:39 AM","0000-00","0","no battery","V"
"10/20/2017","13:08:32","5","default","957498349","OXY5","118.901","min","154.874","μmol/L","Humid","21.196","deg","90779","µV","35.947","°C","1018.000","hPa","37.0","pmil","0","55.500","deg","20.000","°C","100.000","%a.s.","22.500","deg","20.000","°C","1013.000","hPa","0.861","-0.02056","0.00035","-0.00011","0","14.7","Humid","26.25","0","52.00","342940.94","SABD0000000001","AAV1.0.0.11","2.0.0.28","PSt7-10","000000-000","10/20/2017 9:36:39 AM","0000-00","0","no battery","V"
"10/20/2017","13:08:33","5","default","957498349","OXY5","118.918","min","154.932","μmol/L","Humid","21.192","deg","90782","µV","35.946","°C","1018.000","hPa","37.0","pmil","0","55.500","deg","20.000","°C","100.000","%a.s.","22.500","deg","20.000","°C","1013.000","hPa","0.861","-0.02056","0.00035","-0.00011","0","14.7","Humid","26.25","0","52.00","342956.77","SABD0000000001","AAV1.0.0.11","2.0.0.28","PSt7-10","000000-000","10/20/2017 9:36:39 AM","0000-00","0","no battery","V"
"10/20/2017","13:08:34","5","default","957498349","OXY5","118.934","min","154.784","μmol/L","Humid","21.198","deg","90780","µV","35.957","°C","1018.000","hPa","37.0","pmil","0","55.500","deg","20.000","°C","100.000","%a.s.","22.500","deg","20.000","°C","1013.000","hPa","0.861","-0.02056","0.00035","-0.00011","0","14.7","Humid","26.25","0","52.00","342957.51","SABD0000000001","AAV1.0.0.11","2.0.0.28","PSt7-10","000000-000","10/20/2017 9:36:39 AM","0000-00","0","no battery","V"
"10/20/2017","13:08:35","5","default","957498349","OXY5","118.951","min","154.880","μmol/L","Humid","21.194","deg","90784","µV","35.950","°C","1018.000","hPa","37.0","pmil","0","55.500","deg","20.000","°C","100.000","%a.s.","22.500","deg","20.000","°C","1013.000","hPa","0.861","-0.02056","0.00035","-0.00011","0","14.7","Humid","26.25","0","52.00","342967.68","SABD0000000001","AAV1.0.0.11","2.0.0.28","PSt7-10","000000-000","10/20/2017 9:36:39 AM","0000-00","0","no battery","V"
"10/20/2017","13:08:36","5","default","957498349","OXY5","118.968","min","154.941","μmol/L","Humid","21.193","deg","90786","µV","35.942","°C","1018.000","hPa","37.0","pmil","0","55.500","deg","20.000","°C","100.000","%a.s.","22.500","deg","20.000","°C","1013.000","hPa","0.861","-0.02056","0.00035","-0.00011","0","14.7","Humid","26.25","0","52.00","342957.20","SABD0000000001","AAV1.0.0.11","2.0.0.28","PSt7-10","000000-000","10/20/2017 9:36:39 AM","0000-00","0","no battery","V"
"10/20/2017","13:08:37","5","default","957498349","OXY5","118.984","min","154.879","μmol/L","Humid","21.195","deg","90780","µV","35.948","°C","1018.000","hPa","37.0","pmil","0","55.500","deg","20.000","°C","100.000","%a.s.","22.500","deg","20.000","°C","1013.000","hPa","0.861","-0.02056","0.00035","-0.00011","0","14.7","Humid","26.25","0","52.00","342954.11","SABD0000000001","AAV1.0.0.11","2.0.0.28","PSt7-10","000000-000","10/20/2017 9:36:39 AM","0000-00","0","no battery","V"
"10/20/2017","13:08:38","5","default","957498349","OXY5","119.001","min","154.887","μmol/L","Humid","21.198","deg","90780","µV","35.940","°C","1018.000","hPa","37.0","pmil","0","55.500","deg","20.000","°C","100.000","%a.s.","22.500","deg","20.000","°C","1013.000","hPa","0.861","-0.02056","0.00035","-0.00011","0","14.7","Humid","26.25","0","52.00","342963.87","SABD0000000001","AAV1.0.0.11","2.0.0.28","PSt7-10","000000-000","10/20/2017 9:36:39 AM","0000-00","0","no battery","V"
"10/20/2017","13:08:39","5","default","957498349","OXY5","119.018","min","154.973","μmol/L","Humid","21.191","deg","90777","µV","35.942","°C","1018.000","hPa","37.0","pmil","0","55.500","deg","20.000","°C","100.000","%a.s.","22.500","deg","20.000","°C","1013.000","hPa","0.861","-0.02056","0.00035","-0.00011","0","14.7","Humid","26.25","0","52.00","342956.11","SABD0000000001","AAV1.0.0.11","2.0.0.28","PSt7-10","000000-000","10/20/2017 9:36:39 AM","0000-00","0","no battery","V"
"10/20/2017","13:08:40","5","default","957498349","OXY5","119.034","min","154.941","μmol/L","Humid","21.194","deg","90783","µV","35.940","°C","1018.000","hPa","37.0","pmil","0","55.500","deg","20.000","°C","100.000","%a.s.","22.500","deg","20.000","°C","1013.000","hPa","0.861","-0.02056","0.00035","-0.00011","0","14.7","Humid","26.25","0","52.00","342954.74","SABD0000000001","AAV1.0.0.11","2.0.0.28","PSt7-10","000000-000","10/20/2017 9:36:39 AM","0000-00","0","no battery","V"
"10/20/2017","13:08:41","5","default","957498349","OXY5","119.051","min","154.796","μmol/L","Humid","21.197","deg","90785","µV","35.958","°C","1018.000","hPa","37.0","pmil","0","55.500","deg","20.000","°C","100.000","%a.s.","22.500","deg","20.000","°C","1013.000","hPa","0.861","-0.02056","0.00035","-0.00011","0","14.7","Humid","26.25","0","52.00","342968.15","SABD0000000001","AAV1.0.0.11","2.0.0.28","PSt7-10","000000-000","10/20/2017 9:36:39 AM","0000-00","0","no battery","V"
"10/20/2017","13:08:42","5","default","957498349","OXY5","119.068","min","154.723","μmol/L","Humid","21.197","deg","90785","µV","35.970","°C","1018.000","hPa","37.0","pmil","0","55.500","deg","20.000","°C","100.000","%a.s.","22.500","deg","20.000","°C","1013.000","hPa","0.861","-0.02056","0.00035","-0.00011","0","14.7","Humid","26.25","0","52.00","342956.23","SABD0000000001","AAV1.0.0.11","2.0.0.28","PSt7-10","000000-000","10/20/2017 9:36:39 AM","0000-00","0","no battery","V"
"10/20/2017","13:08:43","5","default","957498349","OXY5","119.084","min","154.784","μmol/L","Humid","21.194","deg","90781","µV","35.967","°C","1018.000","hPa","37.0","pmil","0","55.500","deg","20.000","°C","100.000","%a.s.","22.500","deg","20.000","°C","1013.000","hPa","0.861","-0.02056","0.00035","-0.00011","0","14.7","Humid","26.25","0","52.00","342961.24","SABD0000000001","AAV1.0.0.11","2.0.0.28","PSt7-10","000000-000","10/20/2017 9:36:39 AM","0000-00","0","no battery","V"
"10/20/2017","13:08:44","5","default","957498349","OXY5","119.101","min","154.694","μmol/L","Humid","21.202","deg","90782","µV","35.963","°C","1018.000","hPa","37.0","pmil","0","55.500","deg","20.000","°C","100.000","%a.s.","22.500","deg","20.000","°C","1013.000","hPa","0.861","-0.02056","0.00035","-0.00011","0","14.7","Humid","26.25","0","52.00","342946.64","SABD0000000001","AAV1.0.0.11","2.0.0.28","PSt7-10","000000-000","10/20/2017 9:36:39 AM","0000-00","0","no battery","V"
"10/20/2017","13:08:45","5","default","957498349","OXY5","119.118","min","154.814","μmol/L","Humid","21.198","deg","90782","µV","35.952","°C","1018.000","hPa","37.0","pmil","0","55.500","deg","20.000","°C","100.000","%a.s.","22.500","deg","20.000","°C","1013.000","hPa","0.861","-0.02056","0.00035","-0.00011","0","14.7","Humid","26.25","0","52.00","342946.89","SABD0000000001","AAV1.0.0.11","2.0.0.28","PSt7-10","000000-000","10/20/2017 9:36:39 AM","0000-00","0","no battery","V"
"10/20/2017","13:08:46","5","default","957498349","OXY5","119.135","min","154.751","μmol/L","Humid","21.198","deg","90783","µV","35.963","°C","1018.000","hPa","37.0","pmil","0","55.500","deg","20.000","°C","100.000","%a.s.","22.500","deg","20.000","°C","1013.000","hPa","0.861","-0.02056","0.00035","-0.00011","0","14.7","Humid","26.25","0","52.00","342954.06","SABD0000000001","AAV1.0.0.11","2.0.0.28","PSt7-10","000000-000","10/20/2017 9:36:39 AM","0000-00","0","no battery","V"
"10/20/2017","13:08:47","5","default","957498349","OXY5","119.151","min","154.793","μmol/L","Humid","21.196","deg","90781","µV","35.960","°C","1018.000","hPa","37.0","pmil","0","55.500","deg","20.000","°C","100.000","%a.s.","22.500","deg","20.000","°C","1013.000","hPa","0.861","-0.02056","0.00035","-0.00011","0","14.7","Humid","26.25","0","52.00","342940.34","SABD0000000001","AAV1.0.0.11","2.0.0.28","PSt7-10","000000-000","10/20/2017 9:36:39 AM","0000-00","0","no battery","V"
"10/20/2017","13:08:48","5","default","957498349","OXY5","119.168","min","154.768","μmol/L","Humid","21.200","deg","90785","µV","35.955","°C","1018.000","hPa","37.0","pmil","0","55.500","deg","20.000","°C","100.000","%a.s.","22.500","deg","20.000","°C","1013.000","hPa","0.861","-0.02056","0.00035","-0.00011","0","14.7","Humid","26.25","0","52.00","342946.45","SABD0000000001","AAV1.0.0.11","2.0.0.28","PSt7-10","000000-000","10/20/2017 9:36:39 AM","0000-00","0","no battery","V"
"10/20/2017","13:08:49","5","default","957498349","OXY5","119.185","min","154.788","μmol/L","Humid","21.195","deg","90773","µV","35.964","°C","1018.000","hPa","37.0","pmil","0","55.500","deg","20.000","°C","100.000","%a.s.","22.500","deg","20.000","°C","1013.000","hPa","0.861","-0.02056","0.00035","-0.00011","0","14.7","Humid","26.25","0","52.00","342941.16","SABD0000000001","AAV1.0.0.11","2.0.0.28","PSt7-10","000000-000","10/20/2017 9:36:39 AM","0000-00","0","no battery","V"
"10/20/2017","13:08:50","5","default","957498349","OXY5","119.201","min","154.961","μmol/L","Humid","21.195","deg","90778","µV","35.934","°C","1018.000","hPa","37.0","pmil","0","55.500","deg","20.000","°C","100.000","%a.s.","22.500","deg","20.000","°C","1013.000","hPa","0.861","-0.02056","0.00035","-0.00011","0","14.7","Humid","26.25","0","52.00","342942.50","SABD0000000001","AAV1.0.0.11","2.0.0.28","PSt7-10","000000-000","10/20/2017 9:36:39 AM","0000-00","0","no battery","V"
"10/20/2017","13:08:51","5","default","957498349","OXY5","119.218","min","154.806","μmol/L","Humid","21.200","deg","90786","µV","35.949","°C","1018.000","hPa","37.0","pmil","0","55.500","deg","20.000","°C","100.000","%a.s.","22.500","deg","20.000","°C","1013.000","hPa","0.861","-0.02056","0.00035","-0.00011","0","14.7","Humid","26.25","0","52.00","342941.98","SABD0000000001","AAV1.0.0.11","2.0.0.28","PSt7-10","000000-000","10/20/2017 9:36:39 AM","0000-00","0","no battery","V"
"10/20/2017","13:08:52","5","default","957498349","OXY5","119.235","min","154.751","μmol/L","Humid","21.198","deg","90784","µV","35.963","°C","1018.000","hPa","37.0","pmil","0","55.500","deg","20.000","°C","100.000","%a.s.","22.500","deg","20.000","°C","1013.000","hPa","0.861","-0.02056","0.00035","-0.00011","0","14.7","Humid","26.25","0","52.00","342943.97","SABD0000000001","AAV1.0.0.11","2.0.0.28","PSt7-10","000000-000","10/20/2017 9:36:39 AM","0000-00","0","no battery","V"
"10/20/2017","13:08:53","5","default","957498349","OXY5","119.251","min","154.837","μmol/L","Humid","21.197","deg","90779","µV","35.951","°C","1018.000","hPa","37.0","pmil","0","55.500","deg","20.000","°C","100.000","%a.s.","22.500","deg","20.000","°C","1013.000","hPa","0.861","-0.02056","0.00035","-0.00011","0","14.7","Humid","26.25","0","52.00","342951.07","SABD0000000001","AAV1.0.0.11","2.0.0.28","PSt7-10","000000-000","10/20/2017 9:36:39 AM","0000-00","0","no battery","V"
"10/20/2017","13:08:54","5","default","957498349","OXY5","119.268","min","154.831","μmol/L","Humid","21.196","deg","90784","µV","35.954","°C","1018.000","hPa","37.0","pmil","0","55.500","deg","20.000","°C","100.000","%a.s.","22.500","deg","20.000","°C","1013.000","hPa","0.861","-0.02056","0.00035","-0.00011","0","14.7","Humid","26.25","0","52.00","342939.56","SABD0000000001","AAV1.0.0.11","2.0.0.28","PSt7-10","000000-000","10/20/2017 9:36:39 AM","0000-00","0","no battery","V"
"10/20/2017","13:08:55","5","default","957498349","OXY5","119.285","min","154.820","μmol/L","Humid","21.196","deg","90783","µV","35.956","°C","1018.000","hPa","37.0","pmil","0","55.500","deg","20.000","°C","100.000","%a.s.","22.500","deg","20.000","°C","1013.000","hPa","0.861","-0.02056","0.00035","-0.00011","0","14.7","Humid","26.25","0","52.00","342936.14","SABD0000000001","AAV1.0.0.11","2.0.0.28","PSt7-10","000000-000","10/20/2017 9:36:39 AM","0000-00","0","no battery","V"
"10/20/2017","13:08:56","5","default","957498349","OXY5","119.301","min","154.872","μmol/L","Humid","21.197","deg","90785","µV","35.945","°C","1018.000","hPa","37.0","pmil","0","55.500","deg","20.000","°C","100.000","%a.s.","22.500","deg","20.000","°C","1013.000","hPa","0.861","-0.02056","0.00035","-0.00011","0","14.7","Humid","26.25","0","52.00","342950.07","SABD0000000001","AAV1.0.0.11","2.0.0.28","PSt7-10","000000-000","10/20/2017 9:36:39 AM","0000-00","0","no battery","V"
"10/20/2017","13:08:57","5","default","957498349","OXY5","119.318","min","154.791","μmol/L","Humid","21.199","deg","90776","µV","35.954","°C","1018.000","hPa","37.0","pmil","0","55.500","deg","20.000","°C","100.000","%a.s.","22.500","deg","20.000","°C","1013.000","hPa","0.861","-0.02056","0.00035","-0.00011","0","14.7","Humid","26.25","0","52.00","342939.70","SABD0000000001","AAV1.0.0.11","2.0.0.28","PSt7-10","000000-000","10/20/2017 9:36:39 AM","0000-00","0","no battery","V"
"10/20/2017","13:08:58","5","default","957498349","OXY5","119.335","min","154.871","μmol/L","Humid","21.196","deg","90784","µV","35.947","°C","1018.000","hPa","37.0","pmil","0","55.500","deg","20.000","°C","100.000","%a.s.","22.500","deg","20.000","°C","1013.000","hPa","0.861","-0.02056","0.00035","-0.00011","0","14.7","Humid","26.25","0","52.00","342944.81","SABD0000000001","AAV1.0.0.11","2.0.0.28","PSt7-10","000000-000","10/20/2017 9:36:39 AM","0000-00","0","no battery","V"
"10/20/2017","13:08:59","5","default","957498349","OXY5","119.351","min","154.833","μmol/L","Humid","21.199","deg","90784","µV","35.947","°C","1018.000","hPa","37.0","pmil","0","55.500","deg","20.000","°C","100.000","%a.s.","22.500","deg","20.000","°C","1013.000","hPa","0.861","-0.02056","0.00035","-0.00011","0","14.7","Humid","26.25","0","52.00","342946.54","SABD0000000001","AAV1.0.0.11","2.0.0.28","PSt7-10","000000-000","10/20/2017 9:36:39 AM","0000-00","0","no battery","V"
"10/20/2017","13:09:00","5","default","957498349","OXY5","119.368","min","154.896","μmol/L","Humid","21.197","deg","90779","µV","35.941","°C","1018.000","hPa","37.0","pmil","0","55.500","deg","20.000","°C","100.000","%a.s.","22.500","deg","20.000","°C","1013.000","hPa","0.861","-0.02056","0.00035","-0.00011","0","14.7","Humid","26.25","0","52.00","342941.36","SABD0000000001","AAV1.0.0.11","2.0.0.28","PSt7-10","000000-000","10/20/2017 9:36:39 AM","0000-00","0","no battery","V"
"10/20/2017","13:09:01","5","default","957498349","OXY5","119.385","min","154.781","μmol/L","Humid","21.198","deg","90773","µV","35.958","°C","1018.000","hPa","37.0","pmil","0","55.500","deg","20.000","°C","100.000","%a.s.","22.500","deg","20.000","°C","1013.000","hPa","0.861","-0.02056","0.00035","-0.00011","0","14.7","Humid","26.25","0","52.00","342928.15","SABD0000000001","AAV1.0.0.11","2.0.0.28","PSt7-10","000000-000","10/20/2017 9:36:39 AM","0000-00","0","no battery","V"
"10/20/2017","13:09:02","5","default","957498349","OXY5","119.401","min","154.835","μmol/L","Humid","21.192","deg","90780","µV","35.963","°C","1018.000","hPa","37.0","pmil","0","55.500","deg","20.000","°C","100.000","%a.s.","22.500","deg","20.000","°C","1013.000","hPa","0.861","-0.02056","0.00035","-0.00011","0","14.7","Humid","26.25","0","52.00","342941.07","SABD0000000001","AAV1.0.0.11","2.0.0.28","PSt7-10","000000-000","10/20/2017 9:36:39 AM","0000-00","0","no battery","V"
"10/20/2017","13:09:03","5","default","957498349","OXY5","119.418","min","154.842","μmol/L","Humid","21.197","deg","90777","µV","35.950","°C","1018.000","hPa","37.0","pmil","0","55.500","deg","20.000","°C","100.000","%a.s.","22.500","deg","20.000","°C","1013.000","hPa","0.861","-0.02056","0.00035","-0.00011","0","14.7","Humid","26.25","0","52.00","342927.55","SABD0000000001","AAV1.0.0.11","2.0.0.28","PSt7-10","000000-000","10/20/2017 9:36:39 AM","0000-00","0","no battery","V"
"10/20/2017","13:09:04","5","default","957498349","OXY5","119.435","min","154.757","μmol/L","Humid","21.195","deg","90780","µV","35.969","°C","1018.000","hPa","37.0","pmil","0","55.500","deg","20.000","°C","100.000","%a.s.","22.500","deg","20.000","°C","1013.000","hPa","0.861","-0.02056","0.00035","-0.00011","0","14.7","Humid","26.25","0","52.00","342923.03","SABD0000000001","AAV1.0.0.11","2.0.0.28","PSt7-10","000000-000","10/20/2017 9:36:39 AM","0000-00","0","no battery","V"
"10/20/2017","13:09:05","5","default","957498349","OXY5","119.451","min","154.781","μmol/L","Humid","21.196","deg","90782","µV","35.962","°C","1018.000","hPa","37.0","pmil","0","55.500","deg","20.000","°C","100.000","%a.s.","22.500","deg","20.000","°C","1013.000","hPa","0.861","-0.02056","0.00035","-0.00011","0","14.7","Humid","26.25","0","52.00","342928.10","SABD0000000001","AAV1.0.0.11","2.0.0.28","PSt7-10","000000-000","10/20/2017 9:36:39 AM","0000-00","0","no battery","V"
"10/20/2017","13:09:06","5","default","957498349","OXY5","119.468","min","154.779","μmol/L","Humid","21.195","deg","90778","µV","35.965","°C","1018.000","hPa","37.0","pmil","0","55.500","deg","20.000","°C","100.000","%a.s.","22.500","deg","20.000","°C","1013.000","hPa","0.861","-0.02056","0.00035","-0.00011","0","14.7","Humid","26.25","0","52.00","342925.66","SABD0000000001","AAV1.0.0.11","2.0.0.28","PSt7-10","000000-000","10/20/2017 9:36:39 AM","0000-00","0","no battery","V"
"10/20/2017","13:09:07","5","default","957498349","OXY5","119.485","min","154.813","μmol/L","Humid","21.199","deg","90778","µV","35.950","°C","1018.000","hPa","37.0","pmil","0","55.500","deg","20.000","°C","100.000","%a.s.","22.500","deg","20.000","°C","1013.000","hPa","0.861","-0.02056","0.00035","-0.00011","0","14.7","Humid","26.25","0","52.00","342927.15","SABD0000000001","AAV1.0.0.11","2.0.0.28","PSt7-10","000000-000","10/20/2017 9:36:39 AM","0000-00","0","no battery","V"
"10/20/2017","13:09:08","5","default","957498349","OXY5","119.501","min","154.956","μmol/L","Humid","21.193","deg","90781","µV","35.940","°C","1018.000","hPa","37.0","pmil","0","55.500","deg","20.000","°C","100.000","%a.s.","22.500","deg","20.000","°C","1013.000","hPa","0.861","-0.02056","0.00035","-0.00011","0","14.7","Humid","26.25","0","52.00","342929.56","SABD0000000001","AAV1.0.0.11","2.0.0.28","PSt7-10","000000-000","10/20/2017 9:36:39 AM","0000-00","0","no battery","V"
"10/20/2017","13:09:09","5","default","957498349","OXY5","119.518","min","154.864","μmol/L","Humid","21.196","deg","90773","µV","35.948","°C","1018.000","hPa","37.0","pmil","0","55.500","deg","20.000","°C","100.000","%a.s.","22.500","deg","20.000","°C","1013.000","hPa","0.861","-0.02056","0.00035","-0.00011","0","14.7","Humid","26.25","0","52.00","342935.01","SABD0000000001","AAV1.0.0.11","2.0.0.28","PSt7-10","000000-000","10/20/2017 9:36:39 AM","0000-00","0","no battery","V"
"10/20/2017","13:09:10","5","default","957498349","OXY5","119.535","min","154.839","μmol/L","Humid","21.198","deg","90778","µV","35.948","°C","1018.000","hPa","37.0","pmil","0","55.500","deg","20.000","°C","100.000","%a.s.","22.500","deg","20.000","°C","1013.000","hPa","0.861","-0.02056","0.00035","-0.00011","0","14.7","Humid","26.25","0","52.00","342932.66","SABD0000000001","AAV1.0.0.11","2.0.0.28","PSt7-10","000000-000","10/20/2017 9:36:39 AM","0000-00","0","no battery","V"
"10/20/2017","13:09:11","5","default","957498349","OXY5","119.552","min","154.836","μmol/L","Humid","21.194","deg","90775","µV","35.958","°C","1018.000","hPa","37.0","pmil","0","55.500","deg","20.000","°C","100.000","%a.s.","22.500","deg","20.000","°C","1013.000","hPa","0.861","-0.02056","0.00035","-0.00011","0","14.7","Humid","26.25","0","52.00","342924.37","SABD0000000001","AAV1.0.0.11","2.0.0.28","PSt7-10","000000-000","10/20/2017 9:36:39 AM","0000-00","0","no battery","V"
"10/20/2017","13:09:12","5","default","957498349","OXY5","119.568","min","154.738","μmol/L","Humid","21.197","deg","90787","µV","35.967","°C","1018.000","hPa","37.0","pmil","0","55.500","deg","20.000","°C","100.000","%a.s.","22.500","deg","20.000","°C","1013.000","hPa","0.861","-0.02056","0.00035","-0.00011","0","14.7","Humid","26.25","0","52.00","342926.37","SABD0000000001","AAV1.0.0.11","2.0.0.28","PSt7-10","000000-000","10/20/2017 9:36:39 AM","0000-00","0","no battery","V"
"10/20/2017","13:09:13","5","default","957498349","OXY5","119.585","min","154.758","μmol/L","Humid","21.201","deg","90780","µV","35.955","°C","1018.000","hPa","37.0","pmil","0","55.500","deg","20.000","°C","100.000","%a.s.","22.500","deg","20.000","°C","1013.000","hPa","0.861","-0.02056","0.00035","-0.00011","0","14.7","Humid","26.25","0","52.00","342925.20","SABD0000000001","AAV1.0.0.11","2.0.0.28","PSt7-10","000000-000","10/20/2017 9:36:39 AM","0000-00","0","no battery","V"
"10/20/2017","13:09:14","5","default","957498349","OXY5","119.602","min","154.847","μmol/L","Humid","21.197","deg","90779","µV","35.949","°C","1018.000","hPa","37.0","pmil","0","55.500","deg","20.000","°C","100.000","%a.s.","22.500","deg","20.000","°C","1013.000","hPa","0.861","-0.02056","0.00035","-0.00011","0","14.7","Humid","26.25","0","52.00","342923.58","SABD0000000001","AAV1.0.0.11","2.0.0.28","PSt7-10","000000-000","10/20/2017 9:36:39 AM","0000-00","0","no battery","V"
"10/20/2017","13:09:15","5","default","957498349","OXY5","119.618","min","154.778","μmol/L","Humid","21.197","deg","90775","µV","35.961","°C","1018.000","hPa","37.0","pmil","0","55.500","deg","20.000","°C","100.000","%a.s.","22.500","deg","20.000","°C","1013.000","hPa","0.861","-0.02056","0.00035","-0.00011","0","14.7","Humid","26.25","0","52.00","342921.57","SABD0000000001","AAV1.0.0.11","2.0.0.28","PSt7-10","000000-000","10/20/2017 9:36:39 AM","0000-00","0","no battery","V"
"10/20/2017","13:09:16","5","default","957498349","OXY5","119.635","min","154.785","μmol/L","Humid","21.197","deg","90776","µV","35.959","°C","1018.000","hPa","37.0","pmil","0","55.500","deg","20.000","°C","100.000","%a.s.","22.500","deg","20.000","°C","1013.000","hPa","0.861","-0.02056","0.00035","-0.00011","0","14.7","Humid","26.25","0","52.00","342920.19","SABD0000000001","AAV1.0.0.11","2.0.0.28","PSt7-10","000000-000","10/20/2017 9:36:39 AM","0000-00","0","no battery","V"
"10/20/2017","13:09:17","5","default","957498349","OXY5","119.652","min","154.881","μmol/L","Humid","21.193","deg","90778","µV","35.952","°C","1018.000","hPa","37.0","pmil","0","55.500","deg","20.000","°C","100.000","%a.s.","22.500","deg","20.000","°C","1013.000","hPa","0.861","-0.02056","0.00035","-0.00011","0","14.7","Humid","26.25","0","52.00","342922.35","SABD0000000001","AAV1.0.0.11","2.0.0.28","PSt7-10","000000-000","10/20/2017 9:36:39 AM","0000-00","0","no battery","V"
"10/20/2017","13:09:18","5","default","957498349","OXY5","119.668","min","154.827","μmol/L","Humid","21.197","deg","90784","µV","35.952","°C","1018.000","hPa","37.0","pmil","0","55.500","deg","20.000","°C","100.000","%a.s.","22.500","deg","20.000","°C","1013.000","hPa","0.861","-0.02056","0.00035","-0.00011","0","14.7","Humid","26.25","0","52.00","342926.63","SABD0000000001","AAV1.0.0.11","2.0.0.28","PSt7-10","000000-000","10/20/2017 9:36:39 AM","0000-00","0","no battery","V"
"10/20/2017","13:09:19","5","default","957498349","OXY5","119.685","min","154.880","μmol/L","Humid","21.197","deg","90783","µV","35.943","°C","1018.000","hPa","37.0","pmil","0","55.500","deg","20.000","°C","100.000","%a.s.","22.500","deg","20.000","°C","1013.000","hPa","0.861","-0.02056","0.00035","-0.00011","0","14.7","Humid","26.25","0","52.00","342914.41","SABD0000000001","AAV1.0.0.11","2.0.0.28","PSt7-10","000000-000","10/20/2017 9:36:39 AM","0000-00","0","no battery","V"
"10/20/2017","13:09:20","5","default","957498349","OXY5","119.702","min","154.760","μmol/L","Humid","21.193","deg","90780","µV","35.973","°C","1018.000","hPa","37.0","pmil","0","55.500","deg","20.000","°C","100.000","%a.s.","22.500","deg","20.000","°C","1013.000","hPa","0.861","-0.02056","0.00035","-0.00011","0","14.7","Humid","26.25","0","52.00","342924.98","SABD0000000001","AAV1.0.0.11","2.0.0.28","PSt7-10","000000-000","10/20/2017 9:36:39 AM","0000-00","0","no battery","V"
"10/20/2017","13:09:21","5","default","957498349","OXY5","119.718","min","154.709","μmol/L","Humid","21.197","deg","90781","µV","35.972","°C","1018.000","hPa","37.0","pmil","0","55.500","deg","20.000","°C","100.000","%a.s.","22.500","deg","20.000","°C","1013.000","hPa","0.861","-0.02056","0.00035","-0.00011","0","14.7","Humid","26.25","0","52.00","342914.98","SABD0000000001","AAV1.0.0.11","2.0.0.28","PSt7-10","000000-000","10/20/2017 9:36:39 AM","0000-00","0","no battery","V"
"10/20/2017","13:09:22","5","default","957498349","OXY5","119.735","min","154.800","μmol/L","Humid","21.193","deg","90780","µV","35.966","°C","1018.000","hPa","37.0","pmil","0","55.500","deg","20.000","°C","100.000","%a.s.","22.500","deg","20.000","°C","1013.000","hPa","0.861","-0.02056","0.00035","-0.00011","0","14.7","Humid","26.25","0","52.00","342907.94","SABD0000000001","AAV1.0.0.11","2.0.0.28","PSt7-10","000000-000","10/20/2017 9:36:39 AM","0000-00","0","no battery","V"
"10/20/2017","13:09:23","5","default","957498349","OXY5","119.752","min","154.868","μmol/L","Humid","21.194","deg","90773","µV","35.952","°C","1018.000","hPa","37.0","pmil","0","55.500","deg","20.000","°C","100.000","%a.s.","22.500","deg","20.000","°C","1013.000","hPa","0.861","-0.02056","0.00035","-0.00011","0","14.7","Humid","26.25","0","52.00","342905.44","SABD0000000001","AAV1.0.0.11","2.0.0.28","PSt7-10","000000-000","10/20/2017 9:36:39 AM","0000-00","0","no battery","V"
"10/20/2017","13:09:24","5","default","957498349","OXY5","119.768","min","154.649","μmol/L","Humid","21.200","deg","90777","µV","35.975","°C","1018.000","hPa","37.0","pmil","0","55.500","deg","20.000","°C","100.000","%a.s.","22.500","deg","20.000","°C","1013.000","hPa","0.861","-0.02056","0.00035","-0.00011","0","14.7","Humid","26.25","0","52.00","342919.94","SABD0000000001","AAV1.0.0.11","2.0.0.28","PSt7-10","000000-000","10/20/2017 9:36:39 AM","0000-00","0","no battery","V"
"10/20/2017","13:09:25","5","default","957498349","OXY5","119.785","min","154.843","μmol/L","Humid","21.196","deg","90777","µV","35.952","°C","1018.000","hPa","37.0","pmil","0","55.500","deg","20.000","°C","100.000","%a.s.","22.500","deg","20.000","°C","1013.000","hPa","0.861","-0.02056","0.00035","-0.00011","0","14.7","Humid","26.25","0","52.00","342923.81","SABD0000000001","AAV1.0.0.11","2.0.0.28","PSt7-10","000000-000","10/20/2017 9:36:39 AM","0000-00","0","no battery","V"
"10/20/2017","13:09:26","5","default","957498349","OXY5","119.802","min","154.835","μmol/L","Humid","21.198","deg","90784","µV","35.949","°C","1018.000","hPa","37.0","pmil","0","55.500","deg","20.000","°C","100.000","%a.s.","22.500","deg","20.000","°C","1013.000","hPa","0.861","-0.02056","0.00035","-0.00011","0","14.7","Humid","26.25","0","52.00","342896.42","SABD0000000001","AAV1.0.0.11","2.0.0.28","PSt7-10","000000-000","10/20/2017 9:36:39 AM","0000-00","0","no battery","V"
"10/20/2017","13:09:27","5","default","957498349","OXY5","119.818","min","154.833","μmol/L","Humid","21.197","deg","90781","µV","35.951","°C","1018.000","hPa","37.0","pmil","0","55.500","deg","20.000","°C","100.000","%a.s.","22.500","deg","20.000","°C","1013.000","hPa","0.861","-0.02056","0.00035","-0.00011","0","14.7","Humid","26.25","0","52.00","342919.73","SABD0000000001","AAV1.0.0.11","2.0.0.28","PSt7-10","000000-000","10/20/2017 9:36:39 AM","0000-00","0","no battery","V"
"10/20/2017","13:09:28","5","default","957498349","OXY5","119.834","min","154.741","μmol/L","Humid","21.202","deg","90786","µV","35.955","°C","1018.000","hPa","37.0","pmil","0","55.500","deg","20.000","°C","100.000","%a.s.","22.500","deg","20.000","°C","1013.000","hPa","0.861","-0.02056","0.00035","-0.00011","0","14.7","Humid","26.25","0","52.00","342913.20","SABD0000000001","AAV1.0.0.11","2.0.0.28","PSt7-10","000000-000","10/20/2017 9:36:39 AM","0000-00","0","no battery","V"
"10/20/2017","13:09:29","5","default","957498349","OXY5","119.851","min","154.828","μmol/L","Humid","21.197","deg","90777","µV","35.952","°C","1018.000","hPa","37.0","pmil","0","55.500","deg","20.000","°C","100.000","%a.s.","22.500","deg","20.000","°C","1013.000","hPa","0.861","-0.02056","0.00035","-0.00011","0","14.7","Humid","26.25","0","52.00","342914.84","SABD0000000001","AAV1.0.0.11","2.0.0.28","PSt7-10","000000-000","10/20/2017 9:36:39 AM","0000-00","0","no battery","V"
"10/20/2017","13:09:30","5","default","957498349","OXY5","119.868","min","154.749","μmol/L","Humid","21.194","deg","90778","µV","35.973","°C","1018.000","hPa","37.0","pmil","0","55.500","deg","20.000","°C","100.000","%a.s.","22.500","deg","20.000","°C","1013.000","hPa","0.861","-0.02056","0.00035","-0.00011","0","14.7","Humid","26.25","0","52.00","342903.42","SABD0000000001","AAV1.0.0.11","2.0.0.28","PSt7-10","000000-000","10/20/2017 9:36:39 AM","0000-00","0","no battery","V"
"10/20/2017","13:09:31","5","default","957498349","OXY5","119.884","min","154.900","μmol/L","Humid","21.194","deg","90779","µV","35.947","°C","1018.000","hPa","37.0","pmil","0","55.500","deg","20.000","°C","100.000","%a.s.","22.500","deg","20.000","°C","1013.000","hPa","0.861","-0.02056","0.00035","-0.00011","0","14.7","Humid","26.25","0","52.00","342919.43","SABD0000000001","AAV1.0.0.11","2.0.0.28","PSt7-10","000000-000","10/20/2017 9:36:39 AM","0000-00","0","no battery","V"
"10/20/2017","13:09:32","5","default","957498349","OXY5","119.901","min","154.834","μmol/L","Humid","21.196","deg","90772","µV","35.953","°C","1018.000","hPa","37.0","pmil","0","55.500","deg","20.000","°C","100.000","%a.s.","22.500","deg","20.000","°C","1013.000","hPa","0.861","-0.02056","0.00035","-0.00011","0","14.7","Humid","26.25","0","52.00","342913.78","SABD0000000001","AAV1.0.0.11","2.0.0.28","PSt7-10","000000-000","10/20/2017 9:36:39 AM","0000-00","0","no battery","V"
"10/20/2017","13:09:33","5","default","957498349","OXY5","119.918","min","154.856","μmol/L","Humid","21.194","deg","90774","µV","35.954","°C","1018.000","hPa","37.0","pmil","0","55.500","deg","20.000","°C","100.000","%a.s.","22.500","deg","20.000","°C","1013.000","hPa","0.861","-0.02056","0.00035","-0.00011","0","14.7","Humid","26.25","0","52.00","342914.88","SABD0000000001","AAV1.0.0.11","2.0.0.28","PSt7-10","000000-000","10/20/2017 9:36:39 AM","0000-00","0","no battery","V"
"10/20/2017","13:09:34","5","default","957498349","OXY5","119.935","min","154.870","μmol/L","Humid","21.197","deg","90779","µV","35.945","°C","1018.000","hPa","37.0","pmil","0","55.500","deg","20.000","°C","100.000","%a.s.","22.500","deg","20.000","°C","1013.000","hPa","0.861","-0.02056","0.00035","-0.00011","0","14.7","Humid","26.25","0","52.00","342901.98","SABD0000000001","AAV1.0.0.11","2.0.0.28","PSt7-10","000000-000","10/20/2017 9:36:39 AM","0000-00","0","no battery","V"
"10/20/2017","13:09:35","5","default","957498349","OXY5","119.951","min","154.782","μmol/L","Humid","21.199","deg","90773","µV","35.955","°C","1018.000","hPa","37.0","pmil","0","55.500","deg","20.000","°C","100.000","%a.s.","22.500","deg","20.000","°C","1013.000","hPa","0.861","-0.02056","0.00035","-0.00011","0","14.7","Humid","26.25","0","52.00","342921.36","SABD0000000001","AAV1.0.0.11","2.0.0.28","PSt7-10","000000-000","10/20/2017 9:36:39 AM","0000-00","0","no battery","V"
"10/20/2017","13:09:36","5","default","957498349","OXY5","119.968","min","154.881","μmol/L","Humid","21.193","deg","90777","µV","35.953","°C","1018.000","hPa","37.0","pmil","0","55.500","deg","20.000","°C","100.000","%a.s.","22.500","deg","20.000","°C","1013.000","hPa","0.861","-0.02056","0.00035","-0.00011","0","14.7","Humid","26.25","0","52.00","342919.84","SABD0000000001","AAV1.0.0.11","2.0.0.28","PSt7-10","000000-000","10/20/2017 9:36:39 AM","0000-00","0","no battery","V"
"10/20/2017","13:09:37","5","default","957498349","OXY5","119.985","min","154.724","μmol/L","Humid","21.200","deg","90777","µV","35.963","°C","1018.000","hPa","37.0","pmil","0","55.500","deg","20.000","°C","100.000","%a.s.","22.500","deg","20.000","°C","1013.000","hPa","0.861","-0.02056","0.00035","-0.00011","0","14.7","Humid","26.25","0","52.00","342896.35","SABD0000000001","AAV1.0.0.11","2.0.0.28","PSt7-10","000000-000","10/20/2017 9:36:39 AM","0000-00","0","no battery","V"
"10/20/2017","13:09:38","5","default","957498349","OXY5","120.001","min","154.777","μmol/L","Humid","21.197","deg","90773","µV","35.961","°C","1018.000","hPa","37.0","pmil","0","55.500","deg","20.000","°C","100.000","%a.s.","22.500","deg","20.000","°C","1013.000","hPa","0.861","-0.02056","0.00035","-0.00011","0","14.7","Humid","26.25","0","52.00","342894.79","SABD0000000001","AAV1.0.0.11","2.0.0.28","PSt7-10","000000-000","10/20/2017 9:36:39 AM","0000-00","0","no battery","V"
"10/20/2017","13:09:39","5","default","957498349","OXY5","120.018","min","154.707","μmol/L","Humid","21.198","deg","90777","µV","35.970","°C","1018.000","hPa","37.0","pmil","0","55.500","deg","20.000","°C","100.000","%a.s.","22.500","deg","20.000","°C","1013.000","hPa","0.861","-0.02056","0.00035","-0.00011","0","14.7","Humid","26.25","0","52.00","342916.17","SABD0000000001","AAV1.0.0.11","2.0.0.28","PSt7-10","000000-000","10/20/2017 9:36:39 AM","0000-00","0","no battery","V"
"10/20/2017","13:09:40","5","default","957498349","OXY5","120.035","min","154.843","μmol/L","Humid","21.192","deg","90771","µV","35.961","°C","1018.000","hPa","37.0","pmil","0","55.500","deg","20.000","°C","100.000","%a.s.","22.500","deg","20.000","°C","1013.000","hPa","0.861","-0.02056","0.00035","-0.00011","0","14.7","Humid","26.25","0","52.00","342889.47","SABD0000000001","AAV1.0.0.11","2.0.0.28","PSt7-10","000000-000","10/20/2017 9:36:39 AM","0000-00","0","no battery","V"
"10/20/2017","13:09:41","5","default","957498349","OXY5","120.051","min","154.679","μmol/L","Humid","21.199","deg","90774","µV","35.973","°C","1018.000","hPa","37.0","pmil","0","55.500","deg","20.000","°C","100.000","%a.s.","22.500","deg","20.000","°C","1013.000","hPa","0.861","-0.02056","0.00035","-0.00011","0","14.7","Humid","26.25","0","52.00","342899.92","SABD0000000001","AAV1.0.0.11","2.0.0.28","PSt7-10","000000-000","10/20/2017 9:36:39 AM","0000-00","0","no battery","V"
"10/20/2017","13:09:42","5","default","957498349","OXY5","120.068","min","154.708","μmol/L","Humid","21.197","deg","90774","µV","35.973","°C","1018.000","hPa","37.0","pmil","0","55.500","deg","20.000","°C","100.000","%a.s.","22.500","deg","20.000","°C","1013.000","hPa","0.861","-0.02056","0.00035","-0.00011","0","14.7","Humid","26.25","0","52.00","342894.45","SABD0000000001","AAV1.0.0.11","2.0.0.28","PSt7-10","000000-000","10/20/2017 9:36:39 AM","0000-00","0","no battery","V"
"10/20/2017","13:09:43","5","default","957498349","OXY5","120.085","min","154.702","μmol/L","Humid","21.201","deg","90777","µV","35.964","°C","1018.000","hPa","37.0","pmil","0","55.500","deg","20.000","°C","100.000","%a.s.","22.500","deg","20.000","°C","1013.000","hPa","0.861","-0.02056","0.00035","-0.00011","0","14.7","Humid","26.25","0","52.00","342901.52","SABD0000000001","AAV1.0.0.11","2.0.0.28","PSt7-10","000000-000","10/20/2017 9:36:39 AM","0000-00","0","no battery","V"
"10/20/2017","13:09:44","5","default","957498349","OXY5","120.101","min","154.774","μmol/L","Humid","21.199","deg","90779","µV","35.957","°C","1018.000","hPa","37.0","pmil","0","55.500","deg","20.000","°C","100.000","%a.s.","22.500","deg","20.000","°C","1013.000","hPa","0.861","-0.02056","0.00035","-0.00011","0","14.7","Humid","26.25","0","52.00","342906.91","SABD0000000001","AAV1.0.0.11","2.0.0.28","PSt7-10","000000-000","10/20/2017 9:36:39 AM","0000-00","0","no battery","V"
"10/20/2017","13:09:45","5","default","957498349","OXY5","120.118","min","154.826","μmol/L","Humid","21.195","deg","90775","µV","35.957","°C","1018.000","hPa","37.0","pmil","0","55.500","deg","20.000","°C","100.000","%a.s.","22.500","deg","20.000","°C","1013.000","hPa","0.861","-0.02056","0.00035","-0.00011","0","14.7","Humid","26.25","0","52.00","342900.14","SABD0000000001","AAV1.0.0.11","2.0.0.28","PSt7-10","000000-000","10/20/2017 9:36:39 AM","0000-00","0","no battery","V"
"10/20/2017","13:09:46","5","default","957498349","OXY5","120.135","min","154.790","μmol/L","Humid","21.197","deg","90776","µV","35.959","°C","1018.000","hPa","37.0","pmil","0","55.500","deg","20.000","°C","100.000","%a.s.","22.500","deg","20.000","°C","1013.000","hPa","0.861","-0.02056","0.00035","-0.00011","0","14.7","Humid","26.25","0","52.00","342893.59","SABD0000000001","AAV1.0.0.11","2.0.0.28","PSt7-10","000000-000","10/20/2017 9:36:39 AM","0000-00","0","no battery","V"
"10/20/2017","13:09:47","5","default","957498349","OXY5","120.151","min","154.785","μmol/L","Humid","21.196","deg","90773","µV","35.962","°C","1018.000","hPa","37.0","pmil","0","55.500","deg","20.000","°C","100.000","%a.s.","22.500","deg","20.000","°C","1013.000","hPa","0.861","-0.02056","0.00035","-0.00011","0","14.7","Humid","26.25","0","52.00","342887.51","SABD0000000001","AAV1.0.0.11","2.0.0.28","PSt7-10","000000-000","10/20/2017 9:36:39 AM","0000-00","0","no battery","V"
"10/20/2017","13:09:48","5","default","957498349","OXY5","120.168","min","154.797","μmol/L","Humid","21.198","deg","90778","µV","35.955","°C","1018.000","hPa","37.0","pmil","0","55.500","deg","20.000","°C","100.000","%a.s.","22.500","deg","20.000","°C","1013.000","hPa","0.861","-0.02056","0.00035","-0.00011","0","14.7","Humid","26.25","0","52.00","342904.17","SABD0000000001","AAV1.0.0.11","2.0.0.28","PSt7-10","000000-000","10/20/2017 9:36:39 AM","0000-00","0","no battery","V"
"10/20/2017","13:09:49","5","default","957498349","OXY5","120.185","min","154.715","μmol/L","Humid","21.199","deg","90779","µV","35.967","°C","1018.000","hPa","37.0","pmil","0","55.500","deg","20.000","°C","100.000","%a.s.","22.500","deg","20.000","°C","1013.000","hPa","0.861","-0.02056","0.00035","-0.00011","0","14.7","Humid","26.25","0","52.00","342903.36","SABD0000000001","AAV1.0.0.11","2.0.0.28","PSt7-10","000000-000","10/20/2017 9:36:39 AM","0000-00","0","no battery","V"
"10/20/2017","13:09:50","5","default","957498349","OXY5","120.201","min","154.800","μmol/L","Humid","21.197","deg","90782","µV","35.957","°C","1018.000","hPa","37.0","pmil","0","55.500","deg","20.000","°C","100.000","%a.s.","22.500","deg","20.000","°C","1013.000","hPa","0.861","-0.02056","0.00035","-0.00011","0","14.7","Humid","26.25","0","52.00","342893.51","SABD0000000001","AAV1.0.0.11","2.0.0.28","PSt7-10","000000-000","10/20/2017 9:36:39 AM","0000-00","0","no battery","V"
"10/20/2017","13:09:51","5","default","957498349","OXY5","120.218","min","154.778","μmol/L","Humid","21.198","deg","90777","µV","35.958","°C","1018.000","hPa","37.0","pmil","0","55.500","deg","20.000","°C","100.000","%a.s.","22.500","deg","20.000","°C","1013.000","hPa","0.861","-0.02056","0.00035","-0.00011","0","14.7","Humid","26.25","0","52.00","342902.36","SABD0000000001","AAV1.0.0.11","2.0.0.28","PSt7-10","000000-000","10/20/2017 9:36:39 AM","0000-00","0","no battery","V"
"10/20/2017","13:09:52","5","default","957498349","OXY5","120.235","min","154.815","μmol/L","Humid","21.197","deg","90782","µV","35.954","°C","1018.000","hPa","37.0","pmil","0","55.500","deg","20.000","°C","100.000","%a.s.","22.500","deg","20.000","°C","1013.000","hPa","0.861","-0.02056","0.00035","-0.00011","0","14.7","Humid","26.25","0","52.00","342902.63","SABD0000000001","AAV1.0.0.11","2.0.0.28","PSt7-10","000000-000","10/20/2017 9:36:39 AM","0000-00","0","no battery","V"
"10/20/2017","13:09:53","5","default","957498349","OXY5","120.251","min","154.764","μmol/L","Humid","21.197","deg","90778","µV","35.963","°C","1018.000","hPa","37.0","pmil","0","55.500","deg","20.000","°C","100.000","%a.s.","22.500","deg","20.000","°C","1013.000","hPa","0.861","-0.02056","0.00035","-0.00011","0","14.7","Humid","26.25","0","52.00","342897.76","SABD0000000001","AAV1.0.0.11","2.0.0.28","PSt7-10","000000-000","10/20/2017 9:36:39 AM","0000-00","0","no battery","V"
"10/20/2017","13:09:54","5","default","957498349","OXY5","120.268","min","154.751","μmol/L","Humid","21.199","deg","90773","µV","35.960","°C","1018.000","hPa","37.0","pmil","0","55.500","deg","20.000","°C","100.000","%a.s.","22.500","deg","20.000","°C","1013.000","hPa","0.861","-0.02056","0.00035","-0.00011","0","14.7","Humid","26.25","0","52.00","342887.05","SABD0000000001","AAV1.0.0.11","2.0.0.28","PSt7-10","000000-000","10/20/2017 9:36:39 AM","0000-00","0","no battery","V"
"10/20/2017","13:09:55","5","default","957498349","OXY5","120.285","min","154.782","μmol/L","Humid","21.199","deg","90785","µV","35.955","°C","1018.000","hPa","37.0","pmil","0","55.500","deg","20.000","°C","100.000","%a.s.","22.500","deg","20.000","°C","1013.000","hPa","0.861","-0.02056","0.00035","-0.00011","0","14.7","Humid","26.25","0","52.00","342910.58","SABD0000000001","AAV1.0.0.11","2.0.0.28","PSt7-10","000000-000","10/20/2017 9:36:39 AM","0000-00","0","no battery","V"
"10/20/2017","13:09:56","5","default","957498349","OXY5","120.301","min","154.765","μmol/L","Humid","21.201","deg","90775","µV","35.953","°C","1018.000","hPa","37.0","pmil","0","55.500","deg","20.000","°C","100.000","%a.s.","22.500","deg","20.000","°C","1013.000","hPa","0.861","-0.02056","0.00035","-0.00011","0","14.7","Humid","26.25","0","52.00","342890.75","SABD0000000001","AAV1.0.0.11","2.0.0.28","PSt7-10","000000-000","10/20/2017 9:36:39 AM","0000-00","0","no battery","V"
"10/20/2017","13:09:57","5","default","957498349","OXY5","120.318","min","154.824","μmol/L","Humid","21.198","deg","90771","µV","35.950","°C","1018.000","hPa","37.0","pmil","0","55.500","deg","20.000","°C","100.000","%a.s.","22.500","deg","20.000","°C","1013.000","hPa","0.861","-0.02056","0.00035","-0.00011","0","14.7","Humid","26.25","0","52.00","342902.17","SABD0000000001","AAV1.0.0.11","2.0.0.28","PSt7-10","000000-000","10/20/2017 9:36:39 AM","0000-00","0","no battery","V"
"10/20/2017","13:09:58","5","default","957498349","OXY5","120.335","min","154.690","μmol/L","Humid","21.195","deg","90778","µV","35.980","°C","1018.000","hPa","37.0","pmil","0","55.500","deg","20.000","°C","100.000","%a.s.","22.500","deg","20.000","°C","1013.000","hPa","0.861","-0.02056","0.00035","-0.00011","0","14.7","Humid","26.25","0","52.00","342891.02","SABD0000000001","AAV1.0.0.11","2.0.0.28","PSt7-10","000000-000","10/20/2017 9:36:39 AM","0000-00","0","no battery","V"
"10/20/2017","13:09:59","5","default","957498349","OXY5","120.353","min","154.750","μmol/L","Humid","21.194","deg","90781","µV","35.972","°C","1018.000","hPa","37.0","pmil","0","55.500","deg","20.000","°C","100.000","%a.s.","22.500","deg","20.000","°C","1013.000","hPa","0.861","-0.02056","0.00035","-0.00011","0","14.7","Humid","26.25","0","52.00","342897.08","SABD0000000001","AAV1.0.0.11","2.0.0.28","PSt7-10","000000-000","10/20/2017 9:36:39 AM","0000-00","0","no battery","V"
"10/20/2017","13:10:00","5","default","957498349","OXY5","120.368","min","154.779","μmol/L","Humid","21.196","deg","90776","µV","35.963","°C","1018.000","hPa","37.0","pmil","0","55.500","deg","20.000","°C","100.000","%a.s.","22.500","deg","20.000","°C","1013.000","hPa","0.861","-0.02056","0.00035","-0.00011","0","14.7","Humid","26.25","0","52.00","342903.19","SABD0000000001","AAV1.0.0.11","2.0.0.28","PSt7-10","000000-000","10/20/2017 9:36:39 AM","0000-00","0","no battery","V"
"10/20/2017","13:10:01","5","default","957498349","OXY5","120.385","min","154.775","μmol/L","Humid","21.197","deg","90773","µV","35.961","°C","1018.000","hPa","37.0","pmil","0","55.500","deg","20.000","°C","100.000","%a.s.","22.500","deg","20.000","°C","1013.000","hPa","0.861","-0.02056","0.00035","-0.00011","0","14.7","Humid","26.25","0","52.00","342880.45","SABD0000000001","AAV1.0.0.11","2.0.0.28","PSt7-10","000000-000","10/20/2017 9:36:39 AM","0000-00","0","no battery","V"
"10/20/2017","13:10:02","5","default","957498349","OXY5","120.402","min","154.800","μmol/L","Humid","21.195","deg","90777","µV","35.962","°C","1018.000","hPa","37.0","pmil","0","55.500","deg","20.000","°C","100.000","%a.s.","22.500","deg","20.000","°C","1013.000","hPa","0.861","-0.02056","0.00035","-0.00011","0","14.7","Humid","26.25","0","52.00","342894.60","SABD0000000001","AAV1.0.0.11","2.0.0.28","PSt7-10","000000-000","10/20/2017 9:36:39 AM","0000-00","0","no battery","V"
"10/20/2017","13:10:03","5","default","957498349","OXY5","120.418","min","154.752","μmol/L","Humid","21.200","deg","90776","µV","35.958","°C","1018.000","hPa","37.0","pmil","0","55.500","deg","20.000","°C","100.000","%a.s.","22.500","deg","20.000","°C","1013.000","hPa","0.861","-0.02056","0.00035","-0.00011","0","14.7","Humid","26.25","0","52.00","342887.52","SABD0000000001","AAV1.0.0.11","2.0.0.28","PSt7-10","000000-000","10/20/2017 9:36:39 AM","0000-00","0","no battery","V"
"10/20/2017","13:10:04","5","default","957498349","OXY5","120.435","min","154.696","μmol/L","Humid","21.196","deg","90778","µV","35.977","°C","1018.000","hPa","37.0","pmil","0","55.500","deg","20.000","°C","100.000","%a.s.","22.500","deg","20.000","°C","1013.000","hPa","0.861","-0.02056","0.00035","-0.00011","0","14.7","Humid","26.25","0","52.00","342875.13","SABD0000000001","AAV1.0.0.11","2.0.0.28","PSt7-10","000000-000","10/20/2017 9:36:39 AM","0000-00","0","no battery","V"
"10/20/2017","13:10:05","5","default","957498349","OXY5","120.452","min","154.745","μmol/L","Humid","21.195","deg","90770","µV","35.971","°C","1018.000","hPa","37.0","pmil","0","55.500","deg","20.000","°C","100.000","%a.s.","22.500","deg","20.000","°C","1013.000","hPa","0.861","-0.02056","0.00035","-0.00011","0","14.7","Humid","26.25","0","52.00","342897.51","SABD0000000001","AAV1.0.0.11","2.0.0.28","PSt7-10","000000-000","10/20/2017 9:36:39 AM","0000-00","0","no battery","V"
"10/20/2017","13:10:06","5","default","957498349","OXY5","120.468","min","154.763","μmol/L","Humid","21.198","deg","90779","µV","35.961","°C","1018.000","hPa","37.0","pmil","0","55.500","deg","20.000","°C","100.000","%a.s.","22.500","deg","20.000","°C","1013.000","hPa","0.861","-0.02056","0.00035","-0.00011","0","14.7","Humid","26.25","0","52.00","342882.06","SABD0000000001","AAV1.0.0.11","2.0.0.28","PSt7-10","000000-000","10/20/2017 9:36:39 AM","0000-00","0","no battery","V"
"10/20/2017","13:10:07","5","default","957498349","OXY5","120.485","min","154.692","μmol/L","Humid","21.199","deg","90772","µV","35.971","°C","1018.000","hPa","37.0","pmil","0","55.500","deg","20.000","°C","100.000","%a.s.","22.500","deg","20.000","°C","1013.000","hPa","0.861","-0.02056","0.00035","-0.00011","0","14.7","Humid","26.25","0","52.00","342887.91","SABD0000000001","AAV1.0.0.11","2.0.0.28","PSt7-10","000000-000","10/20/2017 9:36:39 AM","0000-00","0","no battery","V"
"10/20/2017","13:10:08","5","default","957498349","OXY5","120.502","min","154.791","μmol/L","Humid","21.196","deg","90775","µV","35.961","°C","1018.000","hPa","37.0","pmil","0","55.500","deg","20.000","°C","100.000","%a.s.","22.500","deg","20.000","°C","1013.000","hPa","0.861","-0.02056","0.00035","-0.00011","0","14.7","Humid","26.25","0","52.00","342888.62","SABD0000000001","AAV1.0.0.11","2.0.0.28","PSt7-10","000000-000","10/20/2017 9:36:39 AM","0000-00","0","no battery","V"
"10/20/2017","13:10:09","5","default","957498349","OXY5","120.518","min","154.760","μmol/L","Humid","21.200","deg","90775","µV","35.957","°C","1018.000","hPa","37.0","pmil","0","55.500","deg","20.000","°C","100.000","%a.s.","22.500","deg","20.000","°C","1013.000","hPa","0.861","-0.02056","0.00035","-0.00011","0","14.7","Humid","26.25","0","52.00","342888.10","SABD0000000001","AAV1.0.0.11","2.0.0.28","PSt7-10","000000-000","10/20/2017 9:36:39 AM","0000-00","0","no battery","V"
"10/20/2017","13:10:10","5","default","957498349","OXY5","120.535","min","154.841","μmol/L","Humid","21.196","deg","90777","µV","35.952","°C","1018.000","hPa","37.0","pmil","0","55.500","deg","20.000","°C","100.000","%a.s.","22.500","deg","20.000","°C","1013.000","hPa","0.861","-0.02056","0.00035","-0.00011","0","14.7","Humid","26.25","0","52.00","342880.05","SABD0000000001","AAV1.0.0.11","2.0.0.28","PSt7-10","000000-000","10/20/2017 9:36:39 AM","0000-00","0","no battery","V"
"10/20/2017","13:10:11","5","default","957498349","OXY5","120.552","min","154.809","μmol/L","Humid","21.196","deg","90778","µV","35.958","°C","1018.000","hPa","37.0","pmil","0","55.500","deg","20.000","°C","100.000","%a.s.","22.500","deg","20.000","°C","1013.000","hPa","0.861","-0.02056","0.00035","-0.00011","0","14.7","Humid","26.25","0","52.00","342901.62","SABD0000000001","AAV1.0.0.11","2.0.0.28","PSt7-10","000000-000","10/20/2017 9:36:39 AM","0000-00","0","no battery","V"
"10/20/2017","13:10:12","5","default","957498349","OXY5","120.568","min","154.762","μmol/L","Humid","21.197","deg","90770","µV","35.963","°C","1018.000","hPa","37.0","pmil","0","55.500","deg","20.000","°C","100.000","%a.s.","22.500","deg","20.000","°C","1013.000","hPa","0.861","-0.02056","0.00035","-0.00011","0","14.7","Humid","26.25","0","52.00","342871.65","SABD0000000001","AAV1.0.0.11","2.0.0.28","PSt7-10","000000-000","10/20/2017 9:36:39 AM","0000-00","0","no battery","V"
"10/20/2017","13:10:13","5","default","957498349","OXY5","120.585","min","154.698","μmol/L","Humid","21.200","deg","90780","µV","35.967","°C","1018.000","hPa","37.0","pmil","0","55.500","deg","20.000","°C","100.000","%a.s.","22.500","deg","20.000","°C","1013.000","hPa","0.861","-0.02056","0.00035","-0.00011","0","14.7","Humid","26.25","0","52.00","342875.40","SABD0000000001","AAV1.0.0.11","2.0.0.28","PSt7-10","000000-000","10/20/2017 9:36:39 AM","0000-00","0","no battery","V"
"10/20/2017","13:10:14","5","default","957498349","OXY5","120.602","min","154.870","μmol/L","Humid","21.195","deg","90779","µV","35.950","°C","1018.000","hPa","37.0","pmil","0","55.500","deg","20.000","°C","100.000","%a.s.","22.500","deg","20.000","°C","1013.000","hPa","0.861","-0.02056","0.00035","-0.00011","0","14.7","Humid","26.25","0","52.00","342872.94","SABD0000000001","AAV1.0.0.11","2.0.0.28","PSt7-10","000000-000","10/20/2017 9:36:39 AM","0000-00","0","no battery","V"
"10/20/2017","13:10:15","5","default","957498349","OXY5","120.618","min","154.801","μmol/L","Humid","21.198","deg","90783","µV","35.954","°C","1018.000","hPa","37.0","pmil","0","55.500","deg","20.000","°C","100.000","%a.s.","22.500","deg","20.000","°C","1013.000","hPa","0.861","-0.02056","0.00035","-0.00011","0","14.7","Humid","26.25","0","52.00","342890.50","SABD0000000001","AAV1.0.0.11","2.0.0.28","PSt7-10","000000-000","10/20/2017 9:36:39 AM","0000-00","0","no battery","V"
"10/20/2017","13:10:16","5","default","957498349","OXY5","120.634","min","154.673","μmol/L","Humid","21.195","deg","90776","µV","35.983","°C","1018.000","hPa","37.0","pmil","0","55.500","deg","20.000","°C","100.000","%a.s.","22.500","deg","20.000","°C","1013.000","hPa","0.861","-0.02056","0.00035","-0.00011","0","14.7","Humid","26.25","0","52.00","342867.23","SABD0000000001","AAV1.0.0.11","2.0.0.28","PSt7-10","000000-000","10/20/2017 9:36:39 AM","0000-00","0","no battery","V"
"10/20/2017","13:10:17","5","default","957498349","OXY5","120.651","min","154.684","μmol/L","Humid","21.196","deg","90774","µV","35.979","°C","1018.000","hPa","37.0","pmil","0","55.500","deg","20.000","°C","100.000","%a.s.","22.500","deg","20.000","°C","1013.000","hPa","0.861","-0.02056","0.00035","-0.00011","0","14.7","Humid","26.25","0","52.00","342871.95","SABD0000000001","AAV1.0.0.11","2.0.0.28","PSt7-10","000000-000","10/20/2017 9:36:39 AM","0000-00","0","no battery","V"
"10/20/2017","13:10:18","5","default","957498349","OXY5","120.668","min","154.633","μmol/L","Humid","21.200","deg","90777","µV","35.978","°C","1018.000","hPa","37.0","pmil","0","55.500","deg","20.000","°C","100.000","%a.s.","22.500","deg","20.000","°C","1013.000","hPa","0.861","-0.02056","0.00035","-0.00011","0","14.7","Humid","26.25","0","52.00","342864.41","SABD0000000001","AAV1.0.0.11","2.0.0.28","PSt7-10","000000-000","10/20/2017 9:36:39 AM","0000-00","0","no battery","V"
"10/20/2017","13:10:19","5","default","957498349","OXY5","120.685","min","154.780","μmol/L","Humid","21.199","deg","90786","µV","35.956","°C","1018.000","hPa","37.0","pmil","0","55.500","deg","20.000","°C","100.000","%a.s.","22.500","deg","20.000","°C","1013.000","hPa","0.861","-0.02056","0.00035","-0.00011","0","14.7","Humid","26.25","0","52.00","342881.32","SABD0000000001","AAV1.0.0.11","2.0.0.28","PSt7-10","000000-000","10/20/2017 9:36:39 AM","0000-00","0","no battery","V"
"10/20/2017","13:10:20","5","default","957498349","OXY5","120.701","min","154.748","μmol/L","Humid","21.196","deg","90775","µV","35.968","°C","1018.000","hPa","37.0","pmil","0","55.500","deg","20.000","°C","100.000","%a.s.","22.500","deg","20.000","°C","1013.000","hPa","0.861","-0.02056","0.00035","-0.00011","0","14.7","Humid","26.25","0","52.00","342873.68","SABD0000000001","AAV1.0.0.11","2.0.0.28","PSt7-10","000000-000","10/20/2017 9:36:39 AM","0000-00","0","no battery","V"
"10/20/2017","13:10:21","5","default","957498349","OXY5","120.718","min","154.594","μmol/L","Humid","21.204","deg","90778","µV","35.975","°C","1018.000","hPa","37.0","pmil","0","55.500","deg","20.000","°C","100.000","%a.s.","22.500","deg","20.000","°C","1013.000","hPa","0.861","-0.02056","0.00035","-0.00011","0","14.7","Humid","26.25","0","52.00","342880.04","SABD0000000001","AAV1.0.0.11","2.0.0.28","PSt7-10","000000-000","10/20/2017 9:36:39 AM","0000-00","0","no battery","V"
"10/20/2017","13:10:22","5","default","957498349","OXY5","120.735","min","154.645","μmol/L","Humid","21.205","deg","90783","µV","35.964","°C","1018.000","hPa","37.0","pmil","0","55.500","deg","20.000","°C","100.000","%a.s.","22.500","deg","20.000","°C","1013.000","hPa","0.861","-0.02056","0.00035","-0.00011","0","14.7","Humid","26.25","0","52.00","342885.34","SABD0000000001","AAV1.0.0.11","2.0.0.28","PSt7-10","000000-000","10/20/2017 9:36:39 AM","0000-00","0","no battery","V"
"10/20/2017","13:10:23","5","default","957498349","OXY5","120.751","min","154.684","μmol/L","Humid","21.201","deg","90775","µV","35.967","°C","1018.000","hPa","37.0","pmil","0","55.500","deg","20.000","°C","100.000","%a.s.","22.500","deg","20.000","°C","1013.000","hPa","0.861","-0.02056","0.00035","-0.00011","0","14.7","Humid","26.25","0","52.00","342887.94","SABD0000000001","AAV1.0.0.11","2.0.0.28","PSt7-10","000000-000","10/20/2017 9:36:39 AM","0000-00","0","no battery","V"
"10/20/2017","13:10:24","5","default","957498349","OXY5","120.768","min","154.761","μmol/L","Humid","21.201","deg","90773","µV","35.954","°C","1018.000","hPa","37.0","pmil","0","55.500","deg","20.000","°C","100.000","%a.s.","22.500","deg","20.000","°C","1013.000","hPa","0.861","-0.02056","0.00035","-0.00011","0","14.7","Humid","26.25","0","52.00","342879.02","SABD0000000001","AAV1.0.0.11","2.0.0.28","PSt7-10","000000-000","10/20/2017 9:36:39 AM","0000-00","0","no battery","V"
"10/20/2017","13:10:25","5","default","957498349","OXY5","120.784","min","154.720","μmol/L","Humid","21.199","deg","90777","µV","35.966","°C","1018.000","hPa","37.0","pmil","0","55.500","deg","20.000","°C","100.000","%a.s.","22.500","deg","20.000","°C","1013.000","hPa","0.861","-0.02056","0.00035","-0.00011","0","14.7","Humid","26.25","0","52.00","342870.46","SABD0000000001","AAV1.0.0.11","2.0.0.28","PSt7-10","000000-000","10/20/2017 9:36:39 AM","0000-00","0","no battery","V"
"10/20/2017","13:10:26","5","default","957498349","OXY5","120.801","min","154.744","μmol/L","Humid","21.198","deg","90781","µV","35.964","°C","1018.000","hPa","37.0","pmil","0","55.500","deg","20.000","°C","100.000","%a.s.","22.500","deg","20.000","°C","1013.000","hPa","0.861","-0.02056","0.00035","-0.00011","0","14.7","Humid","26.25","0","52.00","342869.00","SABD0000000001","AAV1.0.0.11","2.0.0.28","PSt7-10","000000-000","10/20/2017 9:36:39 AM","0000-00","0","no battery","V"
"10/20/2017","13:10:27","5","default","957498349","OXY5","120.818","min","154.708","μmol/L","Humid","21.199","deg","90776","µV","35.968","°C","1018.000","hPa","37.0","pmil","0","55.500","deg","20.000","°C","100.000","%a.s.","22.500","deg","20.000","°C","1013.000","hPa","0.861","-0.02056","0.00035","-0.00011","0","14.7","Humid","26.25","0","52.00","342877.92","SABD0000000001","AAV1.0.0.11","2.0.0.28","PSt7-10","000000-000","10/20/2017 9:36:39 AM","0000-00","0","no battery","V"
"10/20/2017","13:10:28","5","default","957498349","OXY5","120.834","min","154.642","μmol/L","Humid","21.198","deg","90770","µV","35.981","°C","1018.000","hPa","37.0","pmil","0","55.500","deg","20.000","°C","100.000","%a.s.","22.500","deg","20.000","°C","1013.000","hPa","0.861","-0.02056","0.00035","-0.00011","0","14.7","Humid","26.25","0","52.00","342873.65","SABD0000000001","AAV1.0.0.11","2.0.0.28","PSt7-10","000000-000","10/20/2017 9:36:39 AM","0000-00","0","no battery","V"
"10/20/2017","13:10:29","5","default","957498349","OXY5","120.851","min","154.691","μmol/L","Humid","21.202","deg","90778","µV","35.964","°C","1018.000","hPa","37.0","pmil","0","55.500","deg","20.000","°C","100.000","%a.s.","22.500","deg","20.000","°C","1013.000","hPa","0.861","-0.02056","0.00035","-0.00011","0","14.7","Humid","26.25","0","52.00","342864.16","SABD0000000001","AAV1.0.0.11","2.0.0.28","PSt7-10","000000-000","10/20/2017 9:36:39 AM","0000-00","0","no battery","V"
"10/20/2017","13:10:30","5","default","957498349","OXY5","120.868","min","154.839","μmol/L","Humid","21.197","deg","90772","µV","35.950","°C","1018.000","hPa","37.0","pmil","0","55.500","deg","20.000","°C","100.000","%a.s.","22.500","deg","20.000","°C","1013.000","hPa","0.861","-0.02056","0.00035","-0.00011","0","14.7","Humid","26.25","0","52.00","342861.01","SABD0000000001","AAV1.0.0.11","2.0.0.28","PSt7-10","000000-000","10/20/2017 9:36:39 AM","0000-00","0","no battery","V"
"10/20/2017","13:10:31","5","default","957498349","OXY5","120.884","min","154.800","μmol/L","Humid","21.196","deg","90779","µV","35.959","°C","1018.000","hPa","37.0","pmil","0","55.500","deg","20.000","°C","100.000","%a.s.","22.500","deg","20.000","°C","1013.000","hPa","0.861","-0.02056","0.00035","-0.00011","0","14.7","Humid","26.25","0","52.00","342871.06","SABD0000000001","AAV1.0.0.11","2.0.0.28","PSt7-10","000000-000","10/20/2017 9:36:39 AM","0000-00","0","no battery","V"
"10/20/2017","13:10:32","5","default","957498349","OXY5","120.901","min","154.652","μmol/L","Humid","21.201","deg","90776","µV","35.973","°C","1018.000","hPa","37.0","pmil","0","55.500","deg","20.000","°C","100.000","%a.s.","22.500","deg","20.000","°C","1013.000","hPa","0.861","-0.02056","0.00035","-0.00011","0","14.7","Humid","26.25","0","52.00","342861.11","SABD0000000001","AAV1.0.0.11","2.0.0.28","PSt7-10","000000-000","10/20/2017 9:36:39 AM","0000-00","0","no battery","V"
"10/20/2017","13:10:33","5","default","957498349","OXY5","120.918","min","154.771","μmol/L","Humid","21.197","deg","90778","µV","35.962","°C","1018.000","hPa","37.0","pmil","0","55.500","deg","20.000","°C","100.000","%a.s.","22.500","deg","20.000","°C","1013.000","hPa","0.861","-0.02056","0.00035","-0.00011","0","14.7","Humid","26.25","0","52.00","342856.99","SABD0000000001","AAV1.0.0.11","2.0.0.28","PSt7-10","000000-000","10/20/2017 9:36:39 AM","0000-00","0","no battery","V"
"10/20/2017","13:10:34","5","default","957498349","OXY5","120.935","min","154.731","μmol/L","Humid","21.201","deg","90777","µV","35.959","°C","1018.000","hPa","37.0","pmil","0","55.500","deg","20.000","°C","100.000","%a.s.","22.500","deg","20.000","°C","1013.000","hPa","0.861","-0.02056","0.00035","-0.00011","0","14.7","Humid","26.25","0","52.00","342860.72","SABD0000000001","AAV1.0.0.11","2.0.0.28","PSt7-10","000000-000","10/20/2017 9:36:39 AM","0000-00","0","no battery","V"
"10/20/2017","13:10:35","5","default","957498349","OXY5","120.951","min","154.798","μmol/L","Humid","21.198","deg","90768","µV","35.955","°C","1018.000","hPa","37.0","pmil","0","55.500","deg","20.000","°C","100.000","%a.s.","22.500","deg","20.000","°C","1013.000","hPa","0.861","-0.02056","0.00035","-0.00011","0","14.7","Humid","26.25","0","52.00","342858.72","SABD0000000001","AAV1.0.0.11","2.0.0.28","PSt7-10","000000-000","10/20/2017 9:36:39 AM","0000-00","0","no battery","V"
"10/20/2017","13:10:36","5","default","957498349","OXY5","120.968","min","154.592","μmol/L","Humid","21.199","deg","90774","µV","35.988","°C","1018.000","hPa","37.0","pmil","0","55.500","deg","20.000","°C","100.000","%a.s.","22.500","deg","20.000","°C","1013.000","hPa","0.861","-0.02056","0.00035","-0.00011","0","14.7","Humid","26.25","0","52.00","342866.27","SABD0000000001","AAV1.0.0.11","2.0.0.28","PSt7-10","000000-000","10/20/2017 9:36:39 AM","0000-00","0","no battery","V"
"10/20/2017","13:10:37","5","default","957498349","OXY5","120.985","min","154.597","μmol/L","Humid","21.202","deg","90773","µV","35.980","°C","1018.000","hPa","37.0","pmil","0","55.500","deg","20.000","°C","100.000","%a.s.","22.500","deg","20.000","°C","1013.000","hPa","0.861","-0.02056","0.00035","-0.00011","0","14.7","Humid","26.25","0","52.00","342864.42","SABD0000000001","AAV1.0.0.11","2.0.0.28","PSt7-10","000000-000","10/20/2017 9:36:39 AM","0000-00","0","no battery","V"
"10/20/2017","13:10:38","5","default","957498349","OXY5","121.001","min","154.739","μmol/L","Humid","21.196","deg","90772","µV","35.970","°C","1018.000","hPa","37.0","pmil","0","55.500","deg","20.000","°C","100.000","%a.s.","22.500","deg","20.000","°C","1013.000","hPa","0.861","-0.02056","0.00035","-0.00011","0","14.7","Humid","26.25","0","52.00","342863.79","SABD0000000001","AAV1.0.0.11","2.0.0.28","PSt7-10","000000-000","10/20/2017 9:36:39 AM","0000-00","0","no battery","V"
"10/20/2017","13:10:39","5","default","957498349","OXY5","121.018","min","154.763","μmol/L","Humid","21.195","deg","90768","µV","35.968","°C","1018.000","hPa","37.0","pmil","0","55.500","deg","20.000","°C","100.000","%a.s.","22.500","deg","20.000","°C","1013.000","hPa","0.861","-0.02056","0.00035","-0.00011","0","14.7","Humid","26.25","0","52.00","342862.91","SABD0000000001","AAV1.0.0.11","2.0.0.28","PSt7-10","000000-000","10/20/2017 9:36:39 AM","0000-00","0","no battery","V"
"10/20/2017","13:10:40","5","default","957498349","OXY5","121.035","min","154.695","μmol/L","Humid","21.199","deg","90772","µV","35.970","°C","1018.000","hPa","37.0","pmil","0","55.500","deg","20.000","°C","100.000","%a.s.","22.500","deg","20.000","°C","1013.000","hPa","0.861","-0.02056","0.00035","-0.00011","0","14.7","Humid","26.25","0","52.00","342855.03","SABD0000000001","AAV1.0.0.11","2.0.0.28","PSt7-10","000000-000","10/20/2017 9:36:39 AM","0000-00","0","no battery","V"
"10/20/2017","13:10:41","5","default","957498349","OXY5","121.051","min","154.709","μmol/L","Humid","21.198","deg","90773","µV","35.970","°C","1018.000","hPa","37.0","pmil","0","55.500","deg","20.000","°C","100.000","%a.s.","22.500","deg","20.000","°C","1013.000","hPa","0.861","-0.02056","0.00035","-0.00011","0","14.7","Humid","26.25","0","52.00","342853.05","SABD0000000001","AAV1.0.0.11","2.0.0.28","PSt7-10","000000-000","10/20/2017 9:36:39 AM","0000-00","0","no battery","V"
"10/20/2017","13:10:42","5","default","957498349","OXY5","121.068","min","154.657","μmol/L","Humid","21.199","deg","90775","µV","35.976","°C","1018.000","hPa","37.0","pmil","0","55.500","deg","20.000","°C","100.000","%a.s.","22.500","deg","20.000","°C","1013.000","hPa","0.861","-0.02056","0.00035","-0.00011","0","14.7","Humid","26.25","0","52.00","342863.69","SABD0000000001","AAV1.0.0.11","2.0.0.28","PSt7-10","000000-000","10/20/2017 9:36:39 AM","0000-00","0","no battery","V"
"10/20/2017","13:10:43","5","default","957498349","OXY5","121.085","min","154.724","μmol/L","Humid","21.200","deg","90776","µV","35.963","°C","1018.000","hPa","37.0","pmil","0","55.500","deg","20.000","°C","100.000","%a.s.","22.500","deg","20.000","°C","1013.000","hPa","0.861","-0.02056","0.00035","-0.00011","0","14.7","Humid","26.25","0","52.00","342859.48","SABD0000000001","AAV1.0.0.11","2.0.0.28","PSt7-10","000000-000","10/20/2017 9:36:39 AM","0000-00","0","no battery","V"
"10/20/2017","13:10:44","5","default","957498349","OXY5","121.101","min","154.766","μmol/L","Humid","21.197","deg","90775","µV","35.963","°C","1018.000","hPa","37.0","pmil","0","55.500","deg","20.000","°C","100.000","%a.s.","22.500","deg","20.000","°C","1013.000","hPa","0.861","-0.02056","0.00035","-0.00011","0","14.7","Humid","26.25","0","52.00","342850.23","SABD0000000001","AAV1.0.0.11","2.0.0.28","PSt7-10","000000-000","10/20/2017 9:36:39 AM","0000-00","0","no battery","V"
"10/20/2017","13:10:45","5","default","957498349","OXY5","121.118","min","154.739","μmol/L","Humid","21.199","deg","90779","µV","35.963","°C","1018.000","hPa","37.0","pmil","0","55.500","deg","20.000","°C","100.000","%a.s.","22.500","deg","20.000","°C","1013.000","hPa","0.861","-0.02056","0.00035","-0.00011","0","14.7","Humid","26.25","0","52.00","342865.98","SABD0000000001","AAV1.0.0.11","2.0.0.28","PSt7-10","000000-000","10/20/2017 9:36:39 AM","0000-00","0","no battery","V"
"10/20/2017","13:10:46","5","default","957498349","OXY5","121.135","min","154.692","μmol/L","Humid","21.199","deg","90778","µV","35.971","°C","1018.000","hPa","37.0","pmil","0","55.500","deg","20.000","°C","100.000","%a.s.","22.500","deg","20.000","°C","1013.000","hPa","0.861","-0.02056","0.00035","-0.00011","0","14.7","Humid","26.25","0","52.00","342865.58","SABD0000000001","AAV1.0.0.11","2.0.0.28","PSt7-10","000000-000","10/20/2017 9:36:39 AM","0000-00","0","no battery","V"
"10/20/2017","13:10:47","5","default","957498349","OXY5","121.151","min","154.713","μmol/L","Humid","21.199","deg","90772","µV","35.967","°C","1018.000","hPa","37.0","pmil","0","55.500","deg","20.000","°C","100.000","%a.s.","22.500","deg","20.000","°C","1013.000","hPa","0.861","-0.02056","0.00035","-0.00011","0","14.7","Humid","26.25","0","52.00","342861.84","SABD0000000001","AAV1.0.0.11","2.0.0.28","PSt7-10","000000-000","10/20/2017 9:36:39 AM","0000-00","0","no battery","V"
"10/20/2017","13:10:48","5","default","957498349","OXY5","121.168","min","154.711","μmol/L","Humid","21.200","deg","90780","µV","35.965","°C","1018.000","hPa","37.0","pmil","0","55.500","deg","20.000","°C","100.000","%a.s.","22.500","deg","20.000","°C","1013.000","hPa","0.861","-0.02056","0.00035","-0.00011","0","14.7","Humid","26.25","0","52.00","342867.08","SABD0000000001","AAV1.0.0.11","2.0.0.28","PSt7-10","000000-000","10/20/2017 9:36:39 AM","0000-00","0","no battery","V"
"10/20/2017","13:10:49","5","default","957498349","OXY5","121.185","min","154.622","μmol/L","Humid","21.204","deg","90776","µV","35.971","°C","1018.000","hPa","37.0","pmil","0","55.500","deg","20.000","°C","100.000","%a.s.","22.500","deg","20.000","°C","1013.000","hPa","0.861","-0.02056","0.00035","-0.00011","0","14.7","Humid","26.25","0","52.00","342866.98","SABD0000000001","AAV1.0.0.11","2.0.0.28","PSt7-10","000000-000","10/20/2017 9:36:39 AM","0000-00","0","no battery","V"
"10/20/2017","13:10:50","5","default","957498349","OXY5","121.201","min","154.680","μmol/L","Humid","21.197","deg","90777","µV","35.977","°C","1018.000","hPa","37.0","pmil","0","55.500","deg","20.000","°C","100.000","%a.s.","22.500","deg","20.000","°C","1013.000","hPa","0.861","-0.02056","0.00035","-0.00011","0","14.7","Humid","26.25","0","52.00","342871.49","SABD0000000001","AAV1.0.0.11","2.0.0.28","PSt7-10","000000-000","10/20/2017 9:36:39 AM","0000-00","0","no battery","V"
"10/20/2017","13:10:51","5","default","957498349","OXY5","121.218","min","154.588","μmol/L","Humid","21.201","deg","90774","µV","35.984","°C","1018.000","hPa","37.0","pmil","0","55.500","deg","20.000","°C","100.000","%a.s.","22.500","deg","20.000","°C","1013.000","hPa","0.861","-0.02056","0.00035","-0.00011","0","14.7","Humid","26.25","0","52.00","342858.66","SABD0000000001","AAV1.0.0.11","2.0.0.28","PSt7-10","000000-000","10/20/2017 9:36:39 AM","0000-00","0","no battery","V"
"10/20/2017","13:10:52","5","default","957498349","OXY5","121.235","min","154.781","μmol/L","Humid","21.197","deg","90774","µV","35.960","°C","1018.000","hPa","37.0","pmil","0","55.500","deg","20.000","°C","100.000","%a.s.","22.500","deg","20.000","°C","1013.000","hPa","0.861","-0.02056","0.00035","-0.00011","0","14.7","Humid","26.25","0","52.00","342851.58","SABD0000000001","AAV1.0.0.11","2.0.0.28","PSt7-10","000000-000","10/20/2017 9:36:39 AM","0000-00","0","no battery","V"
"10/20/2017","13:10:53","5","default","957498349","OXY5","121.251","min","154.664","μmol/L","Humid","21.204","deg","90774","µV","35.964","°C","1018.000","hPa","37.0","pmil","0","55.500","deg","20.000","°C","100.000","%a.s.","22.500","deg","20.000","°C","1013.000","hPa","0.861","-0.02056","0.00035","-0.00011","0","14.7","Humid","26.25","0","52.00","342858.19","SABD0000000001","AAV1.0.0.11","2.0.0.28","PSt7-10","000000-000","10/20/2017 9:36:39 AM","0000-00","0","no battery","V"
"10/20/2017","13:10:54","5","default","957498349","OXY5","121.268","min","154.745","μmol/L","Humid","21.201","deg","90778","µV","35.957","°C","1018.000","hPa","37.0","pmil","0","55.500","deg","20.000","°C","100.000","%a.s.","22.500","deg","20.000","°C","1013.000","hPa","0.861","-0.02056","0.00035","-0.00011","0","14.7","Humid","26.25","0","52.00","342861.93","SABD0000000001","AAV1.0.0.11","2.0.0.28","PSt7-10","000000-000","10/20/2017 9:36:39 AM","0000-00","0","no battery","V"
"10/20/2017","13:10:55","5","default","957498349","OXY5","121.285","min","154.678","μmol/L","Humid","21.198","deg","90777","µV","35.975","°C","1018.000","hPa","37.0","pmil","0","55.500","deg","20.000","°C","100.000","%a.s.","22.500","deg","20.000","°C","1013.000","hPa","0.861","-0.02056","0.00035","-0.00011","0","14.7","Humid","26.25","0","52.00","342864.73","SABD0000000001","AAV1.0.0.11","2.0.0.28","PSt7-10","000000-000","10/20/2017 9:36:39 AM","0000-00","0","no battery","V"
"10/20/2017","13:10:56","5","default","957498349","OXY5","121.301","min","154.631","μmol/L","Humid","21.200","deg","90781","µV","35.979","°C","1018.000","hPa","37.0","pmil","0","55.500","deg","20.000","°C","100.000","%a.s.","22.500","deg","20.000","°C","1013.000","hPa","0.861","-0.02056","0.00035","-0.00011","0","14.7","Humid","26.25","0","52.00","342862.41","SABD0000000001","AAV1.0.0.11","2.0.0.28","PSt7-10","000000-000","10/20/2017 9:36:39 AM","0000-00","0","no battery","V"
"10/20/2017","13:10:57","5","default","957498349","OXY5","121.318","min","154.651","μmol/L","Humid","21.199","deg","90778","µV","35.977","°C","1018.000","hPa","37.0","pmil","0","55.500","deg","20.000","°C","100.000","%a.s.","22.500","deg","20.000","°C","1013.000","hPa","0.861","-0.02056","0.00035","-0.00011","0","14.7","Humid","26.25","0","52.00","342854.31","SABD0000000001","AAV1.0.0.11","2.0.0.28","PSt7-10","000000-000","10/20/2017 9:36:39 AM","0000-00","0","no battery","V"
"10/20/2017","13:10:58","5","default","957498349","OXY5","121.335","min","154.723","μmol/L","Humid","21.197","deg","90780","µV","35.970","°C","1018.000","hPa","37.0","pmil","0","55.500","deg","20.000","°C","100.000","%a.s.","22.500","deg","20.000","°C","1013.000","hPa","0.861","-0.02056","0.00035","-0.00011","0","14.7","Humid","26.25","0","52.00","342859.88","SABD0000000001","AAV1.0.0.11","2.0.0.28","PSt7-10","000000-000","10/20/2017 9:36:39 AM","0000-00","0","no battery","V"
"10/20/2017","13:10:59","5","default","957498349","OXY5","121.351","min","154.725","μmol/L","Humid","21.196","deg","90776","µV","35.972","°C","1018.000","hPa","37.0","pmil","0","55.500","deg","20.000","°C","100.000","%a.s.","22.500","deg","20.000","°C","1013.000","hPa","0.861","-0.02056","0.00035","-0.00011","0","14.7","Humid","26.25","0","52.00","342866.63","SABD0000000001","AAV1.0.0.11","2.0.0.28","PSt7-10","000000-000","10/20/2017 9:36:39 AM","0000-00","0","no battery","V"
"10/20/2017","13:11:00","5","default","957498349","OXY5","121.368","min","154.757","μmol/L","Humid","21.197","deg","90774","µV","35.964","°C","1018.000","hPa","37.0","pmil","0","55.500","deg","20.000","°C","100.000","%a.s.","22.500","deg","20.000","°C","1013.000","hPa","0.861","-0.02056","0.00035","-0.00011","0","14.7","Humid","26.25","0","52.00","342851.35","SABD0000000001","AAV1.0.0.11","2.0.0.28","PSt7-10","000000-000","10/20/2017 9:36:39 AM","0000-00","0","no battery","V"
"10/20/2017","13:11:01","5","default","957498349","OXY5","121.385","min","154.694","μmol/L","Humid","21.203","deg","90775","µV","35.961","°C","1018.000","hPa","37.0","pmil","0","55.500","deg","20.000","°C","100.000","%a.s.","22.500","deg","20.000","°C","1013.000","hPa","0.861","-0.02056","0.00035","-0.00011","0","14.7","Humid","26.25","0","52.00","342858.60","SABD0000000001","AAV1.0.0.11","2.0.0.28","PSt7-10","000000-000","10/20/2017 9:36:39 AM","0000-00","0","no battery","V"
"10/20/2017","13:11:02","5","default","957498349","OXY5","121.401","min","154.684","μmol/L","Humid","21.199","deg","90774","µV","35.972","°C","1018.000","hPa","37.0","pmil","0","55.500","deg","20.000","°C","100.000","%a.s.","22.500","deg","20.000","°C","1013.000","hPa","0.861","-0.02056","0.00035","-0.00011","0","14.7","Humid","26.25","0","52.00","342835.95","SABD0000000001","AAV1.0.0.11","2.0.0.28","PSt7-10","000000-000","10/20/2017 9:36:39 AM","0000-00","0","no battery","V"
"10/20/2017","13:11:03","5","default","957498349","OXY5","121.418","min","154.735","μmol/L","Humid","21.197","deg","90771","µV","35.968","°C","1018.000","hPa","37.0","pmil","0","55.500","deg","20.000","°C","100.000","%a.s.","22.500","deg","20.000","°C","1013.000","hPa","0.861","-0.02056","0.00035","-0.00011","0","14.7","Humid","26.25","0","52.00","342855.24","SABD0000000001","AAV1.0.0.11","2.0.0.28","PSt7-10","000000-000","10/20/2017 9:36:39 AM","0000-00","0","no battery","V"
"10/20/2017","13:11:04","5","default","957498349","OXY5","121.435","min","154.654","μmol/L","Humid","21.197","deg","90778","µV","35.982","°C","1018.000","hPa","37.0","pmil","0","55.500","deg","20.000","°C","100.000","%a.s.","22.500","deg","20.000","°C","1013.000","hPa","0.861","-0.02056","0.00035","-0.00011","0","14.7","Humid","26.25","0","52.00","342835.17","SABD0000000001","AAV1.0.0.11","2.0.0.28","PSt7-10","000000-000","10/20/2017 9:36:39 AM","0000-00","0","no battery","V"
"10/20/2017","13:11:05","5","default","957498349","OXY5","121.451","min","154.665","μmol/L","Humid","21.200","deg","90775","µV","35.973","°C","1018.000","hPa","37.0","pmil","0","55.500","deg","20.000","°C","100.000","%a.s.","22.500","deg","20.000","°C","1013.000","hPa","0.861","-0.02056","0.00035","-0.00011","0","14.7","Humid","26.25","0","52.00","342843.29","SABD0000000001","AAV1.0.0.11","2.0.0.28","PSt7-10","000000-000","10/20/2017 9:36:39 AM","0000-00","0","no battery","V"
"10/20/2017","13:11:06","5","default","957498349","OXY5","121.468","min","154.690","μmol/L","Humid","21.198","deg","90775","µV","35.973","°C","1018.000","hPa","37.0","pmil","0","55.500","deg","20.000","°C","100.000","%a.s.","22.500","deg","20.000","°C","1013.000","hPa","0.861","-0.02056","0.00035","-0.00011","0","14.7","Humid","26.25","0","52.00","342828.28","SABD0000000001","AAV1.0.0.11","2.0.0.28","PSt7-10","000000-000","10/20/2017 9:36:39 AM","0000-00","0","no battery","V"
"10/20/2017","13:11:07","5","default","957498349","OXY5","121.485","min","154.708","μmol/L","Humid","21.196","deg","90781","µV","35.975","°C","1018.000","hPa","37.0","pmil","0","55.500","deg","20.000","°C","100.000","%a.s.","22.500","deg","20.000","°C","1013.000","hPa","0.861","-0.02056","0.00035","-0.00011","0","14.7","Humid","26.25","0","52.00","342833.60","SABD0000000001","AAV1.0.0.11","2.0.0.28","PSt7-10","000000-000","10/20/2017 9:36:39 AM","0000-00","0","no battery","V"
"10/20/2017","13:11:08","5","default","957498349","OXY5","121.501","min","154.780","μmol/L","Humid","21.198","deg","90777","µV","35.958","°C","1018.000","hPa","37.0","pmil","0","55.500","deg","20.000","°C","100.000","%a.s.","22.500","deg","20.000","°C","1013.000","hPa","0.861","-0.02056","0.00035","-0.00011","0","14.7","Humid","26.25","0","52.00","342839.90","SABD0000000001","AAV1.0.0.11","2.0.0.28","PSt7-10","000000-000","10/20/2017 9:36:39 AM","0000-00","0","no battery","V"
"10/20/2017","13:11:09","5","default","957498349","OXY5","121.518","min","154.621","μmol/L","Humid","21.200","deg","90776","µV","35.980","°C","1018.000","hPa","37.0","pmil","0","55.500","deg","20.000","°C","100.000","%a.s.","22.500","deg","20.000","°C","1013.000","hPa","0.861","-0.02056","0.00035","-0.00011","0","14.7","Humid","26.25","0","52.00","342835.72","SABD0000000001","AAV1.0.0.11","2.0.0.28","PSt7-10","000000-000","10/20/2017 9:36:39 AM","0000-00","0","no battery","V"
"10/20/2017","13:11:10","5","default","957498349","OXY5","121.535","min","154.621","μmol/L","Humid","21.204","deg","90769","µV","35.971","°C","1018.000","hPa","37.0","pmil","0","55.500","deg","20.000","°C","100.000","%a.s.","22.500","deg","20.000","°C","1013.000","hPa","0.861","-0.02056","0.00035","-0.00011","0","14.7","Humid","26.25","0","52.00","342836.64","SABD0000000001","AAV1.0.0.11","2.0.0.28","PSt7-10","000000-000","10/20/2017 9:36:39 AM","0000-00","0","no battery","V"
"10/20/2017","13:11:11","5","default","957498349","OXY5","121.551","min","154.724","μmol/L","Humid","21.200","deg","90777","µV","35.963","°C","1018.000","hPa","37.0","pmil","0","55.500","deg","20.000","°C","100.000","%a.s.","22.500","deg","20.000","°C","1013.000","hPa","0.861","-0.02056","0.00035","-0.00011","0","14.7","Humid","26.25","0","52.00","342843.13","SABD0000000001","AAV1.0.0.11","2.0.0.28","PSt7-10","000000-000","10/20/2017 9:36:39 AM","0000-00","0","no battery","V"
"10/20/2017","13:11:12","5","default","957498349","OXY5","121.568","min","154.756","μmol/L","Humid","21.202","deg","90778","µV","35.953","°C","1018.000","hPa","37.0","pmil","0","55.500","deg","20.000","°C","100.000","%a.s.","22.500","deg","20.000","°C","1013.000","hPa","0.861","-0.02056","0.00035","-0.00011","0","14.7","Humid","26.25","0","52.00","342837.53","SABD0000000001","AAV1.0.0.11","2.0.0.28","PSt7-10","000000-000","10/20/2017 9:36:39 AM","0000-00","0","no battery","V"
"10/20/2017","13:11:13","5","default","957498349","OXY5","121.585","min","154.747","μmol/L","Humid","21.200","deg","90780","µV","35.959","°C","1018.000","hPa","37.0","pmil","0","55.500","deg","20.000","°C","100.000","%a.s.","22.500","deg","20.000","°C","1013.000","hPa","0.861","-0.02056","0.00035","-0.00011","0","14.7","Humid","26.25","0","52.00","342843.23","SABD0000000001","AAV1.0.0.11","2.0.0.28","PSt7-10","000000-000","10/20/2017 9:36:39 AM","0000-00","0","no battery","V"
"10/20/2017","13:11:14","5","default","957498349","OXY5","121.601","min","154.681","μmol/L","Humid","21.199","deg","90774","µV","35.972","°C","1018.000","hPa","37.0","pmil","0","55.500","deg","20.000","°C","100.000","%a.s.","22.500","deg","20.000","°C","1013.000","hPa","0.861","-0.02056","0.00035","-0.00011","0","14.7","Humid","26.25","0","52.00","342844.80","SABD0000000001","AAV1.0.0.11","2.0.0.28","PSt7-10","000000-000","10/20/2017 9:36:39 AM","0000-00","0","no battery","V"
"10/20/2017","13:11:15","5","default","957498349","OXY5","121.618","min","154.595","μmol/L","Humid","21.201","deg","90783","µV","35.982","°C","1018.000","hPa","37.0","pmil","0","55.500","deg","20.000","°C","100.000","%a.s.","22.500","deg","20.000","°C","1013.000","hPa","0.861","-0.02056","0.00035","-0.00011","0","14.7","Humid","26.25","0","52.00","342843.87","SABD0000000001","AAV1.0.0.11","2.0.0.28","PSt7-10","000000-000","10/20/2017 9:36:39 AM","0000-00","0","no battery","V"
"10/20/2017","13:11:16","5","default","957498349","OXY5","121.635","min","154.699","μmol/L","Humid","21.196","deg","90769","µV","35.976","°C","1018.000","hPa","37.0","pmil","0","55.500","deg","20.000","°C","100.000","%a.s.","22.500","deg","20.000","°C","1013.000","hPa","0.861","-0.02056","0.00035","-0.00011","0","14.7","Humid","26.25","0","52.00","342838.60","SABD0000000001","AAV1.0.0.11","2.0.0.28","PSt7-10","000000-000","10/20/2017 9:36:39 AM","0000-00","0","no battery","V"
"10/20/2017","13:11:17","5","default","957498349","OXY5","121.651","min","154.777","μmol/L","Humid","21.198","deg","90777","µV","35.958","°C","1018.000","hPa","37.0","pmil","0","55.500","deg","20.000","°C","100.000","%a.s.","22.500","deg","20.000","°C","1013.000","hPa","0.861","-0.02056","0.00035","-0.00011","0","14.7","Humid","26.25","0","52.00","342835.08","SABD0000000001","AAV1.0.0.11","2.0.0.28","PSt7-10","000000-000","10/20/2017 9:36:39 AM","0000-00","0","no battery","V"
"10/20/2017","13:11:18","5","default","957498349","OXY5","121.668","min","154.561","μmol/L","Humid","21.204","deg","90774","µV","35.981","°C","1018.000","hPa","37.0","pmil","0","55.500","deg","20.000","°C","100.000","%a.s.","22.500","deg","20.000","°C","1013.000","hPa","0.861","-0.02056","0.00035","-0.00011","0","14.7","Humid","26.25","0","52.00","342839.05","SABD0000000001","AAV1.0.0.11","2.0.0.28","PSt7-10","000000-000","10/20/2017 9:36:39 AM","0000-00","0","no battery","V"
"10/20/2017","13:11:19","5","default","957498349","OXY5","121.685","min","154.606","μmol/L","Humid","21.202","deg","90772","µV","35.978","°C","1018.000","hPa","37.0","pmil","0","55.500","deg","20.000","°C","100.000","%a.s.","22.500","deg","20.000","°C","1013.000","hPa","0.861","-0.02056","0.00035","-0.00011","0","14.7","Humid","26.25","0","52.00","342828.10","SABD0000000001","AAV1.0.0.11","2.0.0.28","PSt7-10","000000-000","10/20/2017 9:36:39 AM","0000-00","0","no battery","V"
"10/20/2017","13:11:20","5","default","957498349","OXY5","121.701","min","154.577","μmol/L","Humid","21.202","deg","90776","µV","35.983","°C","1018.000","hPa","37.0","pmil","0","55.500","deg","20.000","°C","100.000","%a.s.","22.500","deg","20.000","°C","1013.000","hPa","0.861","-0.02056","0.00035","-0.00011","0","14.7","Humid","26.25","0","52.00","342832.96","SABD0000000001","AAV1.0.0.11","2.0.0.28","PSt7-10","000000-000","10/20/2017 9:36:39 AM","0000-00","0","no battery","V"
"10/20/2017","13:11:21","5","default","957498349","OXY5","121.718","min","154.688","μmol/L","Humid","21.200","deg","90773","µV","35.969","°C","1018.000","hPa","37.0","pmil","0","55.500","deg","20.000","°C","100.000","%a.s.","22.500","deg","20.000","°C","1013.000","hPa","0.861","-0.02056","0.00035","-0.00011","0","14.7","Humid","26.25","0","52.00","342832.87","SABD0000000001","AAV1.0.0.11","2.0.0.28","PSt7-10","000000-000","10/20/2017 9:36:39 AM","0000-00","0","no battery","V"
"10/20/2017","13:11:22","5","default","957498349","OXY5","121.735","min","154.703","μmol/L","Humid","21.197","deg","90774","µV","35.973","°C","1018.000","hPa","37.0","pmil","0","55.500","deg","20.000","°C","100.000","%a.s.","22.500","deg","20.000","°C","1013.000","hPa","0.861","-0.02056","0.00035","-0.00011","0","14.7","Humid","26.25","0","52.00","342824.75","SABD0000000001","AAV1.0.0.11","2.0.0.28","PSt7-10","000000-000","10/20/2017 9:36:39 AM","0000-00","0","no battery","V"
"10/20/2017","13:11:23","5","default","957498349","OXY5","121.751","min","154.611","μmol/L","Humid","21.202","deg","90772","µV","35.977","°C","1018.000","hPa","37.0","pmil","0","55.500","deg","20.000","°C","100.000","%a.s.","22.500","deg","20.000","°C","1013.000","hPa","0.861","-0.02056","0.00035","-0.00011","0","14.7","Humid","26.25","0","52.00","342824.99","SABD0000000001","AAV1.0.0.11","2.0.0.28","PSt7-10","000000-000","10/20/2017 9:36:39 AM","0000-00","0","no battery","V"
"10/20/2017","13:11:24","5","default","957498349","OXY5","121.768","min","154.499","μmol/L","Humid","21.207","deg","90771","µV","35.985","°C","1018.000","hPa","37.0","pmil","0","55.500","deg","20.000","°C","100.000","%a.s.","22.500","deg","20.000","°C","1013.000","hPa","0.861","-0.02056","0.00035","-0.00011","0","14.7","Humid","26.25","0","52.00","342824.81","SABD0000000001","AAV1.0.0.11","2.0.0.28","PSt7-10","000000-000","10/20/2017 9:36:39 AM","0000-00","0","no battery","V"
"10/20/2017","13:11:25","5","default","957498349","OXY5","121.785","min","154.591","μmol/L","Humid","21.201","deg","90778","µV","35.983","°C","1018.000","hPa","37.0","pmil","0","55.500","deg","20.000","°C","100.000","%a.s.","22.500","deg","20.000","°C","1013.000","hPa","0.861","-0.02056","0.00035","-0.00011","0","14.7","Humid","26.25","0","52.00","342830.80","SABD0000000001","AAV1.0.0.11","2.0.0.28","PSt7-10","000000-000","10/20/2017 9:36:39 AM","0000-00","0","no battery","V"
"10/20/2017","13:11:26","5","default","957498349","OXY5","121.801","min","154.687","μmol/L","Humid","21.200","deg","90782","µV","35.969","°C","1018.000","hPa","37.0","pmil","0","55.500","deg","20.000","°C","100.000","%a.s.","22.500","deg","20.000","°C","1013.000","hPa","0.861","-0.02056","0.00035","-0.00011","0","14.7","Humid","26.25","0","52.00","342831.20","SABD0000000001","AAV1.0.0.11","2.0.0.28","PSt7-10","000000-000","10/20/2017 9:36:39 AM","0000-00","0","no battery","V"
"10/20/2017","13:11:27","5","default","957498349","OXY5","121.818","min","154.687","μmol/L","Humid","21.199","deg","90775","µV","35.971","°C","1018.000","hPa","37.0","pmil","0","55.500","deg","20.000","°C","100.000","%a.s.","22.500","deg","20.000","°C","1013.000","hPa","0.861","-0.02056","0.00035","-0.00011","0","14.7","Humid","26.25","0","52.00","342822.92","SABD0000000001","AAV1.0.0.11","2.0.0.28","PSt7-10","000000-000","10/20/2017 9:36:39 AM","0000-00","0","no battery","V"
"10/20/2017","13:11:28","5","default","957498349","OXY5","121.835","min","154.656","μmol/L","Humid","21.202","deg","90777","µV","35.969","°C","1018.000","hPa","37.0","pmil","0","55.500","deg","20.000","°C","100.000","%a.s.","22.500","deg","20.000","°C","1013.000","hPa","0.861","-0.02056","0.00035","-0.00011","0","14.7","Humid","26.25","0","52.00","342838.42","SABD0000000001","AAV1.0.0.11","2.0.0.28","PSt7-10","000000-000","10/20/2017 9:36:39 AM","0000-00","0","no battery","V"
"10/20/2017","13:11:29","5","default","957498349","OXY5","121.852","min","154.653","μmol/L","Humid","21.199","deg","90776","µV","35.977","°C","1018.000","hPa","37.0","pmil","0","55.500","deg","20.000","°C","100.000","%a.s.","22.500","deg","20.000","°C","1013.000","hPa","0.861","-0.02056","0.00035","-0.00011","0","14.7","Humid","26.25","0","52.00","342825.78","SABD0000000001","AAV1.0.0.11","2.0.0.28","PSt7-10","000000-000","10/20/2017 9:36:39 AM","0000-00","0","no battery","V"
"10/20/2017","13:11:30","5","default","957498349","OXY5","121.868","min","154.689","μmol/L","Humid","21.198","deg","90770","µV","35.973","°C","1018.000","hPa","37.0","pmil","0","55.500","deg","20.000","°C","100.000","%a.s.","22.500","deg","20.000","°C","1013.000","hPa","0.861","-0.02056","0.00035","-0.00011","0","14.7","Humid","26.25","0","52.00","342820.22","SABD0000000001","AAV1.0.0.11","2.0.0.28","PSt7-10","000000-000","10/20/2017 9:36:39 AM","0000-00","0","no battery","V"
"10/20/2017","13:11:31","5","default","957498349","OXY5","121.885","min","154.719","μmol/L","Humid","21.199","deg","90783","µV","35.966","°C","1018.000","hPa","37.0","pmil","0","55.500","deg","20.000","°C","100.000","%a.s.","22.500","deg","20.000","°C","1013.000","hPa","0.861","-0.02056","0.00035","-0.00011","0","14.7","Humid","26.25","0","52.00","342836.67","SABD0000000001","AAV1.0.0.11","2.0.0.28","PSt7-10","000000-000","10/20/2017 9:36:39 AM","0000-00","0","no battery","V"
"10/20/2017","13:11:32","5","default","957498349","OXY5","121.902","min","154.638","μmol/L","Humid","21.202","deg","90776","µV","35.973","°C","1018.000","hPa","37.0","pmil","0","55.500","deg","20.000","°C","100.000","%a.s.","22.500","deg","20.000","°C","1013.000","hPa","0.861","-0.02056","0.00035","-0.00011","0","14.7","Humid","26.25","0","52.00","342831.05","SABD0000000001","AAV1.0.0.11","2.0.0.28","PSt7-10","000000-000","10/20/2017 9:36:39 AM","0000-00","0","no battery","V"
"10/20/2017","13:11:33","5","default","957498349","OXY5","121.918","min","154.664","μmol/L","Humid","21.203","deg","90782","µV","35.966","°C","1018.000","hPa","37.0","pmil","0","55.500","deg","20.000","°C","100.000","%a.s.","22.500","deg","20.000","°C","1013.000","hPa","0.861","-0.02056","0.00035","-0.00011","0","14.7","Humid","26.25","0","52.00","342837.94","SABD0000000001","AAV1.0.0.11","2.0.0.28","PSt7-10","000000-000","10/20/2017 9:36:39 AM","0000-00","0","no battery","V"
"10/20/2017","13:11:34","5","default","957498349","OXY5","121.935","min","154.633","μmol/L","Humid","21.197","deg","90774","µV","35.985","°C","1018.000","hPa","37.0","pmil","0","55.500","deg","20.000","°C","100.000","%a.s.","22.500","deg","20.000","°C","1013.000","hPa","0.861","-0.02056","0.00035","-0.00011","0","14.7","Humid","26.25","0","52.00","342820.00","SABD0000000001","AAV1.0.0.11","2.0.0.28","PSt7-10","000000-000","10/20/2017 9:36:39 AM","0000-00","0","no battery","V"
"10/20/2017","13:11:35","5","default","957498349","OXY5","121.952","min","154.565","μmol/L","Humid","21.203","deg","90772","µV","35.983","°C","1018.000","hPa","37.0","pmil","0","55.500","deg","20.000","°C","100.000","%a.s.","22.500","deg","20.000","°C","1013.000","hPa","0.861","-0.02056","0.00035","-0.00011","0","14.7","Humid","26.25","0","52.00","342820.98","SABD0000000001","AAV1.0.0.11","2.0.0.28","PSt7-10","000000-000","10/20/2017 9:36:39 AM","0000-00","0","no battery","V"
"10/20/2017","13:11:36","5","default","957498349","OXY5","121.968","min","154.758","μmol/L","Humid","21.196","deg","90773","µV","35.966","°C","1018.000","hPa","37.0","pmil","0","55.500","deg","20.000","°C","100.000","%a.s.","22.500","deg","20.000","°C","1013.000","hPa","0.861","-0.02056","0.00035","-0.00011","0","14.7","Humid","26.25","0","52.00","342820.65","SABD0000000001","AAV1.0.0.11","2.0.0.28","PSt7-10","000000-000","10/20/2017 9:36:39 AM","0000-00","0","no battery","V"
"10/20/2017","13:11:37","5","default","957498349","OXY5","121.985","min","154.675","μmol/L","Humid","21.198","deg","90776","µV","35.976","°C","1018.000","hPa","37.0","pmil","0","55.500","deg","20.000","°C","100.000","%a.s.","22.500","deg","20.000","°C","1013.000","hPa","0.861","-0.02056","0.00035","-0.00011","0","14.7","Humid","26.25","0","52.00","342818.65","SABD0000000001","AAV1.0.0.11","2.0.0.28","PSt7-10","000000-000","10/20/2017 9:36:39 AM","0000-00","0","no battery","V"
"10/20/2017","13:11:38","5","default","957498349","OXY5","122.001","min","154.684","μmol/L","Humid","21.199","deg","90775","µV","35.972","°C","1018.000","hPa","37.0","pmil","0","55.500","deg","20.000","°C","100.000","%a.s.","22.500","deg","20.000","°C","1013.000","hPa","0.861","-0.02056","0.00035","-0.00011","0","14.7","Humid","26.25","0","52.00","342819.65","SABD0000000001","AAV1.0.0.11","2.0.0.28","PSt7-10","000000-000","10/20/2017 9:36:39 AM","0000-00","0","no battery","V"
"10/20/2017","13:11:39","5","default","957498349","OXY5","122.018","min","154.688","μmol/L","Humid","21.201","deg","90772","µV","35.966","°C","1018.000","hPa","37.0","pmil","0","55.500","deg","20.000","°C","100.000","%a.s.","22.500","deg","20.000","°C","1013.000","hPa","0.861","-0.02056","0.00035","-0.00011","0","14.7","Humid","26.25","0","52.00","342811.72","SABD0000000001","AAV1.0.0.11","2.0.0.28","PSt7-10","000000-000","10/20/2017 9:36:39 AM","0000-00","0","no battery","V"
"10/20/2017","13:11:40","5","default","957498349","OXY5","122.034","min","154.704","μmol/L","Humid","21.203","deg","90770","µV","35.959","°C","1018.000","hPa","37.0","pmil","0","55.500","deg","20.000","°C","100.000","%a.s.","22.500","deg","20.000","°C","1013.000","hPa","0.861","-0.02056","0.00035","-0.00011","0","14.7","Humid","26.25","0","52.00","342816.59","SABD0000000001","AAV1.0.0.11","2.0.0.28","PSt7-10","000000-000","10/20/2017 9:36:39 AM","0000-00","0","no battery","V"
"10/20/2017","13:11:41","5","default","957498349","OXY5","122.051","min","154.774","μmol/L","Humid","21.200","deg","90774","µV","35.954","°C","1018.000","hPa","37.0","pmil","0","55.500","deg","20.000","°C","100.000","%a.s.","22.500","deg","20.000","°C","1013.000","hPa","0.861","-0.02056","0.00035","-0.00011","0","14.7","Humid","26.25","0","52.00","342808.64","SABD0000000001","AAV1.0.0.11","2.0.0.28","PSt7-10","000000-000","10/20/2017 9:36:39 AM","0000-00","0","no battery","V"
"10/20/2017","13:11:42","5","default","957498349","OXY5","122.068","min","154.609","μmol/L","Humid","21.199","deg","90777","µV","35.985","°C","1018.000","hPa","37.0","pmil","0","55.500","deg","20.000","°C","100.000","%a.s.","22.500","deg","20.000","°C","1013.000","hPa","0.861","-0.02056","0.00035","-0.00011","0","14.7","Humid","26.25","0","52.00","342817.88","SABD0000000001","AAV1.0.0.11","2.0.0.28","PSt7-10","000000-000","10/20/2017 9:36:39 AM","0000-00","0","no battery","V"
"10/20/2017","13:11:43","5","default","957498349","OXY5","122.084","min","154.685","μmol/L","Humid","21.198","deg","90772","µV","35.974","°C","1018.000","hPa","37.0","pmil","0","55.500","deg","20.000","°C","100.000","%a.s.","22.500","deg","20.000","°C","1013.000","hPa","0.861","-0.02056","0.00035","-0.00011","0","14.7","Humid","26.25","0","52.00","342820.41","SABD0000000001","AAV1.0.0.11","2.0.0.28","PSt7-10","000000-000","10/20/2017 9:36:39 AM","0000-00","0","no battery","V"
"10/20/2017","13:11:44","5","default","957498349","OXY5","122.101","min","154.654","μmol/L","Humid","21.199","deg","90774","µV","35.977","°C","1018.000","hPa","37.0","pmil","0","55.500","deg","20.000","°C","100.000","%a.s.","22.500","deg","20.000","°C","1013.000","hPa","0.861","-0.02056","0.00035","-0.00011","0","14.7","Humid","26.25","0","52.00","342812.91","SABD0000000001","AAV1.0.0.11","2.0.0.28","PSt7-10","000000-000","10/20/2017 9:36:39 AM","0000-00","0","no battery","V"
"10/20/2017","13:11:45","5","default","957498349","OXY5","122.118","min","154.688","μmol/L","Humid","21.200","deg","90770","µV","35.969","°C","1018.000","hPa","37.0","pmil","0","55.500","deg","20.000","°C","100.000","%a.s.","22.500","deg","20.000","°C","1013.000","hPa","0.861","-0.02056","0.00035","-0.00011","0","14.7","Humid","26.25","0","52.00","342789.95","SABD0000000001","AAV1.0.0.11","2.0.0.28","PSt7-10","000000-000","10/20/2017 9:36:39 AM","0000-00","0","no battery","V"
"10/20/2017","13:11:46","5","default","957498349","OXY5","122.134","min","154.668","μmol/L","Humid","21.202","deg","90770","µV","35.968","°C","1018.000","hPa","37.0","pmil","0","55.500","deg","20.000","°C","100.000","%a.s.","22.500","deg","20.000","°C","1013.000","hPa","0.861","-0.02056","0.00035","-0.00011","0","14.7","Humid","26.25","0","52.00","342809.12","SABD0000000001","AAV1.0.0.11","2.0.0.28","PSt7-10","000000-000","10/20/2017 9:36:39 AM","0000-00","0","no battery","V"
"10/20/2017","13:11:47","5","default","957498349","OXY5","122.151","min","154.714","μmol/L","Humid","21.200","deg","90771","µV","35.964","°C","1018.000","hPa","37.0","pmil","0","55.500","deg","20.000","°C","100.000","%a.s.","22.500","deg","20.000","°C","1013.000","hPa","0.861","-0.02056","0.00035","-0.00011","0","14.7","Humid","26.25","0","52.00","342817.83","SABD0000000001","AAV1.0.0.11","2.0.0.28","PSt7-10","000000-000","10/20/2017 9:36:39 AM","0000-00","0","no battery","V"
"10/20/2017","13:11:48","5","default","957498349","OXY5","122.168","min","154.673","μmol/L","Humid","21.200","deg","90765","µV","35.971","°C","1018.000","hPa","37.0","pmil","0","55.500","deg","20.000","°C","100.000","%a.s.","22.500","deg","20.000","°C","1013.000","hPa","0.861","-0.02056","0.00035","-0.00011","0","14.7","Humid","26.25","0","52.00","342800.65","SABD0000000001","AAV1.0.0.11","2.0.0.28","PSt7-10","000000-000","10/20/2017 9:36:39 AM","0000-00","0","no battery","V"
"10/20/2017","13:11:49","5","default","957498349","OXY5","122.184","min","154.689","μmol/L","Humid","21.202","deg","90765","µV","35.964","°C","1018.000","hPa","37.0","pmil","0","55.500","deg","20.000","°C","100.000","%a.s.","22.500","deg","20.000","°C","1013.000","hPa","0.861","-0.02056","0.00035","-0.00011","0","14.7","Humid","26.25","0","52.00","342807.97","SABD0000000001","AAV1.0.0.11","2.0.0.28","PSt7-10","000000-000","10/20/2017 9:36:39 AM","0000-00","0","no battery","V"
"10/20/2017","13:11:50","5","default","957498349","OXY5","122.201","min","154.770","μmol/L","Humid","21.195","deg","90774","µV","35.967","°C","1018.000","hPa","37.0","pmil","0","55.500","deg","20.000","°C","100.000","%a.s.","22.500","deg","20.000","°C","1013.000","hPa","0.861","-0.02056","0.00035","-0.00011","0","14.7","Humid","26.25","0","52.00","342801.06","SABD0000000001","AAV1.0.0.11","2.0.0.28","PSt7-10","000000-000","10/20/2017 9:36:39 AM","0000-00","0","no battery","V"
"10/20/2017","13:11:51","5","default","957498349","OXY5","122.218","min","154.602","μmol/L","Humid","21.200","deg","90773","µV","35.983","°C","1018.000","hPa","37.0","pmil","0","55.500","deg","20.000","°C","100.000","%a.s.","22.500","deg","20.000","°C","1013.000","hPa","0.861","-0.02056","0.00035","-0.00011","0","14.7","Humid","26.25","0","52.00","342798.20","SABD0000000001","AAV1.0.0.11","2.0.0.28","PSt7-10","000000-000","10/20/2017 9:36:39 AM","0000-00","0","no battery","V"
"10/20/2017","13:11:52","5","default","957498349","OXY5","122.234","min","154.628","μmol/L","Humid","21.201","deg","90771","µV","35.977","°C","1018.000","hPa","37.0","pmil","0","55.500","deg","20.000","°C","100.000","%a.s.","22.500","deg","20.000","°C","1013.000","hPa","0.861","-0.02056","0.00035","-0.00011","0","14.7","Humid","26.25","0","52.00","342810.41","SABD0000000001","AAV1.0.0.11","2.0.0.28","PSt7-10","000000-000","10/20/2017 9:36:39 AM","0000-00","0","no battery","V"
"10/20/2017","13:11:53","5","default","957498349","OXY5","122.251","min","154.556","μmol/L","Humid","21.200","deg","90774","µV","35.991","°C","1018.000","hPa","37.0","pmil","0","55.500","deg","20.000","°C","100.000","%a.s.","22.500","deg","20.000","°C","1013.000","hPa","0.861","-0.02056","0.00035","-0.00011","0","14.7","Humid","26.25","0","52.00","342804.99","SABD0000000001","AAV1.0.0.11","2.0.0.28","PSt7-10","000000-000","10/20/2017 9:36:39 AM","0000-00","0","no battery","V"
"10/20/2017","13:11:54","5","default","957498349","OXY5","122.268","min","154.568","μmol/L","Humid","21.204","deg","90770","µV","35.980","°C","1018.000","hPa","37.0","pmil","0","55.500","deg","20.000","°C","100.000","%a.s.","22.500","deg","20.000","°C","1013.000","hPa","0.861","-0.02056","0.00035","-0.00011","0","14.7","Humid","26.25","0","52.00","342808.71","SABD0000000001","AAV1.0.0.11","2.0.0.28","PSt7-10","000000-000","10/20/2017 9:36:39 AM","0000-00","0","no battery","V"
"10/20/2017","13:11:55","5","default","957498349","OXY5","122.285","min","154.653","μmol/L","Humid","21.196","deg","90770","µV","35.984","°C","1018.000","hPa","37.0","pmil","0","55.500","deg","20.000","°C","100.000","%a.s.","22.500","deg","20.000","°C","1013.000","hPa","0.861","-0.02056","0.00035","-0.00011","0","14.7","Humid","26.25","0","52.00","342815.22","SABD0000000001","AAV1.0.0.11","2.0.0.28","PSt7-10","000000-000","10/20/2017 9:36:39 AM","0000-00","0","no battery","V"
"10/20/2017","13:11:56","5","default","957498349","OXY5","122.301","min","154.687","μmol/L","Humid","21.196","deg","90772","µV","35.978","°C","1018.000","hPa","37.0","pmil","0","55.500","deg","20.000","°C","100.000","%a.s.","22.500","deg","20.000","°C","1013.000","hPa","0.861","-0.02056","0.00035","-0.00011","0","14.7","Humid","26.25","0","52.00","342819.77","SABD0000000001","AAV1.0.0.11","2.0.0.28","PSt7-10","000000-000","10/20/2017 9:36:39 AM","0000-00","0","no battery","V"
"10/20/2017","13:11:57","5","default","957498349","OXY5","122.318","min","154.652","μmol/L","Humid","21.197","deg","90778","µV","35.982","°C","1018.000","hPa","37.0","pmil","0","55.500","deg","20.000","°C","100.000","%a.s.","22.500","deg","20.000","°C","1013.000","hPa","0.861","-0.02056","0.00035","-0.00011","0","14.7","Humid","26.25","0","52.00","342818.07","SABD0000000001","AAV1.0.0.11","2.0.0.28","PSt7-10","000000-000","10/20/2017 9:36:39 AM","0000-00","0","no battery","V"
"10/20/2017","13:11:58","5","default","957498349","OXY5","122.335","min","154.695","μmol/L","Humid","21.199","deg","90768","µV","35.970","°C","1018.000","hPa","37.0","pmil","0","55.500","deg","20.000","°C","100.000","%a.s.","22.500","deg","20.000","°C","1013.000","hPa","0.861","-0.02056","0.00035","-0.00011","0","14.7","Humid","26.25","0","52.00","342796.22","SABD0000000001","AAV1.0.0.11","2.0.0.28","PSt7-10","000000-000","10/20/2017 9:36:39 AM","0000-00","0","no battery","V"
"10/20/2017","13:11:59","5","default","957498349","OXY5","122.351","min","154.684","μmol/L","Humid","21.198","deg","90772","µV","35.974","°C","1018.000","hPa","37.0","pmil","0","55.500","deg","20.000","°C","100.000","%a.s.","22.500","deg","20.000","°C","1013.000","hPa","0.861","-0.02056","0.00035","-0.00011","0","14.7","Humid","26.25","0","52.00","342796.33","SABD0000000001","AAV1.0.0.11","2.0.0.28","PSt7-10","000000-000","10/20/2017 9:36:39 AM","0000-00","0","no battery","V"
"10/20/2017","13:12:00","5","default","957498349","OXY5","122.368","min","154.681","μmol/L","Humid","21.200","deg","90787","µV","35.970","°C","1018.000","hPa","37.0","pmil","0","55.500","deg","20.000","°C","100.000","%a.s.","22.500","deg","20.000","°C","1013.000","hPa","0.861","-0.02056","0.00035","-0.00011","0","14.7","Humid","26.25","0","52.00","342817.80","SABD0000000001","AAV1.0.0.11","2.0.0.28","PSt7-10","000000-000","10/20/2017 9:36:39 AM","0000-00","0","no battery","V"
"10/20/2017","13:12:01","5","default","957498349","OXY5","122.385","min","154.646","μmol/L","Humid","21.200","deg","90771","µV","35.976","°C","1018.000","hPa","37.0","pmil","0","55.500","deg","20.000","°C","100.000","%a.s.","22.500","deg","20.000","°C","1013.000","hPa","0.861","-0.02056","0.00035","-0.00011","0","14.7","Humid","26.25","0","52.00","342806.75","SABD0000000001","AAV1.0.0.11","2.0.0.28","PSt7-10","000000-000","10/20/2017 9:36:39 AM","0000-00","0","no battery","V"
"10/20/2017","13:12:02","5","default","957498349","OXY5","122.401","min","154.731","μmol/L","Humid","21.197","deg","90774","µV","35.969","°C","1018.000","hPa","37.0","pmil","0","55.500","deg","20.000","°C","100.000","%a.s.","22.500","deg","20.000","°C","1013.000","hPa","0.861","-0.02056","0.00035","-0.00011","0","14.7","Humid","26.25","0","52.00","342802.43","SABD0000000001","AAV1.0.0.11","2.0.0.28","PSt7-10","000000-000","10/20/2017 9:36:39 AM","0000-00","0","no battery","V"
"10/20/2017","13:12:03","5","default","957498349","OXY5","122.418","min","154.566","μmol/L","Humid","21.203","deg","90772","µV","35.982","°C","1018.000","hPa","37.0","pmil","0","55.500","deg","20.000","°C","100.000","%a.s.","22.500","deg","20.000","°C","1013.000","hPa","0.861","-0.02056","0.00035","-0.00011","0","14.7","Humid","26.25","0","52.00","342800.19","SABD0000000001","AAV1.0.0.11","2.0.0.28","PSt7-10","000000-000","10/20/2017 9:36:39 AM","0000-00","0","no battery","V"
"10/20/2017","13:12:04","5","default","957498349","OXY5","122.435","min","154.677","μmol/L","Humid","21.203","deg","90775","µV","35.964","°C","1018.000","hPa","37.0","pmil","0","55.500","deg","20.000","°C","100.000","%a.s.","22.500","deg","20.000","°C","1013.000","hPa","0.861","-0.02056","0.00035","-0.00011","0","14.7","Humid","26.25","0","52.00","342806.49","SABD0000000001","AAV1.0.0.11","2.0.0.28","PSt7-10","000000-000","10/20/2017 9:36:39 AM","0000-00","0","no battery","V"
"10/20/2017","13:12:05","5","default","957498349","OXY5","122.451","min","154.686","μmol/L","Humid","21.201","deg","90769","µV","35.967","°C","1018.000","hPa","37.0","pmil","0","55.500","deg","20.000","°C","100.000","%a.s.","22.500","deg","20.000","°C","1013.000","hPa","0.861","-0.02056","0.00035","-0.00011","0","14.7","Humid","26.25","0","52.00","342787.16","SABD0000000001","AAV1.0.0.11","2.0.0.28","PSt7-10","000000-000","10/20/2017 9:36:39 AM","0000-00","0","no battery","V"
"10/20/2017","13:12:06","5","default","957498349","OXY5","122.468","min","154.637","μmol/L","Humid","21.204","deg","90773","µV","35.968","°C","1018.000","hPa","37.0","pmil","0","55.500","deg","20.000","°C","100.000","%a.s.","22.500","deg","20.000","°C","1013.000","hPa","0.861","-0.02056","0.00035","-0.00011","0","14.7","Humid","26.25","0","52.00","342811.82","SABD0000000001","AAV1.0.0.11","2.0.0.28","PSt7-10","000000-000","10/20/2017 9:36:39 AM","0000-00","0","no battery","V"
"10/20/2017","13:12:07","5","default","957498349","OXY5","122.484","min","154.601","μmol/L","Humid","21.199","deg","90768","µV","35.986","°C","1018.000","hPa","37.0","pmil","0","55.500","deg","20.000","°C","100.000","%a.s.","22.500","deg","20.000","°C","1013.000","hPa","0.861","-0.02056","0.00035","-0.00011","0","14.7","Humid","26.25","0","52.00","342778.57","SABD0000000001","AAV1.0.0.11","2.0.0.28","PSt7-10","000000-000","10/20/2017 9:36:39 AM","0000-00","0","no battery","V"
"10/20/2017","13:12:08","5","default","957498349","OXY5","122.501","min","154.666","μmol/L","Humid","21.203","deg","90766","µV","35.965","°C","1018.000","hPa","37.0","pmil","0","55.500","deg","20.000","°C","100.000","%a.s.","22.500","deg","20.000","°C","1013.000","hPa","0.861","-0.02056","0.00035","-0.00011","0","14.7","Humid","26.25","0","52.00","342790.98","SABD0000000001","AAV1.0.0.11","2.0.0.28","PSt7-10","000000-000","10/20/2017 9:36:39 AM","0000-00","0","no battery","V"
"10/20/2017","13:12:09","5","default","957498349","OXY5","122.518","min","154.733","μmol/L","Humid","21.198","deg","90769","µV","35.966","°C","1018.000","hPa","37.0","pmil","0","55.500","deg","20.000","°C","100.000","%a.s.","22.500","deg","20.000","°C","1013.000","hPa","0.861","-0.02056","0.00035","-0.00011","0","14.7","Humid","26.25","0","52.00","342790.77","SABD0000000001","AAV1.0.0.11","2.0.0.28","PSt7-10","000000-000","10/20/2017 9:36:39 AM","0000-00","0","no battery","V"
"10/20/2017","13:12:10","5","default","957498349","OXY5","122.534","min","154.719","μmol/L","Humid","21.201","deg","90771","µV","35.961","°C","1018.000","hPa","37.0","pmil","0","55.500","deg","20.000","°C","100.000","%a.s.","22.500","deg","20.000","°C","1013.000","hPa","0.861","-0.02056","0.00035","-0.00011","0","14.7","Humid","26.25","0","52.00","342806.02","SABD0000000001","AAV1.0.0.11","2.0.0.28","PSt7-10","000000-000","10/20/2017 9:36:39 AM","0000-00","0","no battery","V"
"10/20/2017","13:12:11","5","default","957498349","OXY5","122.551","min","154.605","μmol/L","Humid","21.198","deg","90767","µV","35.988","°C","1018.000","hPa","37.0","pmil","0","55.500","deg","20.000","°C","100.000","%a.s.","22.500","deg","20.000","°C","1013.000","hPa","0.861","-0.02056","0.00035","-0.00011","0","14.7","Humid","26.25","0","52.00","342800.50","SABD0000000001","AAV1.0.0.11","2.0.0.28","PSt7-10","000000-000","10/20/2017 9:36:39 AM","0000-00","0","no battery","V"
"10/20/2017","13:12:12","5","default","957498349","OXY5","122.568","min","154.574","μmol/L","Humid","21.197","deg","90776","µV","35.995","°C","1018.000","hPa","37.0","pmil","0","55.500","deg","20.000","°C","100.000","%a.s.","22.500","deg","20.000","°C","1013.000","hPa","0.861","-0.02056","0.00035","-0.00011","0","14.7","Humid","26.25","0","52.00","342791.86","SABD0000000001","AAV1.0.0.11","2.0.0.28","PSt7-10","000000-000","10/20/2017 9:36:39 AM","0000-00","0","no battery","V"
"10/20/2017","13:12:13","5","default","957498349","OXY5","122.584","min","154.564","μmol/L","Humid","21.204","deg","90777","µV","35.980","°C","1018.000","hPa","37.0","pmil","0","55.500","deg","20.000","°C","100.000","%a.s.","22.500","deg","20.000","°C","1013.000","hPa","0.861","-0.02056","0.00035","-0.00011","0","14.7","Humid","26.25","0","52.00","342792.19","SABD0000000001","AAV1.0.0.11","2.0.0.28","PSt7-10","000000-000","10/20/2017 9:36:39 AM","0000-00","0","no battery","V"
"10/20/2017","13:12:14","5","default","957498349","OXY5","122.601","min","154.567","μmol/L","Humid","21.201","deg","90773","µV","35.987","°C","1018.000","hPa","37.0","pmil","0","55.500","deg","20.000","°C","100.000","%a.s.","22.500","deg","20.000","°C","1013.000","hPa","0.861","-0.02056","0.00035","-0.00011","0","14.7","Humid","26.25","0","52.00","342798.58","SABD0000000001","AAV1.0.0.11","2.0.0.28","PSt7-10","000000-000","10/20/2017 9:36:39 AM","0000-00","0","no battery","V"
"10/20/2017","13:12:15","5","default","957498349","OXY5","122.618","min","154.573","μmol/L","Humid","21.200","deg","90773","µV","35.988","°C","1018.000","hPa","37.0","pmil","0","55.500","deg","20.000","°C","100.000","%a.s.","22.500","deg","20.000","°C","1013.000","hPa","0.861","-0.02056","0.00035","-0.00011","0","14.7","Humid","26.25","0","52.00","342781.14","SABD0000000001","AAV1.0.0.11","2.0.0.28","PSt7-10","000000-000","10/20/2017 9:36:39 AM","0000-00","0","no battery","V"
"10/20/2017","13:12:16","5","default","957498349","OXY5","122.634","min","154.559","μmol/L","Humid","21.202","deg","90773","µV","35.986","°C","1018.000","hPa","37.0","pmil","0","55.500","deg","20.000","°C","100.000","%a.s.","22.500","deg","20.000","°C","1013.000","hPa","0.861","-0.02056","0.00035","-0.00011","0","14.7","Humid","26.25","0","52.00","342799.99","SABD0000000001","AAV1.0.0.11","2.0.0.28","PSt7-10","000000-000","10/20/2017 9:36:39 AM","0000-00","0","no battery","V"
"10/20/2017","13:12:17","5","default","957498349","OXY5","122.651","min","154.576","μmol/L","Humid","21.199","deg","90774","µV","35.990","°C","1018.000","hPa","37.0","pmil","0","55.500","deg","20.000","°C","100.000","%a.s.","22.500","deg","20.000","°C","1013.000","hPa","0.861","-0.02056","0.00035","-0.00011","0","14.7","Humid","26.25","0","52.00","342792.19","SABD0000000001","AAV1.0.0.11","2.0.0.28","PSt7-10","000000-000","10/20/2017 9:36:39 AM","0000-00","0","no battery","V"
"10/20/2017","13:12:18","5","default","957498349","OXY5","122.668","min","154.628","μmol/L","Humid","21.201","deg","90769","µV","35.977","°C","1018.000","hPa","37.0","pmil","0","55.500","deg","20.000","°C","100.000","%a.s.","22.500","deg","20.000","°C","1013.000","hPa","0.861","-0.02056","0.00035","-0.00011","0","14.7","Humid","26.25","0","52.00","342801.49","SABD0000000001","AAV1.0.0.11","2.0.0.28","PSt7-10","000000-000","10/20/2017 9:36:39 AM","0000-00","0","no battery","V"
"10/20/2017","13:12:19","5","default","957498349","OXY5","122.684","min","154.674","μmol/L","Humid","21.198","deg","90778","µV","35.976","°C","1018.000","hPa","37.0","pmil","0","55.500","deg","20.000","°C","100.000","%a.s.","22.500","deg","20.000","°C","1013.000","hPa","0.861","-0.02056","0.00035","-0.00011","0","14.7","Humid","26.25","0","52.00","342794.83","SABD0000000001","AAV1.0.0.11","2.0.0.28","PSt7-10","000000-000","10/20/2017 9:36:39 AM","0000-00","0","no battery","V"
"10/20/2017","13:12:20","5","default","957498349","OXY5","122.701","min","154.708","μmol/L","Humid","21.195","deg","90774","µV","35.977","°C","1018.000","hPa","37.0","pmil","0","55.500","deg","20.000","°C","100.000","%a.s.","22.500","deg","20.000","°C","1013.000","hPa","0.861","-0.02056","0.00035","-0.00011","0","14.7","Humid","26.25","0","52.00","342783.61","SABD0000000001","AAV1.0.0.11","2.0.0.28","PSt7-10","000000-000","10/20/2017 9:36:39 AM","0000-00","0","no battery","V"
"10/20/2017","13:12:21","5","default","957498349","OXY5","122.718","min","154.717","μmol/L","Humid","21.200","deg","90778","µV","35.964","°C","1018.000","hPa","37.0","pmil","0","55.500","deg","20.000","°C","100.000","%a.s.","22.500","deg","20.000","°C","1013.000","hPa","0.861","-0.02056","0.00035","-0.00011","0","14.7","Humid","26.25","0","52.00","342799.85","SABD0000000001","AAV1.0.0.11","2.0.0.28","PSt7-10","000000-000","10/20/2017 9:36:39 AM","0000-00","0","no battery","V"
"10/20/2017","13:12:22","5","default","957498349","OXY5","122.734","min","154.539","μmol/L","Humid","21.203","deg","90781","µV","35.987","°C","1018.000","hPa","37.0","pmil","0","55.500","deg","20.000","°C","100.000","%a.s.","22.500","deg","20.000","°C","1013.000","hPa","0.861","-0.02056","0.00035","-0.00011","0","14.7","Humid","26.25","0","52.00","342789.74","SABD0000000001","AAV1.0.0.11","2.0.0.28","PSt7-10","000000-000","10/20/2017 9:36:39 AM","0000-00","0","no battery","V"
"10/20/2017","13:12:23","5","default","957498349","OXY5","122.751","min","154.608","μmol/L","Humid","21.201","deg","90775","µV","35.980","°C","1018.000","hPa","37.0","pmil","0","55.500","deg","20.000","°C","100.000","%a.s.","22.500","deg","20.000","°C","1013.000","hPa","0.861","-0.02056","0.00035","-0.00011","0","14.7","Humid","26.25","0","52.00","342802.18","SABD0000000001","AAV1.0.0.11","2.0.0.28","PSt7-10","000000-000","10/20/2017 9:36:39 AM","0000-00","0","no battery","V"
"10/20/2017","13:12:24","5","default","957498349","OXY5","122.768","min","154.634","μmol/L","Humid","21.199","deg","90778","µV","35.980","°C","1018.000","hPa","37.0","pmil","0","55.500","deg","20.000","°C","100.000","%a.s.","22.500","deg","20.000","°C","1013.000","hPa","0.861","-0.02056","0.00035","-0.00011","0","14.7","Humid","26.25","0","52.00","342789.23","SABD0000000001","AAV1.0.0.11","2.0.0.28","PSt7-10","000000-000","10/20/2017 9:36:39 AM","0000-00","0","no battery","V"
"10/20/2017","13:12:25","5","default","957498349","OXY5","122.784","min","154.565","μmol/L","Humid","21.201","deg","90783","µV","35.987","°C","1018.000","hPa","37.0","pmil","0","55.500","deg","20.000","°C","100.000","%a.s.","22.500","deg","20.000","°C","1013.000","hPa","0.861","-0.02056","0.00035","-0.00011","0","14.7","Humid","26.25","0","52.00","342788.14","SABD0000000001","AAV1.0.0.11","2.0.0.28","PSt7-10","000000-000","10/20/2017 9:36:39 AM","0000-00","0","no battery","V"
"10/20/2017","13:12:26","5","default","957498349","OXY5","122.801","min","154.675","μmol/L","Humid","21.198","deg","90775","µV","35.976","°C","1018.000","hPa","37.0","pmil","0","55.500","deg","20.000","°C","100.000","%a.s.","22.500","deg","20.000","°C","1013.000","hPa","0.861","-0.02056","0.00035","-0.00011","0","14.7","Humid","26.25","0","52.00","342791.96","SABD0000000001","AAV1.0.0.11","2.0.0.28","PSt7-10","000000-000","10/20/2017 9:36:39 AM","0000-00","0","no battery","V"
"10/20/2017","13:12:27","5","default","957498349","OXY5","122.818","min","154.695","μmol/L","Humid","21.203","deg","90778","µV","35.961","°C","1018.000","hPa","37.0","pmil","0","55.500","deg","20.000","°C","100.000","%a.s.","22.500","deg","20.000","°C","1013.000","hPa","0.861","-0.02056","0.00035","-0.00011","0","14.7","Humid","26.25","0","52.00","342782.69","SABD0000000001","AAV1.0.0.11","2.0.0.28","PSt7-10","000000-000","10/20/2017 9:36:39 AM","0000-00","0","no battery","V"
"10/20/2017","13:12:28","5","default","957498349","OXY5","122.835","min","154.732","μmol/L","Humid","21.197","deg","90774","µV","35.968","°C","1018.000","hPa","37.0","pmil","0","55.500","deg","20.000","°C","100.000","%a.s.","22.500","deg","20.000","°C","1013.000","hPa","0.861","-0.02056","0.00035","-0.00011","0","14.7","Humid","26.25","0","52.00","342790.69","SABD0000000001","AAV1.0.0.11","2.0.0.28","PSt7-10","000000-000","10/20/2017 9:36:39 AM","0000-00","0","no battery","V"
"10/20/2017","13:12:29","5","default","957498349","OXY5","122.851","min","154.603","μmol/L","Humid","21.203","deg","90778","µV","35.976","°C","1018.000","hPa","37.0","pmil","0","55.500","deg","20.000","°C","100.000","%a.s.","22.500","deg","20.000","°C","1013.000","hPa","0.861","-0.02056","0.00035","-0.00011","0","14.7","Humid","26.25","0","52.00","342772.50","SABD0000000001","AAV1.0.0.11","2.0.0.28","PSt7-10","000000-000","10/20/2017 9:36:39 AM","0000-00","0","no battery","V"
"10/20/2017","13:12:30","5","default","957498349","OXY5","122.868","min","154.587","μmol/L","Humid","21.198","deg","90775","µV","35.991","°C","1018.000","hPa","37.0","pmil","0","55.500","deg","20.000","°C","100.000","%a.s.","22.500","deg","20.000","°C","1013.000","hPa","0.861","-0.02056","0.00035","-0.00011","0","14.7","Humid","26.25","0","52.00","342796.74","SABD0000000001","AAV1.0.0.11","2.0.0.28","PSt7-10","000000-000","10/20/2017 9:36:39 AM","0000-00","0","no battery","V"
"10/20/2017","13:12:31","5","default","957498349","OXY5","122.885","min","154.544","μmol/L","Humid","21.200","deg","90776","µV","35.993","°C","1018.000","hPa","37.0","pmil","0","55.500","deg","20.000","°C","100.000","%a.s.","22.500","deg","20.000","°C","1013.000","hPa","0.861","-0.02056","0.00035","-0.00011","0","14.7","Humid","26.25","0","52.00","342781.48","SABD0000000001","AAV1.0.0.11","2.0.0.28","PSt7-10","000000-000","10/20/2017 9:36:39 AM","0000-00","0","no battery","V"
"10/20/2017","13:12:32","5","default","957498349","OXY5","122.901","min","154.623","μmol/L","Humid","21.200","deg","90775","µV","35.980","°C","1018.000","hPa","37.0","pmil","0","55.500","deg","20.000","°C","100.000","%a.s.","22.500","deg","20.000","°C","1013.000","hPa","0.861","-0.02056","0.00035","-0.00011","0","14.7","Humid","26.25","0","52.00","342775.48","SABD0000000001","AAV1.0.0.11","2.0.0.28","PSt7-10","000000-000","10/20/2017 9:36:39 AM","0000-00","0","no battery","V"
"10/20/2017","13:12:33","5","default","957498349","OXY5","122.918","min","154.530","μmol/L","Humid","21.202","deg","90772","µV","35.991","°C","1018.000","hPa","37.0","pmil","0","55.500","deg","20.000","°C","100.000","%a.s.","22.500","deg","20.000","°C","1013.000","hPa","0.861","-0.02056","0.00035","-0.00011","0","14.7","Humid","26.25","0","52.00","342793.42","SABD0000000001","AAV1.0.0.11","2.0.0.28","PSt7-10","000000-000","10/20/2017 9:36:39 AM","0000-00","0","no battery","V"
"10/20/2017","13:12:34","5","default","957498349","OXY5","122.935","min","154.536","μmol/L","Humid","21.202","deg","90777","µV","35.990","°C","1018.000","hPa","37.0","pmil","0","55.500","deg","20.000","°C","100.000","%a.s.","22.500","deg","20.000","°C","1013.000","hPa","0.861","-0.02056","0.00035","-0.00011","0","14.7","Humid","26.25","0","52.00","342778.68","SABD0000000001","AAV1.0.0.11","2.0.0.28","PSt7-10","000000-000","10/20/2017 9:36:39 AM","0000-00","0","no battery","V"
"10/20/2017","13:12:35","5","default","957498349","OXY5","122.951","min","154.495","μmol/L","Humid","21.202","deg","90772","µV","35.997","°C","1018.000","hPa","37.0","pmil","0","55.500","deg","20.000","°C","100.000","%a.s.","22.500","deg","20.000","°C","1013.000","hPa","0.861","-0.02056","0.00035","-0.00011","0","14.7","Humid","26.25","0","52.00","342785.82","SABD0000000001","AAV1.0.0.11","2.0.0.28","PSt7-10","000000-000","10/20/2017 9:36:39 AM","0000-00","0","no battery","V"
"10/20/2017","13:12:36","5","default","957498349","OXY5","122.968","min","154.540","μmol/L","Humid","21.197","deg","90776","µV","36.001","°C","1018.000","hPa","37.0","pmil","0","55.500","deg","20.000","°C","100.000","%a.s.","22.500","deg","20.000","°C","1013.000","hPa","0.861","-0.02056","0.00035","-0.00011","0","14.7","Humid","26.25","0","52.00","342781.68","SABD0000000001","AAV1.0.0.11","2.0.0.28","PSt7-10","000000-000","10/20/2017 9:36:39 AM","0000-00","0","no battery","V"
"10/20/2017","13:12:37","5","default","957498349","OXY5","122.985","min","154.754","μmol/L","Humid","21.198","deg","90779","µV","35.962","°C","1018.000","hPa","37.0","pmil","0","55.500","deg","20.000","°C","100.000","%a.s.","22.500","deg","20.000","°C","1013.000","hPa","0.861","-0.02056","0.00035","-0.00011","0","14.7","Humid","26.25","0","52.00","342785.87","SABD0000000001","AAV1.0.0.11","2.0.0.28","PSt7-10","000000-000","10/20/2017 9:36:39 AM","0000-00","0","no battery","V"
"10/20/2017","13:12:38","5","default","957498349","OXY5","123.001","min","154.634","μmol/L","Humid","21.201","deg","90769","µV","35.976","°C","1018.000","hPa","37.0","pmil","0","55.500","deg","20.000","°C","100.000","%a.s.","22.500","deg","20.000","°C","1013.000","hPa","0.861","-0.02056","0.00035","-0.00011","0","14.7","Humid","26.25","0","52.00","342771.93","SABD0000000001","AAV1.0.0.11","2.0.0.28","PSt7-10","000000-000","10/20/2017 9:36:39 AM","0000-00","0","no battery","V"
"10/20/2017","13:12:39","5","default","957498349","OXY5","123.018","min","154.503","μmol/L","Humid","21.203","deg","90771","µV","35.993","°C","1018.000","hPa","37.0","pmil","0","55.500","deg","20.000","°C","100.000","%a.s.","22.500","deg","20.000","°C","1013.000","hPa","0.861","-0.02056","0.00035","-0.00011","0","14.7","Humid","26.25","0","52.00","342769.94","SABD0000000001","AAV1.0.0.11","2.0.0.28","PSt7-10","000000-000","10/20/2017 9:36:39 AM","0000-00","0","no battery","V"
"10/20/2017","13:12:40","5","default","957498349","OXY5","123.035","min","154.509","μmol/L","Humid","21.201","deg","90783","µV","35.997","°C","1018.000","hPa","37.0","pmil","0","55.500","deg","20.000","°C","100.000","%a.s.","22.500","deg","20.000","°C","1013.000","hPa","0.861","-0.02056","0.00035","-0.00011","0","14.7","Humid","26.25","0","52.00","342787.35","SABD0000000001","AAV1.0.0.11","2.0.0.28","PSt7-10","000000-000","10/20/2017 9:36:39 AM","0000-00","0","no battery","V"
"10/20/2017","13:12:41","5","default","957498349","OXY5","123.051","min","154.534","μmol/L","Humid","21.206","deg","90774","µV","35.981","°C","1018.000","hPa","37.0","pmil","0","55.500","deg","20.000","°C","100.000","%a.s.","22.500","deg","20.000","°C","1013.000","hPa","0.861","-0.02056","0.00035","-0.00011","0","14.7","Humid","26.25","0","52.00","342783.84","SABD0000000001","AAV1.0.0.11","2.0.0.28","PSt7-10","000000-000","10/20/2017 9:36:39 AM","0000-00","0","no battery","V"
"10/20/2017","13:12:42","5","default","957498349","OXY5","123.068","min","154.654","μmol/L","Humid","21.202","deg","90773","µV","35.970","°C","1018.000","hPa","37.0","pmil","0","55.500","deg","20.000","°C","100.000","%a.s.","22.500","deg","20.000","°C","1013.000","hPa","0.861","-0.02056","0.00035","-0.00011","0","14.7","Humid","26.25","0","52.00","342770.24","SABD0000000001","AAV1.0.0.11","2.0.0.28","PSt7-10","000000-000","10/20/2017 9:36:39 AM","0000-00","0","no battery","V"
"10/20/2017","13:12:43","5","default","957498349","OXY5","123.085","min","154.706","μmol/L","Humid","21.197","deg","90767","µV","35.973","°C","1018.000","hPa","37.0","pmil","0","55.500","deg","20.000","°C","100.000","%a.s.","22.500","deg","20.000","°C","1013.000","hPa","0.861","-0.02056","0.00035","-0.00011","0","14.7","Humid","26.25","0","52.00","342778.17","SABD0000000001","AAV1.0.0.11","2.0.0.28","PSt7-10","000000-000","10/20/2017 9:36:39 AM","0000-00","0","no battery","V"
"10/20/2017","13:12:44","5","default","957498349","OXY5","123.101","min","154.684","μmol/L","Humid","21.199","deg","90773","µV","35.972","°C","1018.000","hPa","37.0","pmil","0","55.500","deg","20.000","°C","100.000","%a.s.","22.500","deg","20.000","°C","1013.000","hPa","0.861","-0.02056","0.00035","-0.00011","0","14.7","Humid","26.25","0","52.00","342769.81","SABD0000000001","AAV1.0.0.11","2.0.0.28","PSt7-10","000000-000","10/20/2017 9:36:39 AM","0000-00","0","no battery","V"
"10/20/2017","13:12:45","5","default","957498349","OXY5","123.118","min","154.516","μmol/L","Humid","21.204","deg","90770","µV","35.989","°C","1018.000","hPa","37.0","pmil","0","55.500","deg","20.000","°C","100.000","%a.s.","22.500","deg","20.000","°C","1013.000","hPa","0.861","-0.02056","0.00035","-0.00011","0","14.7","Humid","26.25","0","52.00","342758.01","SABD0000000001","AAV1.0.0.11","2.0.0.28","PSt7-10","000000-000","10/20/2017 9:36:39 AM","0000-00","0","no battery","V"
"10/20/2017","13:12:46","5","default","957498349","OXY5","123.135","min","154.653","μmol/L","Humid","21.202","deg","90774","µV","35.970","°C","1018.000","hPa","37.0","pmil","0","55.500","deg","20.000","°C","100.000","%a.s.","22.500","deg","20.000","°C","1013.000","hPa","0.861","-0.02056","0.00035","-0.00011","0","14.7","Humid","26.25","0","52.00","342776.24","SABD0000000001","AAV1.0.0.11","2.0.0.28","PSt7-10","000000-000","10/20/2017 9:36:39 AM","0000-00","0","no battery","V"
"10/20/2017","13:12:47","5","default","957498349","OXY5","123.151","min","154.728","μmol/L","Humid","21.193","deg","90774","µV","35.979","°C","1018.000","hPa","37.0","pmil","0","55.500","deg","20.000","°C","100.000","%a.s.","22.500","deg","20.000","°C","1013.000","hPa","0.861","-0.02056","0.00035","-0.00011","0","14.7","Humid","26.25","0","52.00","342773.86","SABD0000000001","AAV1.0.0.11","2.0.0.28","PSt7-10","000000-000","10/20/2017 9:36:39 AM","0000-00","0","no battery","V"
"10/20/2017","13:12:48","5","default","957498349","OXY5","123.168","min","154.686","μmol/L","Humid","21.201","deg","90772","µV","35.967","°C","1018.000","hPa","37.0","pmil","0","55.500","deg","20.000","°C","100.000","%a.s.","22.500","deg","20.000","°C","1013.000","hPa","0.861","-0.02056","0.00035","-0.00011","0","14.7","Humid","26.25","0","52.00","342766.82","SABD0000000001","AAV1.0.0.11","2.0.0.28","PSt7-10","000000-000","10/20/2017 9:36:39 AM","0000-00","0","no battery","V"
"10/20/2017","13:12:49","5","default","957498349","OXY5","123.185","min","154.588","μmol/L","Humid","21.201","deg","90772","µV","35.983","°C","1018.000","hPa","37.0","pmil","0","55.500","deg","20.000","°C","100.000","%a.s.","22.500","deg","20.000","°C","1013.000","hPa","0.861","-0.02056","0.00035","-0.00011","0","14.7","Humid","26.25","0","52.00","342761.65","SABD0000000001","AAV1.0.0.11","2.0.0.28","PSt7-10","000000-000","10/20/2017 9:36:39 AM","0000-00","0","no battery","V"
"10/20/2017","13:12:50","5","default","957498349","OXY5","123.201","min","154.593","μmol/L","Humid","21.200","deg","90773","µV","35.985","°C","1018.000","hPa","37.0","pmil","0","55.500","deg","20.000","°C","100.000","%a.s.","22.500","deg","20.000","°C","1013.000","hPa","0.861","-0.02056","0.00035","-0.00011","0","14.7","Humid","26.25","0","52.00","342766.88","SABD0000000001","AAV1.0.0.11","2.0.0.28","PSt7-10","000000-000","10/20/2017 9:36:39 AM","0000-00","0","no battery","V"
"10/20/2017","13:12:51","5","default","957498349","OXY5","123.218","min","154.590","μmol/L","Humid","21.202","deg","90767","µV","35.981","°C","1018.000","hPa","37.0","pmil","0","55.500","deg","20.000","°C","100.000","%a.s.","22.500","deg","20.000","°C","1013.000","hPa","0.861","-0.02056","0.00035","-0.00011","0","14.7","Humid","26.25","0","52.00","342758.42","SABD0000000001","AAV1.0.0.11","2.0.0.28","PSt7-10","000000-000","10/20/2017 9:36:39 AM","0000-00","0","no battery","V"
"10/20/2017","13:12:52","5","default","957498349","OXY5","123.235","min","154.624","μmol/L","Humid","21.200","deg","90778","µV","35.980","°C","1018.000","hPa","37.0","pmil","0","55.500","deg","20.000","°C","100.000","%a.s.","22.500","deg","20.000","°C","1013.000","hPa","0.861","-0.02056","0.00035","-0.00011","0","14.7","Humid","26.25","0","52.00","342759.51","SABD0000000001","AAV1.0.0.11","2.0.0.28","PSt7-10","000000-000","10/20/2017 9:36:39 AM","0000-00","0","no battery","V"
"10/20/2017","13:12:53","5","default","957498349","OXY5","123.251","min","154.642","μmol/L","Humid","21.200","deg","90772","µV","35.977","°C","1018.000","hPa","37.0","pmil","0","55.500","deg","20.000","°C","100.000","%a.s.","22.500","deg","20.000","°C","1013.000","hPa","0.861","-0.02056","0.00035","-0.00011","0","14.7","Humid","26.25","0","52.00","342760.71","SABD0000000001","AAV1.0.0.11","2.0.0.28","PSt7-10","000000-000","10/20/2017 9:36:39 AM","0000-00","0","no battery","V"
"10/20/2017","13:12:54","5","default","957498349","OXY5","123.268","min","154.649","μmol/L","Humid","21.201","deg","90770","µV","35.973","°C","1018.000","hPa","37.0","pmil","0","55.500","deg","20.000","°C","100.000","%a.s.","22.500","deg","20.000","°C","1013.000","hPa","0.861","-0.02056","0.00035","-0.00011","0","14.7","Humid","26.25","0","52.00","342765.92","SABD0000000001","AAV1.0.0.11","2.0.0.28","PSt7-10","000000-000","10/20/2017 9:36:39 AM","0000-00","0","no battery","V"
"10/20/2017","13:12:55","5","default","957498349","OXY5","123.285","min","154.729","μmol/L","Humid","21.196","deg","90778","µV","35.971","°C","1018.000","hPa","37.0","pmil","0","55.500","deg","20.000","°C","100.000","%a.s.","22.500","deg","20.000","°C","1013.000","hPa","0.861","-0.02056","0.00035","-0.00011","0","14.7","Humid","26.25","0","52.00","342761.71","SABD0000000001","AAV1.0.0.11","2.0.0.28","PSt7-10","000000-000","10/20/2017 9:36:39 AM","0000-00","0","no battery","V"
"10/20/2017","13:12:56","5","default","957498349","OXY5","123.301","min","154.594","μmol/L","Humid","21.201","deg","90771","µV","35.982","°C","1018.000","hPa","37.0","pmil","0","55.500","deg","20.000","°C","100.000","%a.s.","22.500","deg","20.000","°C","1013.000","hPa","0.861","-0.02056","0.00035","-0.00011","0","14.7","Humid","26.25","0","52.00","342756.18","SABD0000000001","AAV1.0.0.11","2.0.0.28","PSt7-10","000000-000","10/20/2017 9:36:39 AM","0000-00","0","no battery","V"
"10/20/2017","13:12:57","5","default","957498349","OXY5","123.318","min","154.623","μmol/L","Humid","21.200","deg","90778","µV","35.980","°C","1018.000","hPa","37.0","pmil","0","55.500","deg","20.000","°C","100.000","%a.s.","22.500","deg","20.000","°C","1013.000","hPa","0.861","-0.02056","0.00035","-0.00011","0","14.7","Humid","26.25","0","52.00","342761.53","SABD0000000001","AAV1.0.0.11","2.0.0.28","PSt7-10","000000-000","10/20/2017 9:36:39 AM","0000-00","0","no battery","V"
"10/20/2017","13:12:58","5","default","957498349","OXY5","123.335","min","154.545","μmol/L","Humid","21.204","deg","90777","µV","35.984","°C","1018.000","hPa","37.0","pmil","0","55.500","deg","20.000","°C","100.000","%a.s.","22.500","deg","20.000","°C","1013.000","hPa","0.861","-0.02056","0.00035","-0.00011","0","14.7","Humid","26.25","0","52.00","342757.43","SABD0000000001","AAV1.0.0.11","2.0.0.28","PSt7-10","000000-000","10/20/2017 9:36:39 AM","0000-00","0","no battery","V"
"10/20/2017","13:12:59","5","default","957498349","OXY5","123.351","min","154.617","μmol/L","Humid","21.201","deg","90771","µV","35.979","°C","1018.000","hPa","37.0","pmil","0","55.500","deg","20.000","°C","100.000","%a.s.","22.500","deg","20.000","°C","1013.000","hPa","0.861","-0.02056","0.00035","-0.00011","0","14.7","Humid","26.25","0","52.00","342753.82","SABD0000000001","AAV1.0.0.11","2.0.0.28","PSt7-10","000000-000","10/20/2017 9:36:39 AM","0000-00","0","no battery","V"
"10/20/2017","13:13:00","5","default","957498349","OXY5","123.368","min","154.582","μmol/L","Humid","21.200","deg","90778","µV","35.987","°C","1018.000","hPa","37.0","pmil","0","55.500","deg","20.000","°C","100.000","%a.s.","22.500","deg","20.000","°C","1013.000","hPa","0.861","-0.02056","0.00035","-0.00011","0","14.7","Humid","26.25","0","52.00","342748.98","SABD0000000001","AAV1.0.0.11","2.0.0.28","PSt7-10","000000-000","10/20/2017 9:36:39 AM","0000-00","0","no battery","V"
"10/20/2017","13:13:01","5","default","957498349","OXY5","123.385","min","154.607","μmol/L","Humid","21.197","deg","90776","µV","35.990","°C","1018.000","hPa","37.0","pmil","0","55.500","deg","20.000","°C","100.000","%a.s.","22.500","deg","20.000","°C","1013.000","hPa","0.861","-0.02056","0.00035","-0.00011","0","14.7","Humid","26.25","0","52.00","342749.77","SABD0000000001","AAV1.0.0.11","2.0.0.28","PSt7-10","000000-000","10/20/2017 9:36:39 AM","0000-00","0","no battery","V"
"10/20/2017","13:13:02","5","default","957498349","OXY5","123.402","min","154.640","μmol/L","Humid","21.201","deg","90779","µV","35.975","°C","1018.000","hPa","37.0","pmil","0","55.500","deg","20.000","°C","100.000","%a.s.","22.500","deg","20.000","°C","1013.000","hPa","0.861","-0.02056","0.00035","-0.00011","0","14.7","Humid","26.25","0","52.00","342751.45","SABD0000000001","AAV1.0.0.11","2.0.0.28","PSt7-10","000000-000","10/20/2017 9:36:39 AM","0000-00","0","no battery","V"
"10/20/2017","13:13:03","5","default","957498349","OXY5","123.418","min","154.607","μmol/L","Humid","21.201","deg","90769","µV","35.980","°C","1018.000","hPa","37.0","pmil","0","55.500","deg","20.000","°C","100.000","%a.s.","22.500","deg","20.000","°C","1013.000","hPa","0.861","-0.02056","0.00035","-0.00011","0","14.7","Humid","26.25","0","52.00","342748.87","SABD0000000001","AAV1.0.0.11","2.0.0.28","PSt7-10","000000-000","10/20/2017 9:36:39 AM","0000-00","0","no battery","V"
"10/20/2017","13:13:04","5","default","957498349","OXY5","123.435","min","154.616","μmol/L","Humid","21.201","deg","90772","µV","35.979","°C","1018.000","hPa","37.0","pmil","0","55.500","deg","20.000","°C","100.000","%a.s.","22.500","deg","20.000","°C","1013.000","hPa","0.861","-0.02056","0.00035","-0.00011","0","14.7","Humid","26.25","0","52.00","342737.79","SABD0000000001","AAV1.0.0.11","2.0.0.28","PSt7-10","000000-000","10/20/2017 9:36:39 AM","0000-00","0","no battery","V"
"10/20/2017","13:13:05","5","default","957498349","OXY5","123.452","min","154.638","μmol/L","Humid","21.201","deg","90773","µV","35.975","°C","1018.000","hPa","37.0","pmil","0","55.500","deg","20.000","°C","100.000","%a.s.","22.500","deg","20.000","°C","1013.000","hPa","0.861","-0.02056","0.00035","-0.00011","0","14.7","Humid","26.25","0","52.00","342743.48","SABD0000000001","AAV1.0.0.11","2.0.0.28","PSt7-10","000000-000","10/20/2017 9:36:39 AM","0000-00","0","no battery","V"
"10/20/2017","13:13:06","5","default","957498349","OXY5","123.468","min","154.648","μmol/L","Humid","21.204","deg","90773","µV","35.966","°C","1018.000","hPa","37.0","pmil","0","55.500","deg","20.000","°C","100.000","%a.s.","22.500","deg","20.000","°C","1013.000","hPa","0.861","-0.02056","0.00035","-0.00011","0","14.7","Humid","26.25","0","52.00","342748.64","SABD0000000001","AAV1.0.0.11","2.0.0.28","PSt7-10","000000-000","10/20/2017 9:36:39 AM","0000-00","0","no battery","V"
"10/20/2017","13:13:07","5","default","957498349","OXY5","123.485","min","154.604","μmol/L","Humid","21.200","deg","90768","µV","35.983","°C","1018.000","hPa","37.0","pmil","0","55.500","deg","20.000","°C","100.000","%a.s.","22.500","deg","20.000","°C","1013.000","hPa","0.861","-0.02056","0.00035","-0.00011","0","14.7","Humid","26.25","0","52.00","342735.71","SABD0000000001","AAV1.0.0.11","2.0.0.28","PSt7-10","000000-000","10/20/2017 9:36:39 AM","0000-00","0","no battery","V"
"10/20/2017","13:13:08","5","default","957498349","OXY5","123.502","min","154.421","μmol/L","Humid","21.206","deg","90775","µV","36.000","°C","1018.000","hPa","37.0","pmil","0","55.500","deg","20.000","°C","100.000","%a.s.","22.500","deg","20.000","°C","1013.000","hPa","0.861","-0.02056","0.00035","-0.00011","0","14.7","Humid","26.25","0","52.00","342742.07","SABD0000000001","AAV1.0.0.11","2.0.0.28","PSt7-10","000000-000","10/20/2017 9:36:39 AM","0000-00","0","no battery","V"
"10/20/2017","13:13:09","5","default","957498349","OXY5","123.518","min","154.545","μmol/L","Humid","21.204","deg","90772","µV","35.984","°C","1018.000","hPa","37.0","pmil","0","55.500","deg","20.000","°C","100.000","%a.s.","22.500","deg","20.000","°C","1013.000","hPa","0.861","-0.02056","0.00035","-0.00011","0","14.7","Humid","26.25","0","52.00","342732.85","SABD0000000001","AAV1.0.0.11","2.0.0.28","PSt7-10","000000-000","10/20/2017 9:36:39 AM","0000-00","0","no battery","V"
"10/20/2017","13:13:10","5","default","957498349","OXY5","123.534","min","154.548","μmol/L","Humid","21.202","deg","90767","µV","35.988","°C","1018.000","hPa","37.0","pmil","0","55.500","deg","20.000","°C","100.000","%a.s.","22.500","deg","20.000","°C","1013.000","hPa","0.861","-0.02056","0.00035","-0.00011","0","14.7","Humid","26.25","0","52.00","342731.22","SABD0000000001","AAV1.0.0.11","2.0.0.28","PSt7-10","000000-000","10/20/2017 9:36:39 AM","0000-00","0","no battery","V"
"10/20/2017","13:13:11","5","default","957498349","OXY5","123.551","min","154.546","μmol/L","Humid","21.202","deg","90772","µV","35.988","°C","1018.000","hPa","37.0","pmil","0","55.500","deg","20.000","°C","100.000","%a.s.","22.500","deg","20.000","°C","1013.000","hPa","0.861","-0.02056","0.00035","-0.00011","0","14.7","Humid","26.25","0","52.00","342740.29","SABD0000000001","AAV1.0.0.11","2.0.0.28","PSt7-10","000000-000","10/20/2017 9:36:39 AM","0000-00","0","no battery","V"
"10/20/2017","13:13:12","5","default","957498349","OXY5","123.568","min","154.458","μmol/L","Humid","21.204","deg","90776","µV","35.998","°C","1018.000","hPa","37.0","pmil","0","55.500","deg","20.000","°C","100.000","%a.s.","22.500","deg","20.000","°C","1013.000","hPa","0.861","-0.02056","0.00035","-0.00011","0","14.7","Humid","26.25","0","52.00","342739.89","SABD0000000001","AAV1.0.0.11","2.0.0.28","PSt7-10","000000-000","10/20/2017 9:36:39 AM","0000-00","0","no battery","V"
"10/20/2017","13:13:13","5","default","957498349","OXY5","123.584","min","154.550","μmol/L","Humid","21.204","deg","90775","µV","35.983","°C","1018.000","hPa","37.0","pmil","0","55.500","deg","20.000","°C","100.000","%a.s.","22.500","deg","20.000","°C","1013.000","hPa","0.861","-0.02056","0.00035","-0.00011","0","14.7","Humid","26.25","0","52.00","342742.65","SABD0000000001","AAV1.0.0.11","2.0.0.28","PSt7-10","000000-000","10/20/2017 9:36:39 AM","0000-00","0","no battery","V"
"10/20/2017","13:13:14","5","default","957498349","OXY5","123.601","min","154.680","μmol/L","Humid","21.202","deg","90773","µV","35.966","°C","1018.000","hPa","37.0","pmil","0","55.500","deg","20.000","°C","100.000","%a.s.","22.500","deg","20.000","°C","1013.000","hPa","0.861","-0.02056","0.00035","-0.00011","0","14.7","Humid","26.25","0","52.00","342733.73","SABD0000000001","AAV1.0.0.11","2.0.0.28","PSt7-10","000000-000","10/20/2017 9:36:39 AM","0000-00","0","no battery","V"
"10/20/2017","13:13:15","5","default","957498349","OXY5","123.618","min","154.711","μmol/L","Humid","21.199","deg","90773","µV","35.967","°C","1018.000","hPa","37.0","pmil","0","55.500","deg","20.000","°C","100.000","%a.s.","22.500","deg","20.000","°C","1013.000","hPa","0.861","-0.02056","0.00035","-0.00011","0","14.7","Humid","26.25","0","52.00","342740.63","SABD0000000001","AAV1.0.0.11","2.0.0.28","PSt7-10","000000-000","10/20/2017 9:36:39 AM","0000-00","0","no battery","V"
"10/20/2017","13:13:16","5","default","957498349","OXY5","123.634","min","154.491","μmol/L","Humid","21.207","deg","90771","µV","35.986","°C","1018.000","hPa","37.0","pmil","0","55.500","deg","20.000","°C","100.000","%a.s.","22.500","deg","20.000","°C","1013.000","hPa","0.861","-0.02056","0.00035","-0.00011","0","14.7","Humid","26.25","0","52.00","342733.31","SABD0000000001","AAV1.0.0.11","2.0.0.28","PSt7-10","000000-000","10/20/2017 9:36:39 AM","0000-00","0","no battery","V"
"10/20/2017","13:13:17","5","default","957498349","OXY5","123.651","min","154.521","μmol/L","Humid","21.202","deg","90772","µV","35.993","°C","1018.000","hPa","37.0","pmil","0","55.500","deg","20.000","°C","100.000","%a.s.","22.500","deg","20.000","°C","1013.000","hPa","0.861","-0.02056","0.00035","-0.00011","0","14.7","Humid","26.25","0","52.00","342732.60","SABD0000000001","AAV1.0.0.11","2.0.0.28","PSt7-10","000000-000","10/20/2017 9:36:39 AM","0000-00","0","no battery","V"
"10/20/2017","13:13:18","5","default","957498349","OXY5","123.668","min","154.530","μmol/L","Humid","21.203","deg","90779","µV","35.989","°C","1018.000","hPa","37.0","pmil","0","55.500","deg","20.000","°C","100.000","%a.s.","22.500","deg","20.000","°C","1013.000","hPa","0.861","-0.02056","0.00035","-0.00011","0","14.7","Humid","26.25","0","52.00","342716.76","SABD0000000001","AAV1.0.0.11","2.0.0.28","PSt7-10","000000-000","10/20/2017 9:36:39 AM","0000-00","0","no battery","V"
"10/20/2017","13:13:19","5","default","957498349","OXY5","123.684","min","154.608","μmol/L","Humid","21.199","deg","90767","µV","35.985","°C","1018.000","hPa","37.0","pmil","0","55.500","deg","20.000","°C","100.000","%a.s.","22.500","deg","20.000","°C","1013.000","hPa","0.861","-0.02056","0.00035","-0.00011","0","14.7","Humid","26.25","0","52.00","342735.46","SABD0000000001","AAV1.0.0.11","2.0.0.28","PSt7-10","000000-000","10/20/2017 9:36:39 AM","0000-00","0","no battery","V"
"10/20/2017","13:13:20","5","default","957498349","OXY5","123.701","min","154.646","μmol/L","Humid","21.199","deg","90775","µV","35.978","°C","1018.000","hPa","37.0","pmil","0","55.500","deg","20.000","°C","100.000","%a.s.","22.500","deg","20.000","°C","1013.000","hPa","0.861","-0.02056","0.00035","-0.00011","0","14.7","Humid","26.25","0","52.00","342736.36","SABD0000000001","AAV1.0.0.11","2.0.0.28","PSt7-10","000000-000","10/20/2017 9:36:39 AM","0000-00","0","no battery","V"
"10/20/2017","13:13:21","5","default","957498349","OXY5","123.718","min","154.575","μmol/L","Humid","21.203","deg","90774","µV","35.981","°C","1018.000","hPa","37.0","pmil","0","55.500","deg","20.000","°C","100.000","%a.s.","22.500","deg","20.000","°C","1013.000","hPa","0.861","-0.02056","0.00035","-0.00011","0","14.7","Humid","26.25","0","52.00","342731.82","SABD0000000001","AAV1.0.0.11","2.0.0.28","PSt7-10","000000-000","10/20/2017 9:36:39 AM","0000-00","0","no battery","V"
"10/20/2017","13:13:22","5","default","957498349","OXY5","123.735","min","154.551","μmol/L","Humid","21.203","deg","90767","µV","35.985","°C","1018.000","hPa","37.0","pmil","0","55.500","deg","20.000","°C","100.000","%a.s.","22.500","deg","20.000","°C","1013.000","hPa","0.861","-0.02056","0.00035","-0.00011","0","14.7","Humid","26.25","0","52.00","342720.83","SABD0000000001","AAV1.0.0.11","2.0.0.28","PSt7-10","000000-000","10/20/2017 9:36:39 AM","0000-00","0","no battery","V"
"10/20/2017","13:13:23","5","default","957498349","OXY5","123.751","min","154.578","μmol/L","Humid","21.203","deg","90765","µV","35.980","°C","1018.000","hPa","37.0","pmil","0","55.500","deg","20.000","°C","100.000","%a.s.","22.500","deg","20.000","°C","1013.000","hPa","0.861","-0.02056","0.00035","-0.00011","0","14.7","Humid","26.25","0","52.00","342712.88","SABD0000000001","AAV1.0.0.11","2.0.0.28","PSt7-10","000000-000","10/20/2017 9:36:39 AM","0000-00","0","no battery","V"
"10/20/2017","13:13:24","5","default","957498349","OXY5","123.768","min","154.602","μmol/L","Humid","21.199","deg","90774","µV","35.986","°C","1018.000","hPa","37.0","pmil","0","55.500","deg","20.000","°C","100.000","%a.s.","22.500","deg","20.000","°C","1013.000","hPa","0.861","-0.02056","0.00035","-0.00011","0","14.7","Humid","26.25","0","52.00","342727.43","SABD0000000001","AAV1.0.0.11","2.0.0.28","PSt7-10","000000-000","10/20/2017 9:36:39 AM","0000-00","0","no battery","V"
"10/20/2017","13:13:25","5","default","957498349","OXY5","123.785","min","154.593","μmol/L","Humid","21.202","deg","90777","µV","35.980","°C","1018.000","hPa","37.0","pmil","0","55.500","deg","20.000","°C","100.000","%a.s.","22.500","deg","20.000","°C","1013.000","hPa","0.861","-0.02056","0.00035","-0.00011","0","14.7","Humid","26.25","0","52.00","342731.77","SABD0000000001","AAV1.0.0.11","2.0.0.28","PSt7-10","000000-000","10/20/2017 9:36:39 AM","0000-00","0","no battery","V"
"10/20/2017","13:13:26","5","default","957498349","OXY5","123.801","min","154.461","μmol/L","Humid","21.205","deg","90771","µV","35.996","°C","1018.000","hPa","37.0","pmil","0","55.500","deg","20.000","°C","100.000","%a.s.","22.500","deg","20.000","°C","1013.000","hPa","0.861","-0.02056","0.00035","-0.00011","0","14.7","Humid","26.25","0","52.00","342724.23","SABD0000000001","AAV1.0.0.11","2.0.0.28","PSt7-10","000000-000","10/20/2017 9:36:39 AM","0000-00","0","no battery","V"
"10/20/2017","13:13:27","5","default","957498349","OXY5","123.818","min","154.519","μmol/L","Humid","21.198","deg","90774","µV","36.002","°C","1018.000","hPa","37.0","pmil","0","55.500","deg","20.000","°C","100.000","%a.s.","22.500","deg","20.000","°C","1013.000","hPa","0.861","-0.02056","0.00035","-0.00011","0","14.7","Humid","26.25","0","52.00","342741.65","SABD0000000001","AAV1.0.0.11","2.0.0.28","PSt7-10","000000-000","10/20/2017 9:36:39 AM","0000-00","0","no battery","V"
"10/20/2017","13:13:28","5","default","957498349","OXY5","123.835","min","154.508","μmol/L","Humid","21.201","deg","90772","µV","35.997","°C","1018.000","hPa","37.0","pmil","0","55.500","deg","20.000","°C","100.000","%a.s.","22.500","deg","20.000","°C","1013.000","hPa","0.861","-0.02056","0.00035","-0.00011","0","14.7","Humid","26.25","0","52.00","342727.61","SABD0000000001","AAV1.0.0.11","2.0.0.28","PSt7-10","000000-000","10/20/2017 9:36:39 AM","0000-00","0","no battery","V"
"10/20/2017","13:13:29","5","default","957498349","OXY5","123.851","min","154.560","μmol/L","Humid","21.198","deg","90771","µV","35.995","°C","1018.000","hPa","37.0","pmil","0","55.500","deg","20.000","°C","100.000","%a.s.","22.500","deg","20.000","°C","1013.000","hPa","0.861","-0.02056","0.00035","-0.00011","0","14.7","Humid","26.25","0","52.00","342725.54","SABD0000000001","AAV1.0.0.11","2.0.0.28","PSt7-10","000000-000","10/20/2017 9:36:39 AM","0000-00","0","no battery","V"
"10/20/2017","13:13:30","5","default","957498349","OXY5","123.868","min","154.534","μmol/L","Humid","21.203","deg","90762","µV","35.988","°C","1018.000","hPa","37.0","pmil","0","55.500","deg","20.000","°C","100.000","%a.s.","22.500","deg","20.000","°C","1013.000","hPa","0.861","-0.02056","0.00035","-0.00011","0","14.7","Humid","26.25","0","52.00","342721.66","SABD0000000001","AAV1.0.0.11","2.0.0.28","PSt7-10","000000-000","10/20/2017 9:36:39 AM","0000-00","0","no battery","V"
"10/20/2017","13:13:31","5","default","957498349","OXY5","123.885","min","154.530","μmol/L","Humid","21.204","deg","90769","µV","35.986","°C","1018.000","hPa","37.0","pmil","0","55.500","deg","20.000","°C","100.000","%a.s.","22.500","deg","20.000","°C","1013.000","hPa","0.861","-0.02056","0.00035","-0.00011","0","14.7","Humid","26.25","0","52.00","342733.99","SABD0000000001","AAV1.0.0.11","2.0.0.28","PSt7-10","000000-000","10/20/2017 9:36:39 AM","0000-00","0","no battery","V"
"10/20/2017","13:13:32","5","default","957498349","OXY5","123.901","min","154.610","μmol/L","Humid","21.199","deg","90772","µV","35.984","°C","1018.000","hPa","37.0","pmil","0","55.500","deg","20.000","°C","100.000","%a.s.","22.500","deg","20.000","°C","1013.000","hPa","0.861","-0.02056","0.00035","-0.00011","0","14.7","Humid","26.25","0","52.00","342721.86","SABD0000000001","AAV1.0.0.11","2.0.0.28","PSt7-10","000000-000","10/20/2017 9:36:39 AM","0000-00","0","no battery","V"
"10/20/2017","13:13:33","5","default","957498349","OXY5","123.918","min","154.592","μmol/L","Humid","21.201","deg","90776","µV","35.983","°C","1018.000","hPa","37.0","pmil","0","55.500","deg","20.000","°C","100.000","%a.s.","22.500","deg","20.000","°C","1013.000","hPa","0.861","-0.02056","0.00035","-0.00011","0","14.7","Humid","26.25","0","52.00","342719.66","SABD0000000001","AAV1.0.0.11","2.0.0.28","PSt7-10","000000-000","10/20/2017 9:36:39 AM","0000-00","0","no battery","V"
"10/20/2017","13:13:34","5","default","957498349","OXY5","123.935","min","154.564","μmol/L","Humid","21.204","deg","90772","µV","35.981","°C","1018.000","hPa","37.0","pmil","0","55.500","deg","20.000","°C","100.000","%a.s.","22.500","deg","20.000","°C","1013.000","hPa","0.861","-0.02056","0.00035","-0.00011","0","14.7","Humid","26.25","0","52.00","342716.32","SABD0000000001","AAV1.0.0.11","2.0.0.28","PSt7-10","000000-000","10/20/2017 9:36:39 AM","0000-00","0","no battery","V"
"10/20/2017","13:13:35","5","default","957498349","OXY5","123.952","min","154.563","μmol/L","Humid","21.200","deg","90773","µV","35.990","°C","1018.000","hPa","37.0","pmil","0","55.500","deg","20.000","°C","100.000","%a.s.","22.500","deg","20.000","°C","1013.000","hPa","0.861","-0.02056","0.00035","-0.00011","0","14.7","Humid","26.25","0","52.00","342708.95","SABD0000000001","AAV1.0.0.11","2.0.0.28","PSt7-10","000000-000","10/20/2017 9:36:39 AM","0000-00","0","no battery","V"
"10/20/2017","13:13:36","5","default","957498349","OXY5","123.968","min","154.539","μmol/L","Humid","21.204","deg","90771","µV","35.985","°C","1018.000","hPa","37.0","pmil","0","55.500","deg","20.000","°C","100.000","%a.s.","22.500","deg","20.000","°C","1013.000","hPa","0.861","-0.02056","0.00035","-0.00011","0","14.7","Humid","26.25","0","52.00","342717.11","SABD0000000001","AAV1.0.0.11","2.0.0.28","PSt7-10","000000-000","10/20/2017 9:36:39 AM","0000-00","0","no battery","V"
"10/20/2017","13:13:37","5","default","957498349","OXY5","123.985","min","154.524","μmol/L","Humid","21.203","deg","90776","µV","35.990","°C","1018.000","hPa","37.0","pmil","0","55.500","deg","20.000","°C","100.000","%a.s.","22.500","deg","20.000","°C","1013.000","hPa","0.861","-0.02056","0.00035","-0.00011","0","14.7","Humid","26.25","0","52.00","342730.99","SABD0000000001","AAV1.0.0.11","2.0.0.28","PSt7-10","000000-000","10/20/2017 9:36:39 AM","0000-00","0","no battery","V"
"10/20/2017","13:13:38","5","default","957498349","OXY5","124.002","min","154.557","μmol/L","Humid","21.201","deg","90777","µV","35.989","°C","1018.000","hPa","37.0","pmil","0","55.500","deg","20.000","°C","100.000","%a.s.","22.500","deg","20.000","°C","1013.000","hPa","0.861","-0.02056","0.00035","-0.00011","0","14.7","Humid","26.25","0","52.00","342725.49","SABD0000000001","AAV1.0.0.11","2.0.0.28","PSt7-10","000000-000","10/20/2017 9:36:39 AM","0000-00","0","no battery","V"
"10/20/2017","13:13:39","5","default","957498349","OXY5","124.018","min","154.584","μmol/L","Humid","21.197","deg","90774","µV","35.994","°C","1018.000","hPa","37.0","pmil","0","55.500","deg","20.000","°C","100.000","%a.s.","22.500","deg","20.000","°C","1013.000","hPa","0.861","-0.02056","0.00035","-0.00011","0","14.7","Humid","26.25","0","52.00","342733.64","SABD0000000001","AAV1.0.0.11","2.0.0.28","PSt7-10","000000-000","10/20/2017 9:36:39 AM","0000-00","0","no battery","V"
"10/20/2017","13:13:40","5","default","957498349","OXY5","124.035","min","154.563","μmol/L","Humid","21.201","deg","90767","µV","35.988","°C","1018.000","hPa","37.0","pmil","0","55.500","deg","20.000","°C","100.000","%a.s.","22.500","deg","20.000","°C","1013.000","hPa","0.861","-0.02056","0.00035","-0.00011","0","14.7","Humid","26.25","0","52.00","342712.95","SABD0000000001","AAV1.0.0.11","2.0.0.28","PSt7-10","000000-000","10/20/2017 9:36:39 AM","0000-00","0","no battery","V"
"10/20/2017","13:13:41","5","default","957498349","OXY5","124.052","min","154.567","μmol/L","Humid","21.204","deg","90775","µV","35.980","°C","1018.000","hPa","37.0","pmil","0","55.500","deg","20.000","°C","100.000","%a.s.","22.500","deg","20.000","°C","1013.000","hPa","0.861","-0.02056","0.00035","-0.00011","0","14.7","Humid","26.25","0","52.00","342726.86","SABD0000000001","AAV1.0.0.11","2.0.0.28","PSt7-10","000000-000","10/20/2017 9:36:39 AM","0000-00","0","no battery","V"
"10/20/2017","13:13:42","5","default","957498349","OXY5","124.068","min","154.598","μmol/L","Humid","21.203","deg","90771","µV","35.977","°C","1018.000","hPa","37.0","pmil","0","55.500","deg","20.000","°C","100.000","%a.s.","22.500","deg","20.000","°C","1013.000","hPa","0.861","-0.02056","0.00035","-0.00011","0","14.7","Humid","26.25","0","52.00","342720.33","SABD0000000001","AAV1.0.0.11","2.0.0.28","PSt7-10","000000-000","10/20/2017 9:36:39 AM","0000-00","0","no battery","V"
"10/20/2017","13:13:43","5","default","957498349","OXY5","124.085","min","154.545","μmol/L","Humid","21.206","deg","90772","µV","35.979","°C","1018.000","hPa","37.0","pmil","0","55.500","deg","20.000","°C","100.000","%a.s.","22.500","deg","20.000","°C","1013.000","hPa","0.861","-0.02056","0.00035","-0.00011","0","14.7","Humid","26.25","0","52.00","342708.70","SABD0000000001","AAV1.0.0.11","2.0.0.28","PSt7-10","000000-000","10/20/2017 9:36:39 AM","0000-00","0","no battery","V"
"10/20/2017","13:13:44","5","default","957498349","OXY5","124.102","min","154.617","μmol/L","Humid","21.203","deg","90773","µV","35.974","°C","1018.000","hPa","37.0","pmil","0","55.500","deg","20.000","°C","100.000","%a.s.","22.500","deg","20.000","°C","1013.000","hPa","0.861","-0.02056","0.00035","-0.00011","0","14.7","Humid","26.25","0","52.00","342722.74","SABD0000000001","AAV1.0.0.11","2.0.0.28","PSt7-10","000000-000","10/20/2017 9:36:39 AM","0000-00","0","no battery","V"
"10/20/2017","13:13:45","5","default","957498349","OXY5","124.118","min","154.568","μmol/L","Humid","21.202","deg","90772","µV","35.985","°C","1018.000","hPa","37.0","pmil","0","55.500","deg","20.000","°C","100.000","%a.s.","22.500","deg","20.000","°C","1013.000","hPa","0.861","-0.02056","0.00035","-0.00011","0","14.7","Humid","26.25","0","52.00","342712.58","SABD0000000001","AAV1.0.0.11","2.0.0.28","PSt7-10","000000-000","10/20/2017 9:36:39 AM","0000-00","0","no battery","V"
"10/20/2017","13:13:46","5","default","957498349","OXY5","124.135","min","154.500","μmol/L","Humid","21.201","deg","90774","µV","35.998","°C","1018.000","hPa","37.0","pmil","0","55.500","deg","20.000","°C","100.000","%a.s.","22.500","deg","20.000","°C","1013.000","hPa","0.861","-0.02056","0.00035","-0.00011","0","14.7","Humid","26.25","0","52.00","342728.70","SABD0000000001","AAV1.0.0.11","2.0.0.28","PSt7-10","000000-000","10/20/2017 9:36:39 AM","0000-00","0","no battery","V"
"10/20/2017","13:13:47","5","default","957498349","OXY5","124.152","min","154.472","μmol/L","Humid","21.203","deg","90764","µV","35.998","°C","1018.000","hPa","37.0","pmil","0","55.500","deg","20.000","°C","100.000","%a.s.","22.500","deg","20.000","°C","1013.000","hPa","0.861","-0.02056","0.00035","-0.00011","0","14.7","Humid","26.25","0","52.00","342713.55","SABD0000000001","AAV1.0.0.11","2.0.0.28","PSt7-10","000000-000","10/20/2017 9:36:39 AM","0000-00","0","no battery","V"
"10/20/2017","13:13:48","5","default","957498349","OXY5","124.168","min","154.546","μmol/L","Humid","21.201","deg","90774","µV","35.991","°C","1018.000","hPa","37.0","pmil","0","55.500","deg","20.000","°C","100.000","%a.s.","22.500","deg","20.000","°C","1013.000","hPa","0.861","-0.02056","0.00035","-0.00011","0","14.7","Humid","26.25","0","52.00","342730.86","SABD0000000001","AAV1.0.0.11","2.0.0.28","PSt7-10","000000-000","10/20/2017 9:36:39 AM","0000-00","0","no battery","V"
"10/20/2017","13:13:49","5","default","957498349","OXY5","124.185","min","154.500","μmol/L","Humid","21.203","deg","90778","µV","35.994","°C","1018.000","hPa","37.0","pmil","0","55.500","deg","20.000","°C","100.000","%a.s.","22.500","deg","20.000","°C","1013.000","hPa","0.861","-0.02056","0.00035","-0.00011","0","14.7","Humid","26.25","0","52.00","342720.79","SABD0000000001","AAV1.0.0.11","2.0.0.28","PSt7-10","000000-000","10/20/2017 9:36:39 AM","0000-00","0","no battery","V"
"10/20/2017","13:13:50","5","default","957498349","OXY5","124.202","min","154.484","μmol/L","Humid","21.198","deg","90772","µV","36.008","°C","1018.000","hPa","37.0","pmil","0","55.500","deg","20.000","°C","100.000","%a.s.","22.500","deg","20.000","°C","1013.000","hPa","0.861","-0.02056","0.00035","-0.00011","0","14.7","Humid","26.25","0","52.00","342726.30","SABD0000000001","AAV1.0.0.11","2.0.0.28","PSt7-10","000000-000","10/20/2017 9:36:39 AM","0000-00","0","no battery","V"
"10/20/2017","13:13:51","5","default","957498349","OXY5","124.218","min","154.556","μmol/L","Humid","21.201","deg","90776","µV","35.989","°C","1018.000","hPa","37.0","pmil","0","55.500","deg","20.000","°C","100.000","%a.s.","22.500","deg","20.000","°C","1013.000","hPa","0.861","-0.02056","0.00035","-0.00011","0","14.7","Humid","26.25","0","52.00","342720.88","SABD0000000001","AAV1.0.0.11","2.0.0.28","PSt7-10","000000-000","10/20/2017 9:36:39 AM","0000-00","0","no battery","V"
"10/20/2017","13:13:52","5","default","957498349","OXY5","124.235","min","154.532","μmol/L","Humid","21.202","deg","90773","µV","35.991","°C","1018.000","hPa","37.0","pmil","0","55.500","deg","20.000","°C","100.000","%a.s.","22.500","deg","20.000","°C","1013.000","hPa","0.861","-0.02056","0.00035","-0.00011","0","14.7","Humid","26.25","0","52.00","342715.40","SABD0000000001","AAV1.0.0.11","2.0.0.28","PSt7-10","000000-000","10/20/2017 9:36:39 AM","0000-00","0","no battery","V"
"10/20/2017","13:13:53","5","default","957498349","OXY5","124.252","min","154.617","μmol/L","Humid","21.203","deg","90774","µV","35.974","°C","1018.000","hPa","37.0","pmil","0","55.500","deg","20.000","°C","100.000","%a.s.","22.500","deg","20.000","°C","1013.000","hPa","0.861","-0.02056","0.00035","-0.00011","0","14.7","Humid","26.25","0","52.00","342707.46","SABD0000000001","AAV1.0.0.11","2.0.0.28","PSt7-10","000000-000","10/20/2017 9:36:39 AM","0000-00","0","no battery","V"
"10/20/2017","13:13:54","5","default","957498349","OXY5","124.268","min","154.589","μmol/L","Humid","21.203","deg","90775","µV","35.979","°C","1018.000","hPa","37.0","pmil","0","55.500","deg","20.000","°C","100.000","%a.s.","22.500","deg","20.000","°C","1013.000","hPa","0.861","-0.02056","0.00035","-0.00011","0","14.7","Humid","26.25","0","52.00","342710.39","SABD0000000001","AAV1.0.0.11","2.0.0.28","PSt7-10","000000-000","10/20/2017 9:36:39 AM","0000-00","0","no battery","V"
"10/20/2017","13:13:55","5","default","957498349","OXY5","124.285","min","154.496","μmol/L","Humid","21.204","deg","90776","µV","35.992","°C","1018.000","hPa","37.0","pmil","0","55.500","deg","20.000","°C","100.000","%a.s.","22.500","deg","20.000","°C","1013.000","hPa","0.861","-0.02056","0.00035","-0.00011","0","14.7","Humid","26.25","0","52.00","342717.19","SABD0000000001","AAV1.0.0.11","2.0.0.28","PSt7-10","000000-000","10/20/2017 9:36:39 AM","0000-00","0","no battery","V"
"10/20/2017","13:13:56","5","default","957498349","OXY5","124.302","min","154.493","μmol/L","Humid","21.205","deg","90772","µV","35.990","°C","1018.000","hPa","37.0","pmil","0","55.500","deg","20.000","°C","100.000","%a.s.","22.500","deg","20.000","°C","1013.000","hPa","0.861","-0.02056","0.00035","-0.00011","0","14.7","Humid","26.25","0","52.00","342721.99","SABD0000000001","AAV1.0.0.11","2.0.0.28","PSt7-10","000000-000","10/20/2017 9:36:39 AM","0000-00","0","no battery","V"
"10/20/2017","13:13:57","5","default","957498349","OXY5","124.318","min","154.497","μmol/L","Humid","21.203","deg","90766","µV","35.994","°C","1018.000","hPa","37.0","pmil","0","55.500","deg","20.000","°C","100.000","%a.s.","22.500","deg","20.000","°C","1013.000","hPa","0.861","-0.02056","0.00035","-0.00011","0","14.7","Humid","26.25","0","52.00","342722.96","SABD0000000001","AAV1.0.0.11","2.0.0.28","PSt7-10","000000-000","10/20/2017 9:36:39 AM","0000-00","0","no battery","V"
"10/20/2017","13:13:58","5","default","957498349","OXY5","124.334","min","154.545","μmol/L","Humid","21.203","deg","90772","µV","35.986","°C","1018.000","hPa","37.0","pmil","0","55.500","deg","20.000","°C","100.000","%a.s.","22.500","deg","20.000","°C","1013.000","hPa","0.861","-0.02056","0.00035","-0.00011","0","14.7","Humid","26.25","0","52.00","342694.42","SABD0000000001","AAV1.0.0.11","2.0.0.28","PSt7-10","000000-000","10/20/2017 9:36:39 AM","0000-00","0","no battery","V"
"10/20/2017","13:13:59","5","default","957498349","OXY5","124.351","min","154.530","μmol/L","Humid","21.202","deg","90768","µV","35.991","°C","1018.000","hPa","37.0","pmil","0","55.500","deg","20.000","°C","100.000","%a.s.","22.500","deg","20.000","°C","1013.000","hPa","0.861","-0.02056","0.00035","-0.00011","0","14.7","Humid","26.25","0","52.00","342691.36","SABD0000000001","AAV1.0.0.11","2.0.0.28","PSt7-10","000000-000","10/20/2017 9:36:39 AM","0000-00","0","no battery","V"
"10/20/2017","13:14:00","5","default","957498349","OXY5","124.368","min","154.521","μmol/L","Humid","21.204","deg","90775","µV","35.988","°C","1018.000","hPa","37.0","pmil","0","55.500","deg","20.000","°C","100.000","%a.s.","22.500","deg","20.000","°C","1013.000","hPa","0.861","-0.02056","0.00035","-0.00011","0","14.7","Humid","26.25","0","52.00","342704.88","SABD0000000001","AAV1.0.0.11","2.0.0.28","PSt7-10","000000-000","10/20/2017 9:36:39 AM","0000-00","0","no battery","V"
"10/20/2017","13:14:01","5","default","957498349","OXY5","124.384","min","154.546","μmol/L","Humid","21.202","deg","90772","µV","35.988","°C","1018.000","hPa","37.0","pmil","0","55.500","deg","20.000","°C","100.000","%a.s.","22.500","deg","20.000","°C","1013.000","hPa","0.861","-0.02056","0.00035","-0.00011","0","14.7","Humid","26.25","0","52.00","342695.92","SABD0000000001","AAV1.0.0.11","2.0.0.28","PSt7-10","000000-000","10/20/2017 9:36:39 AM","0000-00","0","no battery","V"
"10/20/2017","13:14:02","5","default","957498349","OXY5","124.401","min","154.678","μmol/L","Humid","21.201","deg","90775","µV","35.968","°C","1018.000","hPa","37.0","pmil","0","55.500","deg","20.000","°C","100.000","%a.s.","22.500","deg","20.000","°C","1013.000","hPa","0.861","-0.02056","0.00035","-0.00011","0","14.7","Humid","26.25","0","52.00","342712.84","SABD0000000001","AAV1.0.0.11","2.0.0.28","PSt7-10","000000-000","10/20/2017 9:36:39 AM","0000-00","0","no battery","V"
"10/20/2017","13:14:03","5","default","957498349","OXY5","124.418","min","154.666","μmol/L","Humid","21.200","deg","90772","µV","35.973","°C","1018.000","hPa","37.0","pmil","0","55.500","deg","20.000","°C","100.000","%a.s.","22.500","deg","20.000","°C","1013.000","hPa","0.861","-0.02056","0.00035","-0.00011","0","14.7","Humid","26.25","0","52.00","342708.69","SABD0000000001","AAV1.0.0.11","2.0.0.28","PSt7-10","000000-000","10/20/2017 9:36:39 AM","0000-00","0","no battery","V"
"10/20/2017","13:14:04","5","default","957498349","OXY5","124.434","min","154.543","μmol/L","Humid","21.201","deg","90775","µV","35.991","°C","1018.000","hPa","37.0","pmil","0","55.500","deg","20.000","°C","100.000","%a.s.","22.500","deg","20.000","°C","1013.000","hPa","0.861","-0.02056","0.00035","-0.00011","0","14.7","Humid","26.25","0","52.00","342716.71","SABD0000000001","AAV1.0.0.11","2.0.0.28","PSt7-10","000000-000","10/20/2017 9:36:39 AM","0000-00","0","no battery","V"
"10/20/2017","13:14:05","5","default","957498349","OXY5","124.451","min","154.428","μmol/L","Humid","21.206","deg","90777","µV","35.999","°C","1018.000","hPa","37.0","pmil","0","55.500","deg","20.000","°C","100.000","%a.s.","22.500","deg","20.000","°C","1013.000","hPa","0.861","-0.02056","0.00035","-0.00011","0","14.7","Humid","26.25","0","52.00","342709.47","SABD0000000001","AAV1.0.0.11","2.0.0.28","PSt7-10","000000-000","10/20/2017 9:36:39 AM","0000-00","0","no battery","V"
"10/20/2017","13:14:06","5","default","957498349","OXY5","124.468","min","154.432","μmol/L","Humid","21.204","deg","90774","µV","36.003","°C","1018.000","hPa","37.0","pmil","0","55.500","deg","20.000","°C","100.000","%a.s.","22.500","deg","20.000","°C","1013.000","hPa","0.861","-0.02056","0.00035","-0.00011","0","14.7","Humid","26.25","0","52.00","342703.27","SABD0000000001","AAV1.0.0.11","2.0.0.28","PSt7-10","000000-000","10/20/2017 9:36:39 AM","0000-00","0","no battery","V"
"10/20/2017","13:14:07","5","default","957498349","OXY5","124.484","min","154.434","μmol/L","Humid","21.205","deg","90780","µV","36.000","°C","1018.000","hPa","37.0","pmil","0","55.500","deg","20.000","°C","100.000","%a.s.","22.500","deg","20.000","°C","1013.000","hPa","0.861","-0.02056","0.00035","-0.00011","0","14.7","Humid","26.25","0","52.00","342707.91","SABD0000000001","AAV1.0.0.11","2.0.0.28","PSt7-10","000000-000","10/20/2017 9:36:39 AM","0000-00","0","no battery","V"
"10/20/2017","13:14:08","5","default","957498349","OXY5","124.501","min","154.524","μmol/L","Humid","21.201","deg","90773","µV","35.994","°C","1018.000","hPa","37.0","pmil","0","55.500","deg","20.000","°C","100.000","%a.s.","22.500","deg","20.000","°C","1013.000","hPa","0.861","-0.02056","0.00035","-0.00011","0","14.7","Humid","26.25","0","52.00","342704.44","SABD0000000001","AAV1.0.0.11","2.0.0.28","PSt7-10","000000-000","10/20/2017 9:36:39 AM","0000-00","0","no battery","V"
"10/20/2017","13:14:09","5","default","957498349","OXY5","124.518","min","154.529","μmol/L","Humid","21.203","deg","90777","µV","35.989","°C","1018.000","hPa","37.0","pmil","0","55.500","deg","20.000","°C","100.000","%a.s.","22.500","deg","20.000","°C","1013.000","hPa","0.861","-0.02056","0.00035","-0.00011","0","14.7","Humid","26.25","0","52.00","342699.86","SABD0000000001","AAV1.0.0.11","2.0.0.28","PSt7-10","000000-000","10/20/2017 9:36:39 AM","0000-00","0","no battery","V"
"10/20/2017","13:14:10","5","default","957498349","OXY5","124.534","min","154.548","μmol/L","Humid","21.202","deg","90774","µV","35.988","°C","1018.000","hPa","37.0","pmil","0","55.500","deg","20.000","°C","100.000","%a.s.","22.500","deg","20.000","°C","1013.000","hPa","0.861","-0.02056","0.00035","-0.00011","0","14.7","Humid","26.25","0","52.00","342706.12","SABD0000000001","AAV1.0.0.11","2.0.0.28","PSt7-10","000000-000","10/20/2017 9:36:39 AM","0000-00","0","no battery","V"
"10/20/2017","13:14:11","5","default","957498349","OXY5","124.551","min","154.601","μmol/L","Humid","21.200","deg","90781","µV","35.984","°C","1018.000","hPa","37.0","pmil","0","55.500","deg","20.000","°C","100.000","%a.s.","22.500","deg","20.000","°C","1013.000","hPa","0.861","-0.02056","0.00035","-0.00011","0","14.7","Humid","26.25","0","52.00","342716.59","SABD0000000001","AAV1.0.0.11","2.0.0.28","PSt7-10","000000-000","10/20/2017 9:36:39 AM","0000-00","0","no battery","V"
"10/20/2017","13:14:12","5","default","957498349","OXY5","124.568","min","154.606","μmol/L","Humid","21.199","deg","90774","µV","35.985","°C","1018.000","hPa","37.0","pmil","0","55.500","deg","20.000","°C","100.000","%a.s.","22.500","deg","20.000","°C","1013.000","hPa","0.861","-0.02056","0.00035","-0.00011","0","14.7","Humid","26.25","0","52.00","342717.11","SABD0000000001","AAV1.0.0.11","2.0.0.28","PSt7-10","000000-000","10/20/2017 9:36:39 AM","0000-00","0","no battery","V"
"10/20/2017","13:14:13","5","default","957498349","OXY5","124.584","min","154.518","μmol/L","Humid","21.204","deg","90771","µV","35.988","°C","1018.000","hPa","37.0","pmil","0","55.500","deg","20.000","°C","100.000","%a.s.","22.500","deg","20.000","°C","1013.000","hPa","0.861","-0.02056","0.00035","-0.00011","0","14.7","Humid","26.25","0","52.00","342700.89","SABD0000000001","AAV1.0.0.11","2.0.0.28","PSt7-10","000000-000","10/20/2017 9:36:39 AM","0000-00","0","no battery","V"
"10/20/2017","13:14:14","5","default","957498349","OXY5","124.601","min","154.532","μmol/L","Humid","21.201","deg","90774","µV","35.993","°C","1018.000","hPa","37.0","pmil","0","55.500","deg","20.000","°C","100.000","%a.s.","22.500","deg","20.000","°C","1013.000","hPa","0.861","-0.02056","0.00035","-0.00011","0","14.7","Humid","26.25","0","52.00","342691.25","SABD0000000001","AAV1.0.0.11","2.0.0.28","PSt7-10","000000-000","10/20/2017 9:36:39 AM","0000-00","0","no battery","V"
"10/20/2017","13:14:15","5","default","957498349","OXY5","124.618","min","154.501","μmol/L","Humid","21.204","deg","90776","µV","35.991","°C","1018.000","hPa","37.0","pmil","0","55.500","deg","20.000","°C","100.000","%a.s.","22.500","deg","20.000","°C","1013.000","hPa","0.861","-0.02056","0.00035","-0.00011","0","14.7","Humid","26.25","0","52.00","342697.76","SABD0000000001","AAV1.0.0.11","2.0.0.28","PSt7-10","000000-000","10/20/2017 9:36:39 AM","0000-00","0","no battery","V"
"10/20/2017","13:14:16","5","default","957498349","OXY5","124.634","min","154.611","μmol/L","Humid","21.202","deg","90773","µV","35.977","°C","1018.000","hPa","37.0","pmil","0","55.500","deg","20.000","°C","100.000","%a.s.","22.500","deg","20.000","°C","1013.000","hPa","0.861","-0.02056","0.00035","-0.00011","0","14.7","Humid","26.25","0","52.00","342702.55","SABD0000000001","AAV1.0.0.11","2.0.0.28","PSt7-10","000000-000","10/20/2017 9:36:39 AM","0000-00","0","no battery","V"
"10/20/2017","13:14:17","5","default","957498349","OXY5","124.651","min","154.573","μmol/L","Humid","21.205","deg","90774","µV","35.977","°C","1018.000","hPa","37.0","pmil","0","55.500","deg","20.000","°C","100.000","%a.s.","22.500","deg","20.000","°C","1013.000","hPa","0.861","-0.02056","0.00035","-0.00011","0","14.7","Humid","26.25","0","52.00","342705.58","SABD0000000001","AAV1.0.0.11","2.0.0.28","PSt7-10","000000-000","10/20/2017 9:36:39 AM","0000-00","0","no battery","V"
"10/20/2017","13:14:18","5","default","957498349","OXY5","124.668","min","154.484","μmol/L","Humid","21.204","deg","90781","µV","35.994","°C","1018.000","hPa","37.0","pmil","0","55.500","deg","20.000","°C","100.000","%a.s.","22.500","deg","20.000","°C","1013.000","hPa","0.861","-0.02056","0.00035","-0.00011","0","14.7","Humid","26.25","0","52.00","342711.05","SABD0000000001","AAV1.0.0.11","2.0.0.28","PSt7-10","000000-000","10/20/2017 9:36:39 AM","0000-00","0","no battery","V"
"10/20/2017","13:14:19","5","default","957498349","OXY5","124.685","min","154.456","μmol/L","Humid","21.204","deg","90771","µV","35.999","°C","1018.000","hPa","37.0","pmil","0","55.500","deg","20.000","°C","100.000","%a.s.","22.500","deg","20.000","°C","1013.000","hPa","0.861","-0.02056","0.00035","-0.00011","0","14.7","Humid","26.25","0","52.00","342700.32","SABD0000000001","AAV1.0.0.11","2.0.0.28","PSt7-10","000000-000","10/20/2017 9:36:39 AM","0000-00","0","no battery","V"
"10/20/2017","13:14:20","5","default","957498349","OXY5","124.701","min","154.534","μmol/L","Humid","21.203","deg","90775","µV","35.988","°C","1018.000","hPa","37.0","pmil","0","55.500","deg","20.000","°C","100.000","%a.s.","22.500","deg","20.000","°C","1013.000","hPa","0.861","-0.02056","0.00035","-0.00011","0","14.7","Humid","26.25","0","52.00","342704.02","SABD0000000001","AAV1.0.0.11","2.0.0.28","PSt7-10","000000-000","10/20/2017 9:36:39 AM","0000-00","0","no battery","V"
"10/20/2017","13:14:21","5","default","957498349","OXY5","124.718","min","154.545","μmol/L","Humid","21.207","deg","90770","µV","35.977","°C","1018.000","hPa","37.0","pmil","0","55.500","deg","20.000","°C","100.000","%a.s.","22.500","deg","20.000","°C","1013.000","hPa","0.861","-0.02056","0.00035","-0.00011","0","14.7","Humid","26.25","0","52.00","342685.38","SABD0000000001","AAV1.0.0.11","2.0.0.28","PSt7-10","000000-000","10/20/2017 9:36:39 AM","0000-00","0","no battery","V"
"10/20/2017","13:14:22","5","default","957498349","OXY5","124.735","min","154.566","μmol/L","Humid","21.202","deg","90779","µV","35.985","°C","1018.000","hPa","37.0","pmil","0","55.500","deg","20.000","°C","100.000","%a.s.","22.500","deg","20.000","°C","1013.000","hPa","0.861","-0.02056","0.00035","-0.00011","0","14.7","Humid","26.25","0","52.00","342702.03","SABD0000000001","AAV1.0.0.11","2.0.0.28","PSt7-10","000000-000","10/20/2017 9:36:39 AM","0000-00","0","no battery","V"
"10/20/2017","13:14:23","5","default","957498349","OXY5","124.751","min","154.585","μmol/L","Humid","21.203","deg","90777","µV","35.979","°C","1018.000","hPa","37.0","pmil","0","55.500","deg","20.000","°C","100.000","%a.s.","22.500","deg","20.000","°C","1013.000","hPa","0.861","-0.02056","0.00035","-0.00011","0","14.7","Humid","26.25","0","52.00","342687.78","SABD0000000001","AAV1.0.0.11","2.0.0.28","PSt7-10","000000-000","10/20/2017 9:36:39 AM","0000-00","0","no battery","V"
"10/20/2017","13:14:24","5","default","957498349","OXY5","124.768","min","154.428","μmol/L","Humid","21.200","deg","90776","µV","36.013","°C","1018.000","hPa","37.0","pmil","0","55.500","deg","20.000","°C","100.000","%a.s.","22.500","deg","20.000","°C","1013.000","hPa","0.861","-0.02056","0.00035","-0.00011","0","14.7","Humid","26.25","0","52.00","342686.00","SABD0000000001","AAV1.0.0.11","2.0.0.28","PSt7-10","000000-000","10/20/2017 9:36:39 AM","0000-00","0","no battery","V"
"10/20/2017","13:14:25","5","default","957498349","OXY5","124.785","min","154.408","μmol/L","Humid","21.206","deg","90771","µV","36.002","°C","1018.000","hPa","37.0","pmil","0","55.500","deg","20.000","°C","100.000","%a.s.","22.500","deg","20.000","°C","1013.000","hPa","0.861","-0.02056","0.00035","-0.00011","0","14.7","Humid","26.25","0","52.00","342692.79","SABD0000000001","AAV1.0.0.11","2.0.0.28","PSt7-10","000000-000","10/20/2017 9:36:39 AM","0000-00","0","no battery","V"
"10/20/2017","13:14:26","5","default","957498349","OXY5","124.801","min","154.568","μmol/L","Humid","21.200","deg","90765","µV","35.989","°C","1018.000","hPa","37.0","pmil","0","55.500","deg","20.000","°C","100.000","%a.s.","22.500","deg","20.000","°C","1013.000","hPa","0.861","-0.02056","0.00035","-0.00011","0","14.7","Humid","26.25","0","52.00","342672.32","SABD0000000001","AAV1.0.0.11","2.0.0.28","PSt7-10","000000-000","10/20/2017 9:36:39 AM","0000-00","0","no battery","V"
"10/20/2017","13:14:27","5","default","957498349","OXY5","124.818","min","154.457","μmol/L","Humid","21.201","deg","90778","µV","36.006","°C","1018.000","hPa","37.0","pmil","0","55.500","deg","20.000","°C","100.000","%a.s.","22.500","deg","20.000","°C","1013.000","hPa","0.861","-0.02056","0.00035","-0.00011","0","14.7","Humid","26.25","0","52.00","342683.74","SABD0000000001","AAV1.0.0.11","2.0.0.28","PSt7-10","000000-000","10/20/2017 9:36:39 AM","0000-00","0","no battery","V"
"10/20/2017","13:14:28","5","default","957498349","OXY5","124.835","min","154.447","μmol/L","Humid","21.204","deg","90779","µV","36.000","°C","1018.000","hPa","37.0","pmil","0","55.500","deg","20.000","°C","100.000","%a.s.","22.500","deg","20.000","°C","1013.000","hPa","0.861","-0.02056","0.00035","-0.00011","0","14.7","Humid","26.25","0","52.00","342687.18","SABD0000000001","AAV1.0.0.11","2.0.0.28","PSt7-10","000000-000","10/20/2017 9:36:39 AM","0000-00","0","no battery","V"
"10/20/2017","13:14:29","5","default","957498349","OXY5","124.851","min","154.439","μmol/L","Humid","21.203","deg","90777","µV","36.004","°C","1018.000","hPa","37.0","pmil","0","55.500","deg","20.000","°C","100.000","%a.s.","22.500","deg","20.000","°C","1013.000","hPa","0.861","-0.02056","0.00035","-0.00011","0","14.7","Humid","26.25","0","52.00","342675.07","SABD0000000001","AAV1.0.0.11","2.0.0.28","PSt7-10","000000-000","10/20/2017 9:36:39 AM","0000-00","0","no battery","V"
"10/20/2017","13:14:30","5","default","957498349","OXY5","124.868","min","154.552","μmol/L","Humid","21.200","deg","90773","µV","35.992","°C","1018.000","hPa","37.0","pmil","0","55.500","deg","20.000","°C","100.000","%a.s.","22.500","deg","20.000","°C","1013.000","hPa","0.861","-0.02056","0.00035","-0.00011","0","14.7","Humid","26.25","0","52.00","342680.96","SABD0000000001","AAV1.0.0.11","2.0.0.28","PSt7-10","000000-000","10/20/2017 9:36:39 AM","0000-00","0","no battery","V"
"10/20/2017","13:14:31","5","default","957498349","OXY5","124.885","min","154.599","μmol/L","Humid","21.200","deg","90777","µV","35.984","°C","1018.000","hPa","37.0","pmil","0","55.500","deg","20.000","°C","100.000","%a.s.","22.500","deg","20.000","°C","1013.000","hPa","0.861","-0.02056","0.00035","-0.00011","0","14.7","Humid","26.25","0","52.00","342676.67","SABD0000000001","AAV1.0.0.11","2.0.0.28","PSt7-10","000000-000","10/20/2017 9:36:39 AM","0000-00","0","no battery","V"
"10/20/2017","13:14:32","5","default","957498349","OXY5","124.901","min","154.504","μmol/L","Humid","21.199","deg","90775","µV","36.002","°C","1018.000","hPa","37.0","pmil","0","55.500","deg","20.000","°C","100.000","%a.s.","22.500","deg","20.000","°C","1013.000","hPa","0.861","-0.02056","0.00035","-0.00011","0","14.7","Humid","26.25","0","52.00","342682.15","SABD0000000001","AAV1.0.0.11","2.0.0.28","PSt7-10","000000-000","10/20/2017 9:36:39 AM","0000-00","0","no battery","V"
"10/20/2017","13:14:33","5","default","957498349","OXY5","124.918","min","154.468","μmol/L","Humid","21.203","deg","90775","µV","35.999","°C","1018.000","hPa","37.0","pmil","0","55.500","deg","20.000","°C","100.000","%a.s.","22.500","deg","20.000","°C","1013.000","hPa","0.861","-0.02056","0.00035","-0.00011","0","14.7","Humid","26.25","0","52.00","342674.72","SABD0000000001","AAV1.0.0.11","2.0.0.28","PSt7-10","000000-000","10/20/2017 9:36:39 AM","0000-00","0","no battery","V"
"10/20/2017","13:14:34","5","default","957498349","OXY5","124.935","min","154.469","μmol/L","Humid","21.202","deg","90776","µV","36.001","°C","1018.000","hPa","37.0","pmil","0","55.500","deg","20.000","°C","100.000","%a.s.","22.500","deg","20.000","°C","1013.000","hPa","0.861","-0.02056","0.00035","-0.00011","0","14.7","Humid","26.25","0","52.00","342677.44","SABD0000000001","AAV1.0.0.11","2.0.0.28","PSt7-10","000000-000","10/20/2017 9:36:39 AM","0000-00","0","no battery","V"
"10/20/2017","13:14:35","5","default","957498349","OXY5","124.951","min","154.437","μmol/L","Humid","21.206","deg","90781","µV","35.997","°C","1018.000","hPa","37.0","pmil","0","55.500","deg","20.000","°C","100.000","%a.s.","22.500","deg","20.000","°C","1013.000","hPa","0.861","-0.02056","0.00035","-0.00011","0","14.7","Humid","26.25","0","52.00","342666.24","SABD0000000001","AAV1.0.0.11","2.0.0.28","PSt7-10","000000-000","10/20/2017 9:36:39 AM","0000-00","0","no battery","V"
"10/20/2017","13:14:36","5","default","957498349","OXY5","124.968","min","154.495","μmol/L","Humid","21.203","deg","90779","µV","35.995","°C","1018.000","hPa","37.0","pmil","0","55.500","deg","20.000","°C","100.000","%a.s.","22.500","deg","20.000","°C","1013.000","hPa","0.861","-0.02056","0.00035","-0.00011","0","14.7","Humid","26.25","0","52.00","342662.09","SABD0000000001","AAV1.0.0.11","2.0.0.28","PSt7-10","000000-000","10/20/2017 9:36:39 AM","0000-00","0","no battery","V"
"10/20/2017","13:14:37","5","default","957498349","OXY5","124.985","min","154.549","μmol/L","Humid","21.201","deg","90769","µV","35.990","°C","1018.000","hPa","37.0","pmil","0","55.500","deg","20.000","°C","100.000","%a.s.","22.500","deg","20.000","°C","1013.000","hPa","0.861","-0.02056","0.00035","-0.00011","0","14.7","Humid","26.25","0","52.00","342675.99","SABD0000000001","AAV1.0.0.11","2.0.0.28","PSt7-10","000000-000","10/20/2017 9:36:39 AM","0000-00","0","no battery","V"
"10/20/2017","13:14:38","5","default","957498349","OXY5","125.001","min","154.434","μmol/L","Humid","21.204","deg","90774","µV","36.003","°C","1018.000","hPa","37.0","pmil","0","55.500","deg","20.000","°C","100.000","%a.s.","22.500","deg","20.000","°C","1013.000","hPa","0.861","-0.02056","0.00035","-0.00011","0","14.7","Humid","26.25","0","52.00","342676.74","SABD0000000001","AAV1.0.0.11","2.0.0.28","PSt7-10","000000-000","10/20/2017 9:36:39 AM","0000-00","0","no battery","V"
"10/20/2017","13:14:39","5","default","957498349","OXY5","125.018","min","154.500","μmol/L","Humid","21.204","deg","90776","µV","35.991","°C","1018.000","hPa","37.0","pmil","0","55.500","deg","20.000","°C","100.000","%a.s.","22.500","deg","20.000","°C","1013.000","hPa","0.861","-0.02056","0.00035","-0.00011","0","14.7","Humid","26.25","0","52.00","342670.46","SABD0000000001","AAV1.0.0.11","2.0.0.28","PSt7-10","000000-000","10/20/2017 9:36:39 AM","0000-00","0","no battery","V"
"10/20/2017","13:14:40","5","default","957498349","OXY5","125.035","min","154.503","μmol/L","Humid","21.203","deg","90782","µV","35.993","°C","1018.000","hPa","37.0","pmil","0","55.500","deg","20.000","°C","100.000","%a.s.","22.500","deg","20.000","°C","1013.000","hPa","0.861","-0.02056","0.00035","-0.00011","0","14.7","Humid","26.25","0","52.00","342679.92","SABD0000000001","AAV1.0.0.11","2.0.0.28","PSt7-10","000000-000","10/20/2017 9:36:39 AM","0000-00","0","no battery","V"
"10/20/2017","13:14:41","5","default","957498349","OXY5","125.051","min","154.539","μmol/L","Humid","21.205","deg","90784","µV","35.982","°C","1018.000","hPa","37.0","pmil","0","55.500","deg","20.000","°C","100.000","%a.s.","22.500","deg","20.000","°C","1013.000","hPa","0.861","-0.02056","0.00035","-0.00011","0","14.7","Humid","26.25","0","52.00","342669.68","SABD0000000001","AAV1.0.0.11","2.0.0.28","PSt7-10","000000-000","10/20/2017 9:36:39 AM","0000-00","0","no battery","V"
"10/20/2017","13:14:42","5","default","957498349","OXY5","125.068","min","154.452","μmol/L","Humid","21.203","deg","90774","µV","36.002","°C","1018.000","hPa","37.0","pmil","0","55.500","deg","20.000","°C","100.000","%a.s.","22.500","deg","20.000","°C","1013.000","hPa","0.861","-0.02056","0.00035","-0.00011","0","14.7","Humid","26.25","0","52.00","342675.00","SABD0000000001","AAV1.0.0.11","2.0.0.28","PSt7-10","000000-000","10/20/2017 9:36:39 AM","0000-00","0","no battery","V"
"10/20/2017","13:14:43","5","default","957498349","OXY5","125.085","min","154.459","μmol/L","Humid","21.204","deg","90776","µV","35.998","°C","1018.000","hPa","37.0","pmil","0","55.500","deg","20.000","°C","100.000","%a.s.","22.500","deg","20.000","°C","1013.000","hPa","0.861","-0.02056","0.00035","-0.00011","0","14.7","Humid","26.25","0","52.00","342674.20","SABD0000000001","AAV1.0.0.11","2.0.0.28","PSt7-10","000000-000","10/20/2017 9:36:39 AM","0000-00","0","no battery","V"
"10/20/2017","13:14:44","5","default","957498349","OXY5","125.101","min","154.463","μmol/L","Humid","21.202","deg","90781","µV","36.002","°C","1018.000","hPa","37.0","pmil","0","55.500","deg","20.000","°C","100.000","%a.s.","22.500","deg","20.000","°C","1013.000","hPa","0.861","-0.02056","0.00035","-0.00011","0","14.7","Humid","26.25","0","52.00","342682.98","SABD0000000001","AAV1.0.0.11","2.0.0.28","PSt7-10","000000-000","10/20/2017 9:36:39 AM","0000-00","0","no battery","V"
"10/20/2017","13:14:45","5","default","957498349","OXY5","125.118","min","154.455","μmol/L","Humid","21.205","deg","90785","µV","35.997","°C","1018.000","hPa","37.0","pmil","0","55.500","deg","20.000","°C","100.000","%a.s.","22.500","deg","20.000","°C","1013.000","hPa","0.861","-0.02056","0.00035","-0.00011","0","14.7","Humid","26.25","0","52.00","342669.93","SABD0000000001","AAV1.0.0.11","2.0.0.28","PSt7-10","000000-000","10/20/2017 9:36:39 AM","0000-00","0","no battery","V"
"10/20/2017","13:14:46","5","default","957498349","OXY5","125.135","min","154.428","μmol/L","Humid","21.204","deg","90780","µV","36.004","°C","1018.000","hPa","37.0","pmil","0","55.500","deg","20.000","°C","100.000","%a.s.","22.500","deg","20.000","°C","1013.000","hPa","0.861","-0.02056","0.00035","-0.00011","0","14.7","Humid","26.25","0","52.00","342684.66","SABD0000000001","AAV1.0.0.11","2.0.0.28","PSt7-10","000000-000","10/20/2017 9:36:39 AM","0000-00","0","no battery","V"
"10/20/2017","13:14:47","5","default","957498349","OXY5","125.151","min","154.557","μmol/L","Humid","21.199","deg","90765","µV","35.994","°C","1018.000","hPa","37.0","pmil","0","55.500","deg","20.000","°C","100.000","%a.s.","22.500","deg","20.000","°C","1013.000","hPa","0.861","-0.02056","0.00035","-0.00011","0","14.7","Humid","26.25","0","52.00","342668.78","SABD0000000001","AAV1.0.0.11","2.0.0.28","PSt7-10","000000-000","10/20/2017 9:36:39 AM","0000-00","0","no battery","V"
"10/20/2017","13:14:48","5","default","957498349","OXY5","125.168","min","154.484","μmol/L","Humid","21.199","deg","90777","µV","36.006","°C","1018.000","hPa","37.0","pmil","0","55.500","deg","20.000","°C","100.000","%a.s.","22.500","deg","20.000","°C","1013.000","hPa","0.861","-0.02056","0.00035","-0.00011","0","14.7","Humid","26.25","0","52.00","342669.79","SABD0000000001","AAV1.0.0.11","2.0.0.28","PSt7-10","000000-000","10/20/2017 9:36:39 AM","0000-00","0","no battery","V"
"10/20/2017","13:14:49","5","default","957498349","OXY5","125.185","min","154.546","μmol/L","Humid","21.201","deg","90778","µV","35.991","°C","1018.000","hPa","37.0","pmil","0","55.500","deg","20.000","°C","100.000","%a.s.","22.500","deg","20.000","°C","1013.000","hPa","0.861","-0.02056","0.00035","-0.00011","0","14.7","Humid","26.25","0","52.00","342673.09","SABD0000000001","AAV1.0.0.11","2.0.0.28","PSt7-10","000000-000","10/20/2017 9:36:39 AM","0000-00","0","no battery","V"
"10/20/2017","13:14:50","5","default","957498349","OXY5","125.201","min","154.489","μmol/L","Humid","21.204","deg","90777","µV","35.993","°C","1018.000","hPa","37.0","pmil","0","55.500","deg","20.000","°C","100.000","%a.s.","22.500","deg","20.000","°C","1013.000","hPa","0.861","-0.02056","0.00035","-0.00011","0","14.7","Humid","26.25","0","52.00","342675.47","SABD0000000001","AAV1.0.0.11","2.0.0.28","PSt7-10","000000-000","10/20/2017 9:36:39 AM","0000-00","0","no battery","V"
"10/20/2017","13:14:51","5","default","957498349","OXY5","125.218","min","154.457","μmol/L","Humid","21.207","deg","90772","µV","35.992","°C","1018.000","hPa","37.0","pmil","0","55.500","deg","20.000","°C","100.000","%a.s.","22.500","deg","20.000","°C","1013.000","hPa","0.861","-0.02056","0.00035","-0.00011","0","14.7","Humid","26.25","0","52.00","342659.36","SABD0000000001","AAV1.0.0.11","2.0.0.28","PSt7-10","000000-000","10/20/2017 9:36:39 AM","0000-00","0","no battery","V"
"10/20/2017","13:14:52","5","default","957498349","OXY5","125.235","min","154.426","μmol/L","Humid","21.206","deg","90774","µV","35.999","°C","1018.000","hPa","37.0","pmil","0","55.500","deg","20.000","°C","100.000","%a.s.","22.500","deg","20.000","°C","1013.000","hPa","0.861","-0.02056","0.00035","-0.00011","0","14.7","Humid","26.25","0","52.00","342674.12","SABD0000000001","AAV1.0.0.11","2.0.0.28","PSt7-10","000000-000","10/20/2017 9:36:39 AM","0000-00","0","no battery","V"
"10/20/2017","13:14:53","5","default","957498349","OXY5","125.251","min","154.438","μmol/L","Humid","21.204","deg","90776","µV","36.002","°C","1018.000","hPa","37.0","pmil","0","55.500","deg","20.000","°C","100.000","%a.s.","22.500","deg","20.000","°C","1013.000","hPa","0.861","-0.02056","0.00035","-0.00011","0","14.7","Humid","26.25","0","52.00","342661.17","SABD0000000001","AAV1.0.0.11","2.0.0.28","PSt7-10","000000-000","10/20/2017 9:36:39 AM","0000-00","0","no battery","V"
"10/20/2017","13:14:54","5","default","957498349","OXY5","125.268","min","154.496","μmol/L","Humid","21.202","deg","90780","µV","35.997","°C","1018.000","hPa","37.0","pmil","0","55.500","deg","20.000","°C","100.000","%a.s.","22.500","deg","20.000","°C","1013.000","hPa","0.861","-0.02056","0.00035","-0.00011","0","14.7","Humid","26.25","0","52.00","342672.80","SABD0000000001","AAV1.0.0.11","2.0.0.28","PSt7-10","000000-000","10/20/2017 9:36:39 AM","0000-00","0","no battery","V"
"10/20/2017","13:14:55","5","default","957498349","OXY5","125.285","min","154.518","μmol/L","Humid","21.204","deg","90784","µV","35.988","°C","1018.000","hPa","37.0","pmil","0","55.500","deg","20.000","°C","100.000","%a.s.","22.500","deg","20.000","°C","1013.000","hPa","0.861","-0.02056","0.00035","-0.00011","0","14.7","Humid","26.25","0","52.00","342678.52","SABD0000000001","AAV1.0.0.11","2.0.0.28","PSt7-10","000000-000","10/20/2017 9:36:39 AM","0000-00","0","no battery","V"
"10/20/2017","13:14:56","5","default","957498349","OXY5","125.302","min","154.533","μmol/L","Humid","21.202","deg","90772","µV","35.990","°C","1018.000","hPa","37.0","pmil","0","55.500","deg","20.000","°C","100.000","%a.s.","22.500","deg","20.000","°C","1013.000","hPa","0.861","-0.02056","0.00035","-0.00011","0","14.7","Humid","26.25","0","52.00","342657.48","SABD0000000001","AAV1.0.0.11","2.0.0.28","PSt7-10","000000-000","10/20/2017 9:36:39 AM","0000-00","0","no battery","V"
"10/20/2017","13:14:57","5","default","957498349","OXY5","125.318","min","154.468","μmol/L","Humid","21.206","deg","90774","µV","35.992","°C","1018.000","hPa","37.0","pmil","0","55.500","deg","20.000","°C","100.000","%a.s.","22.500","deg","20.000","°C","1013.000","hPa","0.861","-0.02056","0.00035","-0.00011","0","14.7","Humid","26.25","0","52.00","342675.39","SABD0000000001","AAV1.0.0.11","2.0.0.28","PSt7-10","000000-000","10/20/2017 9:36:39 AM","0000-00","0","no battery","V"
"10/20/2017","13:14:58","5","default","957498349","OXY5","125.335","min","154.532","μmol/L","Humid","21.203","deg","90783","µV","35.988","°C","1018.000","hPa","37.0","pmil","0","55.500","deg","20.000","°C","100.000","%a.s.","22.500","deg","20.000","°C","1013.000","hPa","0.861","-0.02056","0.00035","-0.00011","0","14.7","Humid","26.25","0","52.00","342669.88","SABD0000000001","AAV1.0.0.11","2.0.0.28","PSt7-10","000000-000","10/20/2017 9:36:39 AM","0000-00","0","no battery","V"
"10/20/2017","13:14:59","5","default","957498349","OXY5","125.352","min","154.484","μmol/L","Humid","21.206","deg","90782","µV","35.989","°C","1018.000","hPa","37.0","pmil","0","55.500","deg","20.000","°C","100.000","%a.s.","22.500","deg","20.000","°C","1013.000","hPa","0.861","-0.02056","0.00035","-0.00011","0","14.7","Humid","26.25","0","52.00","342668.08","SABD0000000001","AAV1.0.0.11","2.0.0.28","PSt7-10","000000-000","10/20/2017 9:36:39 AM","0000-00","0","no battery","V"
"10/20/2017","13:15:00","5","default","957498349","OXY5","125.368","min","154.561","μmol/L","Humid","21.203","deg","90779","µV","35.983","°C","1018.000","hPa","37.0","pmil","0","55.500","deg","20.000","°C","100.000","%a.s.","22.500","deg","20.000","°C","1013.000","hPa","0.861","-0.02056","0.00035","-0.00011","0","14.7","Humid","26.25","0","52.00","342658.29","SABD0000000001","AAV1.0.0.11","2.0.0.28","PSt7-10","000000-000","10/20/2017 9:36:39 AM","0000-00","0","no battery","V"
"10/20/2017","13:15:01","5","default","957498349","OXY5","125.385","min","154.558","μmol/L","Humid","21.202","deg","90778","µV","35.986","°C","1018.000","hPa","37.0","pmil","0","55.500","deg","20.000","°C","100.000","%a.s.","22.500","deg","20.000","°C","1013.000","hPa","0.861","-0.02056","0.00035","-0.00011","0","14.7","Humid","26.25","0","52.00","342642.45","SABD0000000001","AAV1.0.0.11","2.0.0.28","PSt7-10","000000-000","10/20/2017 9:36:39 AM","0000-00","0","no battery","V"
"10/20/2017","13:15:02","5","default","957498349","OXY5","125.402","min","154.401","μmol/L","Humid","21.203","deg","90775","µV","36.011","°C","1018.000","hPa","37.0","pmil","0","55.500","deg","20.000","°C","100.000","%a.s.","22.500","deg","20.000","°C","1013.000","hPa","0.861","-0.02056","0.00035","-0.00011","0","14.7","Humid","26.25","0","52.00","342640.06","SABD0000000001","AAV1.0.0.11","2.0.0.28","PSt7-10","000000-000","10/20/2017 9:36:39 AM","0000-00","0","no battery","V"
"10/20/2017","13:15:03","5","default","957498349","OXY5","125.418","min","154.481","μmol/L","Humid","21.205","deg","90778","µV","35.992","°C","1018.000","hPa","37.0","pmil","0","55.500","deg","20.000","°C","100.000","%a.s.","22.500","deg","20.000","°C","1013.000","hPa","0.861","-0.02056","0.00035","-0.00011","0","14.7","Humid","26.25","0","52.00","342647.47","SABD0000000001","AAV1.0.0.11","2.0.0.28","PSt7-10","000000-000","10/20/2017 9:36:39 AM","0000-00","0","no battery","V"
"10/20/2017","13:15:04","5","default","957498349","OXY5","125.435","min","154.392","μmol/L","Humid","21.208","deg","90778","µV","36.000","°C","1018.000","hPa","37.0","pmil","0","55.500","deg","20.000","°C","100.000","%a.s.","22.500","deg","20.000","°C","1013.000","hPa","0.861","-0.02056","0.00035","-0.00011","0","14.7","Humid","26.25","0","52.00","342640.66","SABD0000000001","AAV1.0.0.11","2.0.0.28","PSt7-10","000000-000","10/20/2017 9:36:39 AM","0000-00","0","no battery","V"
"10/20/2017","13:15:05","5","default","957498349","OXY5","125.452","min","154.374","μmol/L","Humid","21.205","deg","90781","µV","36.010","°C","1018.000","hPa","37.0","pmil","0","55.500","deg","20.000","°C","100.000","%a.s.","22.500","deg","20.000","°C","1013.000","hPa","0.861","-0.02056","0.00035","-0.00011","0","14.7","Humid","26.25","0","52.00","342649.43","SABD0000000001","AAV1.0.0.11","2.0.0.28","PSt7-10","000000-000","10/20/2017 9:36:39 AM","0000-00","0","no battery","V"
"10/20/2017","13:15:06","5","default","957498349","OXY5","125.468","min","154.416","μmol/L","Humid","21.204","deg","90784","µV","36.006","°C","1018.000","hPa","37.0","pmil","0","55.500","deg","20.000","°C","100.000","%a.s.","22.500","deg","20.000","°C","1013.000","hPa","0.861","-0.02056","0.00035","-0.00011","0","14.7","Humid","26.25","0","52.00","342651.83","SABD0000000001","AAV1.0.0.11","2.0.0.28","PSt7-10","000000-000","10/20/2017 9:36:39 AM","0000-00","0","no battery","V"
"10/20/2017","13:15:07","5","default","957498349","OXY5","125.485","min","154.401","μmol/L","Humid","21.207","deg","90779","µV","36.001","°C","1018.000","hPa","37.0","pmil","0","55.500","deg","20.000","°C","100.000","%a.s.","22.500","deg","20.000","°C","1013.000","hPa","0.861","-0.02056","0.00035","-0.00011","0","14.7","Humid","26.25","0","52.00","342642.81","SABD0000000001","AAV1.0.0.11","2.0.0.28","PSt7-10","000000-000","10/20/2017 9:36:39 AM","0000-00","0","no battery","V"
"10/20/2017","13:15:08","5","default","957498349","OXY5","125.502","min","154.465","μmol/L","Humid","21.203","deg","90779","µV","36.000","°C","1018.000","hPa","37.0","pmil","0","55.500","deg","20.000","°C","100.000","%a.s.","22.500","deg","20.000","°C","1013.000","hPa","0.861","-0.02056","0.00035","-0.00011","0","14.7","Humid","26.25","0","52.00","342649.85","SABD0000000001","AAV1.0.0.11","2.0.0.28","PSt7-10","000000-000","10/20/2017 9:36:39 AM","0000-00","0","no battery","V"
"10/20/2017","13:15:09","5","default","957498349","OXY5","125.518","min","154.588","μmol/L","Humid","21.203","deg","90782","µV","35.979","°C","1018.000","hPa","37.0","pmil","0","55.500","deg","20.000","°C","100.000","%a.s.","22.500","deg","20.000","°C","1013.000","hPa","0.861","-0.02056","0.00035","-0.00011","0","14.7","Humid","26.25","0","52.00","342637.64","SABD0000000001","AAV1.0.0.11","2.0.0.28","PSt7-10","000000-000","10/20/2017 9:36:39 AM","0000-00","0","no battery","V"
"10/20/2017","13:15:10","5","default","957498349","OXY5","125.534","min","154.572","μmol/L","Humid","21.201","deg","90782","µV","35.986","°C","1018.000","hPa","37.0","pmil","0","55.500","deg","20.000","°C","100.000","%a.s.","22.500","deg","20.000","°C","1013.000","hPa","0.861","-0.02056","0.00035","-0.00011","0","14.7","Humid","26.25","0","52.00","342651.66","SABD0000000001","AAV1.0.0.11","2.0.0.28","PSt7-10","000000-000","10/20/2017 9:36:39 AM","0000-00","0","no battery","V"
"10/20/2017","13:15:11","5","default","957498349","OXY5","125.551","min","154.481","μmol/L","Humid","21.205","deg","90777","µV","35.992","°C","1018.000","hPa","37.0","pmil","0","55.500","deg","20.000","°C","100.000","%a.s.","22.500","deg","20.000","°C","1013.000","hPa","0.861","-0.02056","0.00035","-0.00011","0","14.7","Humid","26.25","0","52.00","342635.90","SABD0000000001","AAV1.0.0.11","2.0.0.28","PSt7-10","000000-000","10/20/2017 9:36:39 AM","0000-00","0","no battery","V"
"10/20/2017","13:15:12","5","default","957498349","OXY5","125.568","min","154.457","μmol/L","Humid","21.206","deg","90779","µV","35.994","°C","1018.000","hPa","37.0","pmil","0","55.500","deg","20.000","°C","100.000","%a.s.","22.500","deg","20.000","°C","1013.000","hPa","0.861","-0.02056","0.00035","-0.00011","0","14.7","Humid","26.25","0","52.00","342638.43","SABD0000000001","AAV1.0.0.11","2.0.0.28","PSt7-10","000000-000","10/20/2017 9:36:39 AM","0000-00","0","no battery","V"
"10/20/2017","13:15:13","5","default","957498349","OXY5","125.584","min","154.341","μmol/L","Humid","21.210","deg","90777","µV","36.004","°C","1018.000","hPa","37.0","pmil","0","55.500","deg","20.000","°C","100.000","%a.s.","22.500","deg","20.000","°C","1013.000","hPa","0.861","-0.02056","0.00035","-0.00011","0","14.7","Humid","26.25","0","52.00","342635.87","SABD0000000001","AAV1.0.0.11","2.0.0.28","PSt7-10","000000-000","10/20/2017 9:36:39 AM","0000-00","0","no battery","V"
"10/20/2017","13:15:14","5","default","957498349","OXY5","125.601","min","154.509","μmol/L","Humid","21.205","deg","90782","µV","35.987","°C","1018.000","hPa","37.0","pmil","0","55.500","deg","20.000","°C","100.000","%a.s.","22.500","deg","20.000","°C","1013.000","hPa","0.861","-0.02056","0.00035","-0.00011","0","14.7","Humid","26.25","0","52.00","342649.44","SABD0000000001","AAV1.0.0.11","2.0.0.28","PSt7-10","000000-000","10/20/2017 9:36:39 AM","0000-00","0","no battery","V"
"10/20/2017","13:15:15","5","default","957498349","OXY5","125.618","min","154.445","μmol/L","Humid","21.206","deg","90781","µV","35.996","°C","1018.000","hPa","37.0","pmil","0","55.500","deg","20.000","°C","100.000","%a.s.","22.500","deg","20.000","°C","1013.000","hPa","0.861","-0.02056","0.00035","-0.00011","0","14.7","Humid","26.25","0","52.00","342638.74","SABD0000000001","AAV1.0.0.11","2.0.0.28","PSt7-10","000000-000","10/20/2017 9:36:39 AM","0000-00","0","no battery","V"
"10/20/2017","13:15:16","5","default","957498349","OXY5","125.635","min","154.438","μmol/L","Humid","21.207","deg","90774","µV","35.995","°C","1018.000","hPa","37.0","pmil","0","55.500","deg","20.000","°C","100.000","%a.s.","22.500","deg","20.000","°C","1013.000","hPa","0.861","-0.02056","0.00035","-0.00011","0","14.7","Humid","26.25","0","52.00","342647.23","SABD0000000001","AAV1.0.0.11","2.0.0.28","PSt7-10","000000-000","10/20/2017 9:36:39 AM","0000-00","0","no battery","V"
"10/20/2017","13:15:17","5","default","957498349","OXY5","125.651","min","154.448","μmol/L","Humid","21.203","deg","90778","µV","36.003","°C","1018.000","hPa","37.0","pmil","0","55.500","deg","20.000","°C","100.000","%a.s.","22.500","deg","20.000","°C","1013.000","hPa","0.861","-0.02056","0.00035","-0.00011","0","14.7","Humid","26.25","0","52.00","342635.71","SABD0000000001","AAV1.0.0.11","2.0.0.28","PSt7-10","000000-000","10/20/2017 9:36:39 AM","0000-00","0","no battery","V"
"10/20/2017","13:15:18","5","default","957498349","OXY5","125.668","min","154.515","μmol/L","Humid","21.202","deg","90779","µV","35.994","°C","1018.000","hPa","37.0","pmil","0","55.500","deg","20.000","°C","100.000","%a.s.","22.500","deg","20.000","°C","1013.000","hPa","0.861","-0.02056","0.00035","-0.00011","0","14.7","Humid","26.25","0","52.00","342636.21","SABD0000000001","AAV1.0.0.11","2.0.0.28","PSt7-10","000000-000","10/20/2017 9:36:39 AM","0000-00","0","no battery","V"
"10/20/2017","13:15:19","5","default","957498349","OXY5","125.685","min","154.618","μmol/L","Humid","21.199","deg","90779","µV","35.983","°C","1018.000","hPa","37.0","pmil","0","55.500","deg","20.000","°C","100.000","%a.s.","22.500","deg","20.000","°C","1013.000","hPa","0.861","-0.02056","0.00035","-0.00011","0","14.7","Humid","26.25","0","52.00","342643.89","SABD0000000001","AAV1.0.0.11","2.0.0.28","PSt7-10","000000-000","10/20/2017 9:36:39 AM","0000-00","0","no battery","V"
"10/20/2017","13:15:20","5","default","957498349","OXY5","125.701","min","154.460","μmol/L","Humid","21.207","deg","90777","µV","35.991","°C","1018.000","hPa","37.0","pmil","0","55.500","deg","20.000","°C","100.000","%a.s.","22.500","deg","20.000","°C","1013.000","hPa","0.861","-0.02056","0.00035","-0.00011","0","14.7","Humid","26.25","0","52.00","342638.31","SABD0000000001","AAV1.0.0.11","2.0.0.28","PSt7-10","000000-000","10/20/2017 9:36:39 AM","0000-00","0","no battery","V"
"10/20/2017","13:15:21","5","default","957498349","OXY5","125.718","min","154.450","μmol/L","Humid","21.201","deg","90779","µV","36.007","°C","1018.000","hPa","37.0","pmil","0","55.500","deg","20.000","°C","100.000","%a.s.","22.500","deg","20.000","°C","1013.000","hPa","0.861","-0.02056","0.00035","-0.00011","0","14.7","Humid","26.25","0","52.00","342657.40","SABD0000000001","AAV1.0.0.11","2.0.0.28","PSt7-10","000000-000","10/20/2017 9:36:39 AM","0000-00","0","no battery","V"
"10/20/2017","13:15:22","5","default","957498349","OXY5","125.735","min","154.416","μmol/L","Humid","21.206","deg","90784","µV","36.001","°C","1018.000","hPa","37.0","pmil","0","55.500","deg","20.000","°C","100.000","%a.s.","22.500","deg","20.000","°C","1013.000","hPa","0.861","-0.02056","0.00035","-0.00011","0","14.7","Humid","26.25","0","52.00","342624.59","SABD0000000001","AAV1.0.0.11","2.0.0.28","PSt7-10","000000-000","10/20/2017 9:36:39 AM","0000-00","0","no battery","V"
"10/20/2017","13:15:23","5","default","957498349","OXY5","125.751","min","154.428","μmol/L","Humid","21.206","deg","90788","µV","35.999","°C","1018.000","hPa","37.0","pmil","0","55.500","deg","20.000","°C","100.000","%a.s.","22.500","deg","20.000","°C","1013.000","hPa","0.861","-0.02056","0.00035","-0.00011","0","14.7","Humid","26.25","0","52.00","342627.94","SABD0000000001","AAV1.0.0.11","2.0.0.28","PSt7-10","000000-000","10/20/2017 9:36:39 AM","0000-00","0","no battery","V"
"10/20/2017","13:15:24","5","default","957498349","OXY5","125.768","min","154.422","μmol/L","Humid","21.202","deg","90771","µV","36.009","°C","1018.000","hPa","37.0","pmil","0","55.500","deg","20.000","°C","100.000","%a.s.","22.500","deg","20.000","°C","1013.000","hPa","0.861","-0.02056","0.00035","-0.00011","0","14.7","Humid","26.25","0","52.00","342630.81","SABD0000000001","AAV1.0.0.11","2.0.0.28","PSt7-10","000000-000","10/20/2017 9:36:39 AM","0000-00","0","no battery","V"
"10/20/2017","13:15:25","5","default","957498349","OXY5","125.785","min","154.411","μmol/L","Humid","21.207","deg","90779","µV","35.999","°C","1018.000","hPa","37.0","pmil","0","55.500","deg","20.000","°C","100.000","%a.s.","22.500","deg","20.000","°C","1013.000","hPa","0.861","-0.02056","0.00035","-0.00011","0","14.7","Humid","26.25","0","52.00","342640.71","SABD0000000001","AAV1.0.0.11","2.0.0.28","PSt7-10","000000-000","10/20/2017 9:36:39 AM","0000-00","0","no battery","V"
"10/20/2017","13:15:26","5","default","957498349","OXY5","125.801","min","154.427","μmol/L","Humid","21.205","deg","90776","µV","36.001","°C","1018.000","hPa","37.0","pmil","0","55.500","deg","20.000","°C","100.000","%a.s.","22.500","deg","20.000","°C","1013.000","hPa","0.861","-0.02056","0.00035","-0.00011","0","14.7","Humid","26.25","0","52.00","342632.51","SABD0000000001","AAV1.0.0.11","2.0.0.28","PSt7-10","000000-000","10/20/2017 9:36:39 AM","0000-00","0","no battery","V"
"10/20/2017","13:15:27","5","default","957498349","OXY5","125.818","min","154.508","μmol/L","Humid","21.203","deg","90774","µV","35.992","°C","1018.000","hPa","37.0","pmil","0","55.500","deg","20.000","°C","100.000","%a.s.","22.500","deg","20.000","°C","1013.000","hPa","0.861","-0.02056","0.00035","-0.00011","0","14.7","Humid","26.25","0","52.00","342632.50","SABD0000000001","AAV1.0.0.11","2.0.0.28","PSt7-10","000000-000","10/20/2017 9:36:39 AM","0000-00","0","no battery","V"
"10/20/2017","13:15:28","5","default","957498349","OXY5","125.835","min","154.461","μmol/L","Humid","21.206","deg","90775","µV","35.993","°C","1018.000","hPa","37.0","pmil","0","55.500","deg","20.000","°C","100.000","%a.s.","22.500","deg","20.000","°C","1013.000","hPa","0.861","-0.02056","0.00035","-0.00011","0","14.7","Humid","26.25","0","52.00","342631.08","SABD0000000001","AAV1.0.0.11","2.0.0.28","PSt7-10","000000-000","10/20/2017 9:36:39 AM","0000-00","0","no battery","V"
"10/20/2017","13:15:29","5","default","957498349","OXY5","125.852","min","154.436","μmol/L","Humid","21.205","deg","90773","µV","36.000","°C","1018.000","hPa","37.0","pmil","0","55.500","deg","20.000","°C","100.000","%a.s.","22.500","deg","20.000","°C","1013.000","hPa","0.861","-0.02056","0.00035","-0.00011","0","14.7","Humid","26.25","0","52.00","342622.04","SABD0000000001","AAV1.0.0.11","2.0.0.28","PSt7-10","000000-000","10/20/2017 9:36:39 AM","0000-00","0","no battery","V"
"10/20/2017","13:15:30","5","default","957498349","OXY5","125.868","min","154.497","μmol/L","Humid","21.203","deg","90781","µV","35.994","°C","1018.000","hPa","37.0","pmil","0","55.500","deg","20.000","°C","100.000","%a.s.","22.500","deg","20.000","°C","1013.000","hPa","0.861","-0.02056","0.00035","-0.00011","0","14.7","Humid","26.25","0","52.00","342645.14","SABD0000000001","AAV1.0.0.11","2.0.0.28","PSt7-10","000000-000","10/20/2017 9:36:39 AM","0000-00","0","no battery","V"
"10/20/2017","13:15:31","5","default","957498349","OXY5","125.885","min","154.431","μmol/L","Humid","21.205","deg","90775","µV","36.001","°C","1018.000","hPa","37.0","pmil","0","55.500","deg","20.000","°C","100.000","%a.s.","22.500","deg","20.000","°C","1013.000","hPa","0.861","-0.02056","0.00035","-0.00011","0","14.7","Humid","26.25","0","52.00","342636.09","SABD0000000001","AAV1.0.0.11","2.0.0.28","PSt7-10","000000-000","10/20/2017 9:36:39 AM","0000-00","0","no battery","V"
"10/20/2017","13:15:32","5","default","957498349","OXY5","125.902","min","154.450","μmol/L","Humid","21.204","deg","90777","µV","36.000","°C","1018.000","hPa","37.0","pmil","0","55.500","deg","20.000","°C","100.000","%a.s.","22.500","deg","20.000","°C","1013.000","hPa","0.861","-0.02056","0.00035","-0.00011","0","14.7","Humid","26.25","0","52.00","342626.46","SABD0000000001","AAV1.0.0.11","2.0.0.28","PSt7-10","000000-000","10/20/2017 9:36:39 AM","0000-00","0","no battery","V"
"10/20/2017","13:15:33","5","default","957498349","OXY5","125.918","min","154.407","μmol/L","Humid","21.205","deg","90776","µV","36.005","°C","1018.000","hPa","37.0","pmil","0","55.500","deg","20.000","°C","100.000","%a.s.","22.500","deg","20.000","°C","1013.000","hPa","0.861","-0.02056","0.00035","-0.00011","0","14.7","Humid","26.25","0","52.00","342619.75","SABD0000000001","AAV1.0.0.11","2.0.0.28","PSt7-10","000000-000","10/20/2017 9:36:39 AM","0000-00","0","no battery","V"
"10/20/2017","13:15:34","5","default","957498349","OXY5","125.935","min","154.411","μmol/L","Humid","21.207","deg","90782","µV","35.999","°C","1018.000","hPa","37.0","pmil","0","55.500","deg","20.000","°C","100.000","%a.s.","22.500","deg","20.000","°C","1013.000","hPa","0.861","-0.02056","0.00035","-0.00011","0","14.7","Humid","26.25","0","52.00","342638.71","SABD0000000001","AAV1.0.0.11","2.0.0.28","PSt7-10","000000-000","10/20/2017 9:36:39 AM","0000-00","0","no battery","V"
"10/20/2017","13:15:35","5","default","957498349","OXY5","125.952","min","154.458","μmol/L","Humid","21.205","deg","90776","µV","35.996","°C","1018.000","hPa","37.0","pmil","0","55.500","deg","20.000","°C","100.000","%a.s.","22.500","deg","20.000","°C","1013.000","hPa","0.861","-0.02056","0.00035","-0.00011","0","14.7","Humid","26.25","0","52.00","342629.97","SABD0000000001","AAV1.0.0.11","2.0.0.28","PSt7-10","000000-000","10/20/2017 9:36:39 AM","0000-00","0","no battery","V"
"10/20/2017","13:15:36","5","default","957498349","OXY5","125.968","min","154.528","μmol/L","Humid","21.203","deg","90773","µV","35.989","°C","1018.000","hPa","37.0","pmil","0","55.500","deg","20.000","°C","100.000","%a.s.","22.500","deg","20.000","°C","1013.000","hPa","0.861","-0.02056","0.00035","-0.00011","0","14.7","Humid","26.25","0","52.00","342620.19","SABD0000000001","AAV1.0.0.11","2.0.0.28","PSt7-10","000000-000","10/20/2017 9:36:39 AM","0000-00","0","no battery","V"
"10/20/2017","13:15:37","5","default","957498349","OXY5","125.985","min","154.486","μmol/L","Humid","21.204","deg","90779","µV","35.994","°C","1018.000","hPa","37.0","pmil","0","55.500","deg","20.000","°C","100.000","%a.s.","22.500","deg","20.000","°C","1013.000","hPa","0.861","-0.02056","0.00035","-0.00011","0","14.7","Humid","26.25","0","52.00","342617.19","SABD0000000001","AAV1.0.0.11","2.0.0.28","PSt7-10","000000-000","10/20/2017 9:36:39 AM","0000-00","0","no battery","V"
"10/20/2017","13:15:38","5","default","957498349","OXY5","126.002","min","154.472","μmol/L","Humid","21.206","deg","90776","µV","35.991","°C","1018.000","hPa","37.0","pmil","0","55.500","deg","20.000","°C","100.000","%a.s.","22.500","deg","20.000","°C","1013.000","hPa","0.861","-0.02056","0.00035","-0.00011","0","14.7","Humid","26.25","0","52.00","342629.41","SABD0000000001","AAV1.0.0.11","2.0.0.28","PSt7-10","000000-000","10/20/2017 9:36:39 AM","0000-00","0","no battery","V"
"10/20/2017","13:15:39","5","default","957498349","OXY5","126.018","min","154.440","μmol/L","Humid","21.204","deg","90776","µV","36.001","°C","1018.000","hPa","37.0","pmil","0","55.500","deg","20.000","°C","100.000","%a.s.","22.500","deg","20.000","°C","1013.000","hPa","0.861","-0.02056","0.00035","-0.00011","0","14.7","Humid","26.25","0","52.00","342627.61","SABD0000000001","AAV1.0.0.11","2.0.0.28","PSt7-10","000000-000","10/20/2017 9:36:39 AM","0000-00","0","no battery","V"
"10/20/2017","13:15:40","5","default","957498349","OXY5","126.035","min","154.347","μmol/L","Humid","21.209","deg","90775","µV","36.006","°C","1018.000","hPa","37.0","pmil","0","55.500","deg","20.000","°C","100.000","%a.s.","22.500","deg","20.000","°C","1013.000","hPa","0.861","-0.02056","0.00035","-0.00011","0","14.7","Humid","26.25","0","52.00","342617.95","SABD0000000001","AAV1.0.0.11","2.0.0.28","PSt7-10","000000-000","10/20/2017 9:36:39 AM","0000-00","0","no battery","V"
"10/20/2017","13:15:41","5","default","957498349","OXY5","126.052","min","154.367","μmol/L","Humid","21.205","deg","90775","µV","36.012","°C","1018.000","hPa","37.0","pmil","0","55.500","deg","20.000","°C","100.000","%a.s.","22.500","deg","20.000","°C","1013.000","hPa","0.861","-0.02056","0.00035","-0.00011","0","14.7","Humid","26.25","0","52.00","342619.83","SABD0000000001","AAV1.0.0.11","2.0.0.28","PSt7-10","000000-000","10/20/2017 9:36:39 AM","0000-00","0","no battery","V"
"10/20/2017","13:15:42","5","default","957498349","OXY5","126.068","min","154.464","μmol/L","Humid","21.203","deg","90770","µV","36.000","°C","1018.000","hPa","37.0","pmil","0","55.500","deg","20.000","°C","100.000","%a.s.","22.500","deg","20.000","°C","1013.000","hPa","0.861","-0.02056","0.00035","-0.00011","0","14.7","Humid","26.25","0","52.00","342620.52","SABD0000000001","AAV1.0.0.11","2.0.0.28","PSt7-10","000000-000","10/20/2017 9:36:39 AM","0000-00","0","no battery","V"
"10/20/2017","13:15:43","5","default","957498349","OXY5","126.085","min","154.352","μmol/L","Humid","21.207","deg","90773","µV","36.009","°C","1018.000","hPa","37.0","pmil","0","55.500","deg","20.000","°C","100.000","%a.s.","22.500","deg","20.000","°C","1013.000","hPa","0.861","-0.02056","0.00035","-0.00011","0","14.7","Humid","26.25","0","52.00","342631.01","SABD0000000001","AAV1.0.0.11","2.0.0.28","PSt7-10","000000-000","10/20/2017 9:36:39 AM","0000-00","0","no battery","V"
"10/20/2017","13:15:44","5","default","957498349","OXY5","126.102","min","154.337","μmol/L","Humid","21.206","deg","90783","µV","36.014","°C","1018.000","hPa","37.0","pmil","0","55.500","deg","20.000","°C","100.000","%a.s.","22.500","deg","20.000","°C","1013.000","hPa","0.861","-0.02056","0.00035","-0.00011","0","14.7","Humid","26.25","0","52.00","342638.07","SABD0000000001","AAV1.0.0.11","2.0.0.28","PSt7-10","000000-000","10/20/2017 9:36:39 AM","0000-00","0","no battery","V"
"10/20/2017","13:15:45","5","default","957498349","OXY5","126.118","min","154.400","μmol/L","Humid","21.207","deg","90772","µV","36.001","°C","1018.000","hPa","37.0","pmil","0","55.500","deg","20.000","°C","100.000","%a.s.","22.500","deg","20.000","°C","1013.000","hPa","0.861","-0.02056","0.00035","-0.00011","0","14.7","Humid","26.25","0","52.00","342624.02","SABD0000000001","AAV1.0.0.11","2.0.0.28","PSt7-10","000000-000","10/20/2017 9:36:39 AM","0000-00","0","no battery","V"
"10/20/2017","13:15:46","5","default","957498349","OXY5","126.135","min","154.462","μmol/L","Humid","21.204","deg","90777","µV","35.998","°C","1018.000","hPa","37.0","pmil","0","55.500","deg","20.000","°C","100.000","%a.s.","22.500","deg","20.000","°C","1013.000","hPa","0.861","-0.02056","0.00035","-0.00011","0","14.7","Humid","26.25","0","52.00","342624.09","SABD0000000001","AAV1.0.0.11","2.0.0.28","PSt7-10","000000-000","10/20/2017 9:36:39 AM","0000-00","0","no battery","V"
"10/20/2017","13:15:47","5","default","957498349","OXY5","126.152","min","154.413","μmol/L","Humid","21.210","deg","90779","µV","35.992","°C","1018.000","hPa","37.0","pmil","0","55.500","deg","20.000","°C","100.000","%a.s.","22.500","deg","20.000","°C","1013.000","hPa","0.861","-0.02056","0.00035","-0.00011","0","14.7","Humid","26.25","0","52.00","342609.16","SABD0000000001","AAV1.0.0.11","2.0.0.28","PSt7-10","000000-000","10/20/2017 9:36:39 AM","0000-00","0","no battery","V"
"10/20/2017","13:15:48","5","default","957498349","OXY5","126.168","min","154.429","μmol/L","Humid","21.206","deg","90778","µV","35.999","°C","1018.000","hPa","37.0","pmil","0","55.500","deg","20.000","°C","100.000","%a.s.","22.500","deg","20.000","°C","1013.000","hPa","0.861","-0.02056","0.00035","-0.00011","0","14.7","Humid","26.25","0","52.00","342619.29","SABD0000000001","AAV1.0.0.11","2.0.0.28","PSt7-10","000000-000","10/20/2017 9:36:39 AM","0000-00","0","no battery","V"
"10/20/2017","13:15:49","5","default","957498349","OXY5","126.185","min","154.354","μmol/L","Humid","21.203","deg","90776","µV","36.019","°C","1018.000","hPa","37.0","pmil","0","55.500","deg","20.000","°C","100.000","%a.s.","22.500","deg","20.000","°C","1013.000","hPa","0.861","-0.02056","0.00035","-0.00011","0","14.7","Humid","26.25","0","52.00","342621.14","SABD0000000001","AAV1.0.0.11","2.0.0.28","PSt7-10","000000-000","10/20/2017 9:36:39 AM","0000-00","0","no battery","V"
"10/20/2017","13:15:50","5","default","957498349","OXY5","126.202","min","154.365","μmol/L","Humid","21.207","deg","90782","µV","36.007","°C","1018.000","hPa","37.0","pmil","0","55.500","deg","20.000","°C","100.000","%a.s.","22.500","deg","20.000","°C","1013.000","hPa","0.861","-0.02056","0.00035","-0.00011","0","14.7","Humid","26.25","0","52.00","342622.26","SABD0000000001","AAV1.0.0.11","2.0.0.28","PSt7-10","000000-000","10/20/2017 9:36:39 AM","0000-00","0","no battery","V"
"10/20/2017","13:15:51","5","default","957498349","OXY5","126.218","min","154.425","μmol/L","Humid","21.205","deg","90782","µV","36.002","°C","1018.000","hPa","37.0","pmil","0","55.500","deg","20.000","°C","100.000","%a.s.","22.500","deg","20.000","°C","1013.000","hPa","0.861","-0.02056","0.00035","-0.00011","0","14.7","Humid","26.25","0","52.00","342605.93","SABD0000000001","AAV1.0.0.11","2.0.0.28","PSt7-10","000000-000","10/20/2017 9:36:39 AM","0000-00","0","no battery","V"
"10/20/2017","13:15:52","5","default","957498349","OXY5","126.235","min","154.369","μmol/L","Humid","21.209","deg","90781","µV","36.002","°C","1018.000","hPa","37.0","pmil","0","55.500","deg","20.000","°C","100.000","%a.s.","22.500","deg","20.000","°C","1013.000","hPa","0.861","-0.02056","0.00035","-0.00011","0","14.7","Humid","26.25","0","52.00","342615.14","SABD0000000001","AAV1.0.0.11","2.0.0.28","PSt7-10","000000-000","10/20/2017 9:36:39 AM","0000-00","0","no battery","V"
"10/20/2017","13:15:53","5","default","957498349","OXY5","126.252","min","154.388","μmol/L","Humid","21.207","deg","90775","µV","36.003","°C","1018.000","hPa","37.0","pmil","0","55.500","deg","20.000","°C","100.000","%a.s.","22.500","deg","20.000","°C","1013.000","hPa","0.861","-0.02056","0.00035","-0.00011","0","14.7","Humid","26.25","0","52.00","342603.44","SABD0000000001","AAV1.0.0.11","2.0.0.28","PSt7-10","000000-000","10/20/2017 9:36:39 AM","0000-00","0","no battery","V"
"10/20/2017","13:15:54","5","default","957498349","OXY5","126.268","min","154.459","μmol/L","Humid","21.205","deg","90781","µV","35.996","°C","1018.000","hPa","37.0","pmil","0","55.500","deg","20.000","°C","100.000","%a.s.","22.500","deg","20.000","°C","1013.000","hPa","0.861","-0.02056","0.00035","-0.00011","0","14.7","Humid","26.25","0","52.00","342605.31","SABD0000000001","AAV1.0.0.11","2.0.0.28","PSt7-10","000000-000","10/20/2017 9:36:39 AM","0000-00","0","no battery","V"
"10/20/2017","13:15:55","5","default","957498349","OXY5","126.284","min","154.534","μmol/L","Humid","21.203","deg","90781","µV","35.988","°C","1018.000","hPa","37.0","pmil","0","55.500","deg","20.000","°C","100.000","%a.s.","22.500","deg","20.000","°C","1013.000","hPa","0.861","-0.02056","0.00035","-0.00011","0","14.7","Humid","26.25","0","52.00","342605.72","SABD0000000001","AAV1.0.0.11","2.0.0.28","PSt7-10","000000-000","10/20/2017 9:36:39 AM","0000-00","0","no battery","V"
"10/20/2017","13:15:56","5","default","957498349","OXY5","126.301","min","154.375","μmol/L","Humid","21.209","deg","90784","µV","36.001","°C","1018.000","hPa","37.0","pmil","0","55.500","deg","20.000","°C","100.000","%a.s.","22.500","deg","20.000","°C","1013.000","hPa","0.861","-0.02056","0.00035","-0.00011","0","14.7","Humid","26.25","0","52.00","342622.17","SABD0000000001","AAV1.0.0.11","2.0.0.28","PSt7-10","000000-000","10/20/2017 9:36:39 AM","0000-00","0","no battery","V"
"10/20/2017","13:15:57","5","default","957498349","OXY5","126.318","min","154.505","μmol/L","Humid","21.204","deg","90773","µV","35.991","°C","1018.000","hPa","37.0","pmil","0","55.500","deg","20.000","°C","100.000","%a.s.","22.500","deg","20.000","°C","1013.000","hPa","0.861","-0.02056","0.00035","-0.00011","0","14.7","Humid","26.25","0","52.00","342616.27","SABD0000000001","AAV1.0.0.11","2.0.0.28","PSt7-10","000000-000","10/20/2017 9:36:39 AM","0000-00","0","no battery","V"
"10/20/2017","13:15:58","5","default","957498349","OXY5","126.334","min","154.478","μmol/L","Humid","21.207","deg","90779","µV","35.988","°C","1018.000","hPa","37.0","pmil","0","55.500","deg","20.000","°C","100.000","%a.s.","22.500","deg","20.000","°C","1013.000","hPa","0.861","-0.02056","0.00035","-0.00011","0","14.7","Humid","26.25","0","52.00","342628.74","SABD0000000001","AAV1.0.0.11","2.0.0.28","PSt7-10","000000-000","10/20/2017 9:36:39 AM","0000-00","0","no battery","V"
"10/20/2017","13:15:59","5","default","957498349","OXY5","126.351","min","154.405","μmol/L","Humid","21.205","deg","90773","µV","36.005","°C","1018.000","hPa","37.0","pmil","0","55.500","deg","20.000","°C","100.000","%a.s.","22.500","deg","20.000","°C","1013.000","hPa","0.861","-0.02056","0.00035","-0.00011","0","14.7","Humid","26.25","0","52.00","342613.63","SABD0000000001","AAV1.0.0.11","2.0.0.28","PSt7-10","000000-000","10/20/2017 9:36:39 AM","0000-00","0","no battery","V"
"10/20/2017","13:16:00","5","default","957498349","OXY5","126.368","min","154.336","μmol/L","Humid","21.207","deg","90776","µV","36.012","°C","1018.000","hPa","37.0","pmil","0","55.500","deg","20.000","°C","100.000","%a.s.","22.500","deg","20.000","°C","1013.000","hPa","0.861","-0.02056","0.00035","-0.00011","0","14.7","Humid","26.25","0","52.00","342611.79","SABD0000000001","AAV1.0.0.11","2.0.0.28","PSt7-10","000000-000","10/20/2017 9:36:39 AM","0000-00","0","no battery","V"
"10/20/2017","13:16:01","5","default","957498349","OXY5","126.384","min","154.419","μmol/L","Humid","21.203","deg","90780","µV","36.007","°C","1018.000","hPa","37.0","pmil","0","55.500","deg","20.000","°C","100.000","%a.s.","22.500","deg","20.000","°C","1013.000","hPa","0.861","-0.02056","0.00035","-0.00011","0","14.7","Humid","26.25","0","52.00","342611.43","SABD0000000001","AAV1.0.0.11","2.0.0.28","PSt7-10","000000-000","10/20/2017 9:36:39 AM","0000-00","0","no battery","V"
"10/20/2017","13:16:02","5","default","957498349","OXY5","126.401","min","154.461","μmol/L","Humid","21.205","deg","90784","µV","35.996","°C","1018.000","hPa","37.0","pmil","0","55.500","deg","20.000","°C","100.000","%a.s.","22.500","deg","20.000","°C","1013.000","hPa","0.861","-0.02056","0.00035","-0.00011","0","14.7","Humid","26.25","0","52.00","342615.03","SABD0000000001","AAV1.0.0.11","2.0.0.28","PSt7-10","000000-000","10/20/2017 9:36:39 AM","0000-00","0","no battery","V"
"10/20/2017","13:16:03","5","default","957498349","OXY5","126.418","min","154.463","μmol/L","Humid","21.205","deg","90786","µV","35.995","°C","1018.000","hPa","37.0","pmil","0","55.500","deg","20.000","°C","100.000","%a.s.","22.500","deg","20.000","°C","1013.000","hPa","0.861","-0.02056","0.00035","-0.00011","0","14.7","Humid","26.25","0","52.00","342622.38","SABD0000000001","AAV1.0.0.11","2.0.0.28","PSt7-10","000000-000","10/20/2017 9:36:39 AM","0000-00","0","no battery","V"
"10/20/2017","13:16:04","5","default","957498349","OXY5","126.435","min","154.382","μmol/L","Humid","21.208","deg","90790","µV","36.002","°C","1018.000","hPa","37.0","pmil","0","55.500","deg","20.000","°C","100.000","%a.s.","22.500","deg","20.000","°C","1013.000","hPa","0.861","-0.02056","0.00035","-0.00011","0","14.7","Humid","26.25","0","52.00","342623.11","SABD0000000001","AAV1.0.0.11","2.0.0.28","PSt7-10","000000-000","10/20/2017 9:36:39 AM","0000-00","0","no battery","V"
"10/20/2017","13:16:05","5","default","957498349","OXY5","126.451","min","154.397","μmol/L","Humid","21.204","deg","90795","µV","36.009","°C","1018.000","hPa","37.0","pmil","0","55.500","deg","20.000","°C","100.000","%a.s.","22.500","deg","20.000","°C","1013.000","hPa","0.861","-0.02056","0.00035","-0.00011","0","14.7","Humid","26.25","0","52.00","342615.50","SABD0000000001","AAV1.0.0.11","2.0.0.28","PSt7-10","000000-000","10/20/2017 9:36:39 AM","0000-00","0","no battery","V"
"10/20/2017","13:16:06","5","default","957498349","OXY5","126.468","min","154.432","μmol/L","Humid","21.204","deg","90791","µV","36.003","°C","1018.000","hPa","37.0","pmil","0","55.500","deg","20.000","°C","100.000","%a.s.","22.500","deg","20.000","°C","1013.000","hPa","0.861","-0.02056","0.00035","-0.00011","0","14.7","Humid","26.25","0","52.00","342619.88","SABD0000000001","AAV1.0.0.11","2.0.0.28","PSt7-10","000000-000","10/20/2017 9:36:39 AM","0000-00","0","no battery","V"
"10/20/2017","13:16:07","5","default","957498349","OXY5","126.485","min","154.455","μmol/L","Humid","21.206","deg","90788","µV","35.994","°C","1018.000","hPa","37.0","pmil","0","55.500","deg","20.000","°C","100.000","%a.s.","22.500","deg","20.000","°C","1013.000","hPa","0.861","-0.02056","0.00035","-0.00011","0","14.7","Humid","26.25","0","52.00","342615.44","SABD0000000001","AAV1.0.0.11","2.0.0.28","PSt7-10","000000-000","10/20/2017 9:36:39 AM","0000-00","0","no battery","V"
"10/20/2017","13:16:08","5","default","957498349","OXY5","126.501","min","154.443","μmol/L","Humid","21.205","deg","90792","µV","35.999","°C","1018.000","hPa","37.0","pmil","0","55.500","deg","20.000","°C","100.000","%a.s.","22.500","deg","20.000","°C","1013.000","hPa","0.861","-0.02056","0.00035","-0.00011","0","14.7","Humid","26.25","0","52.00","342600.12","SABD0000000001","AAV1.0.0.11","2.0.0.28","PSt7-10","000000-000","10/20/2017 9:36:39 AM","0000-00","0","no battery","V"
"10/20/2017","13:16:09","5","default","957498349","OXY5","126.518","min","154.398","μmol/L","Humid","21.203","deg","90793","µV","36.011","°C","1018.000","hPa","37.0","pmil","0","55.500","deg","20.000","°C","100.000","%a.s.","22.500","deg","20.000","°C","1013.000","hPa","0.861","-0.02056","0.00035","-0.00011","0","14.7","Humid","26.25","0","52.00","342612.91","SABD0000000001","AAV1.0.0.11","2.0.0.28","PSt7-10","000000-000","10/20/2017 9:36:39 AM","0000-00","0","no battery","V"
"10/20/2017","13:16:10","5","default","957498349","OXY5","126.535","min","154.408","μmol/L","Humid","21.206","deg","90786","µV","36.002","°C","1018.000","hPa","37.0","pmil","0","55.500","deg","20.000","°C","100.000","%a.s.","22.500","deg","20.000","°C","1013.000","hPa","0.861","-0.02056","0.00035","-0.00011","0","14.7","Humid","26.25","0","52.00","342604.84","SABD0000000001","AAV1.0.0.11","2.0.0.28","PSt7-10","000000-000","10/20/2017 9:36:39 AM","0000-00","0","no battery","V"
"10/20/2017","13:16:11","5","default","957498349","OXY5","126.551","min","154.447","μmol/L","Humid","21.205","deg","90787","µV","35.998","°C","1018.000","hPa","37.0","pmil","0","55.500","deg","20.000","°C","100.000","%a.s.","22.500","deg","20.000","°C","1013.000","hPa","0.861","-0.02056","0.00035","-0.00011","0","14.7","Humid","26.25","0","52.00","342609.14","SABD0000000001","AAV1.0.0.11","2.0.0.28","PSt7-10","000000-000","10/20/2017 9:36:39 AM","0000-00","0","no battery","V"
"10/20/2017","13:16:12","5","default","957498349","OXY5","126.568","min","154.451","μmol/L","Humid","21.205","deg","90788","µV","35.997","°C","1018.000","hPa","37.0","pmil","0","55.500","deg","20.000","°C","100.000","%a.s.","22.500","deg","20.000","°C","1013.000","hPa","0.861","-0.02056","0.00035","-0.00011","0","14.7","Humid","26.25","0","52.00","342600.94","SABD0000000001","AAV1.0.0.11","2.0.0.28","PSt7-10","000000-000","10/20/2017 9:36:39 AM","0000-00","0","no battery","V"
"10/20/2017","13:16:13","5","default","957498349","OXY5","126.585","min","154.366","μmol/L","Humid","21.208","deg","90786","µV","36.005","°C","1018.000","hPa","37.0","pmil","0","55.500","deg","20.000","°C","100.000","%a.s.","22.500","deg","20.000","°C","1013.000","hPa","0.861","-0.02056","0.00035","-0.00011","0","14.7","Humid","26.25","0","52.00","342615.78","SABD0000000001","AAV1.0.0.11","2.0.0.28","PSt7-10","000000-000","10/20/2017 9:36:39 AM","0000-00","0","no battery","V"
"10/20/2017","13:16:14","5","default","957498349","OXY5","126.601","min","154.378","μmol/L","Humid","21.207","deg","90797","µV","36.005","°C","1018.000","hPa","37.0","pmil","0","55.500","deg","20.000","°C","100.000","%a.s.","22.500","deg","20.000","°C","1013.000","hPa","0.861","-0.02056","0.00035","-0.00011","0","14.7","Humid","26.25","0","52.00","342611.90","SABD0000000001","AAV1.0.0.11","2.0.0.28","PSt7-10","000000-000","10/20/2017 9:36:39 AM","0000-00","0","no battery","V"
"10/20/2017","13:16:15","5","default","957498349","OXY5","126.618","min","154.415","μmol/L","Humid","21.206","deg","90793","µV","36.001","°C","1018.000","hPa","37.0","pmil","0","55.500","deg","20.000","°C","100.000","%a.s.","22.500","deg","20.000","°C","1013.000","hPa","0.861","-0.02056","0.00035","-0.00011","0","14.7","Humid","26.25","0","52.00","342606.96","SABD0000000001","AAV1.0.0.11","2.0.0.28","PSt7-10","000000-000","10/20/2017 9:36:39 AM","0000-00","0","no battery","V"
"10/20/2017","13:16:16","5","default","957498349","OXY5","126.635","min","154.454","μmol/L","Humid","21.202","deg","90802","µV","36.004","°C","1018.000","hPa","37.0","pmil","0","55.500","deg","20.000","°C","100.000","%a.s.","22.500","deg","20.000","°C","1013.000","hPa","0.861","-0.02056","0.00035","-0.00011","0","14.7","Humid","26.25","0","52.00","342617.60","SABD0000000001","AAV1.0.0.11","2.0.0.28","PSt7-10","000000-000","10/20/2017 9:36:39 AM","0000-00","0","no battery","V"
"10/20/2017","13:16:17","5","default","957498349","OXY5","126.651","min","154.402","μmol/L","Humid","21.205","deg","90802","µV","36.006","°C","1018.000","hPa","37.0","pmil","0","55.500","deg","20.000","°C","100.000","%a.s.","22.500","deg","20.000","°C","1013.000","hPa","0.861","-0.02056","0.00035","-0.00011","0","14.7","Humid","26.25","0","52.00","342622.12","SABD0000000001","AAV1.0.0.11","2.0.0.28","PSt7-10","000000-000","10/20/2017 9:36:39 AM","0000-00","0","no battery","V"
"10/20/2017","13:16:18","5","default","957498349","OXY5","126.668","min","154.329","μmol/L","Humid","21.207","deg","90802","µV","36.013","°C","1018.000","hPa","37.0","pmil","0","55.500","deg","20.000","°C","100.000","%a.s.","22.500","deg","20.000","°C","1013.000","hPa","0.861","-0.02056","0.00035","-0.00011","0","14.7","Humid","26.25","0","52.00","342604.57","SABD0000000001","AAV1.0.0.11","2.0.0.28","PSt7-10","000000-000","10/20/2017 9:36:39 AM","0000-00","0","no battery","V"
"10/20/2017","13:16:19","5","default","957498349","OXY5","126.685","min","154.348","μmol/L","Humid","21.207","deg","90805","µV","36.010","°C","1018.000","hPa","37.0","pmil","0","55.500","deg","20.000","°C","100.000","%a.s.","22.500","deg","20.000","°C","1013.000","hPa","0.861","-0.02056","0.00035","-0.00011","0","14.7","Humid","26.25","0","52.00","342609.34","SABD0000000001","AAV1.0.0.11","2.0.0.28","PSt7-10","000000-000","10/20/2017 9:36:39 AM","0000-00","0","no battery","V"
"10/20/2017","13:16:20","5","default","957498349","OXY5","126.701","min","154.410","μmol/L","Humid","21.207","deg","90811","µV","36.000","°C","1018.000","hPa","37.0","pmil","0","55.500","deg","20.000","°C","100.000","%a.s.","22.500","deg","20.000","°C","1013.000","hPa","0.861","-0.02056","0.00035","-0.00011","0","14.7","Humid","26.25","0","52.00","342609.42","SABD0000000001","AAV1.0.0.11","2.0.0.28","PSt7-10","000000-000","10/20/2017 9:36:39 AM","0000-00","0","no battery","V"
"10/20/2017","13:16:21","5","default","957498349","OXY5","126.718","min","154.295","μmol/L","Humid","21.208","deg","90805","µV","36.017","°C","1018.000","hPa","37.0","pmil","0","55.500","deg","20.000","°C","100.000","%a.s.","22.500","deg","20.000","°C","1013.000","hPa","0.861","-0.02056","0.00035","-0.00011","0","14.7","Humid","26.25","0","52.00","342610.17","SABD0000000001","AAV1.0.0.11","2.0.0.28","PSt7-10","000000-000","10/20/2017 9:36:39 AM","0000-00","0","no battery","V"
"10/20/2017","13:16:22","5","default","957498349","OXY5","126.735","min","154.384","μmol/L","Humid","21.204","deg","90816","µV","36.011","°C","1018.000","hPa","37.0","pmil","0","55.500","deg","20.000","°C","100.000","%a.s.","22.500","deg","20.000","°C","1013.000","hPa","0.861","-0.02056","0.00035","-0.00011","0","14.7","Humid","26.25","0","52.00","342602.76","SABD0000000001","AAV1.0.0.11","2.0.0.28","PSt7-10","000000-000","10/20/2017 9:36:39 AM","0000-00","0","no battery","V"
"10/20/2017","13:16:23","5","default","957498349","OXY5","126.752","min","154.323","μmol/L","Humid","21.204","deg","90816","µV","36.021","°C","1018.000","hPa","37.0","pmil","0","55.500","deg","20.000","°C","100.000","%a.s.","22.500","deg","20.000","°C","1013.000","hPa","0.861","-0.02056","0.00035","-0.00011","0","14.7","Humid","26.25","0","52.00","342615.63","SABD0000000001","AAV1.0.0.11","2.0.0.28","PSt7-10","000000-000","10/20/2017 9:36:39 AM","0000-00","0","no battery","V"
"10/20/2017","13:16:24","5","default","957498349","OXY5","126.768","min","154.395","μmol/L","Humid","21.205","deg","90815","µV","36.007","°C","1018.000","hPa","37.0","pmil","0","55.500","deg","20.000","°C","100.000","%a.s.","22.500","deg","20.000","°C","1013.000","hPa","0.861","-0.02056","0.00035","-0.00011","0","14.7","Humid","26.25","0","52.00","342610.74","SABD0000000001","AAV1.0.0.11","2.0.0.28","PSt7-10","000000-000","10/20/2017 9:36:39 AM","0000-00","0","no battery","V"
"10/20/2017","13:16:25","5","default","957498349","OXY5","126.785","min","154.335","μmol/L","Humid","21.206","deg","90809","µV","36.015","°C","1018.000","hPa","37.0","pmil","0","55.500","deg","20.000","°C","100.000","%a.s.","22.500","deg","20.000","°C","1013.000","hPa","0.861","-0.02056","0.00035","-0.00011","0","14.7","Humid","26.25","0","52.00","342613.09","SABD0000000001","AAV1.0.0.11","2.0.0.28","PSt7-10","000000-000","10/20/2017 9:36:39 AM","0000-00","0","no battery","V"
"10/20/2017","13:16:26","5","default","957498349","OXY5","126.802","min","154.421","μmol/L","Humid","21.204","deg","90808","µV","36.005","°C","1018.000","hPa","37.0","pmil","0","55.500","deg","20.000","°C","100.000","%a.s.","22.500","deg","20.000","°C","1013.000","hPa","0.861","-0.02056","0.00035","-0.00011","0","14.7","Humid","26.25","0","52.00","342602.92","SABD0000000001","AAV1.0.0.11","2.0.0.28","PSt7-10","000000-000","10/20/2017 9:36:39 AM","0000-00","0","no battery","V"
"10/20/2017","13:16:27","5","default","957498349","OXY5","126.818","min","154.353","μmol/L","Humid","21.204","deg","90807","µV","36.016","°C","1018.000","hPa","37.0","pmil","0","55.500","deg","20.000","°C","100.000","%a.s.","22.500","deg","20.000","°C","1013.000","hPa","0.861","-0.02056","0.00035","-0.00011","0","14.7","Humid","26.25","0","52.00","342598.95","SABD0000000001","AAV1.0.0.11","2.0.0.28","PSt7-10","000000-000","10/20/2017 9:36:39 AM","0000-00","0","no battery","V"
"10/20/2017","13:16:28","5","default","957498349","OXY5","126.835","min","154.274","μmol/L","Humid","21.210","deg","90814","µV","36.016","°C","1018.000","hPa","37.0","pmil","0","55.500","deg","20.000","°C","100.000","%a.s.","22.500","deg","20.000","°C","1013.000","hPa","0.861","-0.02056","0.00035","-0.00011","0","14.7","Humid","26.25","0","52.00","342621.42","SABD0000000001","AAV1.0.0.11","2.0.0.28","PSt7-10","000000-000","10/20/2017 9:36:39 AM","0000-00","0","no battery","V"
"10/20/2017","13:16:29","5","default","957498349","OXY5","126.852","min","154.400","μmol/L","Humid","21.208","deg","90812","µV","35.999","°C","1018.000","hPa","37.0","pmil","0","55.500","deg","20.000","°C","100.000","%a.s.","22.500","deg","20.000","°C","1013.000","hPa","0.861","-0.02056","0.00035","-0.00011","0","14.7","Humid","26.25","0","52.00","342596.01","SABD0000000001","AAV1.0.0.11","2.0.0.28","PSt7-10","000000-000","10/20/2017 9:36:39 AM","0000-00","0","no battery","V"
"10/20/2017","13:16:30","5","default","957498349","OXY5","126.868","min","154.376","μmol/L","Humid","21.206","deg","90809","µV","36.008","°C","1018.000","hPa","37.0","pmil","0","55.500","deg","20.000","°C","100.000","%a.s.","22.500","deg","20.000","°C","1013.000","hPa","0.861","-0.02056","0.00035","-0.00011","0","14.7","Humid","26.25","0","52.00","342597.34","SABD0000000001","AAV1.0.0.11","2.0.0.28","PSt7-10","000000-000","10/20/2017 9:36:39 AM","0000-00","0","no battery","V"
"10/20/2017","13:16:31","5","default","957498349","OXY5","126.884","min","154.401","μmol/L","Humid","21.206","deg","90813","µV","36.003","°C","1018.000","hPa","37.0","pmil","0","55.500","deg","20.000","°C","100.000","%a.s.","22.500","deg","20.000","°C","1013.000","hPa","0.861","-0.02056","0.00035","-0.00011","0","14.7","Humid","26.25","0","52.00","342590.78","SABD0000000001","AAV1.0.0.11","2.0.0.28","PSt7-10","000000-000","10/20/2017 9:36:39 AM","0000-00","0","no battery","V"
"10/20/2017","13:16:32","5","default","957498349","OXY5","126.901","min","154.454","μmol/L","Humid","21.203","deg","90809","µV","36.001","°C","1018.000","hPa","37.0","pmil","0","55.500","deg","20.000","°C","100.000","%a.s.","22.500","deg","20.000","°C","1013.000","hPa","0.861","-0.02056","0.00035","-0.00011","0","14.7","Humid","26.25","0","52.00","342599.14","SABD0000000001","AAV1.0.0.11","2.0.0.28","PSt7-10","000000-000","10/20/2017 9:36:39 AM","0000-00","0","no battery","V"
"10/20/2017","13:16:33","5","default","957498349","OXY5","126.918","min","154.443","μmol/L","Humid","21.202","deg","90818","µV","36.006","°C","1018.000","hPa","37.0","pmil","0","55.500","deg","20.000","°C","100.000","%a.s.","22.500","deg","20.000","°C","1013.000","hPa","0.861","-0.02056","0.00035","-0.00011","0","14.7","Humid","26.25","0","52.00","342596.15","SABD0000000001","AAV1.0.0.11","2.0.0.28","PSt7-10","000000-000","10/20/2017 9:36:39 AM","0000-00","0","no battery","V"
"10/20/2017","13:16:34","5","default","957498349","OXY5","126.934","min","154.412","μmol/L","Humid","21.203","deg","90810","µV","36.009","°C","1018.000","hPa","37.0","pmil","0","55.500","deg","20.000","°C","100.000","%a.s.","22.500","deg","20.000","°C","1013.000","hPa","0.861","-0.02056","0.00035","-0.00011","0","14.7","Humid","26.25","0","52.00","342597.46","SABD0000000001","AAV1.0.0.11","2.0.0.28","PSt7-10","000000-000","10/20/2017 9:36:39 AM","0000-00","0","no battery","V"
"10/20/2017","13:16:35","5","default","957498349","OXY5","126.951","min","154.495","μmol/L","Humid","21.205","deg","90811","µV","35.990","°C","1018.000","hPa","37.0","pmil","0","55.500","deg","20.000","°C","100.000","%a.s.","22.500","deg","20.000","°C","1013.000","hPa","0.861","-0.02056","0.00035","-0.00011","0","14.7","Humid","26.25","0","52.00","342601.83","SABD0000000001","AAV1.0.0.11","2.0.0.28","PSt7-10","000000-000","10/20/2017 9:36:39 AM","0000-00","0","no battery","V"
"10/20/2017","13:16:36","5","default","957498349","OXY5","126.968","min","154.427","μmol/L","Humid","21.210","deg","90815","µV","35.990","°C","1018.000","hPa","37.0","pmil","0","55.500","deg","20.000","°C","100.000","%a.s.","22.500","deg","20.000","°C","1013.000","hPa","0.861","-0.02056","0.00035","-0.00011","0","14.7","Humid","26.25","0","52.00","342605.54","SABD0000000001","AAV1.0.0.11","2.0.0.28","PSt7-10","000000-000","10/20/2017 9:36:39 AM","0000-00","0","no battery","V"
"10/20/2017","13:16:37","5","default","957498349","OXY5","126.984","min","154.368","μmol/L","Humid","21.204","deg","90816","µV","36.014","°C","1018.000","hPa","37.0","pmil","0","55.500","deg","20.000","°C","100.000","%a.s.","22.500","deg","20.000","°C","1013.000","hPa","0.861","-0.02056","0.00035","-0.00011","0","14.7","Humid","26.25","0","52.00","342601.01","SABD0000000001","AAV1.0.0.11","2.0.0.28","PSt7-10","000000-000","10/20/2017 9:36:39 AM","0000-00","0","no battery","V"
"10/20/2017","13:16:38","5","default","957498349","OXY5","127.001","min","154.345","μmol/L","Humid","21.205","deg","90811","µV","36.015","°C","1018.000","hPa","37.0","pmil","0","55.500","deg","20.000","°C","100.000","%a.s.","22.500","deg","20.000","°C","1013.000","hPa","0.861","-0.02056","0.00035","-0.00011","0","14.7","Humid","26.25","0","52.00","342592.05","SABD0000000001","AAV1.0.0.11","2.0.0.28","PSt7-10","000000-000","10/20/2017 9:36:39 AM","0000-00","0","no battery","V"
"10/20/2017","13:16:39","5","default","957498349","OXY5","127.018","min","154.295","μmol/L","Humid","21.206","deg","90816","µV","36.022","°C","1018.000","hPa","37.0","pmil","0","55.500","deg","20.000","°C","100.000","%a.s.","22.500","deg","20.000","°C","1013.000","hPa","0.861","-0.02056","0.00035","-0.00011","0","14.7","Humid","26.25","0","52.00","342601.88","SABD0000000001","AAV1.0.0.11","2.0.0.28","PSt7-10","000000-000","10/20/2017 9:36:39 AM","0000-00","0","no battery","V"
"10/20/2017","13:16:40","5","default","957498349","OXY5","127.035","min","154.360","μmol/L","Humid","21.205","deg","90819","µV","36.013","°C","1018.000","hPa","37.0","pmil","0","55.500","deg","20.000","°C","100.000","%a.s.","22.500","deg","20.000","°C","1013.000","hPa","0.861","-0.02056","0.00035","-0.00011","0","14.7","Humid","26.25","0","52.00","342602.05","SABD0000000001","AAV1.0.0.11","2.0.0.28","PSt7-10","000000-000","10/20/2017 9:36:39 AM","0000-00","0","no battery","V"
"10/20/2017","13:16:41","5","default","957498349","OXY5","127.051","min","154.334","μmol/L","Humid","21.205","deg","90813","µV","36.017","°C","1018.000","hPa","37.0","pmil","0","55.500","deg","20.000","°C","100.000","%a.s.","22.500","deg","20.000","°C","1013.000","hPa","0.861","-0.02056","0.00035","-0.00011","0","14.7","Humid","26.25","0","52.00","342590.39","SABD0000000001","AAV1.0.0.11","2.0.0.28","PSt7-10","000000-000","10/20/2017 9:36:39 AM","0000-00","0","no battery","V"
"10/20/2017","13:16:42","5","default","957498349","OXY5","127.068","min","154.317","μmol/L","Humid","21.208","deg","90816","µV","36.013","°C","1018.000","hPa","37.0","pmil","0","55.500","deg","20.000","°C","100.000","%a.s.","22.500","deg","20.000","°C","1013.000","hPa","0.861","-0.02056","0.00035","-0.00011","0","14.7","Humid","26.25","0","52.00","342598.75","SABD0000000001","AAV1.0.0.11","2.0.0.28","PSt7-10","000000-000","10/20/2017 9:36:39 AM","0000-00","0","no battery","V"
"10/20/2017","13:16:43","5","default","957498349","OXY5","127.085","min","154.357","μmol/L","Humid","21.206","deg","90815","µV","36.011","°C","1018.000","hPa","37.0","pmil","0","55.500","deg","20.000","°C","100.000","%a.s.","22.500","deg","20.000","°C","1013.000","hPa","0.861","-0.02056","0.00035","-0.00011","0","14.7","Humid","26.25","0","52.00","342590.44","SABD0000000001","AAV1.0.0.11","2.0.0.28","PSt7-10","000000-000","10/20/2017 9:36:39 AM","0000-00","0","no battery","V"
"10/20/2017","13:16:44","5","default","957498349","OXY5","127.101","min","154.351","μmol/L","Humid","21.206","deg","90816","µV","36.012","°C","1018.000","hPa","37.0","pmil","0","55.500","deg","20.000","°C","100.000","%a.s.","22.500","deg","20.000","°C","1013.000","hPa","0.861","-0.02056","0.00035","-0.00011","0","14.7","Humid","26.25","0","52.00","342594.05","SABD0000000001","AAV1.0.0.11","2.0.0.28","PSt7-10","000000-000","10/20/2017 9:36:39 AM","0000-00","0","no battery","V"
"10/20/2017","13:16:45","5","default","957498349","OXY5","127.118","min","154.418","μmol/L","Humid","21.207","deg","90816","µV","35.998","°C","1018.000","hPa","37.0","pmil","0","55.500","deg","20.000","°C","100.000","%a.s.","22.500","deg","20.000","°C","1013.000","hPa","0.861","-0.02056","0.00035","-0.00011","0","14.7","Humid","26.25","0","52.00","342606.92","SABD0000000001","AAV1.0.0.11","2.0.0.28","PSt7-10","000000-000","10/20/2017 9:36:39 AM","0000-00","0","no battery","V"
"10/20/2017","13:16:46","5","default","957498349","OXY5","127.135","min","154.414","μmol/L","Humid","21.205","deg","90814","µV","36.004","°C","1018.000","hPa","37.0","pmil","0","55.500","deg","20.000","°C","100.000","%a.s.","22.500","deg","20.000","°C","1013.000","hPa","0.861","-0.02056","0.00035","-0.00011","0","14.7","Humid","26.25","0","52.00","342580.38","SABD0000000001","AAV1.0.0.11","2.0.0.28","PSt7-10","000000-000","10/20/2017 9:36:39 AM","0000-00","0","no battery","V"
"10/20/2017","13:16:47","5","default","957498349","OXY5","127.151","min","154.423","μmol/L","Humid","21.203","deg","90815","µV","36.007","°C","1018.000","hPa","37.0","pmil","0","55.500","deg","20.000","°C","100.000","%a.s.","22.500","deg","20.000","°C","1013.000","hPa","0.861","-0.02056","0.00035","-0.00011","0","14.7","Humid","26.25","0","52.00","342578.08","SABD0000000001","AAV1.0.0.11","2.0.0.28","PSt7-10","000000-000","10/20/2017 9:36:39 AM","0000-00","0","no battery","V"
"10/20/2017","13:16:48","5","default","957498349","OXY5","127.168","min","154.310","μmol/L","Humid","21.207","deg","90817","µV","36.017","°C","1018.000","hPa","37.0","pmil","0","55.500","deg","20.000","°C","100.000","%a.s.","22.500","deg","20.000","°C","1013.000","hPa","0.861","-0.02056","0.00035","-0.00011","0","14.7","Humid","26.25","0","52.00","342588.62","SABD0000000001","AAV1.0.0.11","2.0.0.28","PSt7-10","000000-000","10/20/2017 9:36:39 AM","0000-00","0","no battery","V"
"10/20/2017","13:16:49","5","default","957498349","OXY5","127.185","min","154.444","μmol/L","Humid","21.205","deg","90821","µV","35.998","°C","1018.000","hPa","37.0","pmil","0","55.500","deg","20.000","°C","100.000","%a.s.","22.500","deg","20.000","°C","1013.000","hPa","0.861","-0.02056","0.00035","-0.00011","0","14.7","Humid","26.25","0","52.00","342595.40","SABD0000000001","AAV1.0.0.11","2.0.0.28","PSt7-10","000000-000","10/20/2017 9:36:39 AM","0000-00","0","no battery","V"
"10/20/2017","13:16:50","5","default","957498349","OXY5","127.201","min","154.350","μmol/L","Humid","21.209","deg","90814","µV","36.005","°C","1018.000","hPa","37.0","pmil","0","55.500","deg","20.000","°C","100.000","%a.s.","22.500","deg","20.000","°C","1013.000","hPa","0.861","-0.02056","0.00035","-0.00011","0","14.7","Humid","26.25","0","52.00","342592.04","SABD0000000001","AAV1.0.0.11","2.0.0.28","PSt7-10","000000-000","10/20/2017 9:36:39 AM","0000-00","0","no battery","V"
"10/20/2017","13:16:51","5","default","957498349","OXY5","127.218","min","154.360","μmol/L","Humid","21.209","deg","90816","µV","36.003","°C","1018.000","hPa","37.0","pmil","0","55.500","deg","20.000","°C","100.000","%a.s.","22.500","deg","20.000","°C","1013.000","hPa","0.861","-0.02056","0.00035","-0.00011","0","14.7","Humid","26.25","0","52.00","342575.77","SABD0000000001","AAV1.0.0.11","2.0.0.28","PSt7-10","000000-000","10/20/2017 9:36:39 AM","0000-00","0","no battery","V"
"10/20/2017","13:16:52","5","default","957498349","OXY5","127.235","min","154.362","μmol/L","Humid","21.206","deg","90821","µV","36.010","°C","1018.000","hPa","37.0","pmil","0","55.500","deg","20.000","°C","100.000","%a.s.","22.500","deg","20.000","°C","1013.000","hPa","0.861","-0.02056","0.00035","-0.00011","0","14.7","Humid","26.25","0","52.00","342586.89","SABD0000000001","AAV1.0.0.11","2.0.0.28","PSt7-10","000000-000","10/20/2017 9:36:39 AM","0000-00","0","no battery","V"
"10/20/2017","13:16:53","5","default","957498349","OXY5","127.251","min","154.352","μmol/L","Humid","21.206","deg","90820","µV","36.012","°C","1018.000","hPa","37.0","pmil","0","55.500","deg","20.000","°C","100.000","%a.s.","22.500","deg","20.000","°C","1013.000","hPa","0.861","-0.02056","0.00035","-0.00011","0","14.7","Humid","26.25","0","52.00","342579.35","SABD0000000001","AAV1.0.0.11","2.0.0.28","PSt7-10","000000-000","10/20/2017 9:36:39 AM","0000-00","0","no battery","V"
"10/20/2017","13:16:54","5","default","957498349","OXY5","127.268","min","154.412","μmol/L","Humid","21.209","deg","90816","µV","35.994","°C","1018.000","hPa","37.0","pmil","0","55.500","deg","20.000","°C","100.000","%a.s.","22.500","deg","20.000","°C","1013.000","hPa","0.861","-0.02056","0.00035","-0.00011","0","14.7","Humid","26.25","0","52.00","342589.11","SABD0000000001","AAV1.0.0.11","2.0.0.28","PSt7-10","000000-000","10/20/2017 9:36:39 AM","0000-00","0","no battery","V"
"10/20/2017","13:16:55","5","default","957498349","OXY5","127.285","min","154.377","μmol/L","Humid","21.207","deg","90812","µV","36.005","°C","1018.000","hPa","37.0","pmil","0","55.500","deg","20.000","°C","100.000","%a.s.","22.500","deg","20.000","°C","1013.000","hPa","0.861","-0.02056","0.00035","-0.00011","0","14.7","Humid","26.25","0","52.00","342585.23","SABD0000000001","AAV1.0.0.11","2.0.0.28","PSt7-10","000000-000","10/20/2017 9:36:39 AM","0000-00","0","no battery","V"
"10/20/2017","13:16:56","5","default","957498349","OXY5","127.306","min","154.347","μmol/L","Humid","21.206","deg","90822","µV","36.013","°C","1018.000","hPa","37.0","pmil","0","55.500","deg","20.000","°C","100.000","%a.s.","22.500","deg","20.000","°C","1013.000","hPa","0.861","-0.02056","0.00035","-0.00011","0","14.7","Humid","26.25","0","52.00","342606.85","SABD0000000001","AAV1.0.0.11","2.0.0.28","PSt7-10","000000-000","10/20/2017 9:36:39 AM","0000-00","0","no battery","V"
"10/20/2017","13:16:57","5","default","957498349","OXY5","127.318","min","154.310","μmol/L","Humid","21.206","deg","90817","µV","36.019","°C","1018.000","hPa","37.0","pmil","0","55.500","deg","20.000","°C","100.000","%a.s.","22.500","deg","20.000","°C","1013.000","hPa","0.861","-0.02056","0.00035","-0.00011","0","14.7","Humid","26.25","0","52.00","342577.30","SABD0000000001","AAV1.0.0.11","2.0.0.28","PSt7-10","000000-000","10/20/2017 9:36:39 AM","0000-00","0","no battery","V"
"10/20/2017","13:16:58","5","default","957498349","OXY5","127.335","min","154.422","μmol/L","Humid","21.200","deg","90818","µV","36.014","°C","1018.000","hPa","37.0","pmil","0","55.500","deg","20.000","°C","100.000","%a.s.","22.500","deg","20.000","°C","1013.000","hPa","0.861","-0.02056","0.00035","-0.00011","0","14.7","Humid","26.25","0","52.00","342577.42","SABD0000000001","AAV1.0.0.11","2.0.0.28","PSt7-10","000000-000","10/20/2017 9:36:39 AM","0000-00","0","no battery","V"
"10/20/2017","13:16:59","5","default","957498349","OXY5","127.352","min","154.370","μmol/L","Humid","21.205","deg","90818","µV","36.011","°C","1018.000","hPa","37.0","pmil","0","55.500","deg","20.000","°C","100.000","%a.s.","22.500","deg","20.000","°C","1013.000","hPa","0.861","-0.02056","0.00035","-0.00011","0","14.7","Humid","26.25","0","52.00","342584.04","SABD0000000001","AAV1.0.0.11","2.0.0.28","PSt7-10","000000-000","10/20/2017 9:36:39 AM","0000-00","0","no battery","V"
"10/20/2017","13:17:00","5","default","957498349","OXY5","127.368","min","154.414","μmol/L","Humid","21.204","deg","90819","µV","36.006","°C","1018.000","hPa","37.0","pmil","0","55.500","deg","20.000","°C","100.000","%a.s.","22.500","deg","20.000","°C","1013.000","hPa","0.861","-0.02056","0.00035","-0.00011","0","14.7","Humid","26.25","0","52.00","342587.41","SABD0000000001","AAV1.0.0.11","2.0.0.28","PSt7-10","000000-000","10/20/2017 9:36:39 AM","0000-00","0","no battery","V"
"10/20/2017","13:17:01","5","default","957498349","OXY5","127.385","min","154.386","μmol/L","Humid","21.207","deg","90819","µV","36.004","°C","1018.000","hPa","37.0","pmil","0","55.500","deg","20.000","°C","100.000","%a.s.","22.500","deg","20.000","°C","1013.000","hPa","0.861","-0.02056","0.00035","-0.00011","0","14.7","Humid","26.25","0","52.00","342585.18","SABD0000000001","AAV1.0.0.11","2.0.0.28","PSt7-10","000000-000","10/20/2017 9:36:39 AM","0000-00","0","no battery","V"
"10/20/2017","13:17:02","5","default","957498349","OXY5","127.401","min","154.344","μmol/L","Humid","21.205","deg","90823","µV","36.016","°C","1018.000","hPa","37.0","pmil","0","55.500","deg","20.000","°C","100.000","%a.s.","22.500","deg","20.000","°C","1013.000","hPa","0.861","-0.02056","0.00035","-0.00011","0","14.7","Humid","26.25","0","52.00","342575.60","SABD0000000001","AAV1.0.0.11","2.0.0.28","PSt7-10","000000-000","10/20/2017 9:36:39 AM","0000-00","0","no battery","V"
"10/20/2017","13:17:03","5","default","957498349","OXY5","127.418","min","154.355","μmol/L","Humid","21.206","deg","90827","µV","36.011","°C","1018.000","hPa","37.0","pmil","0","55.500","deg","20.000","°C","100.000","%a.s.","22.500","deg","20.000","°C","1013.000","hPa","0.861","-0.02056","0.00035","-0.00011","0","14.7","Humid","26.25","0","52.00","342586.63","SABD0000000001","AAV1.0.0.11","2.0.0.28","PSt7-10","000000-000","10/20/2017 9:36:39 AM","0000-00","0","no battery","V"
"10/20/2017","13:17:04","5","default","957498349","OXY5","127.435","min","154.420","μmol/L","Humid","21.204","deg","90823","µV","36.005","°C","1018.000","hPa","37.0","pmil","0","55.500","deg","20.000","°C","100.000","%a.s.","22.500","deg","20.000","°C","1013.000","hPa","0.861","-0.02056","0.00035","-0.00011","0","14.7","Humid","26.25","0","52.00","342580.87","SABD0000000001","AAV1.0.0.11","2.0.0.28","PSt7-10","000000-000","10/20/2017 9:36:39 AM","0000-00","0","no battery","V"
"10/20/2017","13:17:05","5","default","957498349","OXY5","127.452","min","154.266","μmol/L","Humid","21.208","deg","90818","µV","36.022","°C","1018.000","hPa","37.0","pmil","0","55.500","deg","20.000","°C","100.000","%a.s.","22.500","deg","20.000","°C","1013.000","hPa","0.861","-0.02056","0.00035","-0.00011","0","14.7","Humid","26.25","0","52.00","342579.68","SABD0000000001","AAV1.0.0.11","2.0.0.28","PSt7-10","000000-000","10/20/2017 9:36:39 AM","0000-00","0","no battery","V"
"10/20/2017","13:17:06","5","default","957498349","OXY5","127.468","min","154.311","μmol/L","Humid","21.211","deg","90815","µV","36.007","°C","1018.000","hPa","37.0","pmil","0","55.500","deg","20.000","°C","100.000","%a.s.","22.500","deg","20.000","°C","1013.000","hPa","0.861","-0.02056","0.00035","-0.00011","0","14.7","Humid","26.25","0","52.00","342574.12","SABD0000000001","AAV1.0.0.11","2.0.0.28","PSt7-10","000000-000","10/20/2017 9:36:39 AM","0000-00","0","no battery","V"
"10/20/2017","13:17:07","5","default","957498349","OXY5","127.485","min","154.371","μmol/L","Humid","21.208","deg","90822","µV","36.004","°C","1018.000","hPa","37.0","pmil","0","55.500","deg","20.000","°C","100.000","%a.s.","22.500","deg","20.000","°C","1013.000","hPa","0.861","-0.02056","0.00035","-0.00011","0","14.7","Humid","26.25","0","52.00","342597.37","SABD0000000001","AAV1.0.0.11","2.0.0.28","PSt7-10","000000-000","10/20/2017 9:36:39 AM","0000-00","0","no battery","V"
"10/20/2017","13:17:08","5","default","957498349","OXY5","127.502","min","154.340","μmol/L","Humid","21.208","deg","90825","µV","36.009","°C","1018.000","hPa","37.0","pmil","0","55.500","deg","20.000","°C","100.000","%a.s.","22.500","deg","20.000","°C","1013.000","hPa","0.861","-0.02056","0.00035","-0.00011","0","14.7","Humid","26.25","0","52.00","342582.00","SABD0000000001","AAV1.0.0.11","2.0.0.28","PSt7-10","000000-000","10/20/2017 9:36:39 AM","0000-00","0","no battery","V"
"10/20/2017","13:17:09","5","default","957498349","OXY5","127.518","min","154.410","μmol/L","Humid","21.204","deg","90818","µV","36.007","°C","1018.000","hPa","37.0","pmil","0","55.500","deg","20.000","°C","100.000","%a.s.","22.500","deg","20.000","°C","1013.000","hPa","0.861","-0.02056","0.00035","-0.00011","0","14.7","Humid","26.25","0","52.00","342574.87","SABD0000000001","AAV1.0.0.11","2.0.0.28","PSt7-10","000000-000","10/20/2017 9:36:39 AM","0000-00","0","no battery","V"
"10/20/2017","13:17:10","5","default","957498349","OXY5","127.535","min","154.332","μmol/L","Humid","21.209","deg","90823","µV","36.008","°C","1018.000","hPa","37.0","pmil","0","55.500","deg","20.000","°C","100.000","%a.s.","22.500","deg","20.000","°C","1013.000","hPa","0.861","-0.02056","0.00035","-0.00011","0","14.7","Humid","26.25","0","52.00","342568.12","SABD0000000001","AAV1.0.0.11","2.0.0.28","PSt7-10","000000-000","10/20/2017 9:36:39 AM","0000-00","0","no battery","V"
"10/20/2017","13:17:11","5","default","957498349","OXY5","127.552","min","154.361","μmol/L","Humid","21.204","deg","90818","µV","36.015","°C","1018.000","hPa","37.0","pmil","0","55.500","deg","20.000","°C","100.000","%a.s.","22.500","deg","20.000","°C","1013.000","hPa","0.861","-0.02056","0.00035","-0.00011","0","14.7","Humid","26.25","0","52.00","342575.98","SABD0000000001","AAV1.0.0.11","2.0.0.28","PSt7-10","000000-000","10/20/2017 9:36:39 AM","0000-00","0","no battery","V"
"10/20/2017","13:17:12","5","default","957498349","OXY5","127.568","min","154.404","μmol/L","Humid","21.207","deg","90824","µV","36.001","°C","1018.000","hPa","37.0","pmil","0","55.500","deg","20.000","°C","100.000","%a.s.","22.500","deg","20.000","°C","1013.000","hPa","0.861","-0.02056","0.00035","-0.00011","0","14.7","Humid","26.25","0","52.00","342579.61","SABD0000000001","AAV1.0.0.11","2.0.0.28","PSt7-10","000000-000","10/20/2017 9:36:39 AM","0000-00","0","no battery","V"
"10/20/2017","13:17:13","5","default","957498349","OXY5","127.585","min","154.392","μmol/L","Humid","21.209","deg","90828","µV","35.998","°C","1018.000","hPa","37.0","pmil","0","55.500","deg","20.000","°C","100.000","%a.s.","22.500","deg","20.000","°C","1013.000","hPa","0.861","-0.02056","0.00035","-0.00011","0","14.7","Humid","26.25","0","52.00","342579.10","SABD0000000001","AAV1.0.0.11","2.0.0.28","PSt7-10","000000-000","10/20/2017 9:36:39 AM","0000-00","0","no battery","V"
"10/20/2017","13:17:14","5","default","957498349","OXY5","127.602","min","154.320","μmol/L","Humid","21.208","deg","90826","µV","36.013","°C","1018.000","hPa","37.0","pmil","0","55.500","deg","20.000","°C","100.000","%a.s.","22.500","deg","20.000","°C","1013.000","hPa","0.861","-0.02056","0.00035","-0.00011","0","14.7","Humid","26.25","0","52.00","342579.79","SABD0000000001","AAV1.0.0.11","2.0.0.28","PSt7-10","000000-000","10/20/2017 9:36:39 AM","0000-00","0","no battery","V"
"10/20/2017","13:17:15","5","default","957498349","OXY5","127.618","min","154.297","μmol/L","Humid","21.208","deg","90820","µV","36.016","°C","1018.000","hPa","37.0","pmil","0","55.500","deg","20.000","°C","100.000","%a.s.","22.500","deg","20.000","°C","1013.000","hPa","0.861","-0.02056","0.00035","-0.00011","0","14.7","Humid","26.25","0","52.00","342581.57","SABD0000000001","AAV1.0.0.11","2.0.0.28","PSt7-10","000000-000","10/20/2017 9:36:39 AM","0000-00","0","no battery","V"
"10/20/2017","13:17:16","5","default","957498349","OXY5","127.635","min","154.327","μmol/L","Humid","21.208","deg","90825","µV","36.011","°C","1018.000","hPa","37.0","pmil","0","55.500","deg","20.000","°C","100.000","%a.s.","22.500","deg","20.000","°C","1013.000","hPa","0.861","-0.02056","0.00035","-0.00011","0","14.7","Humid","26.25","0","52.00","342566.76","SABD0000000001","AAV1.0.0.11","2.0.0.28","PSt7-10","000000-000","10/20/2017 9:36:39 AM","0000-00","0","no battery","V"
"10/20/2017","13:17:17","5","default","957498349","OXY5","127.652","min","154.283","μmol/L","Humid","21.207","deg","90820","µV","36.021","°C","1018.000","hPa","37.0","pmil","0","55.500","deg","20.000","°C","100.000","%a.s.","22.500","deg","20.000","°C","1013.000","hPa","0.861","-0.02056","0.00035","-0.00011","0","14.7","Humid","26.25","0","52.00","342569.39","SABD0000000001","AAV1.0.0.11","2.0.0.28","PSt7-10","000000-000","10/20/2017 9:36:39 AM","0000-00","0","no battery","V"
"10/20/2017","13:17:18","5","default","957498349","OXY5","127.668","min","154.323","μmol/L","Humid","21.209","deg","90831","µV","36.010","°C","1018.000","hPa","37.0","pmil","0","55.500","deg","20.000","°C","100.000","%a.s.","22.500","deg","20.000","°C","1013.000","hPa","0.861","-0.02056","0.00035","-0.00011","0","14.7","Humid","26.25","0","52.00","342579.73","SABD0000000001","AAV1.0.0.11","2.0.0.28","PSt7-10","000000-000","10/20/2017 9:36:39 AM","0000-00","0","no battery","V"
"10/20/2017","13:17:19","5","default","957498349","OXY5","127.685","min","154.266","μmol/L","Humid","21.209","deg","90831","µV","36.019","°C","1018.000","hPa","37.0","pmil","0","55.500","deg","20.000","°C","100.000","%a.s.","22.500","deg","20.000","°C","1013.000","hPa","0.861","-0.02056","0.00035","-0.00011","0","14.7","Humid","26.25","0","52.00","342578.59","SABD0000000001","AAV1.0.0.11","2.0.0.28","PSt7-10","000000-000","10/20/2017 9:36:39 AM","0000-00","0","no battery","V"
"10/20/2017","13:17:20","5","default","957498349","OXY5","127.701","min","154.346","μmol/L","Humid","21.203","deg","90830","µV","36.020","°C","1018.000","hPa","37.0","pmil","0","55.500","deg","20.000","°C","100.000","%a.s.","22.500","deg","20.000","°C","1013.000","hPa","0.861","-0.02056","0.00035","-0.00011","0","14.7","Humid","26.25","0","52.00","342577.01","SABD0000000001","AAV1.0.0.11","2.0.0.28","PSt7-10","000000-000","10/20/2017 9:36:39 AM","0000-00","0","no battery","V"
"10/20/2017","13:17:21","5","default","957498349","OXY5","127.718","min","154.242","μmol/L","Humid","21.211","deg","90832","µV","36.019","°C","1018.000","hPa","37.0","pmil","0","55.500","deg","20.000","°C","100.000","%a.s.","22.500","deg","20.000","°C","1013.000","hPa","0.861","-0.02056","0.00035","-0.00011","0","14.7","Humid","26.25","0","52.00","342574.85","SABD0000000001","AAV1.0.0.11","2.0.0.28","PSt7-10","000000-000","10/20/2017 9:36:39 AM","0000-00","0","no battery","V"
"10/20/2017","13:17:22","5","default","957498349","OXY5","127.734","min","154.297","μmol/L","Humid","21.210","deg","90829","µV","36.012","°C","1018.000","hPa","37.0","pmil","0","55.500","deg","20.000","°C","100.000","%a.s.","22.500","deg","20.000","°C","1013.000","hPa","0.861","-0.02056","0.00035","-0.00011","0","14.7","Humid","26.25","0","52.00","342586.69","SABD0000000001","AAV1.0.0.11","2.0.0.28","PSt7-10","000000-000","10/20/2017 9:36:39 AM","0000-00","0","no battery","V"
"10/20/2017","13:17:23","5","default","957498349","OXY5","127.751","min","154.328","μmol/L","Humid","21.203","deg","90834","µV","36.023","°C","1018.000","hPa","37.0","pmil","0","55.500","deg","20.000","°C","100.000","%a.s.","22.500","deg","20.000","°C","1013.000","hPa","0.861","-0.02056","0.00035","-0.00011","0","14.7","Humid","26.25","0","52.00","342564.59","SABD0000000001","AAV1.0.0.11","2.0.0.28","PSt7-10","000000-000","10/20/2017 9:36:39 AM","0000-00","0","no battery","V"
"10/20/2017","13:17:24","5","default","957498349","OXY5","127.768","min","154.375","μmol/L","Humid","21.204","deg","90831","µV","36.013","°C","1018.000","hPa","37.0","pmil","0","55.500","deg","20.000","°C","100.000","%a.s.","22.500","deg","20.000","°C","1013.000","hPa","0.861","-0.02056","0.00035","-0.00011","0","14.7","Humid","26.25","0","52.00","342577.07","SABD0000000001","AAV1.0.0.11","2.0.0.28","PSt7-10","000000-000","10/20/2017 9:36:39 AM","0000-00","0","no battery","V"
"10/20/2017","13:17:25","5","default","957498349","OXY5","127.785","min","154.252","μmol/L","Humid","21.210","deg","90828","µV","36.019","°C","1018.000","hPa","37.0","pmil","0","55.500","deg","20.000","°C","100.000","%a.s.","22.500","deg","20.000","°C","1013.000","hPa","0.861","-0.02056","0.00035","-0.00011","0","14.7","Humid","26.25","0","52.00","342569.97","SABD0000000001","AAV1.0.0.11","2.0.0.28","PSt7-10","000000-000","10/20/2017 9:36:39 AM","0000-00","0","no battery","V"
"10/20/2017","13:17:26","5","default","957498349","OXY5","127.801","min","154.274","μmol/L","Humid","21.209","deg","90837","µV","36.018","°C","1018.000","hPa","37.0","pmil","0","55.500","deg","20.000","°C","100.000","%a.s.","22.500","deg","20.000","°C","1013.000","hPa","0.861","-0.02056","0.00035","-0.00011","0","14.7","Humid","26.25","0","52.00","342578.09","SABD0000000001","AAV1.0.0.11","2.0.0.28","PSt7-10","000000-000","10/20/2017 9:36:39 AM","0000-00","0","no battery","V"
"10/20/2017","13:17:27","5","default","957498349","OXY5","127.818","min","154.341","μmol/L","Humid","21.209","deg","90824","µV","36.007","°C","1018.000","hPa","37.0","pmil","0","55.500","deg","20.000","°C","100.000","%a.s.","22.500","deg","20.000","°C","1013.000","hPa","0.861","-0.02056","0.00035","-0.00011","0","14.7","Humid","26.25","0","52.00","342572.27","SABD0000000001","AAV1.0.0.11","2.0.0.28","PSt7-10","000000-000","10/20/2017 9:36:39 AM","0000-00","0","no battery","V"
"10/20/2017","13:17:28","5","default","957498349","OXY5","127.835","min","154.312","μmol/L","Humid","21.210","deg","90828","µV","36.009","°C","1018.000","hPa","37.0","pmil","0","55.500","deg","20.000","°C","100.000","%a.s.","22.500","deg","20.000","°C","1013.000","hPa","0.861","-0.02056","0.00035","-0.00011","0","14.7","Humid","26.25","0","52.00","342564.33","SABD0000000001","AAV1.0.0.11","2.0.0.28","PSt7-10","000000-000","10/20/2017 9:36:39 AM","0000-00","0","no battery","V"
"10/20/2017","13:17:29","5","default","957498349","OXY5","127.851","min","154.327","μmol/L","Humid","21.208","deg","90842","µV","36.011","°C","1018.000","hPa","37.0","pmil","0","55.500","deg","20.000","°C","100.000","%a.s.","22.500","deg","20.000","°C","1013.000","hPa","0.861","-0.02056","0.00035","-0.00011","0","14.7","Humid","26.25","0","52.00","342579.68","SABD0000000001","AAV1.0.0.11","2.0.0.28","PSt7-10","000000-000","10/20/2017 9:36:39 AM","0000-00","0","no battery","V"
"10/20/2017","13:17:30","5","default","957498349","OXY5","127.868","min","154.408","μmol/L","Humid","21.206","deg","90834","µV","36.002","°C","1018.000","hPa","37.0","pmil","0","55.500","deg","20.000","°C","100.000","%a.s.","22.500","deg","20.000","°C","1013.000","hPa","0.861","-0.02056","0.00035","-0.00011","0","14.7","Humid","26.25","0","52.00","342574.48","SABD0000000001","AAV1.0.0.11","2.0.0.28","PSt7-10","000000-000","10/20/2017 9:36:39 AM","0000-00","0","no battery","V"
"10/20/2017","13:17:31","5","default","957498349","OXY5","127.885","min","154.420","μmol/L","Humid","21.207","deg","90839","µV","35.998","°C","1018.000","hPa","37.0","pmil","0","55.500","deg","20.000","°C","100.000","%a.s.","22.500","deg","20.000","°C","1013.000","hPa","0.861","-0.02056","0.00035","-0.00011","0","14.7","Humid","26.25","0","52.00","342576.05","SABD0000000001","AAV1.0.0.11","2.0.0.28","PSt7-10","000000-000","10/20/2017 9:36:39 AM","0000-00","0","no battery","V"
"10/20/2017","13:17:32","5","default","957498349","OXY5","127.901","min","154.426","μmol/L","Humid","21.209","deg","90831","µV","35.992","°C","1018.000","hPa","37.0","pmil","0","55.500","deg","20.000","°C","100.000","%a.s.","22.500","deg","20.000","°C","1013.000","hPa","0.861","-0.02056","0.00035","-0.00011","0","14.7","Humid","26.25","0","52.00","342566.76","SABD0000000001","AAV1.0.0.11","2.0.0.28","PSt7-10","000000-000","10/20/2017 9:36:39 AM","0000-00","0","no battery","V"
"10/20/2017","13:17:33","5","default","957498349","OXY5","127.918","min","154.257","μmol/L","Humid","21.210","deg","90839","µV","36.018","°C","1018.000","hPa","37.0","pmil","0","55.500","deg","20.000","°C","100.000","%a.s.","22.500","deg","20.000","°C","1013.000","hPa","0.861","-0.02056","0.00035","-0.00011","0","14.7","Humid","26.25","0","52.00","342581.92","SABD0000000001","AAV1.0.0.11","2.0.0.28","PSt7-10","000000-000","10/20/2017 9:36:39 AM","0000-00","0","no battery","V"
"10/20/2017","13:17:34","5","default","957498349","OXY5","127.935","min","154.290","μmol/L","Humid","21.210","deg","90834","µV","36.013","°C","1018.000","hPa","37.0","pmil","0","55.500","deg","20.000","°C","100.000","%a.s.","22.500","deg","20.000","°C","1013.000","hPa","0.861","-0.02056","0.00035","-0.00011","0","14.7","Humid","26.25","0","52.00","342561.21","SABD0000000001","AAV1.0.0.11","2.0.0.28","PSt7-10","000000-000","10/20/2017 9:36:39 AM","0000-00","0","no battery","V"
"10/20/2017","13:17:35","5","default","957498349","OXY5","127.951","min","154.262","μmol/L","Humid","21.206","deg","90824","µV","36.027","°C","1018.000","hPa","37.0","pmil","0","55.500","deg","20.000","°C","100.000","%a.s.","22.500","deg","20.000","°C","1013.000","hPa","0.861","-0.02056","0.00035","-0.00011","0","14.7","Humid","26.25","0","52.00","342566.12","SABD0000000001","AAV1.0.0.11","2.0.0.28","PSt7-10","000000-000","10/20/2017 9:36:39 AM","0000-00","0","no battery","V"
"10/20/2017","13:17:36","5","default","957498349","OXY5","127.968","min","154.229","μmol/L","Humid","21.212","deg","90834","µV","36.019","°C","1018.000","hPa","37.0","pmil","0","55.500","deg","20.000","°C","100.000","%a.s.","22.500","deg","20.000","°C","1013.000","hPa","0.861","-0.02056","0.00035","-0.00011","0","14.7","Humid","26.25","0","52.00","342566.74","SABD0000000001","AAV1.0.0.11","2.0.0.28","PSt7-10","000000-000","10/20/2017 9:36:39 AM","0000-00","0","no battery","V"
"10/20/2017","13:17:37","5","default","957498349","OXY5","127.985","min","154.216","μmol/L","Humid","21.212","deg","90833","µV","36.021","°C","1018.000","hPa","37.0","pmil","0","55.500","deg","20.000","°C","100.000","%a.s.","22.500","deg","20.000","°C","1013.000","hPa","0.861","-0.02056","0.00035","-0.00011","0","14.7","Humid","26.25","0","52.00","342578.38","SABD0000000001","AAV1.0.0.11","2.0.0.28","PSt7-10","000000-000","10/20/2017 9:36:39 AM","0000-00","0","no battery","V"
"10/20/2017","13:17:38","5","default","957498349","OXY5","128.001","min","154.377","μmol/L","Humid","21.209","deg","90830","µV","36.001","°C","1018.000","hPa","37.0","pmil","0","55.500","deg","20.000","°C","100.000","%a.s.","22.500","deg","20.000","°C","1013.000","hPa","0.861","-0.02056","0.00035","-0.00011","0","14.7","Humid","26.25","0","52.00","342553.67","SABD0000000001","AAV1.0.0.11","2.0.0.28","PSt7-10","000000-000","10/20/2017 9:36:39 AM","0000-00","0","no battery","V"
"10/20/2017","13:17:39","5","default","957498349","OXY5","128.018","min","154.277","μmol/L","Humid","21.209","deg","90839","µV","36.018","°C","1018.000","hPa","37.0","pmil","0","55.500","deg","20.000","°C","100.000","%a.s.","22.500","deg","20.000","°C","1013.000","hPa","0.861","-0.02056","0.00035","-0.00011","0","14.7","Humid","26.25","0","52.00","342567.81","SABD0000000001","AAV1.0.0.11","2.0.0.28","PSt7-10","000000-000","10/20/2017 9:36:39 AM","0000-00","0","no battery","V"
"10/20/2017","13:17:40","5","default","957498349","OXY5","128.035","min","154.336","μmol/L","Humid","21.206","deg","90831","µV","36.014","°C","1018.000","hPa","37.0","pmil","0","55.500","deg","20.000","°C","100.000","%a.s.","22.500","deg","20.000","°C","1013.000","hPa","0.861","-0.02056","0.00035","-0.00011","0","14.7","Humid","26.25","0","52.00","342572.16","SABD0000000001","AAV1.0.0.11","2.0.0.28","PSt7-10","000000-000","10/20/2017 9:36:39 AM","0000-00","0","no battery","V"
"10/20/2017","13:17:41","5","default","957498349","OXY5","128.051","min","154.348","μmol/L","Humid","21.207","deg","90834","µV","36.010","°C","1018.000","hPa","37.0","pmil","0","55.500","deg","20.000","°C","100.000","%a.s.","22.500","deg","20.000","°C","1013.000","hPa","0.861","-0.02056","0.00035","-0.00011","0","14.7","Humid","26.25","0","52.00","342569.18","SABD0000000001","AAV1.0.0.11","2.0.0.28","PSt7-10","000000-000","10/20/2017 9:36:39 AM","0000-00","0","no battery","V"
"10/20/2017","13:17:42","5","default","957498349","OXY5","128.068","min","154.263","μmol/L","Humid","21.210","deg","90827","µV","36.018","°C","1018.000","hPa","37.0","pmil","0","55.500","deg","20.000","°C","100.000","%a.s.","22.500","deg","20.000","°C","1013.000","hPa","0.861","-0.02056","0.00035","-0.00011","0","14.7","Humid","26.25","0","52.00","342553.28","SABD0000000001","AAV1.0.0.11","2.0.0.28","PSt7-10","000000-000","10/20/2017 9:36:39 AM","0000-00","0","no battery","V"
"10/20/2017","13:17:43","5","default","957498349","OXY5","128.085","min","154.255","μmol/L","Humid","21.208","deg","90832","µV","36.024","°C","1018.000","hPa","37.0","pmil","0","55.500","deg","20.000","°C","100.000","%a.s.","22.500","deg","20.000","°C","1013.000","hPa","0.861","-0.02056","0.00035","-0.00011","0","14.7","Humid","26.25","0","52.00","342555.22","SABD0000000001","AAV1.0.0.11","2.0.0.28","PSt7-10","000000-000","10/20/2017 9:36:39 AM","0000-00","0","no battery","V"
"10/20/2017","13:17:44","5","default","957498349","OXY5","128.101","min","154.307","μmol/L","Humid","21.207","deg","90833","µV","36.017","°C","1018.000","hPa","37.0","pmil","0","55.500","deg","20.000","°C","100.000","%a.s.","22.500","deg","20.000","°C","1013.000","hPa","0.861","-0.02056","0.00035","-0.00011","0","14.7","Humid","26.25","0","52.00","342558.00","SABD0000000001","AAV1.0.0.11","2.0.0.28","PSt7-10","000000-000","10/20/2017 9:36:39 AM","0000-00","0","no battery","V"
"10/20/2017","13:17:45","5","default","957498349","OXY5","128.118","min","154.356","μmol/L","Humid","21.209","deg","90834","µV","36.004","°C","1018.000","hPa","37.0","pmil","0","55.500","deg","20.000","°C","100.000","%a.s.","22.500","deg","20.000","°C","1013.000","hPa","0.861","-0.02056","0.00035","-0.00011","0","14.7","Humid","26.25","0","52.00","342566.57","SABD0000000001","AAV1.0.0.11","2.0.0.28","PSt7-10","000000-000","10/20/2017 9:36:39 AM","0000-00","0","no battery","V"
"10/20/2017","13:17:46","5","default","957498349","OXY5","128.135","min","154.369","μmol/L","Humid","21.205","deg","90832","µV","36.011","°C","1018.000","hPa","37.0","pmil","0","55.500","deg","20.000","°C","100.000","%a.s.","22.500","deg","20.000","°C","1013.000","hPa","0.861","-0.02056","0.00035","-0.00011","0","14.7","Humid","26.25","0","52.00","342564.45","SABD0000000001","AAV1.0.0.11","2.0.0.28","PSt7-10","000000-000","10/20/2017 9:36:39 AM","0000-00","0","no battery","V"
"10/20/2017","13:17:47","5","default","957498349","OXY5","128.151","min","154.292","μmol/L","Humid","21.212","deg","90842","µV","36.008","°C","1018.000","hPa","37.0","pmil","0","55.500","deg","20.000","°C","100.000","%a.s.","22.500","deg","20.000","°C","1013.000","hPa","0.861","-0.02056","0.00035","-0.00011","0","14.7","Humid","26.25","0","52.00","342554.72","SABD0000000001","AAV1.0.0.11","2.0.0.28","PSt7-10","000000-000","10/20/2017 9:36:39 AM","0000-00","0","no battery","V"
"10/20/2017","13:17:48","5","default","957498349","OXY5","128.168","min","154.300","μmol/L","Humid","21.210","deg","90830","µV","36.011","°C","1018.000","hPa","37.0","pmil","0","55.500","deg","20.000","°C","100.000","%a.s.","22.500","deg","20.000","°C","1013.000","hPa","0.861","-0.02056","0.00035","-0.00011","0","14.7","Humid","26.25","0","52.00","342561.42","SABD0000000001","AAV1.0.0.11","2.0.0.28","PSt7-10","000000-000","10/20/2017 9:36:39 AM","0000-00","0","no battery","V"
"10/20/2017","13:17:49","5","default","957498349","OXY5","128.185","min","154.430","μmol/L","Humid","21.206","deg","90837","µV","35.999","°C","1018.000","hPa","37.0","pmil","0","55.500","deg","20.000","°C","100.000","%a.s.","22.500","deg","20.000","°C","1013.000","hPa","0.861","-0.02056","0.00035","-0.00011","0","14.7","Humid","26.25","0","52.00","342556.77","SABD0000000001","AAV1.0.0.11","2.0.0.28","PSt7-10","000000-000","10/20/2017 9:36:39 AM","0000-00","0","no battery","V"
"10/20/2017","13:17:50","5","default","957498349","OXY5","128.202","min","154.449","μmol/L","Humid","21.207","deg","90836","µV","35.993","°C","1018.000","hPa","37.0","pmil","0","55.500","deg","20.000","°C","100.000","%a.s.","22.500","deg","20.000","°C","1013.000","hPa","0.861","-0.02056","0.00035","-0.00011","0","14.7","Humid","26.25","0","52.00","342560.06","SABD0000000001","AAV1.0.0.11","2.0.0.28","PSt7-10","000000-000","10/20/2017 9:36:39 AM","0000-00","0","no battery","V"
"10/20/2017","13:17:51","5","default","957498349","OXY5","128.218","min","154.345","μmol/L","Humid","21.210","deg","90844","µV","36.004","°C","1018.000","hPa","37.0","pmil","0","55.500","deg","20.000","°C","100.000","%a.s.","22.500","deg","20.000","°C","1013.000","hPa","0.861","-0.02056","0.00035","-0.00011","0","14.7","Humid","26.25","0","52.00","342567.73","SABD0000000001","AAV1.0.0.11","2.0.0.28","PSt7-10","000000-000","10/20/2017 9:36:39 AM","0000-00","0","no battery","V"
"10/20/2017","13:17:52","5","default","957498349","OXY5","128.235","min","154.328","μmol/L","Humid","21.208","deg","90830","µV","36.011","°C","1018.000","hPa","37.0","pmil","0","55.500","deg","20.000","°C","100.000","%a.s.","22.500","deg","20.000","°C","1013.000","hPa","0.861","-0.02056","0.00035","-0.00011","0","14.7","Humid","26.25","0","52.00","342549.62","SABD0000000001","AAV1.0.0.11","2.0.0.28","PSt7-10","000000-000","10/20/2017 9:36:39 AM","0000-00","0","no battery","V"
"10/20/2017","13:17:53","5","default","957498349","OXY5","128.252","min","154.248","μmol/L","Humid","21.210","deg","90836","µV","36.020","°C","1018.000","hPa","37.0","pmil","0","55.500","deg","20.000","°C","100.000","%a.s.","22.500","deg","20.000","°C","1013.000","hPa","0.861","-0.02056","0.00035","-0.00011","0","14.7","Humid","26.25","0","52.00","342557.38","SABD0000000001","AAV1.0.0.11","2.0.0.28","PSt7-10","000000-000","10/20/2017 9:36:39 AM","0000-00","0","no battery","V"
"10/20/2017","13:17:54","5","default","957498349","OXY5","128.268","min","154.362","μmol/L","Humid","21.204","deg","90839","µV","36.015","°C","1018.000","hPa","37.0","pmil","0","55.500","deg","20.000","°C","100.000","%a.s.","22.500","deg","20.000","°C","1013.000","hPa","0.861","-0.02056","0.00035","-0.00011","0","14.7","Humid","26.25","0","52.00","342556.94","SABD0000000001","AAV1.0.0.11","2.0.0.28","PSt7-10","000000-000","10/20/2017 9:36:39 AM","0000-00","0","no battery","V"
"10/20/2017","13:17:55","5","default","957498349","OXY5","128.285","min","154.272","μmol/L","Humid","21.207","deg","90832","µV","36.023","°C","1018.000","hPa","37.0","pmil","0","55.500","deg","20.000","°C","100.000","%a.s.","22.500","deg","20.000","°C","1013.000","hPa","0.861","-0.02056","0.00035","-0.00011","0","14.7","Humid","26.25","0","52.00","342551.33","SABD0000000001","AAV1.0.0.11","2.0.0.28","PSt7-10","000000-000","10/20/2017 9:36:39 AM","0000-00","0","no battery","V"
"10/20/2017","13:17:56","5","default","957498349","OXY5","128.302","min","154.322","μmol/L","Humid","21.207","deg","90831","µV","36.015","°C","1018.000","hPa","37.0","pmil","0","55.500","deg","20.000","°C","100.000","%a.s.","22.500","deg","20.000","°C","1013.000","hPa","0.861","-0.02056","0.00035","-0.00011","0","14.7","Humid","26.25","0","52.00","342537.50","SABD0000000001","AAV1.0.0.11","2.0.0.28","PSt7-10","000000-000","10/20/2017 9:36:39 AM","0000-00","0","no battery","V"
"10/20/2017","13:17:57","5","default","957498349","OXY5","128.318","min","154.224","μmol/L","Humid","21.212","deg","90832","µV","36.019","°C","1018.000","hPa","37.0","pmil","0","55.500","deg","20.000","°C","100.000","%a.s.","22.500","deg","20.000","°C","1013.000","hPa","0.861","-0.02056","0.00035","-0.00011","0","14.7","Humid","26.25","0","52.00","342552.70","SABD0000000001","AAV1.0.0.11","2.0.0.28","PSt7-10","000000-000","10/20/2017 9:36:39 AM","0000-00","0","no battery","V"
"10/20/2017","13:17:58","5","default","957498349","OXY5","128.335","min","154.184","μmol/L","Humid","21.212","deg","90834","µV","36.026","°C","1018.000","hPa","37.0","pmil","0","55.500","deg","20.000","°C","100.000","%a.s.","22.500","deg","20.000","°C","1013.000","hPa","0.861","-0.02056","0.00035","-0.00011","0","14.7","Humid","26.25","0","52.00","342546.90","SABD0000000001","AAV1.0.0.11","2.0.0.28","PSt7-10","000000-000","10/20/2017 9:36:39 AM","0000-00","0","no battery","V"
"10/20/2017","13:17:59","5","default","957498349","OXY5","128.352","min","154.261","μmol/L","Humid","21.210","deg","90836","µV","36.018","°C","1018.000","hPa","37.0","pmil","0","55.500","deg","20.000","°C","100.000","%a.s.","22.500","deg","20.000","°C","1013.000","hPa","0.861","-0.02056","0.00035","-0.00011","0","14.7","Humid","26.25","0","52.00","342560.04","SABD0000000001","AAV1.0.0.11","2.0.0.28","PSt7-10","000000-000","10/20/2017 9:36:39 AM","0000-00","0","no battery","V"
"10/20/2017","13:18:00","5","default","957498349","OXY5","128.369","min","154.265","μmol/L","Humid","21.210","deg","90829","µV","36.017","°C","1018.000","hPa","37.0","pmil","0","55.500","deg","20.000","°C","100.000","%a.s.","22.500","deg","20.000","°C","1013.000","hPa","0.861","-0.02056","0.00035","-0.00011","0","14.7","Humid","26.25","0","52.00","342562.80","SABD0000000001","AAV1.0.0.11","2.0.0.28","PSt7-10","000000-000","10/20/2017 9:36:39 AM","0000-00","0","no battery","V"
"10/20/2017","13:18:01","5","default","957498349","OXY5","128.385","min","154.388","μmol/L","Humid","21.205","deg","90833","µV","36.008","°C","1018.000","hPa","37.0","pmil","0","55.500","deg","20.000","°C","100.000","%a.s.","22.500","deg","20.000","°C","1013.000","hPa","0.861","-0.02056","0.00035","-0.00011","0","14.7","Humid","26.25","0","52.00","342554.41","SABD0000000001","AAV1.0.0.11","2.0.0.28","PSt7-10","000000-000","10/20/2017 9:36:39 AM","0000-00","0","no battery","V"
"10/20/2017","13:18:02","5","default","957498349","OXY5","128.402","min","154.273","μmol/L","Humid","21.211","deg","90837","µV","36.013","°C","1018.000","hPa","37.0","pmil","0","55.500","deg","20.000","°C","100.000","%a.s.","22.500","deg","20.000","°C","1013.000","hPa","0.861","-0.02056","0.00035","-0.00011","0","14.7","Humid","26.25","0","52.00","342555.62","SABD0000000001","AAV1.0.0.11","2.0.0.28","PSt7-10","000000-000","10/20/2017 9:36:39 AM","0000-00","0","no battery","V"
"10/20/2017","13:18:03","5","default","957498349","OXY5","128.418","min","154.374","μmol/L","Humid","21.206","deg","90843","µV","36.008","°C","1018.000","hPa","37.0","pmil","0","55.500","deg","20.000","°C","100.000","%a.s.","22.500","deg","20.000","°C","1013.000","hPa","0.861","-0.02056","0.00035","-0.00011","0","14.7","Humid","26.25","0","52.00","342565.21","SABD0000000001","AAV1.0.0.11","2.0.0.28","PSt7-10","000000-000","10/20/2017 9:36:39 AM","0000-00","0","no battery","V"
"10/20/2017","13:18:04","5","default","957498349","OXY5","128.435","min","154.138","μmol/L","Humid","21.215","deg","90836","µV","36.027","°C","1018.000","hPa","37.0","pmil","0","55.500","deg","20.000","°C","100.000","%a.s.","22.500","deg","20.000","°C","1013.000","hPa","0.861","-0.02056","0.00035","-0.00011","0","14.7","Humid","26.25","0","52.00","342540.10","SABD0000000001","AAV1.0.0.11","2.0.0.28","PSt7-10","000000-000","10/20/2017 9:36:39 AM","0000-00","0","no battery","V"
"10/20/2017","13:18:05","5","default","957498349","OXY5","128.452","min","154.276","μmol/L","Humid","21.208","deg","90844","µV","36.020","°C","1018.000","hPa","37.0","pmil","0","55.500","deg","20.000","°C","100.000","%a.s.","22.500","deg","20.000","°C","1013.000","hPa","0.861","-0.02056","0.00035","-0.00011","0","14.7","Humid","26.25","0","52.00","342553.87","SABD0000000001","AAV1.0.0.11","2.0.0.28","PSt7-10","000000-000","10/20/2017 9:36:39 AM","0000-00","0","no battery","V"
"10/20/2017","13:18:06","5","default","957498349","OXY5","128.468","min","154.224","μmol/L","Humid","21.209","deg","90842","µV","36.026","°C","1018.000","hPa","37.0","pmil","0","55.500","deg","20.000","°C","100.000","%a.s.","22.500","deg","20.000","°C","1013.000","hPa","0.861","-0.02056","0.00035","-0.00011","0","14.7","Humid","26.25","0","52.00","342545.22","SABD0000000001","AAV1.0.0.11","2.0.0.28","PSt7-10","000000-000","10/20/2017 9:36:39 AM","0000-00","0","no battery","V"
"10/20/2017","13:18:07","5","default","957498349","OXY5","128.485","min","154.305","μmol/L","Humid","21.207","deg","90838","µV","36.017","°C","1018.000","hPa","37.0","pmil","0","55.500","deg","20.000","°C","100.000","%a.s.","22.500","deg","20.000","°C","1013.000","hPa","0.861","-0.02056","0.00035","-0.00011","0","14.7","Humid","26.25","0","52.00","342537.39","SABD0000000001","AAV1.0.0.11","2.0.0.28","PSt7-10","000000-000","10/20/2017 9:36:39 AM","0000-00","0","no battery","V"
"10/20/2017","13:18:08","5","default","957498349","OXY5","128.502","min","154.247","μmol/L","Humid","21.210","deg","90837","µV","36.020","°C","1018.000","hPa","37.0","pmil","0","55.500","deg","20.000","°C","100.000","%a.s.","22.500","deg","20.000","°C","1013.000","hPa","0.861","-0.02056","0.00035","-0.00011","0","14.7","Humid","26.25","0","52.00","342549.14","SABD0000000001","AAV1.0.0.11","2.0.0.28","PSt7-10","000000-000","10/20/2017 9:36:39 AM","0000-00","0","no battery","V"
"10/20/2017","13:18:09","5","default","957498349","OXY5","128.519","min","154.187","μmol/L","Humid","21.213","deg","90839","µV","36.023","°C","1018.000","hPa","37.0","pmil","0","55.500","deg","20.000","°C","100.000","%a.s.","22.500","deg","20.000","°C","1013.000","hPa","0.861","-0.02056","0.00035","-0.00011","0","14.7","Humid","26.25","0","52.00","342553.38","SABD0000000001","AAV1.0.0.11","2.0.0.28","PSt7-10","000000-000","10/20/2017 9:36:39 AM","0000-00","0","no battery","V"
"10/20/2017","13:18:10","5","default","957498349","OXY5","128.535","min","154.245","μmol/L","Humid","21.211","deg","90841","µV","36.018","°C","1018.000","hPa","37.0","pmil","0","55.500","deg","20.000","°C","100.000","%a.s.","22.500","deg","20.000","°C","1013.000","hPa","0.861","-0.02056","0.00035","-0.00011","0","14.7","Humid","26.25","0","52.00","342556.23","SABD0000000001","AAV1.0.0.11","2.0.0.28","PSt7-10","000000-000","10/20/2017 9:36:39 AM","0000-00","0","no battery","V"
"10/20/2017","13:18:11","5","default","957498349","OXY5","128.552","min","154.305","μmol/L","Humid","21.208","deg","90841","µV","36.015","°C","1018.000","hPa","37.0","pmil","0","55.500","deg","20.000","°C","100.000","%a.s.","22.500","deg","20.000","°C","1013.000","hPa","0.861","-0.02056","0.00035","-0.00011","0","14.7","Humid","26.25","0","52.00","342555.96","SABD0000000001","AAV1.0.0.11","2.0.0.28","PSt7-10","000000-000","10/20/2017 9:36:39 AM","0000-00","0","no battery","V"
"10/20/2017","13:18:12","5","default","957498349","OXY5","128.569","min","154.261","μmol/L","Humid","21.206","deg","90841","µV","36.027","°C","1018.000","hPa","37.0","pmil","0","55.500","deg","20.000","°C","100.000","%a.s.","22.500","deg","20.000","°C","1013.000","hPa","0.861","-0.02056","0.00035","-0.00011","0","14.7","Humid","26.25","0","52.00","342554.95","SABD0000000001","AAV1.0.0.11","2.0.0.28","PSt7-10","000000-000","10/20/2017 9:36:39 AM","0000-00","0","no battery","V"
"10/20/2017","13:18:13","5","default","957498349","OXY5","128.585","min","154.205","μmol/L","Humid","21.208","deg","90840","µV","36.032","°C","1018.000","hPa","37.0","pmil","0","55.500","deg","20.000","°C","100.000","%a.s.","22.500","deg","20.000","°C","1013.000","hPa","0.861","-0.02056","0.00035","-0.00011","0","14.7","Humid","26.25","0","52.00","342549.08","SABD0000000001","AAV1.0.0.11","2.0.0.28","PSt7-10","000000-000","10/20/2017 9:36:39 AM","0000-00","0","no battery","V"
"10/20/2017","13:18:14","5","default","957498349","OXY5","128.602","min","154.234","μmol/L","Humid","21.209","deg","90846","µV","36.025","°C","1018.000","hPa","37.0","pmil","0","55.500","deg","20.000","°C","100.000","%a.s.","22.500","deg","20.000","°C","1013.000","hPa","0.861","-0.02056","0.00035","-0.00011","0","14.7","Humid","26.25","0","52.00","342555.45","SABD0000000001","AAV1.0.0.11","2.0.0.28","PSt7-10","000000-000","10/20/2017 9:36:39 AM","0000-00","0","no battery","V"
"10/20/2017","13:18:15","5","default","957498349","OXY5","128.619","min","154.245","μmol/L","Humid","21.209","deg","90840","µV","36.023","°C","1018.000","hPa","37.0","pmil","0","55.500","deg","20.000","°C","100.000","%a.s.","22.500","deg","20.000","°C","1013.000","hPa","0.861","-0.02056","0.00035","-0.00011","0","14.7","Humid","26.25","0","52.00","342552.52","SABD0000000001","AAV1.0.0.11","2.0.0.28","PSt7-10","000000-000","10/20/2017 9:36:39 AM","0000-00","0","no battery","V"
"10/20/2017","13:18:16","5","default","957498349","OXY5","128.635","min","154.223","μmol/L","Humid","21.209","deg","90841","µV","36.027","°C","1018.000","hPa","37.0","pmil","0","55.500","deg","20.000","°C","100.000","%a.s.","22.500","deg","20.000","°C","1013.000","hPa","0.861","-0.02056","0.00035","-0.00011","0","14.7","Humid","26.25","0","52.00","342559.90","SABD0000000001","AAV1.0.0.11","2.0.0.28","PSt7-10","000000-000","10/20/2017 9:36:39 AM","0000-00","0","no battery","V"
"10/20/2017","13:18:17","5","default","957498349","OXY5","128.652","min","154.234","μmol/L","Humid","21.209","deg","90841","µV","36.025","°C","1018.000","hPa","37.0","pmil","0","55.500","deg","20.000","°C","100.000","%a.s.","22.500","deg","20.000","°C","1013.000","hPa","0.861","-0.02056","0.00035","-0.00011","0","14.7","Humid","26.25","0","52.00","342551.49","SABD0000000001","AAV1.0.0.11","2.0.0.28","PSt7-10","000000-000","10/20/2017 9:36:39 AM","0000-00","0","no battery","V"
"10/20/2017","13:18:18","5","default","957498349","OXY5","128.668","min","154.273","μmol/L","Humid","21.205","deg","90834","µV","36.028","°C","1018.000","hPa","37.0","pmil","0","55.500","deg","20.000","°C","100.000","%a.s.","22.500","deg","20.000","°C","1013.000","hPa","0.861","-0.02056","0.00035","-0.00011","0","14.7","Humid","26.25","0","52.00","342542.66","SABD0000000001","AAV1.0.0.11","2.0.0.28","PSt7-10","000000-000","10/20/2017 9:36:39 AM","0000-00","0","no battery","V"
"10/20/2017","13:18:19","5","default","957498349","OXY5","128.684","min","154.361","μmol/L","Humid","21.212","deg","90834","µV","35.996","°C","1018.000","hPa","37.0","pmil","0","55.500","deg","20.000","°C","100.000","%a.s.","22.500","deg","20.000","°C","1013.000","hPa","0.861","-0.02056","0.00035","-0.00011","0","14.7","Humid","26.25","0","52.00","342540.69","SABD0000000001","AAV1.0.0.11","2.0.0.28","PSt7-10","000000-000","10/20/2017 9:36:39 AM","0000-00","0","no battery","V"
"10/20/2017","13:18:20","5","default","957498349","OXY5","128.701","min","154.231","μmol/L","Humid","21.210","deg","90832","µV","36.023","°C","1018.000","hPa","37.0","pmil","0","55.500","deg","20.000","°C","100.000","%a.s.","22.500","deg","20.000","°C","1013.000","hPa","0.861","-0.02056","0.00035","-0.00011","0","14.7","Humid","26.25","0","52.00","342536.39","SABD0000000001","AAV1.0.0.11","2.0.0.28","PSt7-10","000000-000","10/20/2017 9:36:39 AM","0000-00","0","no battery","V"
"10/20/2017","13:18:21","5","default","957498349","OXY5","128.718","min","154.207","μmol/L","Humid","21.208","deg","90835","µV","36.032","°C","1018.000","hPa","37.0","pmil","0","55.500","deg","20.000","°C","100.000","%a.s.","22.500","deg","20.000","°C","1013.000","hPa","0.861","-0.02056","0.00035","-0.00011","0","14.7","Humid","26.25","0","52.00","342542.30","SABD0000000001","AAV1.0.0.11","2.0.0.28","PSt7-10","000000-000","10/20/2017 9:36:39 AM","0000-00","0","no battery","V"
"10/20/2017","13:18:22","5","default","957498349","OXY5","128.734","min","154.217","μmol/L","Humid","21.211","deg","90833","µV","36.023","°C","1018.000","hPa","37.0","pmil","0","55.500","deg","20.000","°C","100.000","%a.s.","22.500","deg","20.000","°C","1013.000","hPa","0.861","-0.02056","0.00035","-0.00011","0","14.7","Humid","26.25","0","52.00","342545.25","SABD0000000001","AAV1.0.0.11","2.0.0.28","PSt7-10","000000-000","10/20/2017 9:36:39 AM","0000-00","0","no battery","V"
"10/20/2017","13:18:23","5","default","957498349","OXY5","128.751","min","154.265","μmol/L","Humid","21.209","deg","90835","µV","36.020","°C","1018.000","hPa","37.0","pmil","0","55.500","deg","20.000","°C","100.000","%a.s.","22.500","deg","20.000","°C","1013.000","hPa","0.861","-0.02056","0.00035","-0.00011","0","14.7","Humid","26.25","0","52.00","342544.13","SABD0000000001","AAV1.0.0.11","2.0.0.28","PSt7-10","000000-000","10/20/2017 9:36:39 AM","0000-00","0","no battery","V"
"10/20/2017","13:18:24","5","default","957498349","OXY5","128.768","min","154.217","μmol/L","Humid","21.211","deg","90831","µV","36.023","°C","1018.000","hPa","37.0","pmil","0","55.500","deg","20.000","°C","100.000","%a.s.","22.500","deg","20.000","°C","1013.000","hPa","0.861","-0.02056","0.00035","-0.00011","0","14.7","Humid","26.25","0","52.00","342537.81","SABD0000000001","AAV1.0.0.11","2.0.0.28","PSt7-10","000000-000","10/20/2017 9:36:39 AM","0000-00","0","no battery","V"
"10/20/2017","13:18:25","5","default","957498349","OXY5","128.784","min","154.258","μmol/L","Humid","21.210","deg","90827","µV","36.018","°C","1018.000","hPa","37.0","pmil","0","55.500","deg","20.000","°C","100.000","%a.s.","22.500","deg","20.000","°C","1013.000","hPa","0.861","-0.02056","0.00035","-0.00011","0","14.7","Humid","26.25","0","52.00","342539.76","SABD0000000001","AAV1.0.0.11","2.0.0.28","PSt7-10","000000-000","10/20/2017 9:36:39 AM","0000-00","0","no battery","V"
"10/20/2017","13:18:26","5","default","957498349","OXY5","128.801","min","154.261","μmol/L","Humid","21.210","deg","90832","µV","36.018","°C","1018.000","hPa","37.0","pmil","0","55.500","deg","20.000","°C","100.000","%a.s.","22.500","deg","20.000","°C","1013.000","hPa","0.861","-0.02056","0.00035","-0.00011","0","14.7","Humid","26.25","0","52.00","342538.09","SABD0000000001","AAV1.0.0.11","2.0.0.28","PSt7-10","000000-000","10/20/2017 9:36:39 AM","0000-00","0","no battery","V"
"10/20/2017","13:18:27","5","default","957498349","OXY5","128.818","min","154.274","μmol/L","Humid","21.206","deg","90823","µV","36.025","°C","1018.000","hPa","37.0","pmil","0","55.500","deg","20.000","°C","100.000","%a.s.","22.500","deg","20.000","°C","1013.000","hPa","0.861","-0.02056","0.00035","-0.00011","0","14.7","Humid","26.25","0","52.00","342545.33","SABD0000000001","AAV1.0.0.11","2.0.0.28","PSt7-10","000000-000","10/20/2017 9:36:39 AM","0000-00","0","no battery","V"
"10/20/2017","13:18:28","5","default","957498349","OXY5","128.834","min","154.376","μmol/L","Humid","21.208","deg","90823","µV","36.003","°C","1018.000","hPa","37.0","pmil","0","55.500","deg","20.000","°C","100.000","%a.s.","22.500","deg","20.000","°C","1013.000","hPa","0.861","-0.02056","0.00035","-0.00011","0","14.7","Humid","26.25","0","52.00","342528.65","SABD0000000001","AAV1.0.0.11","2.0.0.28","PSt7-10","000000-000","10/20/2017 9:36:39 AM","0000-00","0","no battery","V"
"10/20/2017","13:18:29","5","default","957498349","OXY5","128.851","min","154.357","μmol/L","Humid","21.209","deg","90825","µV","36.004","°C","1018.000","hPa","37.0","pmil","0","55.500","deg","20.000","°C","100.000","%a.s.","22.500","deg","20.000","°C","1013.000","hPa","0.861","-0.02056","0.00035","-0.00011","0","14.7","Humid","26.25","0","52.00","342531.89","SABD0000000001","AAV1.0.0.11","2.0.0.28","PSt7-10","000000-000","10/20/2017 9:36:39 AM","0000-00","0","no battery","V"
"10/20/2017","13:18:30","5","default","957498349","OXY5","128.868","min","154.210","μmol/L","Humid","21.212","deg","90828","µV","36.022","°C","1018.000","hPa","37.0","pmil","0","55.500","deg","20.000","°C","100.000","%a.s.","22.500","deg","20.000","°C","1013.000","hPa","0.861","-0.02056","0.00035","-0.00011","0","14.7","Humid","26.25","0","52.00","342529.25","SABD0000000001","AAV1.0.0.11","2.0.0.28","PSt7-10","000000-000","10/20/2017 9:36:39 AM","0000-00","0","no battery","V"
"10/20/2017","13:18:31","5","default","957498349","OXY5","128.885","min","154.233","μmol/L","Humid","21.209","deg","90826","µV","36.025","°C","1018.000","hPa","37.0","pmil","0","55.500","deg","20.000","°C","100.000","%a.s.","22.500","deg","20.000","°C","1013.000","hPa","0.861","-0.02056","0.00035","-0.00011","0","14.7","Humid","26.25","0","52.00","342524.83","SABD0000000001","AAV1.0.0.11","2.0.0.28","PSt7-10","000000-000","10/20/2017 9:36:39 AM","0000-00","0","no battery","V"
"10/20/2017","13:18:32","5","default","957498349","OXY5","128.901","min","154.170","μmol/L","Humid","21.213","deg","90828","µV","36.026","°C","1018.000","hPa","37.0","pmil","0","55.500","deg","20.000","°C","100.000","%a.s.","22.500","deg","20.000","°C","1013.000","hPa","0.861","-0.02056","0.00035","-0.00011","0","14.7","Humid","26.25","0","52.00","342540.12","SABD0000000001","AAV1.0.0.11","2.0.0.28","PSt7-10","000000-000","10/20/2017 9:36:39 AM","0000-00","0","no battery","V"
"10/20/2017","13:18:33","5","default","957498349","OXY5","128.918","min","154.222","μmol/L","Humid","21.209","deg","90818","µV","36.027","°C","1018.000","hPa","37.0","pmil","0","55.500","deg","20.000","°C","100.000","%a.s.","22.500","deg","20.000","°C","1013.000","hPa","0.861","-0.02056","0.00035","-0.00011","0","14.7","Humid","26.25","0","52.00","342528.05","SABD0000000001","AAV1.0.0.11","2.0.0.28","PSt7-10","000000-000","10/20/2017 9:36:39 AM","0000-00","0","no battery","V"
"10/20/2017","13:18:34","5","default","957498349","OXY5","128.935","min","154.246","μmol/L","Humid","21.210","deg","90823","µV","36.020","°C","1018.000","hPa","37.0","pmil","0","55.500","deg","20.000","°C","100.000","%a.s.","22.500","deg","20.000","°C","1013.000","hPa","0.861","-0.02056","0.00035","-0.00011","0","14.7","Humid","26.25","0","52.00","342534.21","SABD0000000001","AAV1.0.0.11","2.0.0.28","PSt7-10","000000-000","10/20/2017 9:36:39 AM","0000-00","0","no battery","V"
"10/20/2017","13:18:35","5","default","957498349","OXY5","128.951","min","154.272","μmol/L","Humid","21.209","deg","90821","µV","36.018","°C","1018.000","hPa","37.0","pmil","0","55.500","deg","20.000","°C","100.000","%a.s.","22.500","deg","20.000","°C","1013.000","hPa","0.861","-0.02056","0.00035","-0.00011","0","14.7","Humid","26.25","0","52.00","342530.33","SABD0000000001","AAV1.0.0.11","2.0.0.28","PSt7-10","000000-000","10/20/2017 9:36:39 AM","0000-00","0","no battery","V"
"10/20/2017","13:18:36","5","default","957498349","OXY5","128.968","min","154.195","μmol/L","Humid","21.212","deg","90818","µV","36.024","°C","1018.000","hPa","37.0","pmil","0","55.500","deg","20.000","°C","100.000","%a.s.","22.500","deg","20.000","°C","1013.000","hPa","0.861","-0.02056","0.00035","-0.00011","0","14.7","Humid","26.25","0","52.00","342548.09","SABD0000000001","AAV1.0.0.11","2.0.0.28","PSt7-10","000000-000","10/20/2017 9:36:39 AM","0000-00","0","no battery","V"
"10/20/2017","13:18:37","5","default","957498349","OXY5","128.985","min","154.269","μmol/L","Humid","21.211","deg","90824","µV","36.014","°C","1018.000","hPa","37.0","pmil","0","55.500","deg","20.000","°C","100.000","%a.s.","22.500","deg","20.000","°C","1013.000","hPa","0.861","-0.02056","0.00035","-0.00011","0","14.7","Humid","26.25","0","52.00","342518.29","SABD0000000001","AAV1.0.0.11","2.0.0.28","PSt7-10","000000-000","10/20/2017 9:36:39 AM","0000-00","0","no battery","V"
"10/20/2017","13:18:38","5","default","957498349","OXY5","129.001","min","154.222","μmol/L","Humid","21.211","deg","90821","µV","36.022","°C","1018.000","hPa","37.0","pmil","0","55.500","deg","20.000","°C","100.000","%a.s.","22.500","deg","20.000","°C","1013.000","hPa","0.861","-0.02056","0.00035","-0.00011","0","14.7","Humid","26.25","0","52.00","342539.20","SABD0000000001","AAV1.0.0.11","2.0.0.28","PSt7-10","000000-000","10/20/2017 9:36:39 AM","0000-00","0","no battery","V"
"10/20/2017","13:18:39","5","default","957498349","OXY5","129.018","min","154.270","μmol/L","Humid","21.206","deg","90817","µV","36.026","°C","1018.000","hPa","37.0","pmil","0","55.500","deg","20.000","°C","100.000","%a.s.","22.500","deg","20.000","°C","1013.000","hPa","0.861","-0.02056","0.00035","-0.00011","0","14.7","Humid","26.25","0","52.00","342529.04","SABD0000000001","AAV1.0.0.11","2.0.0.28","PSt7-10","000000-000","10/20/2017 9:36:39 AM","0000-00","0","no battery","V"
"10/20/2017","13:18:40","5","default","957498349","OXY5","129.035","min","154.258","μmol/L","Humid","21.210","deg","90819","µV","36.018","°C","1018.000","hPa","37.0","pmil","0","55.500","deg","20.000","°C","100.000","%a.s.","22.500","deg","20.000","°C","1013.000","hPa","0.861","-0.02056","0.00035","-0.00011","0","14.7","Humid","26.25","0","52.00","342528.97","SABD0000000001","AAV1.0.0.11","2.0.0.28","PSt7-10","000000-000","10/20/2017 9:36:39 AM","0000-00","0","no battery","V"
"10/20/2017","13:18:41","5","default","957498349","OXY5","129.051","min","154.127","μmol/L","Humid","21.212","deg","90820","µV","36.036","°C","1018.000","hPa","37.0","pmil","0","55.500","deg","20.000","°C","100.000","%a.s.","22.500","deg","20.000","°C","1013.000","hPa","0.861","-0.02056","0.00035","-0.00011","0","14.7","Humid","26.25","0","52.00","342530.13","SABD0000000001","AAV1.0.0.11","2.0.0.28","PSt7-10","000000-000","10/20/2017 9:36:39 AM","0000-00","0","no battery","V"
"10/20/2017","13:18:42","5","default","957498349","OXY5","129.068","min","154.173","μmol/L","Humid","21.212","deg","90812","µV","36.028","°C","1018.000","hPa","37.0","pmil","0","55.500","deg","20.000","°C","100.000","%a.s.","22.500","deg","20.000","°C","1013.000","hPa","0.861","-0.02056","0.00035","-0.00011","0","14.7","Humid","26.25","0","52.00","342529.29","SABD0000000001","AAV1.0.0.11","2.0.0.28","PSt7-10","000000-000","10/20/2017 9:36:39 AM","0000-00","0","no battery","V"
"10/20/2017","13:18:43","5","default","957498349","OXY5","129.085","min","154.220","μmol/L","Humid","21.212","deg","90819","µV","36.020","°C","1018.000","hPa","37.0","pmil","0","55.500","deg","20.000","°C","100.000","%a.s.","22.500","deg","20.000","°C","1013.000","hPa","0.861","-0.02056","0.00035","-0.00011","0","14.7","Humid","26.25","0","52.00","342524.63","SABD0000000001","AAV1.0.0.11","2.0.0.28","PSt7-10","000000-000","10/20/2017 9:36:39 AM","0000-00","0","no battery","V"
"10/20/2017","13:18:44","5","default","957498349","OXY5","129.101","min","154.314","μmol/L","Humid","21.211","deg","90815","µV","36.006","°C","1018.000","hPa","37.0","pmil","0","55.500","deg","20.000","°C","100.000","%a.s.","22.500","deg","20.000","°C","1013.000","hPa","0.861","-0.02056","0.00035","-0.00011","0","14.7","Humid","26.25","0","52.00","342531.85","SABD0000000001","AAV1.0.0.11","2.0.0.28","PSt7-10","000000-000","10/20/2017 9:36:39 AM","0000-00","0","no battery","V"
"10/20/2017","13:18:45","5","default","957498349","OXY5","129.118","min","154.209","μmol/L","Humid","21.206","deg","90821","µV","36.036","°C","1018.000","hPa","37.0","pmil","0","55.500","deg","20.000","°C","100.000","%a.s.","22.500","deg","20.000","°C","1013.000","hPa","0.861","-0.02056","0.00035","-0.00011","0","14.7","Humid","26.25","0","52.00","342530.07","SABD0000000001","AAV1.0.0.11","2.0.0.28","PSt7-10","000000-000","10/20/2017 9:36:39 AM","0000-00","0","no battery","V"
"10/20/2017","13:18:46","5","default","957498349","OXY5","129.135","min","154.313","μmol/L","Humid","21.210","deg","90823","µV","36.009","°C","1018.000","hPa","37.0","pmil","0","55.500","deg","20.000","°C","100.000","%a.s.","22.500","deg","20.000","°C","1013.000","hPa","0.861","-0.02056","0.00035","-0.00011","0","14.7","Humid","26.25","0","52.00","342535.09","SABD0000000001","AAV1.0.0.11","2.0.0.28","PSt7-10","000000-000","10/20/2017 9:36:39 AM","0000-00","0","no battery","V"
"10/20/2017","13:18:47","5","default","957498349","OXY5","129.155","min","154.291","μmol/L","Humid","21.213","deg","90819","µV","36.006","°C","1018.000","hPa","37.0","pmil","0","55.500","deg","20.000","°C","100.000","%a.s.","22.500","deg","20.000","°C","1013.000","hPa","0.861","-0.02056","0.00035","-0.00011","0","14.7","Humid","26.25","0","52.00","342527.25","SABD0000000001","AAV1.0.0.11","2.0.0.28","PSt7-10","000000-000","10/20/2017 9:36:39 AM","0000-00","0","no battery","V"
"10/20/2017","13:18:48","5","default","957498349","OXY5","129.168","min","154.318","μmol/L","Humid","21.208","deg","90809","µV","36.013","°C","1018.000","hPa","37.0","pmil","0","55.500","deg","20.000","°C","100.000","%a.s.","22.500","deg","20.000","°C","1013.000","hPa","0.861","-0.02056","0.00035","-0.00011","0","14.7","Humid","26.25","0","52.00","342514.04","SABD0000000001","AAV1.0.0.11","2.0.0.28","PSt7-10","000000-000","10/20/2017 9:36:39 AM","0000-00","0","no battery","V"
"10/20/2017","13:18:49","5","default","957498349","OXY5","129.185","min","154.157","μmol/L","Humid","21.216","deg","90811","µV","36.022","°C","1018.000","hPa","37.0","pmil","0","55.500","deg","20.000","°C","100.000","%a.s.","22.500","deg","20.000","°C","1013.000","hPa","0.861","-0.02056","0.00035","-0.00011","0","14.7","Humid","26.25","0","52.00","342505.55","SABD0000000001","AAV1.0.0.11","2.0.0.28","PSt7-10","000000-000","10/20/2017 9:36:39 AM","0000-00","0","no battery","V"
"10/20/2017","13:18:50","5","default","957498349","OXY5","129.202","min","154.161","μmol/L","Humid","21.213","deg","90815","µV","36.028","°C","1018.000","hPa","37.0","pmil","0","55.500","deg","20.000","°C","100.000","%a.s.","22.500","deg","20.000","°C","1013.000","hPa","0.861","-0.02056","0.00035","-0.00011","0","14.7","Humid","26.25","0","52.00","342517.53","SABD0000000001","AAV1.0.0.11","2.0.0.28","PSt7-10","000000-000","10/20/2017 9:36:39 AM","0000-00","0","no battery","V"
"10/20/2017","13:18:51","5","default","957498349","OXY5","129.218","min","154.134","μmol/L","Humid","21.211","deg","90816","µV","36.037","°C","1018.000","hPa","37.0","pmil","0","55.500","deg","20.000","°C","100.000","%a.s.","22.500","deg","20.000","°C","1013.000","hPa","0.861","-0.02056","0.00035","-0.00011","0","14.7","Humid","26.25","0","52.00","342510.47","SABD0000000001","AAV1.0.0.11","2.0.0.28","PSt7-10","000000-000","10/20/2017 9:36:39 AM","0000-00","0","no battery","V"
"10/20/2017","13:18:52","5","default","957498349","OXY5","129.235","min","154.278","μmol/L","Humid","21.209","deg","90812","µV","36.017","°C","1018.000","hPa","37.0","pmil","0","55.500","deg","20.000","°C","100.000","%a.s.","22.500","deg","20.000","°C","1013.000","hPa","0.861","-0.02056","0.00035","-0.00011","0","14.7","Humid","26.25","0","52.00","342510.36","SABD0000000001","AAV1.0.0.11","2.0.0.28","PSt7-10","000000-000","10/20/2017 9:36:39 AM","0000-00","0","no battery","V"
"10/20/2017","13:18:53","5","default","957498349","OXY5","129.252","min","154.205","μmol/L","Humid","21.211","deg","90814","µV","36.025","°C","1018.000","hPa","37.0","pmil","0","55.500","deg","20.000","°C","100.000","%a.s.","22.500","deg","20.000","°C","1013.000","hPa","0.861","-0.02056","0.00035","-0.00011","0","14.7","Humid","26.25","0","52.00","342506.48","SABD0000000001","AAV1.0.0.11","2.0.0.28","PSt7-10","000000-000","10/20/2017 9:36:39 AM","0000-00","0","no battery","V"
"10/20/2017","13:18:54","5","default","957498349","OXY5","129.268","min","154.224","μmol/L","Humid","21.212","deg","90811","µV","36.019","°C","1018.000","hPa","37.0","pmil","0","55.500","deg","20.000","°C","100.000","%a.s.","22.500","deg","20.000","°C","1013.000","hPa","0.861","-0.02056","0.00035","-0.00011","0","14.7","Humid","26.25","0","52.00","342503.42","SABD0000000001","AAV1.0.0.11","2.0.0.28","PSt7-10","000000-000","10/20/2017 9:36:39 AM","0000-00","0","no battery","V"
"10/20/2017","13:18:55","5","default","957498349","OXY5","129.285","min","154.283","μmol/L","Humid","21.209","deg","90812","µV","36.016","°C","1018.000","hPa","37.0","pmil","0","55.500","deg","20.000","°C","100.000","%a.s.","22.500","deg","20.000","°C","1013.000","hPa","0.861","-0.02056","0.00035","-0.00011","0","14.7","Humid","26.25","0","52.00","342505.10","SABD0000000001","AAV1.0.0.11","2.0.0.28","PSt7-10","000000-000","10/20/2017 9:36:39 AM","0000-00","0","no battery","V"
"10/20/2017","13:18:56","5","default","957498349","OXY5","129.302","min","154.194","μmol/L","Humid","21.209","deg","90813","µV","36.032","°C","1018.000","hPa","37.0","pmil","0","55.500","deg","20.000","°C","100.000","%a.s.","22.500","deg","20.000","°C","1013.000","hPa","0.861","-0.02056","0.00035","-0.00011","0","14.7","Humid","26.25","0","52.00","342504.62","SABD0000000001","AAV1.0.0.11","2.0.0.28","PSt7-10","000000-000","10/20/2017 9:36:39 AM","0000-00","0","no battery","V"
"10/20/2017","13:18:57","5","default","957498349","OXY5","129.318","min","154.259","μmol/L","Humid","21.211","deg","90809","µV","36.016","°C","1018.000","hPa","37.0","pmil","0","55.500","deg","20.000","°C","100.000","%a.s.","22.500","deg","20.000","°C","1013.000","hPa","0.861","-0.02056","0.00035","-0.00011","0","14.7","Humid","26.25","0","52.00","342514.28","SABD0000000001","AAV1.0.0.11","2.0.0.28","PSt7-10","000000-000","10/20/2017 9:36:39 AM","0000-00","0","no battery","V"
"10/20/2017","13:18:58","5","default","957498349","OXY5","129.335","min","154.275","μmol/L","Humid","21.211","deg","90808","µV","36.013","°C","1018.000","hPa","37.0","pmil","0","55.500","deg","20.000","°C","100.000","%a.s.","22.500","deg","20.000","°C","1013.000","hPa","0.861","-0.02056","0.00035","-0.00011","0","14.7","Humid","26.25","0","52.00","342498.38","SABD0000000001","AAV1.0.0.11","2.0.0.28","PSt7-10","000000-000","10/20/2017 9:36:39 AM","0000-00","0","no battery","V"
"10/20/2017","13:18:59","5","default","957498349","OXY5","129.352","min","154.208","μmol/L","Humid","21.208","deg","90815","µV","36.032","°C","1018.000","hPa","37.0","pmil","0","55.500","deg","20.000","°C","100.000","%a.s.","22.500","deg","20.000","°C","1013.000","hPa","0.861","-0.02056","0.00035","-0.00011","0","14.7","Humid","26.25","0","52.00","342511.66","SABD0000000001","AAV1.0.0.11","2.0.0.28","PSt7-10","000000-000","10/20/2017 9:36:39 AM","0000-00","0","no battery","V"
"10/20/2017","13:19:00","5","default","957498349","OXY5","129.368","min","154.145","μmol/L","Humid","21.208","deg","90817","µV","36.042","°C","1018.000","hPa","37.0","pmil","0","55.500","deg","20.000","°C","100.000","%a.s.","22.500","deg","20.000","°C","1013.000","hPa","0.861","-0.02056","0.00035","-0.00011","0","14.7","Humid","26.25","0","52.00","342510.40","SABD0000000001","AAV1.0.0.11","2.0.0.28","PSt7-10","000000-000","10/20/2017 9:36:39 AM","0000-00","0","no battery","V"
"10/20/2017","13:19:01","5","default","957498349","OXY5","129.384","min","154.152","μmol/L","Humid","21.210","deg","90812","µV","36.036","°C","1018.000","hPa","37.0","pmil","0","55.500","deg","20.000","°C","100.000","%a.s.","22.500","deg","20.000","°C","1013.000","hPa","0.861","-0.02056","0.00035","-0.00011","0","14.7","Humid","26.25","0","52.00","342505.59","SABD0000000001","AAV1.0.0.11","2.0.0.28","PSt7-10","000000-000","10/20/2017 9:36:39 AM","0000-00","0","no battery","V"
"10/20/2017","13:19:02","5","default","957498349","OXY5","129.401","min","154.249","μmol/L","Humid","21.211","deg","90803","µV","36.018","°C","1018.000","hPa","37.0","pmil","0","55.500","deg","20.000","°C","100.000","%a.s.","22.500","deg","20.000","°C","1013.000","hPa","0.861","-0.02056","0.00035","-0.00011","0","14.7","Humid","26.25","0","52.00","342511.45","SABD0000000001","AAV1.0.0.11","2.0.0.28","PSt7-10","000000-000","10/20/2017 9:36:39 AM","0000-00","0","no battery","V"
"10/20/2017","13:19:03","5","default","957498349","OXY5","129.418","min","154.244","μmol/L","Humid","21.212","deg","90817","µV","36.016","°C","1018.000","hPa","37.0","pmil","0","55.500","deg","20.000","°C","100.000","%a.s.","22.500","deg","20.000","°C","1013.000","hPa","0.861","-0.02056","0.00035","-0.00011","0","14.7","Humid","26.25","0","52.00","342498.90","SABD0000000001","AAV1.0.0.11","2.0.0.28","PSt7-10","000000-000","10/20/2017 9:36:39 AM","0000-00","0","no battery","V"
"10/20/2017","13:19:04","5","default","957498349","OXY5","129.434","min","154.266","μmol/L","Humid","21.213","deg","90814","µV","36.010","°C","1018.000","hPa","37.0","pmil","0","55.500","deg","20.000","°C","100.000","%a.s.","22.500","deg","20.000","°C","1013.000","hPa","0.861","-0.02056","0.00035","-0.00011","0","14.7","Humid","26.25","0","52.00","342499.09","SABD0000000001","AAV1.0.0.11","2.0.0.28","PSt7-10","000000-000","10/20/2017 9:36:39 AM","0000-00","0","no battery","V"
"10/20/2017","13:19:05","5","default","957498349","OXY5","129.451","min","154.221","μmol/L","Humid","21.210","deg","90815","µV","36.025","°C","1018.000","hPa","37.0","pmil","0","55.500","deg","20.000","°C","100.000","%a.s.","22.500","deg","20.000","°C","1013.000","hPa","0.861","-0.02056","0.00035","-0.00011","0","14.7","Humid","26.25","0","52.00","342503.19","SABD0000000001","AAV1.0.0.11","2.0.0.28","PSt7-10","000000-000","10/20/2017 9:36:39 AM","0000-00","0","no battery","V"
"10/20/2017","13:19:06","5","default","957498349","OXY5","129.468","min","154.181","μmol/L","Humid","21.213","deg","90809","µV","36.024","°C","1018.000","hPa","37.0","pmil","0","55.500","deg","20.000","°C","100.000","%a.s.","22.500","deg","20.000","°C","1013.000","hPa","0.861","-0.02056","0.00035","-0.00011","0","14.7","Humid","26.25","0","52.00","342495.02","SABD0000000001","AAV1.0.0.11","2.0.0.28","PSt7-10","000000-000","10/20/2017 9:36:39 AM","0000-00","0","no battery","V"
"10/20/2017","13:19:07","5","default","957498349","OXY5","129.484","min","154.313","μmol/L","Humid","21.213","deg","90817","µV","36.002","°C","1018.000","hPa","37.0","pmil","0","55.500","deg","20.000","°C","100.000","%a.s.","22.500","deg","20.000","°C","1013.000","hPa","0.861","-0.02056","0.00035","-0.00011","0","14.7","Humid","26.25","0","52.00","342492.69","SABD0000000001","AAV1.0.0.11","2.0.0.28","PSt7-10","000000-000","10/20/2017 9:36:39 AM","0000-00","0","no battery","V"
"10/20/2017","13:19:08","5","default","957498349","OXY5","129.501","min","154.254","μmol/L","Humid","21.210","deg","90813","µV","36.019","°C","1018.000","hPa","37.0","pmil","0","55.500","deg","20.000","°C","100.000","%a.s.","22.500","deg","20.000","°C","1013.000","hPa","0.861","-0.02056","0.00035","-0.00011","0","14.7","Humid","26.25","0","52.00","342500.75","SABD0000000001","AAV1.0.0.11","2.0.0.28","PSt7-10","000000-000","10/20/2017 9:36:39 AM","0000-00","0","no battery","V"
"10/20/2017","13:19:09","5","default","957498349","OXY5","129.518","min","154.205","μmol/L","Humid","21.207","deg","90811","µV","36.034","°C","1018.000","hPa","37.0","pmil","0","55.500","deg","20.000","°C","100.000","%a.s.","22.500","deg","20.000","°C","1013.000","hPa","0.861","-0.02056","0.00035","-0.00011","0","14.7","Humid","26.25","0","52.00","342502.13","SABD0000000001","AAV1.0.0.11","2.0.0.28","PSt7-10","000000-000","10/20/2017 9:36:39 AM","0000-00","0","no battery","V"
"10/20/2017","13:19:10","5","default","957498349","OXY5","129.535","min","154.175","μmol/L","Humid","21.211","deg","90809","µV","36.030","°C","1018.000","hPa","37.0","pmil","0","55.500","deg","20.000","°C","100.000","%a.s.","22.500","deg","20.000","°C","1013.000","hPa","0.861","-0.02056","0.00035","-0.00011","0","14.7","Humid","26.25","0","52.00","342485.98","SABD0000000001","AAV1.0.0.11","2.0.0.28","PSt7-10","000000-000","10/20/2017 9:36:39 AM","0000-00","0","no battery","V"
"10/20/2017","13:19:11","5","default","957498349","OXY5","129.551","min","154.199","μmol/L","Humid","21.209","deg","90810","µV","36.031","°C","1018.000","hPa","37.0","pmil","0","55.500","deg","20.000","°C","100.000","%a.s.","22.500","deg","20.000","°C","1013.000","hPa","0.861","-0.02056","0.00035","-0.00011","0","14.7","Humid","26.25","0","52.00","342487.24","SABD0000000001","AAV1.0.0.11","2.0.0.28","PSt7-10","000000-000","10/20/2017 9:36:39 AM","0000-00","0","no battery","V"
"10/20/2017","13:19:12","5","default","957498349","OXY5","129.568","min","154.200","μmol/L","Humid","21.211","deg","90809","µV","36.026","°C","1018.000","hPa","37.0","pmil","0","55.500","deg","20.000","°C","100.000","%a.s.","22.500","deg","20.000","°C","1013.000","hPa","0.861","-0.02056","0.00035","-0.00011","0","14.7","Humid","26.25","0","52.00","342500.77","SABD0000000001","AAV1.0.0.11","2.0.0.28","PSt7-10","000000-000","10/20/2017 9:36:39 AM","0000-00","0","no battery","V"
"10/20/2017","13:19:13","5","default","957498349","OXY5","129.585","min","154.135","μmol/L","Humid","21.213","deg","90807","µV","36.032","°C","1018.000","hPa","37.0","pmil","0","55.500","deg","20.000","°C","100.000","%a.s.","22.500","deg","20.000","°C","1013.000","hPa","0.861","-0.02056","0.00035","-0.00011","0","14.7","Humid","26.25","0","52.00","342494.05","SABD0000000001","AAV1.0.0.11","2.0.0.28","PSt7-10","000000-000","10/20/2017 9:36:39 AM","0000-00","0","no battery","V"
"10/20/2017","13:19:14","5","default","957498349","OXY5","129.601","min","154.169","μmol/L","Humid","21.211","deg","90804","µV","36.031","°C","1018.000","hPa","37.0","pmil","0","55.500","deg","20.000","°C","100.000","%a.s.","22.500","deg","20.000","°C","1013.000","hPa","0.861","-0.02056","0.00035","-0.00011","0","14.7","Humid","26.25","0","52.00","342493.64","SABD0000000001","AAV1.0.0.11","2.0.0.28","PSt7-10","000000-000","10/20/2017 9:36:39 AM","0000-00","0","no battery","V"
"10/20/2017","13:19:15","5","default","957498349","OXY5","129.618","min","154.149","μmol/L","Humid","21.213","deg","90813","µV","36.030","°C","1018.000","hPa","37.0","pmil","0","55.500","deg","20.000","°C","100.000","%a.s.","22.500","deg","20.000","°C","1013.000","hPa","0.861","-0.02056","0.00035","-0.00011","0","14.7","Humid","26.25","0","52.00","342491.98","SABD0000000001","AAV1.0.0.11","2.0.0.28","PSt7-10","000000-000","10/20/2017 9:36:39 AM","0000-00","0","no battery","V"
"10/20/2017","13:19:16","5","default","957498349","OXY5","129.635","min","154.206","μmol/L","Humid","21.213","deg","90815","µV","36.020","°C","1018.000","hPa","37.0","pmil","0","55.500","deg","20.000","°C","100.000","%a.s.","22.500","deg","20.000","°C","1013.000","hPa","0.861","-0.02056","0.00035","-0.00011","0","14.7","Humid","26.25","0","52.00","342476.38","SABD0000000001","AAV1.0.0.11","2.0.0.28","PSt7-10","000000-000","10/20/2017 9:36:39 AM","0000-00","0","no battery","V"
"10/20/2017","13:19:17","5","default","957498349","OXY5","129.651","min","154.262","μmol/L","Humid","21.211","deg","90811","µV","36.015","°C","1018.000","hPa","37.0","pmil","0","55.500","deg","20.000","°C","100.000","%a.s.","22.500","deg","20.000","°C","1013.000","hPa","0.861","-0.02056","0.00035","-0.00011","0","14.7","Humid","26.25","0","52.00","342489.66","SABD0000000001","AAV1.0.0.11","2.0.0.28","PSt7-10","000000-000","10/20/2017 9:36:39 AM","0000-00","0","no battery","V"
"10/20/2017","13:19:18","5","default","957498349","OXY5","129.668","min","154.159","μmol/L","Humid","21.207","deg","90816","µV","36.042","°C","1018.000","hPa","37.0","pmil","0","55.500","deg","20.000","°C","100.000","%a.s.","22.500","deg","20.000","°C","1013.000","hPa","0.861","-0.02056","0.00035","-0.00011","0","14.7","Humid","26.25","0","52.00","342483.20","SABD0000000001","AAV1.0.0.11","2.0.0.28","PSt7-10","000000-000","10/20/2017 9:36:39 AM","0000-00","0","no battery","V"
"10/20/2017","13:19:19","5","default","957498349","OXY5","129.685","min","154.152","μmol/L","Humid","21.217","deg","90814","µV","36.020","°C","1018.000","hPa","37.0","pmil","0","55.500","deg","20.000","°C","100.000","%a.s.","22.500","deg","20.000","°C","1013.000","hPa","0.861","-0.02056","0.00035","-0.00011","0","14.7","Humid","26.25","0","52.00","342476.54","SABD0000000001","AAV1.0.0.11","2.0.0.28","PSt7-10","000000-000","10/20/2017 9:36:39 AM","0000-00","0","no battery","V"
"10/20/2017","13:19:20","5","default","957498349","OXY5","129.701","min","154.214","μmol/L","Humid","21.213","deg","90810","µV","36.019","°C","1018.000","hPa","37.0","pmil","0","55.500","deg","20.000","°C","100.000","%a.s.","22.500","deg","20.000","°C","1013.000","hPa","0.861","-0.02056","0.00035","-0.00011","0","14.7","Humid","26.25","0","52.00","342486.01","SABD0000000001","AAV1.0.0.11","2.0.0.28","PSt7-10","000000-000","10/20/2017 9:36:39 AM","0000-00","0","no battery","V"
"10/20/2017","13:19:21","5","default","957498349","OXY5","129.718","min","154.249","μmol/L","Humid","21.212","deg","90812","µV","36.015","°C","1018.000","hPa","37.0","pmil","0","55.500","deg","20.000","°C","100.000","%a.s.","22.500","deg","20.000","°C","1013.000","hPa","0.861","-0.02056","0.00035","-0.00011","0","14.7","Humid","26.25","0","52.00","342478.77","SABD0000000001","AAV1.0.0.11","2.0.0.28","PSt7-10","000000-000","10/20/2017 9:36:39 AM","0000-00","0","no battery","V"
"10/20/2017","13:19:22","5","default","957498349","OXY5","129.735","min","154.272","μmol/L","Humid","21.211","deg","90815","µV","36.014","°C","1018.000","hPa","37.0","pmil","0","55.500","deg","20.000","°C","100.000","%a.s.","22.500","deg","20.000","°C","1013.000","hPa","0.861","-0.02056","0.00035","-0.00011","0","14.7","Humid","26.25","0","52.00","342483.44","SABD0000000001","AAV1.0.0.11","2.0.0.28","PSt7-10","000000-000","10/20/2017 9:36:39 AM","0000-00","0","no battery","V"
"10/20/2017","13:19:23","5","default","957498349","OXY5","129.751","min","154.215","μmol/L","Humid","21.215","deg","90807","µV","36.014","°C","1018.000","hPa","37.0","pmil","0","55.500","deg","20.000","°C","100.000","%a.s.","22.500","deg","20.000","°C","1013.000","hPa","0.861","-0.02056","0.00035","-0.00011","0","14.7","Humid","26.25","0","52.00","342485.37","SABD0000000001","AAV1.0.0.11","2.0.0.28","PSt7-10","000000-000","10/20/2017 9:36:39 AM","0000-00","0","no battery","V"
"10/20/2017","13:19:24","5","default","957498349","OXY5","129.768","min","154.131","μmol/L","Humid","21.212","deg","90811","µV","36.035","°C","1018.000","hPa","37.0","pmil","0","55.500","deg","20.000","°C","100.000","%a.s.","22.500","deg","20.000","°C","1013.000","hPa","0.861","-0.02056","0.00035","-0.00011","0","14.7","Humid","26.25","0","52.00","342482.74","SABD0000000001","AAV1.0.0.11","2.0.0.28","PSt7-10","000000-000","10/20/2017 9:36:39 AM","0000-00","0","no battery","V"
"10/20/2017","13:19:25","5","default","957498349","OXY5","129.785","min","154.209","μmol/L","Humid","21.213","deg","90817","µV","36.020","°C","1018.000","hPa","37.0","pmil","0","55.500","deg","20.000","°C","100.000","%a.s.","22.500","deg","20.000","°C","1013.000","hPa","0.861","-0.02056","0.00035","-0.00011","0","14.7","Humid","26.25","0","52.00","342488.38","SABD0000000001","AAV1.0.0.11","2.0.0.28","PSt7-10","000000-000","10/20/2017 9:36:39 AM","0000-00","0","no battery","V"
"10/20/2017","13:19:26","5","default","957498349","OXY5","129.801","min","154.157","μmol/L","Humid","21.214","deg","90805","µV","36.026","°C","1018.000","hPa","37.0","pmil","0","55.500","deg","20.000","°C","100.000","%a.s.","22.500","deg","20.000","°C","1013.000","hPa","0.861","-0.02056","0.00035","-0.00011","0","14.7","Humid","26.25","0","52.00","342477.81","SABD0000000001","AAV1.0.0.11","2.0.0.28","PSt7-10","000000-000","10/20/2017 9:36:39 AM","0000-00","0","no battery","V"
"10/20/2017","13:19:27","5","default","957498349","OXY5","129.818","min","154.198","μmol/L","Humid","21.213","deg","90809","µV","36.022","°C","1018.000","hPa","37.0","pmil","0","55.500","deg","20.000","°C","100.000","%a.s.","22.500","deg","20.000","°C","1013.000","hPa","0.861","-0.02056","0.00035","-0.00011","0","14.7","Humid","26.25","0","52.00","342470.94","SABD0000000001","AAV1.0.0.11","2.0.0.28","PSt7-10","000000-000","10/20/2017 9:36:39 AM","0000-00","0","no battery","V"
"10/20/2017","13:19:28","5","default","957498349","OXY5","129.835","min","154.138","μmol/L","Humid","21.214","deg","90808","µV","36.029","°C","1018.000","hPa","37.0","pmil","0","55.500","deg","20.000","°C","100.000","%a.s.","22.500","deg","20.000","°C","1013.000","hPa","0.861","-0.02056","0.00035","-0.00011","0","14.7","Humid","26.25","0","52.00","342488.57","SABD0000000001","AAV1.0.0.11","2.0.0.28","PSt7-10","000000-000","10/20/2017 9:36:39 AM","0000-00","0","no battery","V"
"10/20/2017","13:19:29","5","default","957498349","OXY5","129.851","min","154.138","μmol/L","Humid","21.213","deg","90809","µV","36.032","°C","1018.000","hPa","37.0","pmil","0","55.500","deg","20.000","°C","100.000","%a.s.","22.500","deg","20.000","°C","1013.000","hPa","0.861","-0.02056","0.00035","-0.00011","0","14.7","Humid","26.25","0","52.00","342481.34","SABD0000000001","AAV1.0.0.11","2.0.0.28","PSt7-10","000000-000","10/20/2017 9:36:39 AM","0000-00","0","no battery","V"
"10/20/2017","13:19:30","5","default","957498349","OXY5","129.868","min","154.144","μmol/L","Humid","21.215","deg","90809","µV","36.026","°C","1018.000","hPa","37.0","pmil","0","55.500","deg","20.000","°C","100.000","%a.s.","22.500","deg","20.000","°C","1013.000","hPa","0.861","-0.02056","0.00035","-0.00011","0","14.7","Humid","26.25","0","52.00","342481.97","SABD0000000001","AAV1.0.0.11","2.0.0.28","PSt7-10","000000-000","10/20/2017 9:36:39 AM","0000-00","0","no battery","V"
"10/20/2017","13:19:31","5","default","957498349","OXY5","129.885","min","154.223","μmol/L","Humid","21.213","deg","90806","µV","36.017","°C","1018.000","hPa","37.0","pmil","0","55.500","deg","20.000","°C","100.000","%a.s.","22.500","deg","20.000","°C","1013.000","hPa","0.861","-0.02056","0.00035","-0.00011","0","14.7","Humid","26.25","0","52.00","342467.19","SABD0000000001","AAV1.0.0.11","2.0.0.28","PSt7-10","000000-000","10/20/2017 9:36:39 AM","0000-00","0","no battery","V"
"10/20/2017","13:19:32","5","default","957498349","OXY5","129.901","min","154.190","μmol/L","Humid","21.210","deg","90805","µV","36.030","°C","1018.000","hPa","37.0","pmil","0","55.500","deg","20.000","°C","100.000","%a.s.","22.500","deg","20.000","°C","1013.000","hPa","0.861","-0.02056","0.00035","-0.00011","0","14.7","Humid","26.25","0","52.00","342484.47","SABD0000000001","AAV1.0.0.11","2.0.0.28","PSt7-10","000000-000","10/20/2017 9:36:39 AM","0000-00","0","no battery","V"
"10/20/2017","13:19:33","5","default","957498349","OXY5","129.918","min","154.138","μmol/L","Humid","21.215","deg","90811","µV","36.027","°C","1018.000","hPa","37.0","pmil","0","55.500","deg","20.000","°C","100.000","%a.s.","22.500","deg","20.000","°C","1013.000","hPa","0.861","-0.02056","0.00035","-0.00011","0","14.7","Humid","26.25","0","52.00","342466.78","SABD0000000001","AAV1.0.0.11","2.0.0.28","PSt7-10","000000-000","10/20/2017 9:36:39 AM","0000-00","0","no battery","V"
"10/20/2017","13:19:34","5","default","957498349","OXY5","129.935","min","154.146","μmol/L","Humid","21.213","deg","90805","µV","36.030","°C","1018.000","hPa","37.0","pmil","0","55.500","deg","20.000","°C","100.000","%a.s.","22.500","deg","20.000","°C","1013.000","hPa","0.861","-0.02056","0.00035","-0.00011","0","14.7","Humid","26.25","0","52.00","342465.43","SABD0000000001","AAV1.0.0.11","2.0.0.28","PSt7-10","000000-000","10/20/2017 9:36:39 AM","0000-00","0","no battery","V"
"10/20/2017","13:19:35","5","default","957498349","OXY5","129.951","min","154.172","μmol/L","Humid","21.212","deg","90806","µV","36.028","°C","1018.000","hPa","37.0","pmil","0","55.500","deg","20.000","°C","100.000","%a.s.","22.500","deg","20.000","°C","1013.000","hPa","0.861","-0.02056","0.00035","-0.00011","0","14.7","Humid","26.25","0","52.00","342467.79","SABD0000000001","AAV1.0.0.11","2.0.0.28","PSt7-10","000000-000","10/20/2017 9:36:39 AM","0000-00","0","no battery","V"
"10/20/2017","13:19:36","5","default","957498349","OXY5","129.968","min","154.178","μmol/L","Humid","21.212","deg","90810","µV","36.027","°C","1018.000","hPa","37.0","pmil","0","55.500","deg","20.000","°C","100.000","%a.s.","22.500","deg","20.000","°C","1013.000","hPa","0.861","-0.02056","0.00035","-0.00011","0","14.7","Humid","26.25","0","52.00","342475.41","SABD0000000001","AAV1.0.0.11","2.0.0.28","PSt7-10","000000-000","10/20/2017 9:36:39 AM","0000-00","0","no battery","V"
"10/20/2017","13:19:37","5","default","957498349","OXY5","129.985","min","154.181","μmol/L","Humid","21.211","deg","90810","µV","36.029","°C","1018.000","hPa","37.0","pmil","0","55.500","deg","20.000","°C","100.000","%a.s.","22.500","deg","20.000","°C","1013.000","hPa","0.861","-0.02056","0.00035","-0.00011","0","14.7","Humid","26.25","0","52.00","342468.37","SABD0000000001","AAV1.0.0.11","2.0.0.28","PSt7-10","000000-000","10/20/2017 9:36:39 AM","0000-00","0","no battery","V"
"10/20/2017","13:19:38","5","default","957498349","OXY5","130.002","min","154.227","μmol/L","Humid","21.207","deg","90810","µV","36.031","°C","1018.000","hPa","37.0","pmil","0","55.500","deg","20.000","°C","100.000","%a.s.","22.500","deg","20.000","°C","1013.000","hPa","0.861","-0.02056","0.00035","-0.00011","0","14.7","Humid","26.25","0","52.00","342456.56","SABD0000000001","AAV1.0.0.11","2.0.0.28","PSt7-10","000000-000","10/20/2017 9:36:39 AM","0000-00","0","no battery","V"
"10/20/2017","13:19:39","5","default","957498349","OXY5","130.018","min","154.225","μmol/L","Humid","21.210","deg","90807","µV","36.024","°C","1018.000","hPa","37.0","pmil","0","55.500","deg","20.000","°C","100.000","%a.s.","22.500","deg","20.000","°C","1013.000","hPa","0.861","-0.02056","0.00035","-0.00011","0","14.7","Humid","26.25","0","52.00","342462.97","SABD0000000001","AAV1.0.0.11","2.0.0.28","PSt7-10","000000-000","10/20/2017 9:36:39 AM","0000-00","0","no battery","V"
"10/20/2017","13:19:40","5","default","957498349","OXY5","130.035","min","154.261","μmol/L","Humid","21.208","deg","90812","µV","36.023","°C","1018.000","hPa","37.0","pmil","0","55.500","deg","20.000","°C","100.000","%a.s.","22.500","deg","20.000","°C","1013.000","hPa","0.861","-0.02056","0.00035","-0.00011","0","14.7","Humid","26.25","0","52.00","342457.06","SABD0000000001","AAV1.0.0.11","2.0.0.28","PSt7-10","000000-000","10/20/2017 9:36:39 AM","0000-00","0","no battery","V"
"10/20/2017","13:19:41","5","default","957498349","OXY5","130.052","min","154.129","μmol/L","Humid","21.213","deg","90807","µV","36.033","°C","1018.000","hPa","37.0","pmil","0","55.500","deg","20.000","°C","100.000","%a.s.","22.500","deg","20.000","°C","1013.000","hPa","0.861","-0.02056","0.00035","-0.00011","0","14.7","Humid","26.25","0","52.00","342451.39","SABD0000000001","AAV1.0.0.11","2.0.0.28","PSt7-10","000000-000","10/20/2017 9:36:39 AM","0000-00","0","no battery","V"
"10/20/2017","13:19:42","5","default","957498349","OXY5","130.068","min","154.216","μmol/L","Humid","21.210","deg","90798","µV","36.026","°C","1018.000","hPa","37.0","pmil","0","55.500","deg","20.000","°C","100.000","%a.s.","22.500","deg","20.000","°C","1013.000","hPa","0.861","-0.02056","0.00035","-0.00011","0","14.7","Humid","26.25","0","52.00","342457.39","SABD0000000001","AAV1.0.0.11","2.0.0.28","PSt7-10","000000-000","10/20/2017 9:36:39 AM","0000-00","0","no battery","V"
"10/20/2017","13:19:43","5","default","957498349","OXY5","130.085","min","154.116","μmol/L","Humid","21.213","deg","90801","µV","36.035","°C","1018.000","hPa","37.0","pmil","0","55.500","deg","20.000","°C","100.000","%a.s.","22.500","deg","20.000","°C","1013.000","hPa","0.861","-0.02056","0.00035","-0.00011","0","14.7","Humid","26.25","0","52.00","342455.37","SABD0000000001","AAV1.0.0.11","2.0.0.28","PSt7-10","000000-000","10/20/2017 9:36:39 AM","0000-00","0","no battery","V"
"10/20/2017","13:19:44","5","default","957498349","OXY5","130.102","min","154.194","μmol/L","Humid","21.209","deg","90800","µV","36.032","°C","1018.000","hPa","37.0","pmil","0","55.500","deg","20.000","°C","100.000","%a.s.","22.500","deg","20.000","°C","1013.000","hPa","0.861","-0.02056","0.00035","-0.00011","0","14.7","Humid","26.25","0","52.00","342454.43","SABD0000000001","AAV1.0.0.11","2.0.0.28","PSt7-10","000000-000","10/20/2017 9:36:39 AM","0000-00","0","no battery","V"
"10/20/2017","13:19:45","5","default","957498349","OXY5","130.118","min","154.185","μmol/L","Humid","21.212","deg","90809","µV","36.026","°C","1018.000","hPa","37.0","pmil","0","55.500","deg","20.000","°C","100.000","%a.s.","22.500","deg","20.000","°C","1013.000","hPa","0.861","-0.02056","0.00035","-0.00011","0","14.7","Humid","26.25","0","52.00","342461.81","SABD0000000001","AAV1.0.0.11","2.0.0.28","PSt7-10","000000-000","10/20/2017 9:36:39 AM","0000-00","0","no battery","V"
"10/20/2017","13:19:46","5","default","957498349","OXY5","130.135","min","154.149","μmol/L","Humid","21.213","deg","90804","µV","36.030","°C","1018.000","hPa","37.0","pmil","0","55.500","deg","20.000","°C","100.000","%a.s.","22.500","deg","20.000","°C","1013.000","hPa","0.861","-0.02056","0.00035","-0.00011","0","14.7","Humid","26.25","0","52.00","342458.08","SABD0000000001","AAV1.0.0.11","2.0.0.28","PSt7-10","000000-000","10/20/2017 9:36:39 AM","0000-00","0","no battery","V"
"10/20/2017","13:19:47","5","default","957498349","OXY5","130.152","min","154.156","μmol/L","Humid","21.213","deg","90812","µV","36.029","°C","1018.000","hPa","37.0","pmil","0","55.500","deg","20.000","°C","100.000","%a.s.","22.500","deg","20.000","°C","1013.000","hPa","0.861","-0.02056","0.00035","-0.00011","0","14.7","Humid","26.25","0","52.00","342463.38","SABD0000000001","AAV1.0.0.11","2.0.0.28","PSt7-10","000000-000","10/20/2017 9:36:39 AM","0000-00","0","no battery","V"
"10/20/2017","13:19:48","5","default","957498349","OXY5","130.168","min","154.120","μmol/L","Humid","21.215","deg","90806","µV","36.030","°C","1018.000","hPa","37.0","pmil","0","55.500","deg","20.000","°C","100.000","%a.s.","22.500","deg","20.000","°C","1013.000","hPa","0.861","-0.02056","0.00035","-0.00011","0","14.7","Humid","26.25","0","52.00","342453.91","SABD0000000001","AAV1.0.0.11","2.0.0.28","PSt7-10","000000-000","10/20/2017 9:36:39 AM","0000-00","0","no battery","V"
"10/20/2017","13:19:49","5","default","957498349","OXY5","130.185","min","154.196","μmol/L","Humid","21.210","deg","90811","µV","36.029","°C","1018.000","hPa","37.0","pmil","0","55.500","deg","20.000","°C","100.000","%a.s.","22.500","deg","20.000","°C","1013.000","hPa","0.861","-0.02056","0.00035","-0.00011","0","14.7","Humid","26.25","0","52.00","342476.21","SABD0000000001","AAV1.0.0.11","2.0.0.28","PSt7-10","000000-000","10/20/2017 9:36:39 AM","0000-00","0","no battery","V"
"10/20/2017","13:19:50","5","default","957498349","OXY5","130.202","min","154.146","μmol/L","Humid","21.209","deg","90807","µV","36.040","°C","1018.000","hPa","37.0","pmil","0","55.500","deg","20.000","°C","100.000","%a.s.","22.500","deg","20.000","°C","1013.000","hPa","0.861","-0.02056","0.00035","-0.00011","0","14.7","Humid","26.25","0","52.00","342443.45","SABD0000000001","AAV1.0.0.11","2.0.0.28","PSt7-10","000000-000","10/20/2017 9:36:39 AM","0000-00","0","no battery","V"
"10/20/2017","13:19:51","5","default","957498349","OXY5","130.218","min","154.142","μmol/L","Humid","21.211","deg","90805","µV","36.036","°C","1018.000","hPa","37.0","pmil","0","55.500","deg","20.000","°C","100.000","%a.s.","22.500","deg","20.000","°C","1013.000","hPa","0.861","-0.02056","0.00035","-0.00011","0","14.7","Humid","26.25","0","52.00","342444.07","SABD0000000001","AAV1.0.0.11","2.0.0.28","PSt7-10","000000-000","10/20/2017 9:36:39 AM","0000-00","0","no battery","V"
"10/20/2017","13:19:52","5","default","957498349","OXY5","130.234","min","154.129","μmol/L","Humid","21.211","deg","90800","µV","36.038","°C","1018.000","hPa","37.0","pmil","0","55.500","deg","20.000","°C","100.000","%a.s.","22.500","deg","20.000","°C","1013.000","hPa","0.861","-0.02056","0.00035","-0.00011","0","14.7","Humid","26.25","0","52.00","342462.60","SABD0000000001","AAV1.0.0.11","2.0.0.28","PSt7-10","000000-000","10/20/2017 9:36:39 AM","0000-00","0","no battery","V"
"10/20/2017","13:19:53","5","default","957498349","OXY5","130.251","min","154.152","μmol/L","Humid","21.213","deg","90802","µV","36.029","°C","1018.000","hPa","37.0","pmil","0","55.500","deg","20.000","°C","100.000","%a.s.","22.500","deg","20.000","°C","1013.000","hPa","0.861","-0.02056","0.00035","-0.00011","0","14.7","Humid","26.25","0","52.00","342443.04","SABD0000000001","AAV1.0.0.11","2.0.0.28","PSt7-10","000000-000","10/20/2017 9:36:39 AM","0000-00","0","no battery","V"
"10/20/2017","13:19:54","5","default","957498349","OXY5","130.268","min","154.122","μmol/L","Humid","21.215","deg","90798","µV","36.030","°C","1018.000","hPa","37.0","pmil","0","55.500","deg","20.000","°C","100.000","%a.s.","22.500","deg","20.000","°C","1013.000","hPa","0.861","-0.02056","0.00035","-0.00011","0","14.7","Humid","26.25","0","52.00","342446.52","SABD0000000001","AAV1.0.0.11","2.0.0.28","PSt7-10","000000-000","10/20/2017 9:36:39 AM","0000-00","0","no battery","V"
"10/20/2017","13:19:55","5","default","957498349","OXY5","130.284","min","154.142","μmol/L","Humid","21.213","deg","90807","µV","36.031","°C","1018.000","hPa","37.0","pmil","0","55.500","deg","20.000","°C","100.000","%a.s.","22.500","deg","20.000","°C","1013.000","hPa","0.861","-0.02056","0.00035","-0.00011","0","14.7","Humid","26.25","0","52.00","342455.28","SABD0000000001","AAV1.0.0.11","2.0.0.28","PSt7-10","000000-000","10/20/2017 9:36:39 AM","0000-00","0","no battery","V"
"10/20/2017","13:19:56","5","default","957498349","OXY5","130.301","min","154.092","μmol/L","Humid","21.212","deg","90805","µV","36.042","°C","1018.000","hPa","37.0","pmil","0","55.500","deg","20.000","°C","100.000","%a.s.","22.500","deg","20.000","°C","1013.000","hPa","0.861","-0.02056","0.00035","-0.00011","0","14.7","Humid","26.25","0","52.00","342438.67","SABD0000000001","AAV1.0.0.11","2.0.0.28","PSt7-10","000000-000","10/20/2017 9:36:39 AM","0000-00","0","no battery","V"
"10/20/2017","13:19:57","5","default","957498349","OXY5","130.318","min","154.110","μmol/L","Humid","21.214","deg","90798","µV","36.034","°C","1018.000","hPa","37.0","pmil","0","55.500","deg","20.000","°C","100.000","%a.s.","22.500","deg","20.000","°C","1013.000","hPa","0.861","-0.02056","0.00035","-0.00011","0","14.7","Humid","26.25","0","52.00","342454.54","SABD0000000001","AAV1.0.0.11","2.0.0.28","PSt7-10","000000-000","10/20/2017 9:36:39 AM","0000-00","0","no battery","V"
"10/20/2017","13:19:58","5","default","957498349","OXY5","130.334","min","154.239","μmol/L","Humid","21.210","deg","90801","µV","36.022","°C","1018.000","hPa","37.0","pmil","0","55.500","deg","20.000","°C","100.000","%a.s.","22.500","deg","20.000","°C","1013.000","hPa","0.861","-0.02056","0.00035","-0.00011","0","14.7","Humid","26.25","0","52.00","342443.68","SABD0000000001","AAV1.0.0.11","2.0.0.28","PSt7-10","000000-000","10/20/2017 9:36:39 AM","0000-00","0","no battery","V"
"10/20/2017","13:19:59","5","default","957498349","OXY5","130.351","min","154.189","μmol/L","Humid","21.213","deg","90807","µV","36.023","°C","1018.000","hPa","37.0","pmil","0","55.500","deg","20.000","°C","100.000","%a.s.","22.500","deg","20.000","°C","1013.000","hPa","0.861","-0.02056","0.00035","-0.00011","0","14.7","Humid","26.25","0","52.00","342451.54","SABD0000000001","AAV1.0.0.11","2.0.0.28","PSt7-10","000000-000","10/20/2017 9:36:39 AM","0000-00","0","no battery","V"
"10/20/2017","13:20:00","5","default","957498349","OXY5","130.368","min","154.198","μmol/L","Humid","21.211","deg","90804","µV","36.026","°C","1018.000","hPa","37.0","pmil","0","55.500","deg","20.000","°C","100.000","%a.s.","22.500","deg","20.000","°C","1013.000","hPa","0.861","-0.02056","0.00035","-0.00011","0","14.7","Humid","26.25","0","52.00","342437.28","SABD0000000001","AAV1.0.0.11","2.0.0.28","PSt7-10","000000-000","10/20/2017 9:36:39 AM","0000-00","0","no battery","V"
"10/20/2017","13:20:01","5","default","957498349","OXY5","130.384","min","154.111","μmol/L","Humid","21.212","deg","90802","µV","36.039","°C","1018.000","hPa","37.0","pmil","0","55.500","deg","20.000","°C","100.000","%a.s.","22.500","deg","20.000","°C","1013.000","hPa","0.861","-0.02056","0.00035","-0.00011","0","14.7","Humid","26.25","0","52.00","342441.06","SABD0000000001","AAV1.0.0.11","2.0.0.28","PSt7-10","000000-000","10/20/2017 9:36:39 AM","0000-00","0","no battery","V"
"10/20/2017","13:20:02","5","default","957498349","OXY5","130.401","min","154.102","μmol/L","Humid","21.212","deg","90805","µV","36.040","°C","1018.000","hPa","37.0","pmil","0","55.500","deg","20.000","°C","100.000","%a.s.","22.500","deg","20.000","°C","1013.000","hPa","0.861","-0.02056","0.00035","-0.00011","0","14.7","Humid","26.25","0","52.00","342444.19","SABD0000000001","AAV1.0.0.11","2.0.0.28","PSt7-10","000000-000","10/20/2017 9:36:39 AM","0000-00","0","no battery","V"
"10/20/2017","13:20:03","5","default","957498349","OXY5","130.418","min","154.283","μmol/L","Humid","21.214","deg","90797","µV","36.005","°C","1018.000","hPa","37.0","pmil","0","55.500","deg","20.000","°C","100.000","%a.s.","22.500","deg","20.000","°C","1013.000","hPa","0.861","-0.02056","0.00035","-0.00011","0","14.7","Humid","26.25","0","52.00","342452.14","SABD0000000001","AAV1.0.0.11","2.0.0.28","PSt7-10","000000-000","10/20/2017 9:36:39 AM","0000-00","0","no battery","V"
"10/20/2017","13:20:04","5","default","957498349","OXY5","130.434","min","154.136","μmol/L","Humid","21.215","deg","90804","µV","36.027","°C","1018.000","hPa","37.0","pmil","0","55.500","deg","20.000","°C","100.000","%a.s.","22.500","deg","20.000","°C","1013.000","hPa","0.861","-0.02056","0.00035","-0.00011","0","14.7","Humid","26.25","0","52.00","342432.55","SABD0000000001","AAV1.0.0.11","2.0.0.28","PSt7-10","000000-000","10/20/2017 9:36:39 AM","0000-00","0","no battery","V"
"10/20/2017","13:20:05","5","default","957498349","OXY5","130.451","min","154.087","μmol/L","Humid","21.212","deg","90797","µV","36.043","°C","1018.000","hPa","37.0","pmil","0","55.500","deg","20.000","°C","100.000","%a.s.","22.500","deg","20.000","°C","1013.000","hPa","0.861","-0.02056","0.00035","-0.00011","0","14.7","Humid","26.25","0","52.00","342428.57","SABD0000000001","AAV1.0.0.11","2.0.0.28","PSt7-10","000000-000","10/20/2017 9:36:39 AM","0000-00","0","no battery","V"
"10/20/2017","13:20:06","5","default","957498349","OXY5","130.468","min","154.142","μmol/L","Humid","21.213","deg","90800","µV","36.031","°C","1018.000","hPa","37.0","pmil","0","55.500","deg","20.000","°C","100.000","%a.s.","22.500","deg","20.000","°C","1013.000","hPa","0.861","-0.02056","0.00035","-0.00011","0","14.7","Humid","26.25","0","52.00","342429.12","SABD0000000001","AAV1.0.0.11","2.0.0.28","PSt7-10","000000-000","10/20/2017 9:36:39 AM","0000-00","0","no battery","V"
"10/20/2017","13:20:07","5","default","957498349","OXY5","130.485","min","154.178","μmol/L","Humid","21.213","deg","90803","µV","36.025","°C","1018.000","hPa","37.0","pmil","0","55.500","deg","20.000","°C","100.000","%a.s.","22.500","deg","20.000","°C","1013.000","hPa","0.861","-0.02056","0.00035","-0.00011","0","14.7","Humid","26.25","0","52.00","342427.77","SABD0000000001","AAV1.0.0.11","2.0.0.28","PSt7-10","000000-000","10/20/2017 9:36:39 AM","0000-00","0","no battery","V"
"10/20/2017","13:20:08","5","default","957498349","OXY5","130.501","min","154.156","μmol/L","Humid","21.215","deg","90806","µV","36.024","°C","1018.000","hPa","37.0","pmil","0","55.500","deg","20.000","°C","100.000","%a.s.","22.500","deg","20.000","°C","1013.000","hPa","0.861","-0.02056","0.00035","-0.00011","0","14.7","Humid","26.25","0","52.00","342430.52","SABD0000000001","AAV1.0.0.11","2.0.0.28","PSt7-10","000000-000","10/20/2017 9:36:39 AM","0000-00","0","no battery","V"
"10/20/2017","13:20:09","5","default","957498349","OXY5","130.518","min","154.120","μmol/L","Humid","21.213","deg","90803","µV","36.035","°C","1018.000","hPa","37.0","pmil","0","55.500","deg","20.000","°C","100.000","%a.s.","22.500","deg","20.000","°C","1013.000","hPa","0.861","-0.02056","0.00035","-0.00011","0","14.7","Humid","26.25","0","52.00","342443.38","SABD0000000001","AAV1.0.0.11","2.0.0.28","PSt7-10","000000-000","10/20/2017 9:36:39 AM","0000-00","0","no battery","V"
"10/20/2017","13:20:10","5","default","957498349","OXY5","130.535","min","154.156","μmol/L","Humid","21.212","deg","90805","µV","36.031","°C","1018.000","hPa","37.0","pmil","0","55.500","deg","20.000","°C","100.000","%a.s.","22.500","deg","20.000","°C","1013.000","hPa","0.861","-0.02056","0.00035","-0.00011","0","14.7","Humid","26.25","0","52.00","342433.86","SABD0000000001","AAV1.0.0.11","2.0.0.28","PSt7-10","000000-000","10/20/2017 9:36:39 AM","0000-00","0","no battery","V"
"10/20/2017","13:20:11","5","default","957498349","OXY5","130.551","min","154.134","μmol/L","Humid","21.214","deg","90805","µV","36.030","°C","1018.000","hPa","37.0","pmil","0","55.500","deg","20.000","°C","100.000","%a.s.","22.500","deg","20.000","°C","1013.000","hPa","0.861","-0.02056","0.00035","-0.00011","0","14.7","Humid","26.25","0","52.00","342422.24","SABD0000000001","AAV1.0.0.11","2.0.0.28","PSt7-10","000000-000","10/20/2017 9:36:39 AM","0000-00","0","no battery","V"
"10/20/2017","13:20:12","5","default","957498349","OXY5","130.568","min","154.172","μmol/L","Humid","21.215","deg","90802","µV","36.021","°C","1018.000","hPa","37.0","pmil","0","55.500","deg","20.000","°C","100.000","%a.s.","22.500","deg","20.000","°C","1013.000","hPa","0.861","-0.02056","0.00035","-0.00011","0","14.7","Humid","26.25","0","52.00","342427.58","SABD0000000001","AAV1.0.0.11","2.0.0.28","PSt7-10","000000-000","10/20/2017 9:36:39 AM","0000-00","0","no battery","V"
"10/20/2017","13:20:13","5","default","957498349","OXY5","130.585","min","154.231","μmol/L","Humid","21.212","deg","90806","µV","36.018","°C","1018.000","hPa","37.0","pmil","0","55.500","deg","20.000","°C","100.000","%a.s.","22.500","deg","20.000","°C","1013.000","hPa","0.861","-0.02056","0.00035","-0.00011","0","14.7","Humid","26.25","0","52.00","342436.44","SABD0000000001","AAV1.0.0.11","2.0.0.28","PSt7-10","000000-000","10/20/2017 9:36:39 AM","0000-00","0","no battery","V"
"10/20/2017","13:20:14","5","default","957498349","OXY5","130.601","min","154.142","μmol/L","Humid","21.213","deg","90808","µV","36.031","°C","1018.000","hPa","37.0","pmil","0","55.500","deg","20.000","°C","100.000","%a.s.","22.500","deg","20.000","°C","1013.000","hPa","0.861","-0.02056","0.00035","-0.00011","0","14.7","Humid","26.25","0","52.00","342448.24","SABD0000000001","AAV1.0.0.11","2.0.0.28","PSt7-10","000000-000","10/20/2017 9:36:39 AM","0000-00","0","no battery","V"
"10/20/2017","13:20:15","5","default","957498349","OXY5","130.618","min","154.120","μmol/L","Humid","21.214","deg","90804","µV","36.032","°C","1018.000","hPa","37.0","pmil","0","55.500","deg","20.000","°C","100.000","%a.s.","22.500","deg","20.000","°C","1013.000","hPa","0.861","-0.02056","0.00035","-0.00011","0","14.7","Humid","26.25","0","52.00","342437.62","SABD0000000001","AAV1.0.0.11","2.0.0.28","PSt7-10","000000-000","10/20/2017 9:36:39 AM","0000-00","0","no battery","V"
"10/20/2017","13:20:16","5","default","957498349","OXY5","130.635","min","154.057","μmol/L","Humid","21.218","deg","90802","µV","36.034","°C","1018.000","hPa","37.0","pmil","0","55.500","deg","20.000","°C","100.000","%a.s.","22.500","deg","20.000","°C","1013.000","hPa","0.861","-0.02056","0.00035","-0.00011","0","14.7","Humid","26.25","0","52.00","342431.84","SABD0000000001","AAV1.0.0.11","2.0.0.28","PSt7-10","000000-000","10/20/2017 9:36:39 AM","0000-00","0","no battery","V"
"10/20/2017","13:20:17","5","default","957498349","OXY5","130.652","min","154.183","μmol/L","Humid","21.212","deg","90797","µV","36.026","°C","1018.000","hPa","37.0","pmil","0","55.500","deg","20.000","°C","100.000","%a.s.","22.500","deg","20.000","°C","1013.000","hPa","0.861","-0.02056","0.00035","-0.00011","0","14.7","Humid","26.25","0","52.00","342422.84","SABD0000000001","AAV1.0.0.11","2.0.0.28","PSt7-10","000000-000","10/20/2017 9:36:39 AM","0000-00","0","no battery","V"
"10/20/2017","13:20:18","5","default","957498349","OXY5","130.668","min","154.177","μmol/L","Humid","21.215","deg","90800","µV","36.020","°C","1018.000","hPa","37.0","pmil","0","55.500","deg","20.000","°C","100.000","%a.s.","22.500","deg","20.000","°C","1013.000","hPa","0.861","-0.02056","0.00035","-0.00011","0","14.7","Humid","26.25","0","52.00","342420.13","SABD0000000001","AAV1.0.0.11","2.0.0.28","PSt7-10","000000-000","10/20/2017 9:36:39 AM","0000-00","0","no battery","V"
"10/20/2017","13:20:19","5","default","957498349","OXY5","130.685","min","154.190","μmol/L","Humid","21.213","deg","90802","µV","36.023","°C","1018.000","hPa","37.0","pmil","0","55.500","deg","20.000","°C","100.000","%a.s.","22.500","deg","20.000","°C","1013.000","hPa","0.861","-0.02056","0.00035","-0.00011","0","14.7","Humid","26.25","0","52.00","342428.09","SABD0000000001","AAV1.0.0.11","2.0.0.28","PSt7-10","000000-000","10/20/2017 9:36:39 AM","0000-00","0","no battery","V"
"10/20/2017","13:20:20","5","default","957498349","OXY5","130.702","min","154.253","μmol/L","Humid","21.209","deg","90810","µV","36.022","°C","1018.000","hPa","37.0","pmil","0","55.500","deg","20.000","°C","100.000","%a.s.","22.500","deg","20.000","°C","1013.000","hPa","0.861","-0.02056","0.00035","-0.00011","0","14.7","Humid","26.25","0","52.00","342439.05","SABD0000000001","AAV1.0.0.11","2.0.0.28","PSt7-10","000000-000","10/20/2017 9:36:39 AM","0000-00","0","no battery","V"
"10/20/2017","13:20:21","5","default","957498349","OXY5","130.718","min","154.100","μmol/L","Humid","21.217","deg","90801","µV","36.029","°C","1018.000","hPa","37.0","pmil","0","55.500","deg","20.000","°C","100.000","%a.s.","22.500","deg","20.000","°C","1013.000","hPa","0.861","-0.02056","0.00035","-0.00011","0","14.7","Humid","26.25","0","52.00","342433.76","SABD0000000001","AAV1.0.0.11","2.0.0.28","PSt7-10","000000-000","10/20/2017 9:36:39 AM","0000-00","0","no battery","V"
"10/20/2017","13:20:22","5","default","957498349","OXY5","130.735","min","154.107","μmol/L","Humid","21.216","deg","90796","µV","36.030","°C","1018.000","hPa","37.0","pmil","0","55.500","deg","20.000","°C","100.000","%a.s.","22.500","deg","20.000","°C","1013.000","hPa","0.861","-0.02056","0.00035","-0.00011","0","14.7","Humid","26.25","0","52.00","342427.82","SABD0000000001","AAV1.0.0.11","2.0.0.28","PSt7-10","000000-000","10/20/2017 9:36:39 AM","0000-00","0","no battery","V"
"10/20/2017","13:20:23","5","default","957498349","OXY5","130.752","min","154.193","μmol/L","Humid","21.210","deg","90804","µV","36.029","°C","1018.000","hPa","37.0","pmil","0","55.500","deg","20.000","°C","100.000","%a.s.","22.500","deg","20.000","°C","1013.000","hPa","0.861","-0.02056","0.00035","-0.00011","0","14.7","Humid","26.25","0","52.00","342439.92","SABD0000000001","AAV1.0.0.11","2.0.0.28","PSt7-10","000000-000","10/20/2017 9:36:39 AM","0000-00","0","no battery","V"
"10/20/2017","13:20:24","5","default","957498349","OXY5","130.768","min","154.144","μmol/L","Humid","21.213","deg","90804","µV","36.031","°C","1018.000","hPa","37.0","pmil","0","55.500","deg","20.000","°C","100.000","%a.s.","22.500","deg","20.000","°C","1013.000","hPa","0.861","-0.02056","0.00035","-0.00011","0","14.7","Humid","26.25","0","52.00","342434.35","SABD0000000001","AAV1.0.0.11","2.0.0.28","PSt7-10","000000-000","10/20/2017 9:36:39 AM","0000-00","0","no battery","V"
"10/20/2017","13:20:25","5","default","957498349","OXY5","130.784","min","154.126","μmol/L","Humid","21.212","deg","90807","µV","36.036","°C","1018.000","hPa","37.0","pmil","0","55.500","deg","20.000","°C","100.000","%a.s.","22.500","deg","20.000","°C","1013.000","hPa","0.861","-0.02056","0.00035","-0.00011","0","14.7","Humid","26.25","0","52.00","342418.51","SABD0000000001","AAV1.0.0.11","2.0.0.28","PSt7-10","000000-000","10/20/2017 9:36:39 AM","0000-00","0","no battery","V"
"10/20/2017","13:20:26","5","default","957498349","OXY5","130.801","min","154.045","μmol/L","Humid","21.214","deg","90795","µV","36.045","°C","1018.000","hPa","37.0","pmil","0","55.500","deg","20.000","°C","100.000","%a.s.","22.500","deg","20.000","°C","1013.000","hPa","0.861","-0.02056","0.00035","-0.00011","0","14.7","Humid","26.25","0","52.00","342428.64","SABD0000000001","AAV1.0.0.11","2.0.0.28","PSt7-10","000000-000","10/20/2017 9:36:39 AM","0000-00","0","no battery","V"
"10/20/2017","13:20:27","5","default","957498349","OXY5","130.818","min","154.124","μmol/L","Humid","21.210","deg","90801","µV","36.041","°C","1018.000","hPa","37.0","pmil","0","55.500","deg","20.000","°C","100.000","%a.s.","22.500","deg","20.000","°C","1013.000","hPa","0.861","-0.02056","0.00035","-0.00011","0","14.7","Humid","26.25","0","52.00","342412.92","SABD0000000001","AAV1.0.0.11","2.0.0.28","PSt7-10","000000-000","10/20/2017 9:36:39 AM","0000-00","0","no battery","V"
"10/20/2017","13:20:28","5","default","957498349","OXY5","130.834","min","154.134","μmol/L","Humid","21.210","deg","90804","µV","36.040","°C","1018.000","hPa","37.0","pmil","0","55.500","deg","20.000","°C","100.000","%a.s.","22.500","deg","20.000","°C","1013.000","hPa","0.861","-0.02056","0.00035","-0.00011","0","14.7","Humid","26.25","0","52.00","342424.00","SABD0000000001","AAV1.0.0.11","2.0.0.28","PSt7-10","000000-000","10/20/2017 9:36:39 AM","0000-00","0","no battery","V"
"10/20/2017","13:20:29","5","default","957498349","OXY5","130.855","min","154.022","μmol/L","Humid","21.214","deg","90808","µV","36.049","°C","1018.000","hPa","37.0","pmil","0","55.500","deg","20.000","°C","100.000","%a.s.","22.500","deg","20.000","°C","1013.000","hPa","0.861","-0.02056","0.00035","-0.00011","0","14.7","Humid","26.25","0","52.00","342427.14","SABD0000000001","AAV1.0.0.11","2.0.0.28","PSt7-10","000000-000","10/20/2017 9:36:39 AM","0000-00","0","no battery","V"
"10/20/2017","13:20:30","5","default","957498349","OXY5","130.868","min","154.063","μmol/L","Humid","21.210","deg","90798","µV","36.051","°C","1018.000","hPa","37.0","pmil","0","55.500","deg","20.000","°C","100.000","%a.s.","22.500","deg","20.000","°C","1013.000","hPa","0.861","-0.02056","0.00035","-0.00011","0","14.7","Humid","26.25","0","52.00","342412.39","SABD0000000001","AAV1.0.0.11","2.0.0.28","PSt7-10","000000-000","10/20/2017 9:36:39 AM","0000-00","0","no battery","V"
"10/20/2017","13:20:31","5","default","957498349","OXY5","130.884","min","154.104","μmol/L","Humid","21.213","deg","90802","µV","36.038","°C","1018.000","hPa","37.0","pmil","0","55.500","deg","20.000","°C","100.000","%a.s.","22.500","deg","20.000","°C","1013.000","hPa","0.861","-0.02056","0.00035","-0.00011","0","14.7","Humid","26.25","0","52.00","342412.74","SABD0000000001","AAV1.0.0.11","2.0.0.28","PSt7-10","000000-000","10/20/2017 9:36:39 AM","0000-00","0","no battery","V"
"10/20/2017","13:20:32","5","default","957498349","OXY5","130.901","min","154.162","μmol/L","Humid","21.213","deg","90795","µV","36.028","°C","1018.000","hPa","37.0","pmil","0","55.500","deg","20.000","°C","100.000","%a.s.","22.500","deg","20.000","°C","1013.000","hPa","0.861","-0.02056","0.00035","-0.00011","0","14.7","Humid","26.25","0","52.00","342407.30","SABD0000000001","AAV1.0.0.11","2.0.0.28","PSt7-10","000000-000","10/20/2017 9:36:39 AM","0000-00","0","no battery","V"
"10/20/2017","13:20:33","5","default","957498349","OXY5","130.918","min","154.133","μmol/L","Humid","21.216","deg","90799","µV","36.026","°C","1018.000","hPa","37.0","pmil","0","55.500","deg","20.000","°C","100.000","%a.s.","22.500","deg","20.000","°C","1013.000","hPa","0.861","-0.02056","0.00035","-0.00011","0","14.7","Humid","26.25","0","52.00","342411.02","SABD0000000001","AAV1.0.0.11","2.0.0.28","PSt7-10","000000-000","10/20/2017 9:36:39 AM","0000-00","0","no battery","V"
"10/20/2017","13:20:34","5","default","957498349","OXY5","130.934","min","154.112","μmol/L","Humid","21.213","deg","90792","µV","36.036","°C","1018.000","hPa","37.0","pmil","0","55.500","deg","20.000","°C","100.000","%a.s.","22.500","deg","20.000","°C","1013.000","hPa","0.861","-0.02056","0.00035","-0.00011","0","14.7","Humid","26.25","0","52.00","342411.42","SABD0000000001","AAV1.0.0.11","2.0.0.28","PSt7-10","000000-000","10/20/2017 9:36:39 AM","0000-00","0","no battery","V"
"10/20/2017","13:20:35","5","default","957498349","OXY5","130.951","min","154.206","μmol/L","Humid","21.208","deg","90788","µV","36.032","°C","1018.000","hPa","37.0","pmil","0","55.500","deg","20.000","°C","100.000","%a.s.","22.500","deg","20.000","°C","1013.000","hPa","0.861","-0.02056","0.00035","-0.00011","0","14.7","Humid","26.25","0","52.00","342412.65","SABD0000000001","AAV1.0.0.11","2.0.0.28","PSt7-10","000000-000","10/20/2017 9:36:39 AM","0000-00","0","no battery","V"
"10/20/2017","13:20:36","5","default","957498349","OXY5","130.968","min","154.039","μmol/L","Humid","21.214","deg","90803","µV","36.046","°C","1018.000","hPa","37.0","pmil","0","55.500","deg","20.000","°C","100.000","%a.s.","22.500","deg","20.000","°C","1013.000","hPa","0.861","-0.02056","0.00035","-0.00011","0","14.7","Humid","26.25","0","52.00","342410.00","SABD0000000001","AAV1.0.0.11","2.0.0.28","PSt7-10","000000-000","10/20/2017 9:36:39 AM","0000-00","0","no battery","V"
"10/20/2017","13:20:37","5","default","957498349","OXY5","130.984","min","154.214","μmol/L","Humid","21.214","deg","90792","µV","36.016","°C","1018.000","hPa","37.0","pmil","0","55.500","deg","20.000","°C","100.000","%a.s.","22.500","deg","20.000","°C","1013.000","hPa","0.861","-0.02056","0.00035","-0.00011","0","14.7","Humid","26.25","0","52.00","342392.92","SABD0000000001","AAV1.0.0.11","2.0.0.28","PSt7-10","000000-000","10/20/2017 9:36:39 AM","0000-00","0","no battery","V"
"10/20/2017","13:20:38","5","default","957498349","OXY5","131.001","min","154.149","μmol/L","Humid","21.214","deg","90804","µV","36.028","°C","1018.000","hPa","37.0","pmil","0","55.500","deg","20.000","°C","100.000","%a.s.","22.500","deg","20.000","°C","1013.000","hPa","0.861","-0.02056","0.00035","-0.00011","0","14.7","Humid","26.25","0","52.00","342407.95","SABD0000000001","AAV1.0.0.11","2.0.0.28","PSt7-10","000000-000","10/20/2017 9:36:39 AM","0000-00","0","no battery","V"
"10/20/2017","13:20:39","5","default","957498349","OXY5","131.018","min","154.159","μmol/L","Humid","21.213","deg","90794","µV","36.028","°C","1018.000","hPa","37.0","pmil","0","55.500","deg","20.000","°C","100.000","%a.s.","22.500","deg","20.000","°C","1013.000","hPa","0.861","-0.02056","0.00035","-0.00011","0","14.7","Humid","26.25","0","52.00","342410.19","SABD0000000001","AAV1.0.0.11","2.0.0.28","PSt7-10","000000-000","10/20/2017 9:36:39 AM","0000-00","0","no battery","V"
"10/20/2017","13:20:40","5","default","957498349","OXY5","131.034","min","154.130","μmol/L","Humid","21.216","deg","90793","µV","36.026","°C","1018.000","hPa","37.0","pmil","0","55.500","deg","20.000","°C","100.000","%a.s.","22.500","deg","20.000","°C","1013.000","hPa","0.861","-0.02056","0.00035","-0.00011","0","14.7","Humid","26.25","0","52.00","342404.89","SABD0000000001","AAV1.0.0.11","2.0.0.28","PSt7-10","000000-000","10/20/2017 9:36:39 AM","0000-00","0","no battery","V"
"10/20/2017","13:20:41","5","default","957498349","OXY5","131.051","min","154.196","μmol/L","Humid","21.212","deg","90799","µV","36.024","°C","1018.000","hPa","37.0","pmil","0","55.500","deg","20.000","°C","100.000","%a.s.","22.500","deg","20.000","°C","1013.000","hPa","0.861","-0.02056","0.00035","-0.00011","0","14.7","Humid","26.25","0","52.00","342401.33","SABD0000000001","AAV1.0.0.11","2.0.0.28","PSt7-10","000000-000","10/20/2017 9:36:39 AM","0000-00","0","no battery","V"
"10/20/2017","13:20:42","5","default","957498349","OXY5","131.068","min","154.134","μmol/L","Humid","21.211","deg","90805","µV","36.037","°C","1018.000","hPa","37.0","pmil","0","55.500","deg","20.000","°C","100.000","%a.s.","22.500","deg","20.000","°C","1013.000","hPa","0.861","-0.02056","0.00035","-0.00011","0","14.7","Humid","26.25","0","52.00","342398.96","SABD0000000001","AAV1.0.0.11","2.0.0.28","PSt7-10","000000-000","10/20/2017 9:36:39 AM","0000-00","0","no battery","V"
"10/20/2017","13:20:43","5","default","957498349","OXY5","131.084","min","154.089","μmol/L","Humid","21.210","deg","90797","µV","36.047","°C","1018.000","hPa","37.0","pmil","0","55.500","deg","20.000","°C","100.000","%a.s.","22.500","deg","20.000","°C","1013.000","hPa","0.861","-0.02056","0.00035","-0.00011","0","14.7","Humid","26.25","0","52.00","342384.21","SABD0000000001","AAV1.0.0.11","2.0.0.28","PSt7-10","000000-000","10/20/2017 9:36:39 AM","0000-00","0","no battery","V"
"10/20/2017","13:20:44","5","default","957498349","OXY5","131.101","min","154.062","μmol/L","Humid","21.215","deg","90788","µV","36.040","°C","1018.000","hPa","37.0","pmil","0","55.500","deg","20.000","°C","100.000","%a.s.","22.500","deg","20.000","°C","1013.000","hPa","0.861","-0.02056","0.00035","-0.00011","0","14.7","Humid","26.25","0","52.00","342389.36","SABD0000000001","AAV1.0.0.11","2.0.0.28","PSt7-10","000000-000","10/20/2017 9:36:39 AM","0000-00","0","no battery","V"
"10/20/2017","13:20:45","5","default","957498349","OXY5","131.118","min","154.082","μmol/L","Humid","21.214","deg","90794","µV","36.039","°C","1018.000","hPa","37.0","pmil","0","55.500","deg","20.000","°C","100.000","%a.s.","22.500","deg","20.000","°C","1013.000","hPa","0.861","-0.02056","0.00035","-0.00011","0","14.7","Humid","26.25","0","52.00","342388.06","SABD0000000001","AAV1.0.0.11","2.0.0.28","PSt7-10","000000-000","10/20/2017 9:36:39 AM","0000-00","0","no battery","V"
"10/20/2017","13:20:46","5","default","957498349","OXY5","131.134","min","154.122","μmol/L","Humid","21.215","deg","90796","µV","36.030","°C","1018.000","hPa","37.0","pmil","0","55.500","deg","20.000","°C","100.000","%a.s.","22.500","deg","20.000","°C","1013.000","hPa","0.861","-0.02056","0.00035","-0.00011","0","14.7","Humid","26.25","0","52.00","342392.63","SABD0000000001","AAV1.0.0.11","2.0.0.28","PSt7-10","000000-000","10/20/2017 9:36:39 AM","0000-00","0","no battery","V"
"10/20/2017","13:20:47","5","default","957498349","OXY5","131.151","min","154.119","μmol/L","Humid","21.215","deg","90803","µV","36.030","°C","1018.000","hPa","37.0","pmil","0","55.500","deg","20.000","°C","100.000","%a.s.","22.500","deg","20.000","°C","1013.000","hPa","0.861","-0.02056","0.00035","-0.00011","0","14.7","Humid","26.25","0","52.00","342397.14","SABD0000000001","AAV1.0.0.11","2.0.0.28","PSt7-10","000000-000","10/20/2017 9:36:39 AM","0000-00","0","no battery","V"
"10/20/2017","13:20:48","5","default","957498349","OXY5","131.168","min","154.045","μmol/L","Humid","21.215","deg","90793","µV","36.043","°C","1018.000","hPa","37.0","pmil","0","55.500","deg","20.000","°C","100.000","%a.s.","22.500","deg","20.000","°C","1013.000","hPa","0.861","-0.02056","0.00035","-0.00011","0","14.7","Humid","26.25","0","52.00","342401.60","SABD0000000001","AAV1.0.0.11","2.0.0.28","PSt7-10","000000-000","10/20/2017 9:36:39 AM","0000-00","0","no battery","V"
"10/20/2017","13:20:49","5","default","957498349","OXY5","131.184","min","153.948","μmol/L","Humid","21.212","deg","90800","µV","36.066","°C","1018.000","hPa","37.0","pmil","0","55.500","deg","20.000","°C","100.000","%a.s.","22.500","deg","20.000","°C","1013.000","hPa","0.861","-0.02056","0.00035","-0.00011","0","14.7","Humid","26.25","0","52.00","342394.82","SABD0000000001","AAV1.0.0.11","2.0.0.28","PSt7-10","000000-000","10/20/2017 9:36:39 AM","0000-00","0","no battery","V"
"10/20/2017","13:20:50","5","default","957498349","OXY5","131.201","min","154.187","μmol/L","Humid","21.212","deg","90799","µV","36.026","°C","1018.000","hPa","37.0","pmil","0","55.500","deg","20.000","°C","100.000","%a.s.","22.500","deg","20.000","°C","1013.000","hPa","0.861","-0.02056","0.00035","-0.00011","0","14.7","Humid","26.25","0","52.00","342404.06","SABD0000000001","AAV1.0.0.11","2.0.0.28","PSt7-10","000000-000","10/20/2017 9:36:39 AM","0000-00","0","no battery","V"
"10/20/2017","13:20:51","5","default","957498349","OXY5","131.218","min","154.162","μmol/L","Humid","21.212","deg","90800","µV","36.030","°C","1018.000","hPa","37.0","pmil","0","55.500","deg","20.000","°C","100.000","%a.s.","22.500","deg","20.000","°C","1013.000","hPa","0.861","-0.02056","0.00035","-0.00011","0","14.7","Humid","26.25","0","52.00","342401.71","SABD0000000001","AAV1.0.0.11","2.0.0.28","PSt7-10","000000-000","10/20/2017 9:36:39 AM","0000-00","0","no battery","V"
"10/20/2017","13:20:52","5","default","957498349","OXY5","131.234","min","154.111","μmol/L","Humid","21.217","deg","90799","µV","36.027","°C","1018.000","hPa","37.0","pmil","0","55.500","deg","20.000","°C","100.000","%a.s.","22.500","deg","20.000","°C","1013.000","hPa","0.861","-0.02056","0.00035","-0.00011","0","14.7","Humid","26.25","0","52.00","342393.63","SABD0000000001","AAV1.0.0.11","2.0.0.28","PSt7-10","000000-000","10/20/2017 9:36:39 AM","0000-00","0","no battery","V"
"10/20/2017","13:20:53","5","default","957498349","OXY5","131.251","min","154.073","μmol/L","Humid","21.214","deg","90796","µV","36.040","°C","1018.000","hPa","37.0","pmil","0","55.500","deg","20.000","°C","100.000","%a.s.","22.500","deg","20.000","°C","1013.000","hPa","0.861","-0.02056","0.00035","-0.00011","0","14.7","Humid","26.25","0","52.00","342383.70","SABD0000000001","AAV1.0.0.11","2.0.0.28","PSt7-10","000000-000","10/20/2017 9:36:39 AM","0000-00","0","no battery","V"
"10/20/2017","13:20:54","5","default","957498349","OXY5","131.268","min","154.117","μmol/L","Humid","21.215","deg","90800","µV","36.031","°C","1018.000","hPa","37.0","pmil","0","55.500","deg","20.000","°C","100.000","%a.s.","22.500","deg","20.000","°C","1013.000","hPa","0.861","-0.02056","0.00035","-0.00011","0","14.7","Humid","26.25","0","52.00","342396.82","SABD0000000001","AAV1.0.0.11","2.0.0.28","PSt7-10","000000-000","10/20/2017 9:36:39 AM","0000-00","0","no battery","V"
"10/20/2017","13:20:55","5","default","957498349","OXY5","131.285","min","154.097","μmol/L","Humid","21.215","deg","90803","µV","36.034","°C","1018.000","hPa","37.0","pmil","0","55.500","deg","20.000","°C","100.000","%a.s.","22.500","deg","20.000","°C","1013.000","hPa","0.861","-0.02056","0.00035","-0.00011","0","14.7","Humid","26.25","0","52.00","342412.95","SABD0000000001","AAV1.0.0.11","2.0.0.28","PSt7-10","000000-000","10/20/2017 9:36:39 AM","0000-00","0","no battery","V"
"10/20/2017","13:20:56","5","default","957498349","OXY5","131.301","min","154.038","μmol/L","Humid","21.217","deg","90804","µV","36.039","°C","1018.000","hPa","37.0","pmil","0","55.500","deg","20.000","°C","100.000","%a.s.","22.500","deg","20.000","°C","1013.000","hPa","0.861","-0.02056","0.00035","-0.00011","0","14.7","Humid","26.25","0","52.00","342392.73","SABD0000000001","AAV1.0.0.11","2.0.0.28","PSt7-10","000000-000","10/20/2017 9:36:39 AM","0000-00","0","no battery","V"
"10/20/2017","13:20:57","5","default","957498349","OXY5","131.318","min","154.132","μmol/L","Humid","21.216","deg","90797","µV","36.026","°C","1018.000","hPa","37.0","pmil","0","55.500","deg","20.000","°C","100.000","%a.s.","22.500","deg","20.000","°C","1013.000","hPa","0.861","-0.02056","0.00035","-0.00011","0","14.7","Humid","26.25","0","52.00","342387.19","SABD0000000001","AAV1.0.0.11","2.0.0.28","PSt7-10","000000-000","10/20/2017 9:36:39 AM","0000-00","0","no battery","V"
"10/20/2017","13:20:58","5","default","957498349","OXY5","131.335","min","154.152","μmol/L","Humid","21.213","deg","90800","µV","36.029","°C","1018.000","hPa","37.0","pmil","0","55.500","deg","20.000","°C","100.000","%a.s.","22.500","deg","20.000","°C","1013.000","hPa","0.861","-0.02056","0.00035","-0.00011","0","14.7","Humid","26.25","0","52.00","342404.48","SABD0000000001","AAV1.0.0.11","2.0.0.28","PSt7-10","000000-000","10/20/2017 9:36:39 AM","0000-00","0","no battery","V"
"10/20/2017","13:20:59","5","default","957498349","OXY5","131.351","min","154.132","μmol/L","Humid","21.212","deg","90797","µV","36.035","°C","1018.000","hPa","37.0","pmil","0","55.500","deg","20.000","°C","100.000","%a.s.","22.500","deg","20.000","°C","1013.000","hPa","0.861","-0.02056","0.00035","-0.00011","0","14.7","Humid","26.25","0","52.00","342390.94","SABD0000000001","AAV1.0.0.11","2.0.0.28","PSt7-10","000000-000","10/20/2017 9:36:39 AM","0000-00","0","no battery","V"
"10/20/2017","13:21:00","5","default","957498349","OXY5","131.368","min","154.125","μmol/L","Humid","21.214","deg","90799","µV","36.032","°C","1018.000","hPa","37.0","pmil","0","55.500","deg","20.000","°C","100.000","%a.s.","22.500","deg","20.000","°C","1013.000","hPa","0.861","-0.02056","0.00035","-0.00011","0","14.7","Humid","26.25","0","52.00","342404.11","SABD0000000001","AAV1.0.0.11","2.0.0.28","PSt7-10","000000-000","10/20/2017 9:36:39 AM","0000-00","0","no battery","V"
"10/20/2017","13:21:01","5","default","957498349","OXY5","131.385","min","154.093","μmol/L","Humid","21.213","deg","90805","µV","36.039","°C","1018.000","hPa","37.0","pmil","0","55.500","deg","20.000","°C","100.000","%a.s.","22.500","deg","20.000","°C","1013.000","hPa","0.861","-0.02056","0.00035","-0.00011","0","14.7","Humid","26.25","0","52.00","342396.44","SABD0000000001","AAV1.0.0.11","2.0.0.28","PSt7-10","000000-000","10/20/2017 9:36:39 AM","0000-00","0","no battery","V"
"10/20/2017","13:21:02","5","default","957498349","OXY5","131.401","min","154.078","μmol/L","Humid","21.213","deg","90798","µV","36.042","°C","1018.000","hPa","37.0","pmil","0","55.500","deg","20.000","°C","100.000","%a.s.","22.500","deg","20.000","°C","1013.000","hPa","0.861","-0.02056","0.00035","-0.00011","0","14.7","Humid","26.25","0","52.00","342387.51","SABD0000000001","AAV1.0.0.11","2.0.0.28","PSt7-10","000000-000","10/20/2017 9:36:39 AM","0000-00","0","no battery","V"
"10/20/2017","13:21:03","5","default","957498349","OXY5","131.418","min","154.042","μmol/L","Humid","21.215","deg","90801","µV","36.043","°C","1018.000","hPa","37.0","pmil","0","55.500","deg","20.000","°C","100.000","%a.s.","22.500","deg","20.000","°C","1013.000","hPa","0.861","-0.02056","0.00035","-0.00011","0","14.7","Humid","26.25","0","52.00","342390.56","SABD0000000001","AAV1.0.0.11","2.0.0.28","PSt7-10","000000-000","10/20/2017 9:36:39 AM","0000-00","0","no battery","V"
"10/20/2017","13:21:04","5","default","957498349","OXY5","131.435","min","154.021","μmol/L","Humid","21.216","deg","90799","µV","36.045","°C","1018.000","hPa","37.0","pmil","0","55.500","deg","20.000","°C","100.000","%a.s.","22.500","deg","20.000","°C","1013.000","hPa","0.861","-0.02056","0.00035","-0.00011","0","14.7","Humid","26.25","0","52.00","342386.49","SABD0000000001","AAV1.0.0.11","2.0.0.28","PSt7-10","000000-000","10/20/2017 9:36:39 AM","0000-00","0","no battery","V"
"10/20/2017","13:21:05","5","default","957498349","OXY5","131.451","min","154.142","μmol/L","Humid","21.211","deg","90801","µV","36.036","°C","1018.000","hPa","37.0","pmil","0","55.500","deg","20.000","°C","100.000","%a.s.","22.500","deg","20.000","°C","1013.000","hPa","0.861","-0.02056","0.00035","-0.00011","0","14.7","Humid","26.25","0","52.00","342381.85","SABD0000000001","AAV1.0.0.11","2.0.0.28","PSt7-10","000000-000","10/20/2017 9:36:39 AM","0000-00","0","no battery","V"
"10/20/2017","13:21:06","5","default","957498349","OXY5","131.468","min","154.136","μmol/L","Humid","21.211","deg","90797","µV","36.037","°C","1018.000","hPa","37.0","pmil","0","55.500","deg","20.000","°C","100.000","%a.s.","22.500","deg","20.000","°C","1013.000","hPa","0.861","-0.02056","0.00035","-0.00011","0","14.7","Humid","26.25","0","52.00","342384.97","SABD0000000001","AAV1.0.0.11","2.0.0.28","PSt7-10","000000-000","10/20/2017 9:36:39 AM","0000-00","0","no battery","V"
"10/20/2017","13:21:07","5","default","957498349","OXY5","131.485","min","154.032","μmol/L","Humid","21.217","deg","90789","µV","36.040","°C","1018.000","hPa","37.0","pmil","0","55.500","deg","20.000","°C","100.000","%a.s.","22.500","deg","20.000","°C","1013.000","hPa","0.861","-0.02056","0.00035","-0.00011","0","14.7","Humid","26.25","0","52.00","342369.58","SABD0000000001","AAV1.0.0.11","2.0.0.28","PSt7-10","000000-000","10/20/2017 9:36:39 AM","0000-00","0","no battery","V"
"10/20/2017","13:21:08","5","default","957498349","OXY5","131.501","min","154.015","μmol/L","Humid","21.213","deg","90796","µV","36.053","°C","1018.000","hPa","37.0","pmil","0","55.500","deg","20.000","°C","100.000","%a.s.","22.500","deg","20.000","°C","1013.000","hPa","0.861","-0.02056","0.00035","-0.00011","0","14.7","Humid","26.25","0","52.00","342378.10","SABD0000000001","AAV1.0.0.11","2.0.0.28","PSt7-10","000000-000","10/20/2017 9:36:39 AM","0000-00","0","no battery","V"
"10/20/2017","13:21:09","5","default","957498349","OXY5","131.518","min","154.046","μmol/L","Humid","21.214","deg","90792","µV","36.045","°C","1018.000","hPa","37.0","pmil","0","55.500","deg","20.000","°C","100.000","%a.s.","22.500","deg","20.000","°C","1013.000","hPa","0.861","-0.02056","0.00035","-0.00011","0","14.7","Humid","26.25","0","52.00","342381.92","SABD0000000001","AAV1.0.0.11","2.0.0.28","PSt7-10","000000-000","10/20/2017 9:36:39 AM","0000-00","0","no battery","V"
"10/20/2017","13:21:10","5","default","957498349","OXY5","131.535","min","154.108","μmol/L","Humid","21.213","deg","90796","µV","36.037","°C","1018.000","hPa","37.0","pmil","0","55.500","deg","20.000","°C","100.000","%a.s.","22.500","deg","20.000","°C","1013.000","hPa","0.861","-0.02056","0.00035","-0.00011","0","14.7","Humid","26.25","0","52.00","342378.16","SABD0000000001","AAV1.0.0.11","2.0.0.28","PSt7-10","000000-000","10/20/2017 9:36:39 AM","0000-00","0","no battery","V"
"10/20/2017","13:21:11","5","default","957498349","OXY5","131.551","min","154.111","μmol/L","Humid","21.214","deg","90789","µV","36.034","°C","1018.000","hPa","37.0","pmil","0","55.500","deg","20.000","°C","100.000","%a.s.","22.500","deg","20.000","°C","1013.000","hPa","0.861","-0.02056","0.00035","-0.00011","0","14.7","Humid","26.25","0","52.00","342382.41","SABD0000000001","AAV1.0.0.11","2.0.0.28","PSt7-10","000000-000","10/20/2017 9:36:39 AM","0000-00","0","no battery","V"
"10/20/2017","13:21:12","5","default","957498349","OXY5","131.568","min","154.047","μmol/L","Humid","21.214","deg","90795","µV","36.045","°C","1018.000","hPa","37.0","pmil","0","55.500","deg","20.000","°C","100.000","%a.s.","22.500","deg","20.000","°C","1013.000","hPa","0.861","-0.02056","0.00035","-0.00011","0","14.7","Humid","26.25","0","52.00","342365.84","SABD0000000001","AAV1.0.0.11","2.0.0.28","PSt7-10","000000-000","10/20/2017 9:36:39 AM","0000-00","0","no battery","V"
"10/20/2017","13:21:13","5","default","957498349","OXY5","131.585","min","154.074","μmol/L","Humid","21.213","deg","90795","µV","36.043","°C","1018.000","hPa","37.0","pmil","0","55.500","deg","20.000","°C","100.000","%a.s.","22.500","deg","20.000","°C","1013.000","hPa","0.861","-0.02056","0.00035","-0.00011","0","14.7","Humid","26.25","0","52.00","342368.60","SABD0000000001","AAV1.0.0.11","2.0.0.28","PSt7-10","000000-000","10/20/2017 9:36:39 AM","0000-00","0","no battery","V"
"10/20/2017","13:21:14","5","default","957498349","OXY5","131.601","min","154.055","μmol/L","Humid","21.210","deg","90800","µV","36.053","°C","1018.000","hPa","37.0","pmil","0","55.500","deg","20.000","°C","100.000","%a.s.","22.500","deg","20.000","°C","1013.000","hPa","0.861","-0.02056","0.00035","-0.00011","0","14.7","Humid","26.25","0","52.00","342378.94","SABD0000000001","AAV1.0.0.11","2.0.0.28","PSt7-10","000000-000","10/20/2017 9:36:39 AM","0000-00","0","no battery","V"
"10/20/2017","13:21:15","5","default","957498349","OXY5","131.618","min","154.175","μmol/L","Humid","21.211","deg","90803","µV","36.030","°C","1018.000","hPa","37.0","pmil","0","55.500","deg","20.000","°C","100.000","%a.s.","22.500","deg","20.000","°C","1013.000","hPa","0.861","-0.02056","0.00035","-0.00011","0","14.7","Humid","26.25","0","52.00","342374.58","SABD0000000001","AAV1.0.0.11","2.0.0.28","PSt7-10","000000-000","10/20/2017 9:36:39 AM","0000-00","0","no battery","V"
"10/20/2017","13:21:16","5","default","957498349","OXY5","131.635","min","154.129","μmol/L","Humid","21.211","deg","90806","µV","36.038","°C","1018.000","hPa","37.0","pmil","0","55.500","deg","20.000","°C","100.000","%a.s.","22.500","deg","20.000","°C","1013.000","hPa","0.861","-0.02056","0.00035","-0.00011","0","14.7","Humid","26.25","0","52.00","342374.53","SABD0000000001","AAV1.0.0.11","2.0.0.28","PSt7-10","000000-000","10/20/2017 9:36:39 AM","0000-00","0","no battery","V"
"10/20/2017","13:21:17","5","default","957498349","OXY5","131.651","min","154.055","μmol/L","Humid","21.214","deg","90804","µV","36.043","°C","1018.000","hPa","37.0","pmil","0","55.500","deg","20.000","°C","100.000","%a.s.","22.500","deg","20.000","°C","1013.000","hPa","0.861","-0.02056","0.00035","-0.00011","0","14.7","Humid","26.25","0","52.00","342371.64","SABD0000000001","AAV1.0.0.11","2.0.0.28","PSt7-10","000000-000","10/20/2017 9:36:39 AM","0000-00","0","no battery","V"
"10/20/2017","13:21:18","5","default","957498349","OXY5","131.668","min","154.099","μmol/L","Humid","21.214","deg","90797","µV","36.036","°C","1018.000","hPa","37.0","pmil","0","55.500","deg","20.000","°C","100.000","%a.s.","22.500","deg","20.000","°C","1013.000","hPa","0.861","-0.02056","0.00035","-0.00011","0","14.7","Humid","26.25","0","52.00","342360.13","SABD0000000001","AAV1.0.0.11","2.0.0.28","PSt7-10","000000-000","10/20/2017 9:36:39 AM","0000-00","0","no battery","V"
"10/20/2017","13:21:19","5","default","957498349","OXY5","131.685","min","154.186","μmol/L","Humid","21.213","deg","90802","µV","36.024","°C","1018.000","hPa","37.0","pmil","0","55.500","deg","20.000","°C","100.000","%a.s.","22.500","deg","20.000","°C","1013.000","hPa","0.861","-0.02056","0.00035","-0.00011","0","14.7","Humid","26.25","0","52.00","342364.50","SABD0000000001","AAV1.0.0.11","2.0.0.28","PSt7-10","000000-000","10/20/2017 9:36:39 AM","0000-00","0","no battery","V"
"10/20/2017","13:21:20","5","default","957498349","OXY5","131.701","min","154.182","μmol/L","Humid","21.214","deg","90800","µV","36.022","°C","1018.000","hPa","37.0","pmil","0","55.500","deg","20.000","°C","100.000","%a.s.","22.500","deg","20.000","°C","1013.000","hPa","0.861","-0.02056","0.00035","-0.00011","0","14.7","Humid","26.25","0","52.00","342352.26","SABD0000000001","AAV1.0.0.11","2.0.0.28","PSt7-10","000000-000","10/20/2017 9:36:39 AM","0000-00","0","no battery","V"
"10/20/2017","13:21:21","5","default","957498349","OXY5","131.718","min","154.033","μmol/L","Humid","21.218","deg","90792","µV","36.038","°C","1018.000","hPa","37.0","pmil","0","55.500","deg","20.000","°C","100.000","%a.s.","22.500","deg","20.000","°C","1013.000","hPa","0.861","-0.02056","0.00035","-0.00011","0","14.7","Humid","26.25","0","52.00","342346.99","SABD0000000001","AAV1.0.0.11","2.0.0.28","PSt7-10","000000-000","10/20/2017 9:36:39 AM","0000-00","0","no battery","V"
"10/20/2017","13:21:22","5","default","957498349","OXY5","131.735","min","154.087","μmol/L","Humid","21.212","deg","90791","µV","36.043","°C","1018.000","hPa","37.0","pmil","0","55.500","deg","20.000","°C","100.000","%a.s.","22.500","deg","20.000","°C","1013.000","hPa","0.861","-0.02056","0.00035","-0.00011","0","14.7","Humid","26.25","0","52.00","342348.48","SABD0000000001","AAV1.0.0.11","2.0.0.28","PSt7-10","000000-000","10/20/2017 9:36:39 AM","0000-00","0","no battery","V"
"10/20/2017","13:21:23","5","default","957498349","OXY5","131.751","min","154.042","μmol/L","Humid","21.215","deg","90790","µV","36.043","°C","1018.000","hPa","37.0","pmil","0","55.500","deg","20.000","°C","100.000","%a.s.","22.500","deg","20.000","°C","1013.000","hPa","0.861","-0.02056","0.00035","-0.00011","0","14.7","Humid","26.25","0","52.00","342359.69","SABD0000000001","AAV1.0.0.11","2.0.0.28","PSt7-10","000000-000","10/20/2017 9:36:39 AM","0000-00","0","no battery","V"
"10/20/2017","13:21:25","5","default","957498349","OXY5","131.784","min","153.974","μmol/L","Humid","21.218","deg","90826","µV","36.048","°C","1018.000","hPa","37.0","pmil","0","55.500","deg","20.000","°C","100.000","%a.s.","22.500","deg","20.000","°C","1013.000","hPa","0.861","-0.02056","0.00035","-0.00011","0","14.7","Humid","26.25","0","52.00","342398.31","SABD0000000001","AAV1.0.0.11","2.0.0.28","PSt7-10","000000-000","10/20/2017 9:36:39 AM","0000-00","0","no battery","V"
"10/20/2017","13:21:25","5","default","957498349","OXY5","131.787","min","154.026","μmol/L","Humid","21.220","deg","90784","µV","36.034","°C","1018.000","hPa","37.0","pmil","0","55.500","deg","20.000","°C","100.000","%a.s.","22.500","deg","20.000","°C","1013.000","hPa","0.861","-0.02056","0.00035","-0.00011","0","14.7","Humid","26.25","0","52.00","342324.96","SABD0000000001","AAV1.0.0.11","2.0.0.28","PSt7-10","000000-000","10/20/2017 9:36:39 AM","0000-00","0","no battery","V"
"10/20/2017","13:21:26","5","default","957498349","OXY5","131.802","min","154.166","μmol/L","Humid","21.213","deg","90787","µV","36.027","°C","1018.000","hPa","37.0","pmil","0","55.500","deg","20.000","°C","100.000","%a.s.","22.500","deg","20.000","°C","1013.000","hPa","0.861","-0.02056","0.00035","-0.00011","0","14.7","Humid","26.25","0","52.00","342329.80","SABD0000000001","AAV1.0.0.11","2.0.0.28","PSt7-10","000000-000","10/20/2017 9:36:39 AM","0000-00","0","no battery","V"
"10/20/2017","13:21:27","5","default","957498349","OXY5","131.818","min","154.026","μmol/L","Humid","21.216","deg","90793","µV","36.044","°C","1018.000","hPa","37.0","pmil","0","55.500","deg","20.000","°C","100.000","%a.s.","22.500","deg","20.000","°C","1013.000","hPa","0.861","-0.02056","0.00035","-0.00011","0","14.7","Humid","26.25","0","52.00","342335.54","SABD0000000001","AAV1.0.0.11","2.0.0.28","PSt7-10","000000-000","10/20/2017 9:36:39 AM","0000-00","0","no battery","V"
"10/20/2017","13:21:28","5","default","957498349","OXY5","131.834","min","154.082","μmol/L","Humid","21.214","deg","90796","µV","36.039","°C","1018.000","hPa","37.0","pmil","0","55.500","deg","20.000","°C","100.000","%a.s.","22.500","deg","20.000","°C","1013.000","hPa","0.861","-0.02056","0.00035","-0.00011","0","14.7","Humid","26.25","0","52.00","342342.26","SABD0000000001","AAV1.0.0.11","2.0.0.28","PSt7-10","000000-000","10/20/2017 9:36:39 AM","0000-00","0","no battery","V"
"10/20/2017","13:21:29","5","default","957498349","OXY5","131.851","min","154.112","μmol/L","Humid","21.217","deg","90791","µV","36.027","°C","1018.000","hPa","37.0","pmil","0","55.500","deg","20.000","°C","100.000","%a.s.","22.500","deg","20.000","°C","1013.000","hPa","0.861","-0.02056","0.00035","-0.00011","0","14.7","Humid","26.25","0","52.00","342338.11","SABD0000000001","AAV1.0.0.11","2.0.0.28","PSt7-10","000000-000","10/20/2017 9:36:39 AM","0000-00","0","no battery","V"
"10/20/2017","13:21:30","5","default","957498349","OXY5","131.868","min","154.085","μmol/L","Humid","21.215","deg","90794","µV","36.036","°C","1018.000","hPa","37.0","pmil","0","55.500","deg","20.000","°C","100.000","%a.s.","22.500","deg","20.000","°C","1013.000","hPa","0.861","-0.02056","0.00035","-0.00011","0","14.7","Humid","26.25","0","52.00","342341.82","SABD0000000001","AAV1.0.0.11","2.0.0.28","PSt7-10","000000-000","10/20/2017 9:36:39 AM","0000-00","0","no battery","V"
"10/20/2017","13:21:31","5","default","957498349","OXY5","131.885","min","154.051","μmol/L","Humid","21.214","deg","90795","µV","36.044","°C","1018.000","hPa","37.0","pmil","0","55.500","deg","20.000","°C","100.000","%a.s.","22.500","deg","20.000","°C","1013.000","hPa","0.861","-0.02056","0.00035","-0.00011","0","14.7","Humid","26.25","0","52.00","342354.61","SABD0000000001","AAV1.0.0.11","2.0.0.28","PSt7-10","000000-000","10/20/2017 9:36:39 AM","0000-00","0","no battery","V"
"10/20/2017","13:21:32","5","default","957498349","OXY5","131.901","min","154.039","μmol/L","Humid","21.216","deg","90795","µV","36.042","°C","1018.000","hPa","37.0","pmil","0","55.500","deg","20.000","°C","100.000","%a.s.","22.500","deg","20.000","°C","1013.000","hPa","0.861","-0.02056","0.00035","-0.00011","0","14.7","Humid","26.25","0","52.00","342343.68","SABD0000000001","AAV1.0.0.11","2.0.0.28","PSt7-10","000000-000","10/20/2017 9:36:39 AM","0000-00","0","no battery","V"
"10/20/2017","13:21:33","5","default","957498349","OXY5","131.918","min","154.047","μmol/L","Humid","21.216","deg","90802","µV","36.040","°C","1018.000","hPa","37.0","pmil","0","55.500","deg","20.000","°C","100.000","%a.s.","22.500","deg","20.000","°C","1013.000","hPa","0.861","-0.02056","0.00035","-0.00011","0","14.7","Humid","26.25","0","52.00","342355.41","SABD0000000001","AAV1.0.0.11","2.0.0.28","PSt7-10","000000-000","10/20/2017 9:36:39 AM","0000-00","0","no battery","V"
"10/20/2017","13:21:34","5","default","957498349","OXY5","131.935","min","154.059","μmol/L","Humid","21.217","deg","90798","µV","36.036","°C","1018.000","hPa","37.0","pmil","0","55.500","deg","20.000","°C","100.000","%a.s.","22.500","deg","20.000","°C","1013.000","hPa","0.861","-0.02056","0.00035","-0.00011","0","14.7","Humid","26.25","0","52.00","342349.29","SABD0000000001","AAV1.0.0.11","2.0.0.28","PSt7-10","000000-000","10/20/2017 9:36:39 AM","0000-00","0","no battery","V"
"10/20/2017","13:21:35","5","default","957498349","OXY5","131.952","min","154.110","μmol/L","Humid","21.213","deg","90796","µV","36.037","°C","1018.000","hPa","37.0","pmil","0","55.500","deg","20.000","°C","100.000","%a.s.","22.500","deg","20.000","°C","1013.000","hPa","0.861","-0.02056","0.00035","-0.00011","0","14.7","Humid","26.25","0","52.00","342344.05","SABD0000000001","AAV1.0.0.11","2.0.0.28","PSt7-10","000000-000","10/20/2017 9:36:39 AM","0000-00","0","no battery","V"
"10/20/2017","13:21:36","5","default","957498349","OXY5","131.968","min","154.089","μmol/L","Humid","21.213","deg","90802","µV","36.040","°C","1018.000","hPa","37.0","pmil","0","55.500","deg","20.000","°C","100.000","%a.s.","22.500","deg","20.000","°C","1013.000","hPa","0.861","-0.02056","0.00035","-0.00011","0","14.7","Humid","26.25","0","52.00","342351.73","SABD0000000001","AAV1.0.0.11","2.0.0.28","PSt7-10","000000-000","10/20/2017 9:36:39 AM","0000-00","0","no battery","V"
"10/20/2017","13:21:37","5","default","957498349","OXY5","131.985","min","154.056","μmol/L","Humid","21.214","deg","90796","µV","36.043","°C","1018.000","hPa","37.0","pmil","0","55.500","deg","20.000","°C","100.000","%a.s.","22.500","deg","20.000","°C","1013.000","hPa","0.861","-0.02056","0.00035","-0.00011","0","14.7","Humid","26.25","0","52.00","342335.19","SABD0000000001","AAV1.0.0.11","2.0.0.28","PSt7-10","000000-000","10/20/2017 9:36:39 AM","0000-00","0","no battery","V"
"10/20/2017","13:21:38","5","default","957498349","OXY5","132.002","min","154.108","μmol/L","Humid","21.217","deg","90795","µV","36.027","°C","1018.000","hPa","37.0","pmil","0","55.500","deg","20.000","°C","100.000","%a.s.","22.500","deg","20.000","°C","1013.000","hPa","0.861","-0.02056","0.00035","-0.00011","0","14.7","Humid","26.25","0","52.00","342332.83","SABD0000000001","AAV1.0.0.11","2.0.0.28","PSt7-10","000000-000","10/20/2017 9:36:39 AM","0000-00","0","no battery","V"
"10/20/2017","13:21:39","5","default","957498349","OXY5","132.018","min","153.967","μmol/L","Humid","21.217","deg","90799","µV","36.052","°C","1018.000","hPa","37.0","pmil","0","55.500","deg","20.000","°C","100.000","%a.s.","22.500","deg","20.000","°C","1013.000","hPa","0.861","-0.02056","0.00035","-0.00011","0","14.7","Humid","26.25","0","52.00","342335.57","SABD0000000001","AAV1.0.0.11","2.0.0.28","PSt7-10","000000-000","10/20/2017 9:36:39 AM","0000-00","0","no battery","V"
"10/20/2017","13:21:40","5","default","957498349","OXY5","132.034","min","153.951","μmol/L","Humid","21.217","deg","90789","µV","36.054","°C","1018.000","hPa","37.0","pmil","0","55.500","deg","20.000","°C","100.000","%a.s.","22.500","deg","20.000","°C","1013.000","hPa","0.861","-0.02056","0.00035","-0.00011","0","14.7","Humid","26.25","0","52.00","342334.09","SABD0000000001","AAV1.0.0.11","2.0.0.28","PSt7-10","000000-000","10/20/2017 9:36:39 AM","0000-00","0","no battery","V"
"10/20/2017","13:21:41","5","default","957498349","OXY5","132.051","min","154.051","μmol/L","Humid","21.213","deg","90796","µV","36.047","°C","1018.000","hPa","37.0","pmil","0","55.500","deg","20.000","°C","100.000","%a.s.","22.500","deg","20.000","°C","1013.000","hPa","0.861","-0.02056","0.00035","-0.00011","0","14.7","Humid","26.25","0","52.00","342337.13","SABD0000000001","AAV1.0.0.11","2.0.0.28","PSt7-10","000000-000","10/20/2017 9:36:39 AM","0000-00","0","no battery","V"
"10/20/2017","13:21:42","5","default","957498349","OXY5","132.068","min","154.056","μmol/L","Humid","21.213","deg","90796","µV","36.046","°C","1018.000","hPa","37.0","pmil","0","55.500","deg","20.000","°C","100.000","%a.s.","22.500","deg","20.000","°C","1013.000","hPa","0.861","-0.02056","0.00035","-0.00011","0","14.7","Humid","26.25","0","52.00","342328.91","SABD0000000001","AAV1.0.0.11","2.0.0.28","PSt7-10","000000-000","10/20/2017 9:36:39 AM","0000-00","0","no battery","V"
"10/20/2017","13:21:43","5","default","957498349","OXY5","132.085","min","154.066","μmol/L","Humid","21.217","deg","90792","µV","36.035","°C","1018.000","hPa","37.0","pmil","0","55.500","deg","20.000","°C","100.000","%a.s.","22.500","deg","20.000","°C","1013.000","hPa","0.861","-0.02056","0.00035","-0.00011","0","14.7","Humid","26.25","0","52.00","342332.34","SABD0000000001","AAV1.0.0.11","2.0.0.28","PSt7-10","000000-000","10/20/2017 9:36:39 AM","0000-00","0","no battery","V"
"10/20/2017","13:21:44","5","default","957498349","OXY5","132.101","min","154.002","μmol/L","Humid","21.217","deg","90804","µV","36.045","°C","1018.000","hPa","37.0","pmil","0","55.500","deg","20.000","°C","100.000","%a.s.","22.500","deg","20.000","°C","1013.000","hPa","0.861","-0.02056","0.00035","-0.00011","0","14.7","Humid","26.25","0","52.00","342336.20","SABD0000000001","AAV1.0.0.11","2.0.0.28","PSt7-10","000000-000","10/20/2017 9:36:39 AM","0000-00","0","no battery","V"
"10/20/2017","13:21:45","5","default","957498349","OXY5","132.118","min","154.033","μmol/L","Humid","21.220","deg","90796","µV","36.033","°C","1018.000","hPa","37.0","pmil","0","55.500","deg","20.000","°C","100.000","%a.s.","22.500","deg","20.000","°C","1013.000","hPa","0.861","-0.02056","0.00035","-0.00011","0","14.7","Humid","26.25","0","52.00","342342.30","SABD0000000001","AAV1.0.0.11","2.0.0.28","PSt7-10","000000-000","10/20/2017 9:36:39 AM","0000-00","0","no battery","V"
"10/20/2017","13:21:46","5","default","957498349","OXY5","132.135","min","154.035","μmol/L","Humid","21.213","deg","90800","µV","36.049","°C","1018.000","hPa","37.0","pmil","0","55.500","deg","20.000","°C","100.000","%a.s.","22.500","deg","20.000","°C","1013.000","hPa","0.861","-0.02056","0.00035","-0.00011","0","14.7","Humid","26.25","0","52.00","342350.31","SABD0000000001","AAV1.0.0.11","2.0.0.28","PSt7-10","000000-000","10/20/2017 9:36:39 AM","0000-00","0","no battery","V"
"10/20/2017","13:21:47","5","default","957498349","OXY5","132.151","min","154.106","μmol/L","Humid","21.216","deg","90796","µV","36.030","°C","1018.000","hPa","37.0","pmil","0","55.500","deg","20.000","°C","100.000","%a.s.","22.500","deg","20.000","°C","1013.000","hPa","0.861","-0.02056","0.00035","-0.00011","0","14.7","Humid","26.25","0","52.00","342345.05","SABD0000000001","AAV1.0.0.11","2.0.0.28","PSt7-10","000000-000","10/20/2017 9:36:39 AM","0000-00","0","no battery","V"
"10/20/2017","13:21:48","5","default","957498349","OXY5","132.168","min","154.164","μmol/L","Humid","21.211","deg","90796","µV","36.032","°C","1018.000","hPa","37.0","pmil","0","55.500","deg","20.000","°C","100.000","%a.s.","22.500","deg","20.000","°C","1013.000","hPa","0.861","-0.02056","0.00035","-0.00011","0","14.7","Humid","26.25","0","52.00","342342.03","SABD0000000001","AAV1.0.0.11","2.0.0.28","PSt7-10","000000-000","10/20/2017 9:36:39 AM","0000-00","0","no battery","V"
"10/20/2017","13:21:49","5","default","957498349","OXY5","132.185","min","154.017","μmol/L","Humid","21.217","deg","90793","µV","36.043","°C","1018.000","hPa","37.0","pmil","0","55.500","deg","20.000","°C","100.000","%a.s.","22.500","deg","20.000","°C","1013.000","hPa","0.861","-0.02056","0.00035","-0.00011","0","14.7","Humid","26.25","0","52.00","342339.49","SABD0000000001","AAV1.0.0.11","2.0.0.28","PSt7-10","000000-000","10/20/2017 9:36:39 AM","0000-00","0","no battery","V"
"10/20/2017","13:21:50","5","default","957498349","OXY5","132.202","min","154.065","μmol/L","Humid","21.214","deg","90802","µV","36.042","°C","1018.000","hPa","37.0","pmil","0","55.500","deg","20.000","°C","100.000","%a.s.","22.500","deg","20.000","°C","1013.000","hPa","0.861","-0.02056","0.00035","-0.00011","0","14.7","Humid","26.25","0","52.00","342334.53","SABD0000000001","AAV1.0.0.11","2.0.0.28","PSt7-10","000000-000","10/20/2017 9:36:39 AM","0000-00","0","no battery","V"
"10/20/2017","13:21:51","5","default","957498349","OXY5","132.218","min","153.975","μmol/L","Humid","21.216","deg","90801","µV","36.052","°C","1018.000","hPa","37.0","pmil","0","55.500","deg","20.000","°C","100.000","%a.s.","22.500","deg","20.000","°C","1013.000","hPa","0.861","-0.02056","0.00035","-0.00011","0","14.7","Humid","26.25","0","52.00","342322.82","SABD0000000001","AAV1.0.0.11","2.0.0.28","PSt7-10","000000-000","10/20/2017 9:36:39 AM","0000-00","0","no battery","V"
"10/20/2017","13:21:52","5","default","957498349","OXY5","132.235","min","154.058","μmol/L","Humid","21.218","deg","90799","µV","36.034","°C","1018.000","hPa","37.0","pmil","0","55.500","deg","20.000","°C","100.000","%a.s.","22.500","deg","20.000","°C","1013.000","hPa","0.861","-0.02056","0.00035","-0.00011","0","14.7","Humid","26.25","0","52.00","342336.75","SABD0000000001","AAV1.0.0.11","2.0.0.28","PSt7-10","000000-000","10/20/2017 9:36:39 AM","0000-00","0","no battery","V"
"10/20/2017","13:21:53","5","default","957498349","OXY5","132.252","min","154.076","μmol/L","Humid","21.216","deg","90800","µV","36.035","°C","1018.000","hPa","37.0","pmil","0","55.500","deg","20.000","°C","100.000","%a.s.","22.500","deg","20.000","°C","1013.000","hPa","0.861","-0.02056","0.00035","-0.00011","0","14.7","Humid","26.25","0","52.00","342330.28","SABD0000000001","AAV1.0.0.11","2.0.0.28","PSt7-10","000000-000","10/20/2017 9:36:39 AM","0000-00","0","no battery","V"
"10/20/2017","13:21:54","5","default","957498349","OXY5","132.268","min","154.099","μmol/L","Humid","21.215","deg","90800","µV","36.034","°C","1018.000","hPa","37.0","pmil","0","55.500","deg","20.000","°C","100.000","%a.s.","22.500","deg","20.000","°C","1013.000","hPa","0.861","-0.02056","0.00035","-0.00011","0","14.7","Humid","26.25","0","52.00","342332.31","SABD0000000001","AAV1.0.0.11","2.0.0.28","PSt7-10","000000-000","10/20/2017 9:36:39 AM","0000-00","0","no battery","V"
"10/20/2017","13:21:55","5","default","957498349","OXY5","132.291","min","154.163","μmol/L","Humid","21.215","deg","90807","µV","36.023","°C","1018.000","hPa","37.0","pmil","0","55.500","deg","20.000","°C","100.000","%a.s.","22.500","deg","20.000","°C","1013.000","hPa","0.861","-0.02056","0.00035","-0.00011","0","14.7","Humid","26.25","0","52.00","342357.01","SABD0000000001","AAV1.0.0.11","2.0.0.28","PSt7-10","000000-000","10/20/2017 9:36:39 AM","0000-00","0","no battery","V"
"10/20/2017","13:21:56","5","default","957498349","OXY5","132.301","min","153.989","μmol/L","Humid","21.218","deg","90794","µV","36.045","°C","1018.000","hPa","37.0","pmil","0","55.500","deg","20.000","°C","100.000","%a.s.","22.500","deg","20.000","°C","1013.000","hPa","0.861","-0.02056","0.00035","-0.00011","0","14.7","Humid","26.25","0","52.00","342310.43","SABD0000000001","AAV1.0.0.11","2.0.0.28","PSt7-10","000000-000","10/20/2017 9:36:39 AM","0000-00","0","no battery","V"
"10/20/2017","13:21:57","5","default","957498349","OXY5","132.318","min","154.131","μmol/L","Humid","21.217","deg","90798","µV","36.024","°C","1018.000","hPa","37.0","pmil","0","55.500","deg","20.000","°C","100.000","%a.s.","22.500","deg","20.000","°C","1013.000","hPa","0.861","-0.02056","0.00035","-0.00011","0","14.7","Humid","26.25","0","52.00","342327.05","SABD0000000001","AAV1.0.0.11","2.0.0.28","PSt7-10","000000-000","10/20/2017 9:36:39 AM","0000-00","0","no battery","V"
"10/20/2017","13:21:58","5","default","957498349","OXY5","132.335","min","154.034","μmol/L","Humid","21.221","deg","90796","µV","36.031","°C","1018.000","hPa","37.0","pmil","0","55.500","deg","20.000","°C","100.000","%a.s.","22.500","deg","20.000","°C","1013.000","hPa","0.861","-0.02056","0.00035","-0.00011","0","14.7","Humid","26.25","0","52.00","342324.46","SABD0000000001","AAV1.0.0.11","2.0.0.28","PSt7-10","000000-000","10/20/2017 9:36:39 AM","0000-00","0","no battery","V"
"10/20/2017","13:21:59","5","default","957498349","OXY5","132.351","min","154.075","μmol/L","Humid","21.217","deg","90795","µV","36.033","°C","1018.000","hPa","37.0","pmil","0","55.500","deg","20.000","°C","100.000","%a.s.","22.500","deg","20.000","°C","1013.000","hPa","0.861","-0.02056","0.00035","-0.00011","0","14.7","Humid","26.25","0","52.00","342327.45","SABD0000000001","AAV1.0.0.11","2.0.0.28","PSt7-10","000000-000","10/20/2017 9:36:39 AM","0000-00","0","no battery","V"
"10/20/2017","13:22:00","5","default","957498349","OXY5","132.368","min","153.960","μmol/L","Humid","21.215","deg","90795","µV","36.057","°C","1018.000","hPa","37.0","pmil","0","55.500","deg","20.000","°C","100.000","%a.s.","22.500","deg","20.000","°C","1013.000","hPa","0.861","-0.02056","0.00035","-0.00011","0","14.7","Humid","26.25","0","52.00","342332.61","SABD0000000001","AAV1.0.0.11","2.0.0.28","PSt7-10","000000-000","10/20/2017 9:36:39 AM","0000-00","0","no battery","V"
"10/20/2017","13:22:01","5","default","957498349","OXY5","132.385","min","154.011","μmol/L","Humid","21.214","deg","90804","µV","36.051","°C","1018.000","hPa","37.0","pmil","0","55.500","deg","20.000","°C","100.000","%a.s.","22.500","deg","20.000","°C","1013.000","hPa","0.861","-0.02056","0.00035","-0.00011","0","14.7","Humid","26.25","0","52.00","342319.97","SABD0000000001","AAV1.0.0.11","2.0.0.28","PSt7-10","000000-000","10/20/2017 9:36:39 AM","0000-00","0","no battery","V"
"10/20/2017","13:22:02","5","default","957498349","OXY5","132.401","min","153.997","μmol/L","Humid","21.220","deg","90798","µV","36.039","°C","1018.000","hPa","37.0","pmil","0","55.500","deg","20.000","°C","100.000","%a.s.","22.500","deg","20.000","°C","1013.000","hPa","0.861","-0.02056","0.00035","-0.00011","0","14.7","Humid","26.25","0","52.00","342321.32","SABD0000000001","AAV1.0.0.11","2.0.0.28","PSt7-10","000000-000","10/20/2017 9:36:39 AM","0000-00","0","no battery","V"
"10/20/2017","13:22:03","5","default","957498349","OXY5","132.418","min","154.017","μmol/L","Humid","21.218","deg","90801","µV","36.041","°C","1018.000","hPa","37.0","pmil","0","55.500","deg","20.000","°C","100.000","%a.s.","22.500","deg","20.000","°C","1013.000","hPa","0.861","-0.02056","0.00035","-0.00011","0","14.7","Humid","26.25","0","52.00","342340.95","SABD0000000001","AAV1.0.0.11","2.0.0.28","PSt7-10","000000-000","10/20/2017 9:36:39 AM","0000-00","0","no battery","V"
"10/20/2017","13:22:04","5","default","957498349","OXY5","132.435","min","154.036","μmol/L","Humid","21.216","deg","90802","µV","36.042","°C","1018.000","hPa","37.0","pmil","0","55.500","deg","20.000","°C","100.000","%a.s.","22.500","deg","20.000","°C","1013.000","hPa","0.861","-0.02056","0.00035","-0.00011","0","14.7","Humid","26.25","0","52.00","342320.77","SABD0000000001","AAV1.0.0.11","2.0.0.28","PSt7-10","000000-000","10/20/2017 9:36:39 AM","0000-00","0","no battery","V"
"10/20/2017","13:22:05","5","default","957498349","OXY5","132.452","min","153.911","μmol/L","Humid","21.222","deg","90800","µV","36.049","°C","1018.000","hPa","37.0","pmil","0","55.500","deg","20.000","°C","100.000","%a.s.","22.500","deg","20.000","°C","1013.000","hPa","0.861","-0.02056","0.00035","-0.00011","0","14.7","Humid","26.25","0","52.00","342334.27","SABD0000000001","AAV1.0.0.11","2.0.0.28","PSt7-10","000000-000","10/20/2017 9:36:39 AM","0000-00","0","no battery","V"
"10/20/2017","13:22:06","5","default","957498349","OXY5","132.468","min","154.019","μmol/L","Humid","21.217","deg","90800","µV","36.043","°C","1018.000","hPa","37.0","pmil","0","55.500","deg","20.000","°C","100.000","%a.s.","22.500","deg","20.000","°C","1013.000","hPa","0.861","-0.02056","0.00035","-0.00011","0","14.7","Humid","26.25","0","52.00","342313.86","SABD0000000001","AAV1.0.0.11","2.0.0.28","PSt7-10","000000-000","10/20/2017 9:36:39 AM","0000-00","0","no battery","V"
"10/20/2017","13:22:07","5","default","957498349","OXY5","132.485","min","154.078","μmol/L","Humid","21.214","deg","90801","µV","36.040","°C","1018.000","hPa","37.0","pmil","0","55.500","deg","20.000","°C","100.000","%a.s.","22.500","deg","20.000","°C","1013.000","hPa","0.861","-0.02056","0.00035","-0.00011","0","14.7","Humid","26.25","0","52.00","342331.11","SABD0000000001","AAV1.0.0.11","2.0.0.28","PSt7-10","000000-000","10/20/2017 9:36:39 AM","0000-00","0","no battery","V"
"10/20/2017","13:22:08","5","default","957498349","OXY5","132.501","min","154.037","μmol/L","Humid","21.215","deg","90800","µV","36.044","°C","1018.000","hPa","37.0","pmil","0","55.500","deg","20.000","°C","100.000","%a.s.","22.500","deg","20.000","°C","1013.000","hPa","0.861","-0.02056","0.00035","-0.00011","0","14.7","Humid","26.25","0","52.00","342329.15","SABD0000000001","AAV1.0.0.11","2.0.0.28","PSt7-10","000000-000","10/20/2017 9:36:39 AM","0000-00","0","no battery","V"
"10/20/2017","13:22:09","5","default","957498349","OXY5","132.518","min","154.026","μmol/L","Humid","21.216","deg","90797","µV","36.044","°C","1018.000","hPa","37.0","pmil","0","55.500","deg","20.000","°C","100.000","%a.s.","22.500","deg","20.000","°C","1013.000","hPa","0.861","-0.02056","0.00035","-0.00011","0","14.7","Humid","26.25","0","52.00","342327.93","SABD0000000001","AAV1.0.0.11","2.0.0.28","PSt7-10","000000-000","10/20/2017 9:36:39 AM","0000-00","0","no battery","V"
"10/20/2017","13:22:10","5","default","957498349","OXY5","132.535","min","154.036","μmol/L","Humid","21.216","deg","90801","µV","36.042","°C","1018.000","hPa","37.0","pmil","0","55.500","deg","20.000","°C","100.000","%a.s.","22.500","deg","20.000","°C","1013.000","hPa","0.861","-0.02056","0.00035","-0.00011","0","14.7","Humid","26.25","0","52.00","342325.15","SABD0000000001","AAV1.0.0.11","2.0.0.28","PSt7-10","000000-000","10/20/2017 9:36:39 AM","0000-00","0","no battery","V"
"10/20/2017","13:22:11","5","default","957498349","OXY5","132.551","min","154.039","μmol/L","Humid","21.215","deg","90800","µV","36.044","°C","1018.000","hPa","37.0","pmil","0","55.500","deg","20.000","°C","100.000","%a.s.","22.500","deg","20.000","°C","1013.000","hPa","0.861","-0.02056","0.00035","-0.00011","0","14.7","Humid","26.25","0","52.00","342331.12","SABD0000000001","AAV1.0.0.11","2.0.0.28","PSt7-10","000000-000","10/20/2017 9:36:39 AM","0000-00","0","no battery","V"
"10/20/2017","13:22:12","5","default","957498349","OXY5","132.568","min","154.091","μmol/L","Humid","21.215","deg","90800","µV","36.035","°C","1018.000","hPa","37.0","pmil","0","55.500","deg","20.000","°C","100.000","%a.s.","22.500","deg","20.000","°C","1013.000","hPa","0.861","-0.02056","0.00035","-0.00011","0","14.7","Humid","26.25","0","52.00","342326.09","SABD0000000001","AAV1.0.0.11","2.0.0.28","PSt7-10","000000-000","10/20/2017 9:36:39 AM","0000-00","0","no battery","V"
"10/20/2017","13:22:13","5","default","957498349","OXY5","132.585","min","154.065","μmol/L","Humid","21.215","deg","90803","µV","36.039","°C","1018.000","hPa","37.0","pmil","0","55.500","deg","20.000","°C","100.000","%a.s.","22.500","deg","20.000","°C","1013.000","hPa","0.861","-0.02056","0.00035","-0.00011","0","14.7","Humid","26.25","0","52.00","342313.91","SABD0000000001","AAV1.0.0.11","2.0.0.28","PSt7-10","000000-000","10/20/2017 9:36:39 AM","0000-00","0","no battery","V"
"10/20/2017","13:22:14","5","default","957498349","OXY5","132.606","min","154.027","μmol/L","Humid","21.215","deg","90802","µV","36.046","°C","1018.000","hPa","37.0","pmil","0","55.500","deg","20.000","°C","100.000","%a.s.","22.500","deg","20.000","°C","1013.000","hPa","0.861","-0.02056","0.00035","-0.00011","0","14.7","Humid","26.25","0","52.00","342339.64","SABD0000000001","AAV1.0.0.11","2.0.0.28","PSt7-10","000000-000","10/20/2017 9:36:39 AM","0000-00","0","no battery","V"
"10/20/2017","13:22:15","5","default","957498349","OXY5","132.618","min","154.132","μmol/L","Humid","21.217","deg","90791","µV","36.023","°C","1018.000","hPa","37.0","pmil","0","55.500","deg","20.000","°C","100.000","%a.s.","22.500","deg","20.000","°C","1013.000","hPa","0.861","-0.02056","0.00035","-0.00011","0","14.7","Humid","26.25","0","52.00","342325.68","SABD0000000001","AAV1.0.0.11","2.0.0.28","PSt7-10","000000-000","10/20/2017 9:36:39 AM","0000-00","0","no battery","V"
"10/20/2017","13:22:16","5","default","957498349","OXY5","132.635","min","154.185","μmol/L","Humid","21.215","deg","90797","µV","36.019","°C","1018.000","hPa","37.0","pmil","0","55.500","deg","20.000","°C","100.000","%a.s.","22.500","deg","20.000","°C","1013.000","hPa","0.861","-0.02056","0.00035","-0.00011","0","14.7","Humid","26.25","0","52.00","342323.63","SABD0000000001","AAV1.0.0.11","2.0.0.28","PSt7-10","000000-000","10/20/2017 9:36:39 AM","0000-00","0","no battery","V"
"10/20/2017","13:22:17","5","default","957498349","OXY5","132.651","min","154.166","μmol/L","Humid","21.216","deg","90796","µV","36.020","°C","1018.000","hPa","37.0","pmil","0","55.500","deg","20.000","°C","100.000","%a.s.","22.500","deg","20.000","°C","1013.000","hPa","0.861","-0.02056","0.00035","-0.00011","0","14.7","Humid","26.25","0","52.00","342335.41","SABD0000000001","AAV1.0.0.11","2.0.0.28","PSt7-10","000000-000","10/20/2017 9:36:39 AM","0000-00","0","no battery","V"
"10/20/2017","13:22:18","5","default","957498349","OXY5","132.668","min","153.885","μmol/L","Humid","21.217","deg","90803","µV","36.065","°C","1018.000","hPa","37.0","pmil","0","55.500","deg","20.000","°C","100.000","%a.s.","22.500","deg","20.000","°C","1013.000","hPa","0.861","-0.02056","0.00035","-0.00011","0","14.7","Humid","26.25","0","52.00","342322.51","SABD0000000001","AAV1.0.0.11","2.0.0.28","PSt7-10","000000-000","10/20/2017 9:36:39 AM","0000-00","0","no battery","V"
"10/20/2017","13:22:19","5","default","957498349","OXY5","132.685","min","153.984","μmol/L","Humid","21.217","deg","90802","µV","36.049","°C","1018.000","hPa","37.0","pmil","0","55.500","deg","20.000","°C","100.000","%a.s.","22.500","deg","20.000","°C","1013.000","hPa","0.861","-0.02056","0.00035","-0.00011","0","14.7","Humid","26.25","0","52.00","342337.45","SABD0000000001","AAV1.0.0.11","2.0.0.28","PSt7-10","000000-000","10/20/2017 9:36:39 AM","0000-00","0","no battery","V"
"10/20/2017","13:22:20","5","default","957498349","OXY5","132.701","min","153.945","μmol/L","Humid","21.215","deg","90803","µV","36.060","°C","1018.000","hPa","37.0","pmil","0","55.500","deg","20.000","°C","100.000","%a.s.","22.500","deg","20.000","°C","1013.000","hPa","0.861","-0.02056","0.00035","-0.00011","0","14.7","Humid","26.25","0","52.00","342339.66","SABD0000000001","AAV1.0.0.11","2.0.0.28","PSt7-10","000000-000","10/20/2017 9:36:39 AM","0000-00","0","no battery","V"
"10/20/2017","13:22:21","5","default","957498349","OXY5","132.722","min","153.916","μmol/L","Humid","21.219","deg","90805","µV","36.055","°C","1018.000","hPa","37.0","pmil","0","55.500","deg","20.000","°C","100.000","%a.s.","22.500","deg","20.000","°C","1013.000","hPa","0.861","-0.02056","0.00035","-0.00011","0","14.7","Humid","26.25","0","52.00","342329.40","SABD0000000001","AAV1.0.0.11","2.0.0.28","PSt7-10","000000-000","10/20/2017 9:36:39 AM","0000-00","0","no battery","V"
"10/20/2017","13:22:22","5","default","957498349","OXY5","132.735","min","153.992","μmol/L","Humid","21.213","deg","90805","µV","36.057","°C","1018.000","hPa","37.0","pmil","0","55.500","deg","20.000","°C","100.000","%a.s.","22.500","deg","20.000","°C","1013.000","hPa","0.861","-0.02056","0.00035","-0.00011","0","14.7","Humid","26.25","0","52.00","342330.26","SABD0000000001","AAV1.0.0.11","2.0.0.28","PSt7-10","000000-000","10/20/2017 9:36:39 AM","0000-00","0","no battery","V"
"10/20/2017","13:22:23","5","default","957498349","OXY5","132.751","min","154.057","μmol/L","Humid","21.214","deg","90800","µV","36.043","°C","1018.000","hPa","37.0","pmil","0","55.500","deg","20.000","°C","100.000","%a.s.","22.500","deg","20.000","°C","1013.000","hPa","0.861","-0.02056","0.00035","-0.00011","0","14.7","Humid","26.25","0","52.00","342329.25","SABD0000000001","AAV1.0.0.11","2.0.0.28","PSt7-10","000000-000","10/20/2017 9:36:39 AM","0000-00","0","no battery","V"
"10/20/2017","13:22:24","5","default","957498349","OXY5","132.774","min","153.979","μmol/L","Humid","21.217","deg","90813","µV","36.049","°C","1018.000","hPa","37.0","pmil","0","55.500","deg","20.000","°C","100.000","%a.s.","22.500","deg","20.000","°C","1013.000","hPa","0.861","-0.02056","0.00035","-0.00011","0","14.7","Humid","26.25","0","52.00","342350.15","SABD0000000001","AAV1.0.0.11","2.0.0.28","PSt7-10","000000-000","10/20/2017 9:36:39 AM","0000-00","0","no battery","V"
"10/20/2017","13:22:25","5","default","957498349","OXY5","132.785","min","154.088","μmol/L","Humid","21.214","deg","90797","µV","36.038","°C","1018.000","hPa","37.0","pmil","0","55.500","deg","20.000","°C","100.000","%a.s.","22.500","deg","20.000","°C","1013.000","hPa","0.861","-0.02056","0.00035","-0.00011","0","14.7","Humid","26.25","0","52.00","342317.87","SABD0000000001","AAV1.0.0.11","2.0.0.28","PSt7-10","000000-000","10/20/2017 9:36:39 AM","0000-00","0","no battery","V"
"10/20/2017","13:22:26","5","default","957498349","OXY5","132.802","min","154.044","μmol/L","Humid","21.217","deg","90798","µV","36.038","°C","1018.000","hPa","37.0","pmil","0","55.500","deg","20.000","°C","100.000","%a.s.","22.500","deg","20.000","°C","1013.000","hPa","0.861","-0.02056","0.00035","-0.00011","0","14.7","Humid","26.25","0","52.00","342319.52","SABD0000000001","AAV1.0.0.11","2.0.0.28","PSt7-10","000000-000","10/20/2017 9:36:39 AM","0000-00","0","no battery","V"
"10/20/2017","13:22:27","5","default","957498349","OXY5","132.824","min","153.921","μmol/L","Humid","21.220","deg","90807","µV","36.052","°C","1018.000","hPa","37.0","pmil","0","55.500","deg","20.000","°C","100.000","%a.s.","22.500","deg","20.000","°C","1013.000","hPa","0.861","-0.02056","0.00035","-0.00011","0","14.7","Humid","26.25","0","52.00","342338.36","SABD0000000001","AAV1.0.0.11","2.0.0.28","PSt7-10","000000-000","10/20/2017 9:36:39 AM","0000-00","0","no battery","V"
"10/20/2017","13:22:28","5","default","957498349","OXY5","132.835","min","153.940","μmol/L","Humid","21.217","deg","90798","µV","36.056","°C","1018.000","hPa","37.0","pmil","0","55.500","deg","20.000","°C","100.000","%a.s.","22.500","deg","20.000","°C","1013.000","hPa","0.861","-0.02056","0.00035","-0.00011","0","14.7","Humid","26.25","0","52.00","342296.10","SABD0000000001","AAV1.0.0.11","2.0.0.28","PSt7-10","000000-000","10/20/2017 9:36:39 AM","0000-00","0","no battery","V"
"10/20/2017","13:22:29","5","default","957498349","OXY5","132.852","min","154.124","μmol/L","Humid","21.212","deg","90795","µV","36.036","°C","1018.000","hPa","37.0","pmil","0","55.500","deg","20.000","°C","100.000","%a.s.","22.500","deg","20.000","°C","1013.000","hPa","0.861","-0.02056","0.00035","-0.00011","0","14.7","Humid","26.25","0","52.00","342324.14","SABD0000000001","AAV1.0.0.11","2.0.0.28","PSt7-10","000000-000","10/20/2017 9:36:39 AM","0000-00","0","no battery","V"
"10/20/2017","13:22:30","5","default","957498349","OXY5","132.868","min","153.972","μmol/L","Humid","21.216","deg","90801","µV","36.053","°C","1018.000","hPa","37.0","pmil","0","55.500","deg","20.000","°C","100.000","%a.s.","22.500","deg","20.000","°C","1013.000","hPa","0.861","-0.02056","0.00035","-0.00011","0","14.7","Humid","26.25","0","52.00","342301.84","SABD0000000001","AAV1.0.0.11","2.0.0.28","PSt7-10","000000-000","10/20/2017 9:36:39 AM","0000-00","0","no battery","V"
"10/20/2017","13:22:31","5","default","957498349","OXY5","132.885","min","153.989","μmol/L","Humid","21.218","deg","90804","µV","36.045","°C","1018.000","hPa","37.0","pmil","0","55.500","deg","20.000","°C","100.000","%a.s.","22.500","deg","20.000","°C","1013.000","hPa","0.861","-0.02056","0.00035","-0.00011","0","14.7","Humid","26.25","0","52.00","342313.53","SABD0000000001","AAV1.0.0.11","2.0.0.28","PSt7-10","000000-000","10/20/2017 9:36:39 AM","0000-00","0","no battery","V"
"10/20/2017","13:22:32","5","default","957498349","OXY5","132.906","min","153.947","μmol/L","Humid","21.218","deg","90802","µV","36.052","°C","1018.000","hPa","37.0","pmil","0","55.500","deg","20.000","°C","100.000","%a.s.","22.500","deg","20.000","°C","1013.000","hPa","0.861","-0.02056","0.00035","-0.00011","0","14.7","Humid","26.25","0","52.00","342322.27","SABD0000000001","AAV1.0.0.11","2.0.0.28","PSt7-10","000000-000","10/20/2017 9:36:39 AM","0000-00","0","no battery","V"
"10/20/2017","13:22:33","5","default","957498349","OXY5","132.918","min","153.945","μmol/L","Humid","21.218","deg","90798","µV","36.053","°C","1018.000","hPa","37.0","pmil","0","55.500","deg","20.000","°C","100.000","%a.s.","22.500","deg","20.000","°C","1013.000","hPa","0.861","-0.02056","0.00035","-0.00011","0","14.7","Humid","26.25","0","52.00","342316.67","SABD0000000001","AAV1.0.0.11","2.0.0.28","PSt7-10","000000-000","10/20/2017 9:36:39 AM","0000-00","0","no battery","V"
"10/20/2017","13:22:34","5","default","957498349","OXY5","132.935","min","154.071","μmol/L","Humid","21.214","deg","90800","µV","36.041","°C","1018.000","hPa","37.0","pmil","0","55.500","deg","20.000","°C","100.000","%a.s.","22.500","deg","20.000","°C","1013.000","hPa","0.861","-0.02056","0.00035","-0.00011","0","14.7","Humid","26.25","0","52.00","342313.10","SABD0000000001","AAV1.0.0.11","2.0.0.28","PSt7-10","000000-000","10/20/2017 9:36:39 AM","0000-00","0","no battery","V"
"10/20/2017","13:22:35","5","default","957498349","OXY5","132.951","min","154.068","μmol/L","Humid","21.217","deg","90797","µV","36.034","°C","1018.000","hPa","37.0","pmil","0","55.500","deg","20.000","°C","100.000","%a.s.","22.500","deg","20.000","°C","1013.000","hPa","0.861","-0.02056","0.00035","-0.00011","0","14.7","Humid","26.25","0","52.00","342303.23","SABD0000000001","AAV1.0.0.11","2.0.0.28","PSt7-10","000000-000","10/20/2017 9:36:39 AM","0000-00","0","no battery","V"
"10/20/2017","13:22:36","5","default","957498349","OXY5","132.968","min","154.044","μmol/L","Humid","21.219","deg","90799","µV","36.034","°C","1018.000","hPa","37.0","pmil","0","55.500","deg","20.000","°C","100.000","%a.s.","22.500","deg","20.000","°C","1013.000","hPa","0.861","-0.02056","0.00035","-0.00011","0","14.7","Humid","26.25","0","52.00","342305.68","SABD0000000001","AAV1.0.0.11","2.0.0.28","PSt7-10","000000-000","10/20/2017 9:36:39 AM","0000-00","0","no battery","V"
"10/20/2017","13:22:37","5","default","957498349","OXY5","132.985","min","153.952","μmol/L","Humid","21.215","deg","90805","µV","36.059","°C","1018.000","hPa","37.0","pmil","0","55.500","deg","20.000","°C","100.000","%a.s.","22.500","deg","20.000","°C","1013.000","hPa","0.861","-0.02056","0.00035","-0.00011","0","14.7","Humid","26.25","0","52.00","342306.77","SABD0000000001","AAV1.0.0.11","2.0.0.28","PSt7-10","000000-000","10/20/2017 9:36:39 AM","0000-00","0","no battery","V"
"10/20/2017","13:22:38","5","default","957498349","OXY5","133.001","min","153.936","μmol/L","Humid","21.217","deg","90800","µV","36.057","°C","1018.000","hPa","37.0","pmil","0","55.500","deg","20.000","°C","100.000","%a.s.","22.500","deg","20.000","°C","1013.000","hPa","0.861","-0.02056","0.00035","-0.00011","0","14.7","Humid","26.25","0","52.00","342299.19","SABD0000000001","AAV1.0.0.11","2.0.0.28","PSt7-10","000000-000","10/20/2017 9:36:39 AM","0000-00","0","no battery","V"
"10/20/2017","13:22:39","5","default","957498349","OXY5","133.018","min","153.949","μmol/L","Humid","21.216","deg","90796","µV","36.057","°C","1018.000","hPa","37.0","pmil","0","55.500","deg","20.000","°C","100.000","%a.s.","22.500","deg","20.000","°C","1013.000","hPa","0.861","-0.02056","0.00035","-0.00011","0","14.7","Humid","26.25","0","52.00","342307.14","SABD0000000001","AAV1.0.0.11","2.0.0.28","PSt7-10","000000-000","10/20/2017 9:36:39 AM","0000-00","0","no battery","V"
"10/20/2017","13:22:40","5","default","957498349","OXY5","133.035","min","154.044","μmol/L","Humid","21.213","deg","90797","µV","36.048","°C","1018.000","hPa","37.0","pmil","0","55.500","deg","20.000","°C","100.000","%a.s.","22.500","deg","20.000","°C","1013.000","hPa","0.861","-0.02056","0.00035","-0.00011","0","14.7","Humid","26.25","0","52.00","342298.49","SABD0000000001","AAV1.0.0.11","2.0.0.28","PSt7-10","000000-000","10/20/2017 9:36:39 AM","0000-00","0","no battery","V"
"10/20/2017","13:22:41","5","default","957498349","OXY5","133.051","min","154.002","μmol/L","Humid","21.215","deg","90801","µV","36.050","°C","1018.000","hPa","37.0","pmil","0","55.500","deg","20.000","°C","100.000","%a.s.","22.500","deg","20.000","°C","1013.000","hPa","0.861","-0.02056","0.00035","-0.00011","0","14.7","Humid","26.25","0","52.00","342314.29","SABD0000000001","AAV1.0.0.11","2.0.0.28","PSt7-10","000000-000","10/20/2017 9:36:39 AM","0000-00","0","no battery","V"
"10/20/2017","13:22:42","5","default","957498349","OXY5","133.068","min","153.925","μmol/L","Humid","21.220","deg","90790","µV","36.052","°C","1018.000","hPa","37.0","pmil","0","55.500","deg","20.000","°C","100.000","%a.s.","22.500","deg","20.000","°C","1013.000","hPa","0.861","-0.02056","0.00035","-0.00011","0","14.7","Humid","26.25","0","52.00","342300.86","SABD0000000001","AAV1.0.0.11","2.0.0.28","PSt7-10","000000-000","10/20/2017 9:36:39 AM","0000-00","0","no battery","V"
"10/20/2017","13:22:43","5","default","957498349","OXY5","133.085","min","153.965","μmol/L","Humid","21.216","deg","90806","µV","36.054","°C","1018.000","hPa","37.0","pmil","0","55.500","deg","20.000","°C","100.000","%a.s.","22.500","deg","20.000","°C","1013.000","hPa","0.861","-0.02056","0.00035","-0.00011","0","14.7","Humid","26.25","0","52.00","342308.40","SABD0000000001","AAV1.0.0.11","2.0.0.28","PSt7-10","000000-000","10/20/2017 9:36:39 AM","0000-00","0","no battery","V"
"10/20/2017","13:22:44","5","default","957498349","OXY5","133.101","min","153.980","μmol/L","Humid","21.216","deg","90805","µV","36.052","°C","1018.000","hPa","37.0","pmil","0","55.500","deg","20.000","°C","100.000","%a.s.","22.500","deg","20.000","°C","1013.000","hPa","0.861","-0.02056","0.00035","-0.00011","0","14.7","Humid","26.25","0","52.00","342294.96","SABD0000000001","AAV1.0.0.11","2.0.0.28","PSt7-10","000000-000","10/20/2017 9:36:39 AM","0000-00","0","no battery","V"
"10/20/2017","13:22:45","5","default","957498349","OXY5","133.118","min","154.145","μmol/L","Humid","21.213","deg","90798","µV","36.031","°C","1018.000","hPa","37.0","pmil","0","55.500","deg","20.000","°C","100.000","%a.s.","22.500","deg","20.000","°C","1013.000","hPa","0.861","-0.02056","0.00035","-0.00011","0","14.7","Humid","26.25","0","52.00","342302.16","SABD0000000001","AAV1.0.0.11","2.0.0.28","PSt7-10","000000-000","10/20/2017 9:36:39 AM","0000-00","0","no battery","V"
"10/20/2017","13:22:46","5","default","957498349","OXY5","133.135","min","154.004","μmol/L","Humid","21.216","deg","90799","µV","36.048","°C","1018.000","hPa","37.0","pmil","0","55.500","deg","20.000","°C","100.000","%a.s.","22.500","deg","20.000","°C","1013.000","hPa","0.861","-0.02056","0.00035","-0.00011","0","14.7","Humid","26.25","0","52.00","342318.84","SABD0000000001","AAV1.0.0.11","2.0.0.28","PSt7-10","000000-000","10/20/2017 9:36:39 AM","0000-00","0","no battery","V"
"10/20/2017","13:22:47","5","default","957498349","OXY5","133.156","min","153.986","μmol/L","Humid","21.216","deg","90815","µV","36.051","°C","1018.000","hPa","37.0","pmil","0","55.500","deg","20.000","°C","100.000","%a.s.","22.500","deg","20.000","°C","1013.000","hPa","0.861","-0.02056","0.00035","-0.00011","0","14.7","Humid","26.25","0","52.00","342349.81","SABD0000000001","AAV1.0.0.11","2.0.0.28","PSt7-10","000000-000","10/20/2017 9:36:39 AM","0000-00","0","no battery","V"
"10/20/2017","13:22:49","5","default","957498349","OXY5","133.183","min","153.925","μmol/L","Humid","21.218","deg","90818","µV","36.056","°C","1018.000","hPa","37.0","pmil","0","55.500","deg","20.000","°C","100.000","%a.s.","22.500","deg","20.000","°C","1013.000","hPa","0.861","-0.02056","0.00035","-0.00011","0","14.7","Humid","26.25","0","52.00","342349.46","SABD0000000001","AAV1.0.0.11","2.0.0.28","PSt7-10","000000-000","10/20/2017 9:36:39 AM","0000-00","0","no battery","V"
"10/20/2017","13:22:49","5","default","957498349","OXY5","133.185","min","153.983","μmol/L","Humid","21.217","deg","90783","µV","36.049","°C","1018.000","hPa","37.0","pmil","0","55.500","deg","20.000","°C","100.000","%a.s.","22.500","deg","20.000","°C","1013.000","hPa","0.861","-0.02056","0.00035","-0.00011","0","14.7","Humid","26.25","0","52.00","342267.65","SABD0000000001","AAV1.0.0.11","2.0.0.28","PSt7-10","000000-000","10/20/2017 9:36:39 AM","0000-00","0","no battery","V"
"10/20/2017","13:22:50","5","default","957498349","OXY5","133.201","min","153.978","μmol/L","Humid","21.218","deg","90789","µV","36.047","°C","1018.000","hPa","37.0","pmil","0","55.500","deg","20.000","°C","100.000","%a.s.","22.500","deg","20.000","°C","1013.000","hPa","0.861","-0.02056","0.00035","-0.00011","0","14.7","Humid","26.25","0","52.00","342274.69","SABD0000000001","AAV1.0.0.11","2.0.0.28","PSt7-10","000000-000","10/20/2017 9:36:39 AM","0000-00","0","no battery","V"
"10/20/2017","13:22:51","5","default","957498349","OXY5","133.218","min","154.027","μmol/L","Humid","21.214","deg","90795","µV","36.048","°C","1018.000","hPa","37.0","pmil","0","55.500","deg","20.000","°C","100.000","%a.s.","22.500","deg","20.000","°C","1013.000","hPa","0.861","-0.02056","0.00035","-0.00011","0","14.7","Humid","26.25","0","52.00","342293.32","SABD0000000001","AAV1.0.0.11","2.0.0.28","PSt7-10","000000-000","10/20/2017 9:36:39 AM","0000-00","0","no battery","V"
"10/20/2017","13:22:52","5","default","957498349","OXY5","133.235","min","154.017","μmol/L","Humid","21.213","deg","90804","µV","36.052","°C","1018.000","hPa","37.0","pmil","0","55.500","deg","20.000","°C","100.000","%a.s.","22.500","deg","20.000","°C","1013.000","hPa","0.861","-0.02056","0.00035","-0.00011","0","14.7","Humid","26.25","0","52.00","342298.74","SABD0000000001","AAV1.0.0.11","2.0.0.28","PSt7-10","000000-000","10/20/2017 9:36:39 AM","0000-00","0","no battery","V"
"10/20/2017","13:22:53","5","default","957498349","OXY5","133.251","min","154.066","μmol/L","Humid","21.217","deg","90799","µV","36.035","°C","1018.000","hPa","37.0","pmil","0","55.500","deg","20.000","°C","100.000","%a.s.","22.500","deg","20.000","°C","1013.000","hPa","0.861","-0.02056","0.00035","-0.00011","0","14.7","Humid","26.25","0","52.00","342304.07","SABD0000000001","AAV1.0.0.11","2.0.0.28","PSt7-10","000000-000","10/20/2017 9:36:39 AM","0000-00","0","no battery","V"
"10/20/2017","13:22:54","5","default","957498349","OXY5","133.268","min","154.067","μmol/L","Humid","21.216","deg","90801","µV","36.037","°C","1018.000","hPa","37.0","pmil","0","55.500","deg","20.000","°C","100.000","%a.s.","22.500","deg","20.000","°C","1013.000","hPa","0.861","-0.02056","0.00035","-0.00011","0","14.7","Humid","26.25","0","52.00","342300.01","SABD0000000001","AAV1.0.0.11","2.0.0.28","PSt7-10","000000-000","10/20/2017 9:36:39 AM","0000-00","0","no battery","V"
"10/20/2017","13:22:55","5","default","957498349","OXY5","133.285","min","154.066","μmol/L","Humid","21.218","deg","90802","µV","36.032","°C","1018.000","hPa","37.0","pmil","0","55.500","deg","20.000","°C","100.000","%a.s.","22.500","deg","20.000","°C","1013.000","hPa","0.861","-0.02056","0.00035","-0.00011","0","14.7","Humid","26.25","0","52.00","342309.32","SABD0000000001","AAV1.0.0.11","2.0.0.28","PSt7-10","000000-000","10/20/2017 9:36:39 AM","0000-00","0","no battery","V"
"10/20/2017","13:22:56","5","default","957498349","OXY5","133.302","min","153.916","μmol/L","Humid","21.218","deg","90802","µV","36.058","°C","1018.000","hPa","37.0","pmil","0","55.500","deg","20.000","°C","100.000","%a.s.","22.500","deg","20.000","°C","1013.000","hPa","0.861","-0.02056","0.00035","-0.00011","0","14.7","Humid","26.25","0","52.00","342299.52","SABD0000000001","AAV1.0.0.11","2.0.0.28","PSt7-10","000000-000","10/20/2017 9:36:39 AM","0000-00","0","no battery","V"
"10/20/2017","13:22:57","5","default","957498349","OXY5","133.318","min","154.030","μmol/L","Humid","21.214","deg","90803","µV","36.048","°C","1018.000","hPa","37.0","pmil","0","55.500","deg","20.000","°C","100.000","%a.s.","22.500","deg","20.000","°C","1013.000","hPa","0.861","-0.02056","0.00035","-0.00011","0","14.7","Humid","26.25","0","52.00","342296.10","SABD0000000001","AAV1.0.0.11","2.0.0.28","PSt7-10","000000-000","10/20/2017 9:36:39 AM","0000-00","0","no battery","V"
"10/20/2017","13:22:58","5","default","957498349","OXY5","133.335","min","153.968","μmol/L","Humid","21.218","deg","90805","µV","36.049","°C","1018.000","hPa","37.0","pmil","0","55.500","deg","20.000","°C","100.000","%a.s.","22.500","deg","20.000","°C","1013.000","hPa","0.861","-0.02056","0.00035","-0.00011","0","14.7","Humid","26.25","0","52.00","342308.43","SABD0000000001","AAV1.0.0.11","2.0.0.28","PSt7-10","000000-000","10/20/2017 9:36:39 AM","0000-00","0","no battery","V"
"10/20/2017","13:22:59","5","default","957498349","OXY5","133.352","min","153.990","μmol/L","Humid","21.217","deg","90798","µV","36.048","°C","1018.000","hPa","37.0","pmil","0","55.500","deg","20.000","°C","100.000","%a.s.","22.500","deg","20.000","°C","1013.000","hPa","0.861","-0.02056","0.00035","-0.00011","0","14.7","Humid","26.25","0","52.00","342298.39","SABD0000000001","AAV1.0.0.11","2.0.0.28","PSt7-10","000000-000","10/20/2017 9:36:39 AM","0000-00","0","no battery","V"
"10/20/2017","13:23:00","5","default","957498349","OXY5","133.368","min","154.026","μmol/L","Humid","21.215","deg","90802","µV","36.046","°C","1018.000","hPa","37.0","pmil","0","55.500","deg","20.000","°C","100.000","%a.s.","22.500","deg","20.000","°C","1013.000","hPa","0.861","-0.02056","0.00035","-0.00011","0","14.7","Humid","26.25","0","52.00","342298.99","SABD0000000001","AAV1.0.0.11","2.0.0.28","PSt7-10","000000-000","10/20/2017 9:36:39 AM","0000-00","0","no battery","V"
"10/20/2017","13:23:01","5","default","957498349","OXY5","133.384","min","153.933","μmol/L","Humid","21.222","deg","90800","µV","36.046","°C","1018.000","hPa","37.0","pmil","0","55.500","deg","20.000","°C","100.000","%a.s.","22.500","deg","20.000","°C","1013.000","hPa","0.861","-0.02056","0.00035","-0.00011","0","14.7","Humid","26.25","0","52.00","342299.03","SABD0000000001","AAV1.0.0.11","2.0.0.28","PSt7-10","000000-000","10/20/2017 9:36:39 AM","0000-00","0","no battery","V"
"10/20/2017","13:23:02","5","default","957498349","OXY5","133.401","min","153.978","μmol/L","Humid","21.216","deg","90807","µV","36.052","°C","1018.000","hPa","37.0","pmil","0","55.500","deg","20.000","°C","100.000","%a.s.","22.500","deg","20.000","°C","1013.000","hPa","0.861","-0.02056","0.00035","-0.00011","0","14.7","Humid","26.25","0","52.00","342307.11","SABD0000000001","AAV1.0.0.11","2.0.0.28","PSt7-10","000000-000","10/20/2017 9:36:39 AM","0000-00","0","no battery","V"
"10/20/2017","13:23:03","5","default","957498349","OXY5","133.418","min","153.921","μmol/L","Humid","21.220","deg","90803","µV","36.052","°C","1018.000","hPa","37.0","pmil","0","55.500","deg","20.000","°C","100.000","%a.s.","22.500","deg","20.000","°C","1013.000","hPa","0.861","-0.02056","0.00035","-0.00011","0","14.7","Humid","26.25","0","52.00","342287.60","SABD0000000001","AAV1.0.0.11","2.0.0.28","PSt7-10","000000-000","10/20/2017 9:36:39 AM","0000-00","0","no battery","V"
"10/20/2017","13:23:04","5","default","957498349","OXY5","133.434","min","154.007","μmol/L","Humid","21.216","deg","90799","µV","36.047","°C","1018.000","hPa","37.0","pmil","0","55.500","deg","20.000","°C","100.000","%a.s.","22.500","deg","20.000","°C","1013.000","hPa","0.861","-0.02056","0.00035","-0.00011","0","14.7","Humid","26.25","0","52.00","342290.61","SABD0000000001","AAV1.0.0.11","2.0.0.28","PSt7-10","000000-000","10/20/2017 9:36:39 AM","0000-00","0","no battery","V"
"10/20/2017","13:23:05","5","default","957498349","OXY5","133.451","min","153.940","μmol/L","Humid","21.219","deg","90807","µV","36.051","°C","1018.000","hPa","37.0","pmil","0","55.500","deg","20.000","°C","100.000","%a.s.","22.500","deg","20.000","°C","1013.000","hPa","0.861","-0.02056","0.00035","-0.00011","0","14.7","Humid","26.25","0","52.00","342300.73","SABD0000000001","AAV1.0.0.11","2.0.0.28","PSt7-10","000000-000","10/20/2017 9:36:39 AM","0000-00","0","no battery","V"
"10/20/2017","13:23:06","5","default","957498349","OXY5","133.468","min","154.001","μmol/L","Humid","21.214","deg","90802","µV","36.053","°C","1018.000","hPa","37.0","pmil","0","55.500","deg","20.000","°C","100.000","%a.s.","22.500","deg","20.000","°C","1013.000","hPa","0.861","-0.02056","0.00035","-0.00011","0","14.7","Humid","26.25","0","52.00","342300.71","SABD0000000001","AAV1.0.0.11","2.0.0.28","PSt7-10","000000-000","10/20/2017 9:36:39 AM","0000-00","0","no battery","V"
"10/20/2017","13:23:07","5","default","957498349","OXY5","133.485","min","153.948","μmol/L","Humid","21.215","deg","90802","µV","36.059","°C","1018.000","hPa","37.0","pmil","0","55.500","deg","20.000","°C","100.000","%a.s.","22.500","deg","20.000","°C","1013.000","hPa","0.861","-0.02056","0.00035","-0.00011","0","14.7","Humid","26.25","0","52.00","342301.01","SABD0000000001","AAV1.0.0.11","2.0.0.28","PSt7-10","000000-000","10/20/2017 9:36:39 AM","0000-00","0","no battery","V"
"10/20/2017","13:23:08","5","default","957498349","OXY5","133.501","min","154.051","μmol/L","Humid","21.213","deg","90804","µV","36.047","°C","1018.000","hPa","37.0","pmil","0","55.500","deg","20.000","°C","100.000","%a.s.","22.500","deg","20.000","°C","1013.000","hPa","0.861","-0.02056","0.00035","-0.00011","0","14.7","Humid","26.25","0","52.00","342288.07","SABD0000000001","AAV1.0.0.11","2.0.0.28","PSt7-10","000000-000","10/20/2017 9:36:39 AM","0000-00","0","no battery","V"
"10/20/2017","13:23:09","5","default","957498349","OXY5","133.518","min","153.984","μmol/L","Humid","21.216","deg","90807","µV","36.051","°C","1018.000","hPa","37.0","pmil","0","55.500","deg","20.000","°C","100.000","%a.s.","22.500","deg","20.000","°C","1013.000","hPa","0.861","-0.02056","0.00035","-0.00011","0","14.7","Humid","26.25","0","52.00","342296.14","SABD0000000001","AAV1.0.0.11","2.0.0.28","PSt7-10","000000-000","10/20/2017 9:36:39 AM","0000-00","0","no battery","V"
"10/20/2017","13:23:10","5","default","957498349","OXY5","133.535","min","153.970","μmol/L","Humid","21.220","deg","90803","µV","36.044","°C","1018.000","hPa","37.0","pmil","0","55.500","deg","20.000","°C","100.000","%a.s.","22.500","deg","20.000","°C","1013.000","hPa","0.861","-0.02056","0.00035","-0.00011","0","14.7","Humid","26.25","0","52.00","342287.45","SABD0000000001","AAV1.0.0.11","2.0.0.28","PSt7-10","000000-000","10/20/2017 9:36:39 AM","0000-00","0","no battery","V"
"10/20/2017","13:23:11","5","default","957498349","OXY5","133.551","min","153.965","μmol/L","Humid","21.220","deg","90796","µV","36.045","°C","1018.000","hPa","37.0","pmil","0","55.500","deg","20.000","°C","100.000","%a.s.","22.500","deg","20.000","°C","1013.000","hPa","0.861","-0.02056","0.00035","-0.00011","0","14.7","Humid","26.25","0","52.00","342293.54","SABD0000000001","AAV1.0.0.11","2.0.0.28","PSt7-10","000000-000","10/20/2017 9:36:39 AM","0000-00","0","no battery","V"
"10/20/2017","13:23:12","5","default","957498349","OXY5","133.568","min","154.005","μmol/L","Humid","21.217","deg","90800","µV","36.045","°C","1018.000","hPa","37.0","pmil","0","55.500","deg","20.000","°C","100.000","%a.s.","22.500","deg","20.000","°C","1013.000","hPa","0.861","-0.02056","0.00035","-0.00011","0","14.7","Humid","26.25","0","52.00","342294.61","SABD0000000001","AAV1.0.0.11","2.0.0.28","PSt7-10","000000-000","10/20/2017 9:36:39 AM","0000-00","0","no battery","V"
"10/20/2017","13:23:13","5","default","957498349","OXY5","133.585","min","154.071","μmol/L","Humid","21.215","deg","90805","µV","36.038","°C","1018.000","hPa","37.0","pmil","0","55.500","deg","20.000","°C","100.000","%a.s.","22.500","deg","20.000","°C","1013.000","hPa","0.861","-0.02056","0.00035","-0.00011","0","14.7","Humid","26.25","0","52.00","342294.51","SABD0000000001","AAV1.0.0.11","2.0.0.28","PSt7-10","000000-000","10/20/2017 9:36:39 AM","0000-00","0","no battery","V"
"10/20/2017","13:23:14","5","default","957498349","OXY5","133.602","min","153.995","μmol/L","Humid","21.218","deg","90814","µV","36.044","°C","1018.000","hPa","37.0","pmil","0","55.500","deg","20.000","°C","100.000","%a.s.","22.500","deg","20.000","°C","1013.000","hPa","0.861","-0.02056","0.00035","-0.00011","0","14.7","Humid","26.25","0","52.00","342305.25","SABD0000000001","AAV1.0.0.11","2.0.0.28","PSt7-10","000000-000","10/20/2017 9:36:39 AM","0000-00","0","no battery","V"
"10/20/2017","13:23:15","5","default","957498349","OXY5","133.618","min","153.927","μmol/L","Humid","21.219","deg","90811","µV","36.054","°C","1018.000","hPa","37.0","pmil","0","55.500","deg","20.000","°C","100.000","%a.s.","22.500","deg","20.000","°C","1013.000","hPa","0.861","-0.02056","0.00035","-0.00011","0","14.7","Humid","26.25","0","52.00","342307.28","SABD0000000001","AAV1.0.0.11","2.0.0.28","PSt7-10","000000-000","10/20/2017 9:36:39 AM","0000-00","0","no battery","V"
"10/20/2017","13:23:16","5","default","957498349","OXY5","133.635","min","153.959","μmol/L","Humid","21.218","deg","90804","µV","36.051","°C","1018.000","hPa","37.0","pmil","0","55.500","deg","20.000","°C","100.000","%a.s.","22.500","deg","20.000","°C","1013.000","hPa","0.861","-0.02056","0.00035","-0.00011","0","14.7","Humid","26.25","0","52.00","342306.23","SABD0000000001","AAV1.0.0.11","2.0.0.28","PSt7-10","000000-000","10/20/2017 9:36:39 AM","0000-00","0","no battery","V"
"10/20/2017","13:23:17","5","default","957498349","OXY5","133.652","min","153.941","μmol/L","Humid","21.218","deg","90801","µV","36.054","°C","1018.000","hPa","37.0","pmil","0","55.500","deg","20.000","°C","100.000","%a.s.","22.500","deg","20.000","°C","1013.000","hPa","0.861","-0.02056","0.00035","-0.00011","0","14.7","Humid","26.25","0","52.00","342289.34","SABD0000000001","AAV1.0.0.11","2.0.0.28","PSt7-10","000000-000","10/20/2017 9:36:39 AM","0000-00","0","no battery","V"
"10/20/2017","13:23:18","5","default","957498349","OXY5","133.668","min","153.914","μmol/L","Humid","21.220","deg","90806","µV","36.053","°C","1018.000","hPa","37.0","pmil","0","55.500","deg","20.000","°C","100.000","%a.s.","22.500","deg","20.000","°C","1013.000","hPa","0.861","-0.02056","0.00035","-0.00011","0","14.7","Humid","26.25","0","52.00","342292.74","SABD0000000001","AAV1.0.0.11","2.0.0.28","PSt7-10","000000-000","10/20/2017 9:36:39 AM","0000-00","0","no battery","V"
"10/20/2017","13:23:19","5","default","957498349","OXY5","133.685","min","154.013","μmol/L","Humid","21.218","deg","90803","µV","36.041","°C","1018.000","hPa","37.0","pmil","0","55.500","deg","20.000","°C","100.000","%a.s.","22.500","deg","20.000","°C","1013.000","hPa","0.861","-0.02056","0.00035","-0.00011","0","14.7","Humid","26.25","0","52.00","342303.23","SABD0000000001","AAV1.0.0.11","2.0.0.28","PSt7-10","000000-000","10/20/2017 9:36:39 AM","0000-00","0","no battery","V"
"10/20/2017","13:23:20","5","default","957498349","OXY5","133.701","min","153.960","μmol/L","Humid","21.217","deg","90810","µV","36.053","°C","1018.000","hPa","37.0","pmil","0","55.500","deg","20.000","°C","100.000","%a.s.","22.500","deg","20.000","°C","1013.000","hPa","0.861","-0.02056","0.00035","-0.00011","0","14.7","Humid","26.25","0","52.00","342301.26","SABD0000000001","AAV1.0.0.11","2.0.0.28","PSt7-10","000000-000","10/20/2017 9:36:39 AM","0000-00","0","no battery","V"
"10/20/2017","13:23:21","5","default","957498349","OXY5","133.718","min","153.998","μmol/L","Humid","21.217","deg","90805","µV","36.046","°C","1018.000","hPa","37.0","pmil","0","55.500","deg","20.000","°C","100.000","%a.s.","22.500","deg","20.000","°C","1013.000","hPa","0.861","-0.02056","0.00035","-0.00011","0","14.7","Humid","26.25","0","52.00","342283.95","SABD0000000001","AAV1.0.0.11","2.0.0.28","PSt7-10","000000-000","10/20/2017 9:36:39 AM","0000-00","0","no battery","V"
"10/20/2017","13:23:22","5","default","957498349","OXY5","133.735","min","153.978","μmol/L","Humid","21.219","deg","90804","µV","36.045","°C","1018.000","hPa","37.0","pmil","0","55.500","deg","20.000","°C","100.000","%a.s.","22.500","deg","20.000","°C","1013.000","hPa","0.861","-0.02056","0.00035","-0.00011","0","14.7","Humid","26.25","0","52.00","342286.07","SABD0000000001","AAV1.0.0.11","2.0.0.28","PSt7-10","000000-000","10/20/2017 9:36:39 AM","0000-00","0","no battery","V"
"10/20/2017","13:23:23","5","default","957498349","OXY5","133.751","min","154.072","μmol/L","Humid","21.214","deg","90804","µV","36.041","°C","1018.000","hPa","37.0","pmil","0","55.500","deg","20.000","°C","100.000","%a.s.","22.500","deg","20.000","°C","1013.000","hPa","0.861","-0.02056","0.00035","-0.00011","0","14.7","Humid","26.25","0","52.00","342287.40","SABD0000000001","AAV1.0.0.11","2.0.0.28","PSt7-10","000000-000","10/20/2017 9:36:39 AM","0000-00","0","no battery","V"
"10/20/2017","13:23:24","5","default","957498349","OXY5","133.768","min","153.976","μmol/L","Humid","21.218","deg","90803","µV","36.048","°C","1018.000","hPa","37.0","pmil","0","55.500","deg","20.000","°C","100.000","%a.s.","22.500","deg","20.000","°C","1013.000","hPa","0.861","-0.02056","0.00035","-0.00011","0","14.7","Humid","26.25","0","52.00","342281.08","SABD0000000001","AAV1.0.0.11","2.0.0.28","PSt7-10","000000-000","10/20/2017 9:36:39 AM","0000-00","0","no battery","V"
"10/20/2017","13:23:25","5","default","957498349","OXY5","133.785","min","153.992","μmol/L","Humid","21.217","deg","90801","µV","36.047","°C","1018.000","hPa","37.0","pmil","0","55.500","deg","20.000","°C","100.000","%a.s.","22.500","deg","20.000","°C","1013.000","hPa","0.861","-0.02056","0.00035","-0.00011","0","14.7","Humid","26.25","0","52.00","342283.45","SABD0000000001","AAV1.0.0.11","2.0.0.28","PSt7-10","000000-000","10/20/2017 9:36:39 AM","0000-00","0","no battery","V"
"10/20/2017","13:23:26","5","default","957498349","OXY5","133.802","min","154.020","μmol/L","Humid","21.216","deg","90811","µV","36.045","°C","1018.000","hPa","37.0","pmil","0","55.500","deg","20.000","°C","100.000","%a.s.","22.500","deg","20.000","°C","1013.000","hPa","0.861","-0.02056","0.00035","-0.00011","0","14.7","Humid","26.25","0","52.00","342274.69","SABD0000000001","AAV1.0.0.11","2.0.0.28","PSt7-10","000000-000","10/20/2017 9:36:39 AM","0000-00","0","no battery","V"
"10/20/2017","13:23:27","5","default","957498349","OXY5","133.819","min","154.001","μmol/L","Humid","21.220","deg","90811","µV","36.039","°C","1018.000","hPa","37.0","pmil","0","55.500","deg","20.000","°C","100.000","%a.s.","22.500","deg","20.000","°C","1013.000","hPa","0.861","-0.02056","0.00035","-0.00011","0","14.7","Humid","26.25","0","52.00","342283.72","SABD0000000001","AAV1.0.0.11","2.0.0.28","PSt7-10","000000-000","10/20/2017 9:36:39 AM","0000-00","0","no battery","V"
"10/20/2017","13:23:28","5","default","957498349","OXY5","133.835","min","154.013","μmol/L","Humid","21.218","deg","90802","µV","36.041","°C","1018.000","hPa","37.0","pmil","0","55.500","deg","20.000","°C","100.000","%a.s.","22.500","deg","20.000","°C","1013.000","hPa","0.861","-0.02056","0.00035","-0.00011","0","14.7","Humid","26.25","0","52.00","342289.15","SABD0000000001","AAV1.0.0.11","2.0.0.28","PSt7-10","000000-000","10/20/2017 9:36:39 AM","0000-00","0","no battery","V"
"10/20/2017","13:23:29","5","default","957498349","OXY5","133.851","min","154.013","μmol/L","Humid","21.217","deg","90809","µV","36.044","°C","1018.000","hPa","37.0","pmil","0","55.500","deg","20.000","°C","100.000","%a.s.","22.500","deg","20.000","°C","1013.000","hPa","0.861","-0.02056","0.00035","-0.00011","0","14.7","Humid","26.25","0","52.00","342283.59","SABD0000000001","AAV1.0.0.11","2.0.0.28","PSt7-10","000000-000","10/20/2017 9:36:39 AM","0000-00","0","no battery","V"
"10/20/2017","13:23:30","5","default","957498349","OXY5","133.868","min","153.922","μmol/L","Humid","21.220","deg","90804","µV","36.052","°C","1018.000","hPa","37.0","pmil","0","55.500","deg","20.000","°C","100.000","%a.s.","22.500","deg","20.000","°C","1013.000","hPa","0.861","-0.02056","0.00035","-0.00011","0","14.7","Humid","26.25","0","52.00","342269.96","SABD0000000001","AAV1.0.0.11","2.0.0.28","PSt7-10","000000-000","10/20/2017 9:36:39 AM","0000-00","0","no battery","V"
"10/20/2017","13:23:31","5","default","957498349","OXY5","133.885","min","153.999","μmol/L","Humid","21.215","deg","90797","µV","36.051","°C","1018.000","hPa","37.0","pmil","0","55.500","deg","20.000","°C","100.000","%a.s.","22.500","deg","20.000","°C","1013.000","hPa","0.861","-0.02056","0.00035","-0.00011","0","14.7","Humid","26.25","0","52.00","342269.43","SABD0000000001","AAV1.0.0.11","2.0.0.28","PSt7-10","000000-000","10/20/2017 9:36:39 AM","0000-00","0","no battery","V"
"10/20/2017","13:23:32","5","default","957498349","OXY5","133.901","min","154.065","μmol/L","Humid","21.217","deg","90799","µV","36.035","°C","1018.000","hPa","37.0","pmil","0","55.500","deg","20.000","°C","100.000","%a.s.","22.500","deg","20.000","°C","1013.000","hPa","0.861","-0.02056","0.00035","-0.00011","0","14.7","Humid","26.25","0","52.00","342276.28","SABD0000000001","AAV1.0.0.11","2.0.0.28","PSt7-10","000000-000","10/20/2017 9:36:39 AM","0000-00","0","no battery","V"
"10/20/2017","13:23:33","5","default","957498349","OXY5","133.918","min","154.005","μmol/L","Humid","21.215","deg","90803","µV","36.050","°C","1018.000","hPa","37.0","pmil","0","55.500","deg","20.000","°C","100.000","%a.s.","22.500","deg","20.000","°C","1013.000","hPa","0.861","-0.02056","0.00035","-0.00011","0","14.7","Humid","26.25","0","52.00","342262.94","SABD0000000001","AAV1.0.0.11","2.0.0.28","PSt7-10","000000-000","10/20/2017 9:36:39 AM","0000-00","0","no battery","V"
"10/20/2017","13:23:34","5","default","957498349","OXY5","133.935","min","154.022","μmol/L","Humid","21.220","deg","90807","µV","36.035","°C","1018.000","hPa","37.0","pmil","0","55.500","deg","20.000","°C","100.000","%a.s.","22.500","deg","20.000","°C","1013.000","hPa","0.861","-0.02056","0.00035","-0.00011","0","14.7","Humid","26.25","0","52.00","342279.39","SABD0000000001","AAV1.0.0.11","2.0.0.28","PSt7-10","000000-000","10/20/2017 9:36:39 AM","0000-00","0","no battery","V"
"10/20/2017","13:23:35","5","default","957498349","OXY5","133.951","min","153.915","μmol/L","Humid","21.218","deg","90802","µV","36.058","°C","1018.000","hPa","37.0","pmil","0","55.500","deg","20.000","°C","100.000","%a.s.","22.500","deg","20.000","°C","1013.000","hPa","0.861","-0.02056","0.00035","-0.00011","0","14.7","Humid","26.25","0","52.00","342259.49","SABD0000000001","AAV1.0.0.11","2.0.0.28","PSt7-10","000000-000","10/20/2017 9:36:39 AM","0000-00","0","no battery","V"
"10/20/2017","13:23:36","5","default","957498349","OXY5","133.968","min","153.844","μmol/L","Humid","21.218","deg","90804","µV","36.070","°C","1018.000","hPa","37.0","pmil","0","55.500","deg","20.000","°C","100.000","%a.s.","22.500","deg","20.000","°C","1013.000","hPa","0.861","-0.02056","0.00035","-0.00011","0","14.7","Humid","26.25","0","52.00","342285.30","SABD0000000001","AAV1.0.0.11","2.0.0.28","PSt7-10","000000-000","10/20/2017 9:36:39 AM","0000-00","0","no battery","V"
"10/20/2017","13:23:37","5","default","957498349","OXY5","133.985","min","153.939","μmol/L","Humid","21.220","deg","90799","µV","36.049","°C","1018.000","hPa","37.0","pmil","0","55.500","deg","20.000","°C","100.000","%a.s.","22.500","deg","20.000","°C","1013.000","hPa","0.861","-0.02056","0.00035","-0.00011","0","14.7","Humid","26.25","0","52.00","342269.21","SABD0000000001","AAV1.0.0.11","2.0.0.28","PSt7-10","000000-000","10/20/2017 9:36:39 AM","0000-00","0","no battery","V"
"10/20/2017","13:23:38","5","default","957498349","OXY5","134.001","min","153.850","μmol/L","Humid","21.223","deg","90799","µV","36.057","°C","1018.000","hPa","37.0","pmil","0","55.500","deg","20.000","°C","100.000","%a.s.","22.500","deg","20.000","°C","1013.000","hPa","0.861","-0.02056","0.00035","-0.00011","0","14.7","Humid","26.25","0","52.00","342270.08","SABD0000000001","AAV1.0.0.11","2.0.0.28","PSt7-10","000000-000","10/20/2017 9:36:39 AM","0000-00","0","no battery","V"
"10/20/2017","13:23:39","5","default","957498349","OXY5","134.018","min","153.837","μmol/L","Humid","21.219","deg","90807","µV","36.069","°C","1018.000","hPa","37.0","pmil","0","55.500","deg","20.000","°C","100.000","%a.s.","22.500","deg","20.000","°C","1013.000","hPa","0.861","-0.02056","0.00035","-0.00011","0","14.7","Humid","26.25","0","52.00","342280.38","SABD0000000001","AAV1.0.0.11","2.0.0.28","PSt7-10","000000-000","10/20/2017 9:36:39 AM","0000-00","0","no battery","V"
"10/20/2017","13:23:40","5","default","957498349","OXY5","134.035","min","153.977","μmol/L","Humid","21.217","deg","90809","µV","36.050","°C","1018.000","hPa","37.0","pmil","0","55.500","deg","20.000","°C","100.000","%a.s.","22.500","deg","20.000","°C","1013.000","hPa","0.861","-0.02056","0.00035","-0.00011","0","14.7","Humid","26.25","0","52.00","342273.46","SABD0000000001","AAV1.0.0.11","2.0.0.28","PSt7-10","000000-000","10/20/2017 9:36:39 AM","0000-00","0","no battery","V"
"10/20/2017","13:23:41","5","default","957498349","OXY5","134.052","min","153.977","μmol/L","Humid","21.221","deg","90808","µV","36.040","°C","1018.000","hPa","37.0","pmil","0","55.500","deg","20.000","°C","100.000","%a.s.","22.500","deg","20.000","°C","1013.000","hPa","0.861","-0.02056","0.00035","-0.00011","0","14.7","Humid","26.25","0","52.00","342272.76","SABD0000000001","AAV1.0.0.11","2.0.0.28","PSt7-10","000000-000","10/20/2017 9:36:39 AM","0000-00","0","no battery","V"
"10/20/2017","13:23:42","5","default","957498349","OXY5","134.068","min","153.947","μmol/L","Humid","21.218","deg","90806","µV","36.052","°C","1018.000","hPa","37.0","pmil","0","55.500","deg","20.000","°C","100.000","%a.s.","22.500","deg","20.000","°C","1013.000","hPa","0.861","-0.02056","0.00035","-0.00011","0","14.7","Humid","26.25","0","52.00","342269.28","SABD0000000001","AAV1.0.0.11","2.0.0.28","PSt7-10","000000-000","10/20/2017 9:36:39 AM","0000-00","0","no battery","V"
"10/20/2017","13:23:43","5","default","957498349","OXY5","134.085","min","153.925","μmol/L","Humid","21.218","deg","90804","µV","36.056","°C","1018.000","hPa","37.0","pmil","0","55.500","deg","20.000","°C","100.000","%a.s.","22.500","deg","20.000","°C","1013.000","hPa","0.861","-0.02056","0.00035","-0.00011","0","14.7","Humid","26.25","0","52.00","342274.76","SABD0000000001","AAV1.0.0.11","2.0.0.28","PSt7-10","000000-000","10/20/2017 9:36:39 AM","0000-00","0","no battery","V"
"10/20/2017","13:23:44","5","default","957498349","OXY5","134.102","min","153.850","μmol/L","Humid","21.220","deg","90807","µV","36.064","°C","1018.000","hPa","37.0","pmil","0","55.500","deg","20.000","°C","100.000","%a.s.","22.500","deg","20.000","°C","1013.000","hPa","0.861","-0.02056","0.00035","-0.00011","0","14.7","Humid","26.25","0","52.00","342277.62","SABD0000000001","AAV1.0.0.11","2.0.0.28","PSt7-10","000000-000","10/20/2017 9:36:39 AM","0000-00","0","no battery","V"
"10/20/2017","13:23:45","5","default","957498349","OXY5","134.118","min","153.850","μmol/L","Humid","21.219","deg","90801","µV","36.067","°C","1018.000","hPa","37.0","pmil","0","55.500","deg","20.000","°C","100.000","%a.s.","22.500","deg","20.000","°C","1013.000","hPa","0.861","-0.02056","0.00035","-0.00011","0","14.7","Humid","26.25","0","52.00","342274.18","SABD0000000001","AAV1.0.0.11","2.0.0.28","PSt7-10","000000-000","10/20/2017 9:36:39 AM","0000-00","0","no battery","V"
"10/20/2017","13:23:46","5","default","957498349","OXY5","134.135","min","153.894","μmol/L","Humid","21.221","deg","90811","µV","36.054","°C","1018.000","hPa","37.0","pmil","0","55.500","deg","20.000","°C","100.000","%a.s.","22.500","deg","20.000","°C","1013.000","hPa","0.861","-0.02056","0.00035","-0.00011","0","14.7","Humid","26.25","0","52.00","342273.90","SABD0000000001","AAV1.0.0.11","2.0.0.28","PSt7-10","000000-000","10/20/2017 9:36:39 AM","0000-00","0","no battery","V"
"10/20/2017","13:23:47","5","default","957498349","OXY5","134.152","min","153.930","μmol/L","Humid","21.220","deg","90801","µV","36.051","°C","1018.000","hPa","37.0","pmil","0","55.500","deg","20.000","°C","100.000","%a.s.","22.500","deg","20.000","°C","1013.000","hPa","0.861","-0.02056","0.00035","-0.00011","0","14.7","Humid","26.25","0","52.00","342262.90","SABD0000000001","AAV1.0.0.11","2.0.0.28","PSt7-10","000000-000","10/20/2017 9:36:39 AM","0000-00","0","no battery","V"
"10/20/2017","13:23:48","5","default","957498349","OXY5","134.168","min","154.014","μmol/L","Humid","21.218","deg","90801","µV","36.041","°C","1018.000","hPa","37.0","pmil","0","55.500","deg","20.000","°C","100.000","%a.s.","22.500","deg","20.000","°C","1013.000","hPa","0.861","-0.02056","0.00035","-0.00011","0","14.7","Humid","26.25","0","52.00","342263.76","SABD0000000001","AAV1.0.0.11","2.0.0.28","PSt7-10","000000-000","10/20/2017 9:36:39 AM","0000-00","0","no battery","V"
"10/20/2017","13:23:49","5","default","957498349","OXY5","134.185","min","154.008","μmol/L","Humid","21.214","deg","90802","µV","36.051","°C","1018.000","hPa","37.0","pmil","0","55.500","deg","20.000","°C","100.000","%a.s.","22.500","deg","20.000","°C","1013.000","hPa","0.861","-0.02056","0.00035","-0.00011","0","14.7","Humid","26.25","0","52.00","342252.48","SABD0000000001","AAV1.0.0.11","2.0.0.28","PSt7-10","000000-000","10/20/2017 9:36:39 AM","0000-00","0","no battery","V"
"10/20/2017","13:23:50","5","default","957498349","OXY5","134.202","min","153.936","μmol/L","Humid","21.216","deg","90802","µV","36.059","°C","1018.000","hPa","37.0","pmil","0","55.500","deg","20.000","°C","100.000","%a.s.","22.500","deg","20.000","°C","1013.000","hPa","0.861","-0.02056","0.00035","-0.00011","0","14.7","Humid","26.25","0","52.00","342258.18","SABD0000000001","AAV1.0.0.11","2.0.0.28","PSt7-10","000000-000","10/20/2017 9:36:39 AM","0000-00","0","no battery","V"
"10/20/2017","13:23:51","5","default","957498349","OXY5","134.218","min","153.946","μmol/L","Humid","21.218","deg","90797","µV","36.053","°C","1018.000","hPa","37.0","pmil","0","55.500","deg","20.000","°C","100.000","%a.s.","22.500","deg","20.000","°C","1013.000","hPa","0.861","-0.02056","0.00035","-0.00011","0","14.7","Humid","26.25","0","52.00","342260.11","SABD0000000001","AAV1.0.0.11","2.0.0.28","PSt7-10","000000-000","10/20/2017 9:36:39 AM","0000-00","0","no battery","V"
"10/20/2017","13:23:52","5","default","957498349","OXY5","134.235","min","153.998","μmol/L","Humid","21.223","deg","90806","µV","36.032","°C","1018.000","hPa","37.0","pmil","0","55.500","deg","20.000","°C","100.000","%a.s.","22.500","deg","20.000","°C","1013.000","hPa","0.861","-0.02056","0.00035","-0.00011","0","14.7","Humid","26.25","0","52.00","342269.51","SABD0000000001","AAV1.0.0.11","2.0.0.28","PSt7-10","000000-000","10/20/2017 9:36:39 AM","0000-00","0","no battery","V"
"10/20/2017","13:23:53","5","default","957498349","OXY5","134.252","min","153.871","μmol/L","Humid","21.223","deg","90817","µV","36.054","°C","1018.000","hPa","37.0","pmil","0","55.500","deg","20.000","°C","100.000","%a.s.","22.500","deg","20.000","°C","1013.000","hPa","0.861","-0.02056","0.00035","-0.00011","0","14.7","Humid","26.25","0","52.00","342264.14","SABD0000000001","AAV1.0.0.11","2.0.0.28","PSt7-10","000000-000","10/20/2017 9:36:39 AM","0000-00","0","no battery","V"
"10/20/2017","13:23:54","5","default","957498349","OXY5","134.268","min","153.860","μmol/L","Humid","21.223","deg","90812","µV","36.056","°C","1018.000","hPa","37.0","pmil","0","55.500","deg","20.000","°C","100.000","%a.s.","22.500","deg","20.000","°C","1013.000","hPa","0.861","-0.02056","0.00035","-0.00011","0","14.7","Humid","26.25","0","52.00","342263.14","SABD0000000001","AAV1.0.0.11","2.0.0.28","PSt7-10","000000-000","10/20/2017 9:36:39 AM","0000-00","0","no battery","V"
"10/20/2017","13:23:55","5","default","957498349","OXY5","134.285","min","153.918","μmol/L","Humid","21.220","deg","90806","µV","36.053","°C","1018.000","hPa","37.0","pmil","0","55.500","deg","20.000","°C","100.000","%a.s.","22.500","deg","20.000","°C","1013.000","hPa","0.861","-0.02056","0.00035","-0.00011","0","14.7","Humid","26.25","0","52.00","342264.24","SABD0000000001","AAV1.0.0.11","2.0.0.28","PSt7-10","000000-000","10/20/2017 9:36:39 AM","0000-00","0","no battery","V"
"10/20/2017","13:23:56","5","default","957498349","OXY5","134.302","min","153.908","μmol/L","Humid","21.217","deg","90810","µV","36.062","°C","1018.000","hPa","37.0","pmil","0","55.500","deg","20.000","°C","100.000","%a.s.","22.500","deg","20.000","°C","1013.000","hPa","0.861","-0.02056","0.00035","-0.00011","0","14.7","Humid","26.25","0","52.00","342267.32","SABD0000000001","AAV1.0.0.11","2.0.0.28","PSt7-10","000000-000","10/20/2017 9:36:39 AM","0000-00","0","no battery","V"
"10/20/2017","13:23:57","5","default","957498349","OXY5","134.318","min","153.879","μmol/L","Humid","21.219","deg","90811","µV","36.062","°C","1018.000","hPa","37.0","pmil","0","55.500","deg","20.000","°C","100.000","%a.s.","22.500","deg","20.000","°C","1013.000","hPa","0.861","-0.02056","0.00035","-0.00011","0","14.7","Humid","26.25","0","52.00","342261.18","SABD0000000001","AAV1.0.0.11","2.0.0.28","PSt7-10","000000-000","10/20/2017 9:36:39 AM","0000-00","0","no battery","V"
"10/20/2017","13:23:58","5","default","957498349","OXY5","134.334","min","153.866","μmol/L","Humid","21.219","deg","90800","µV","36.064","°C","1018.000","hPa","37.0","pmil","0","55.500","deg","20.000","°C","100.000","%a.s.","22.500","deg","20.000","°C","1013.000","hPa","0.861","-0.02056","0.00035","-0.00011","0","14.7","Humid","26.25","0","52.00","342250.45","SABD0000000001","AAV1.0.0.11","2.0.0.28","PSt7-10","000000-000","10/20/2017 9:36:39 AM","0000-00","0","no battery","V"
"10/20/2017","13:23:59","5","default","957498349","OXY5","134.351","min","153.897","μmol/L","Humid","21.219","deg","90804","µV","36.059","°C","1018.000","hPa","37.0","pmil","0","55.500","deg","20.000","°C","100.000","%a.s.","22.500","deg","20.000","°C","1013.000","hPa","0.861","-0.02056","0.00035","-0.00011","0","14.7","Humid","26.25","0","52.00","342267.17","SABD0000000001","AAV1.0.0.11","2.0.0.28","PSt7-10","000000-000","10/20/2017 9:36:39 AM","0000-00","0","no battery","V"
"10/20/2017","13:24:00","5","default","957498349","OXY5","134.368","min","153.962","μmol/L","Humid","21.217","deg","90806","µV","36.052","°C","1018.000","hPa","37.0","pmil","0","55.500","deg","20.000","°C","100.000","%a.s.","22.500","deg","20.000","°C","1013.000","hPa","0.861","-0.02056","0.00035","-0.00011","0","14.7","Humid","26.25","0","52.00","342253.51","SABD0000000001","AAV1.0.0.11","2.0.0.28","PSt7-10","000000-000","10/20/2017 9:36:39 AM","0000-00","0","no battery","V"
"10/20/2017","13:24:01","5","default","957498349","OXY5","134.385","min","153.935","μmol/L","Humid","21.219","deg","90810","µV","36.052","°C","1018.000","hPa","37.0","pmil","0","55.500","deg","20.000","°C","100.000","%a.s.","22.500","deg","20.000","°C","1013.000","hPa","0.861","-0.02056","0.00035","-0.00011","0","14.7","Humid","26.25","0","52.00","342269.38","SABD0000000001","AAV1.0.0.11","2.0.0.28","PSt7-10","000000-000","10/20/2017 9:36:39 AM","0000-00","0","no battery","V"
"10/20/2017","13:24:02","5","default","957498349","OXY5","134.401","min","154.012","μmol/L","Humid","21.217","deg","90809","µV","36.044","°C","1018.000","hPa","37.0","pmil","0","55.500","deg","20.000","°C","100.000","%a.s.","22.500","deg","20.000","°C","1013.000","hPa","0.861","-0.02056","0.00035","-0.00011","0","14.7","Humid","26.25","0","52.00","342264.71","SABD0000000001","AAV1.0.0.11","2.0.0.28","PSt7-10","000000-000","10/20/2017 9:36:39 AM","0000-00","0","no battery","V"
"10/20/2017","13:24:03","5","default","957498349","OXY5","134.418","min","153.812","μmol/L","Humid","21.220","deg","90814","µV","36.071","°C","1018.000","hPa","37.0","pmil","0","55.500","deg","20.000","°C","100.000","%a.s.","22.500","deg","20.000","°C","1013.000","hPa","0.861","-0.02056","0.00035","-0.00011","0","14.7","Humid","26.25","0","52.00","342259.63","SABD0000000001","AAV1.0.0.11","2.0.0.28","PSt7-10","000000-000","10/20/2017 9:36:39 AM","0000-00","0","no battery","V"
"10/20/2017","13:24:04","5","default","957498349","OXY5","134.435","min","153.895","μmol/L","Humid","21.221","deg","90815","µV","36.054","°C","1018.000","hPa","37.0","pmil","0","55.500","deg","20.000","°C","100.000","%a.s.","22.500","deg","20.000","°C","1013.000","hPa","0.861","-0.02056","0.00035","-0.00011","0","14.7","Humid","26.25","0","52.00","342263.27","SABD0000000001","AAV1.0.0.11","2.0.0.28","PSt7-10","000000-000","10/20/2017 9:36:39 AM","0000-00","0","no battery","V"
"10/20/2017","13:24:05","5","default","957498349","OXY5","134.451","min","153.909","μmol/L","Humid","21.223","deg","90811","µV","36.047","°C","1018.000","hPa","37.0","pmil","0","55.500","deg","20.000","°C","100.000","%a.s.","22.500","deg","20.000","°C","1013.000","hPa","0.861","-0.02056","0.00035","-0.00011","0","14.7","Humid","26.25","0","52.00","342264.81","SABD0000000001","AAV1.0.0.11","2.0.0.28","PSt7-10","000000-000","10/20/2017 9:36:39 AM","0000-00","0","no battery","V"
"10/20/2017","13:24:06","5","default","957498349","OXY5","134.468","min","153.852","μmol/L","Humid","21.225","deg","90810","µV","36.052","°C","1018.000","hPa","37.0","pmil","0","55.500","deg","20.000","°C","100.000","%a.s.","22.500","deg","20.000","°C","1013.000","hPa","0.861","-0.02056","0.00035","-0.00011","0","14.7","Humid","26.25","0","52.00","342258.30","SABD0000000001","AAV1.0.0.11","2.0.0.28","PSt7-10","000000-000","10/20/2017 9:36:39 AM","0000-00","0","no battery","V"
"10/20/2017","13:24:07","5","default","957498349","OXY5","134.485","min","153.910","μmol/L","Humid","21.220","deg","90814","µV","36.054","°C","1018.000","hPa","37.0","pmil","0","55.500","deg","20.000","°C","100.000","%a.s.","22.500","deg","20.000","°C","1013.000","hPa","0.861","-0.02056","0.00035","-0.00011","0","14.7","Humid","26.25","0","52.00","342252.04","SABD0000000001","AAV1.0.0.11","2.0.0.28","PSt7-10","000000-000","10/20/2017 9:36:39 AM","0000-00","0","no battery","V"
"10/20/2017","13:24:08","5","default","957498349","OXY5","134.501","min","153.958","μmol/L","Humid","21.218","deg","90808","µV","36.051","°C","1018.000","hPa","37.0","pmil","0","55.500","deg","20.000","°C","100.000","%a.s.","22.500","deg","20.000","°C","1013.000","hPa","0.861","-0.02056","0.00035","-0.00011","0","14.7","Humid","26.25","0","52.00","342261.26","SABD0000000001","AAV1.0.0.11","2.0.0.28","PSt7-10","000000-000","10/20/2017 9:36:39 AM","0000-00","0","no battery","V"
"10/20/2017","13:24:09","5","default","957498349","OXY5","134.518","min","153.878","μmol/L","Humid","21.217","deg","90803","µV","36.067","°C","1018.000","hPa","37.0","pmil","0","55.500","deg","20.000","°C","100.000","%a.s.","22.500","deg","20.000","°C","1013.000","hPa","0.861","-0.02056","0.00035","-0.00011","0","14.7","Humid","26.25","0","52.00","342249.99","SABD0000000001","AAV1.0.0.11","2.0.0.28","PSt7-10","000000-000","10/20/2017 9:36:39 AM","0000-00","0","no battery","V"
"10/20/2017","13:24:10","5","default","957498349","OXY5","134.535","min","153.892","μmol/L","Humid","21.220","deg","90803","µV","36.057","°C","1018.000","hPa","37.0","pmil","0","55.500","deg","20.000","°C","100.000","%a.s.","22.500","deg","20.000","°C","1013.000","hPa","0.861","-0.02056","0.00035","-0.00011","0","14.7","Humid","26.25","0","52.00","342246.92","SABD0000000001","AAV1.0.0.11","2.0.0.28","PSt7-10","000000-000","10/20/2017 9:36:39 AM","0000-00","0","no battery","V"
"10/20/2017","13:24:11","5","default","957498349","OXY5","134.552","min","153.998","μmol/L","Humid","21.214","deg","90816","µV","36.053","°C","1018.000","hPa","37.0","pmil","0","55.500","deg","20.000","°C","100.000","%a.s.","22.500","deg","20.000","°C","1013.000","hPa","0.861","-0.02056","0.00035","-0.00011","0","14.7","Humid","26.25","0","52.00","342258.19","SABD0000000001","AAV1.0.0.11","2.0.0.28","PSt7-10","000000-000","10/20/2017 9:36:39 AM","0000-00","0","no battery","V"
"10/20/2017","13:24:12","5","default","957498349","OXY5","134.568","min","153.923","μmol/L","Humid","21.217","deg","90805","µV","36.059","°C","1018.000","hPa","37.0","pmil","0","55.500","deg","20.000","°C","100.000","%a.s.","22.500","deg","20.000","°C","1013.000","hPa","0.861","-0.02056","0.00035","-0.00011","0","14.7","Humid","26.25","0","52.00","342249.34","SABD0000000001","AAV1.0.0.11","2.0.0.28","PSt7-10","000000-000","10/20/2017 9:36:39 AM","0000-00","0","no battery","V"
"10/20/2017","13:24:13","5","default","957498349","OXY5","134.585","min","153.859","μmol/L","Humid","21.221","deg","90811","µV","36.060","°C","1018.000","hPa","37.0","pmil","0","55.500","deg","20.000","°C","100.000","%a.s.","22.500","deg","20.000","°C","1013.000","hPa","0.861","-0.02056","0.00035","-0.00011","0","14.7","Humid","26.25","0","52.00","342259.23","SABD0000000001","AAV1.0.0.11","2.0.0.28","PSt7-10","000000-000","10/20/2017 9:36:39 AM","0000-00","0","no battery","V"
"10/20/2017","13:24:14","5","default","957498349","OXY5","134.602","min","153.898","μmol/L","Humid","21.221","deg","90801","µV","36.054","°C","1018.000","hPa","37.0","pmil","0","55.500","deg","20.000","°C","100.000","%a.s.","22.500","deg","20.000","°C","1013.000","hPa","0.861","-0.02056","0.00035","-0.00011","0","14.7","Humid","26.25","0","52.00","342241.90","SABD0000000001","AAV1.0.0.11","2.0.0.28","PSt7-10","000000-000","10/20/2017 9:36:39 AM","0000-00","0","no battery","V"
"10/20/2017","13:24:15","5","default","957498349","OXY5","134.618","min","153.899","μmol/L","Humid","21.217","deg","90805","µV","36.063","°C","1018.000","hPa","37.0","pmil","0","55.500","deg","20.000","°C","100.000","%a.s.","22.500","deg","20.000","°C","1013.000","hPa","0.861","-0.02056","0.00035","-0.00011","0","14.7","Humid","26.25","0","52.00","342246.15","SABD0000000001","AAV1.0.0.11","2.0.0.28","PSt7-10","000000-000","10/20/2017 9:36:39 AM","0000-00","0","no battery","V"
"10/20/2017","13:24:16","5","default","957498349","OXY5","134.635","min","153.813","μmol/L","Humid","21.221","deg","90807","µV","36.068","°C","1018.000","hPa","37.0","pmil","0","55.500","deg","20.000","°C","100.000","%a.s.","22.500","deg","20.000","°C","1013.000","hPa","0.861","-0.02056","0.00035","-0.00011","0","14.7","Humid","26.25","0","52.00","342245.18","SABD0000000001","AAV1.0.0.11","2.0.0.28","PSt7-10","000000-000","10/20/2017 9:36:39 AM","0000-00","0","no battery","V"
"10/20/2017","13:24:17","5","default","957498349","OXY5","134.652","min","153.809","μmol/L","Humid","21.223","deg","90809","µV","36.064","°C","1018.000","hPa","37.0","pmil","0","55.500","deg","20.000","°C","100.000","%a.s.","22.500","deg","20.000","°C","1013.000","hPa","0.861","-0.02056","0.00035","-0.00011","0","14.7","Humid","26.25","0","52.00","342240.65","SABD0000000001","AAV1.0.0.11","2.0.0.28","PSt7-10","000000-000","10/20/2017 9:36:39 AM","0000-00","0","no battery","V"
"10/20/2017","13:24:18","5","default","957498349","OXY5","134.668","min","153.818","μmol/L","Humid","21.223","deg","90811","µV","36.063","°C","1018.000","hPa","37.0","pmil","0","55.500","deg","20.000","°C","100.000","%a.s.","22.500","deg","20.000","°C","1013.000","hPa","0.861","-0.02056","0.00035","-0.00011","0","14.7","Humid","26.25","0","52.00","342240.09","SABD0000000001","AAV1.0.0.11","2.0.0.28","PSt7-10","000000-000","10/20/2017 9:36:39 AM","0000-00","0","no battery","V"
"10/20/2017","13:24:19","5","default","957498349","OXY5","134.685","min","153.953","μmol/L","Humid","21.219","deg","90806","µV","36.049","°C","1018.000","hPa","37.0","pmil","0","55.500","deg","20.000","°C","100.000","%a.s.","22.500","deg","20.000","°C","1013.000","hPa","0.861","-0.02056","0.00035","-0.00011","0","14.7","Humid","26.25","0","52.00","342251.22","SABD0000000001","AAV1.0.0.11","2.0.0.28","PSt7-10","000000-000","10/20/2017 9:36:39 AM","0000-00","0","no battery","V"
"10/20/2017","13:24:20","5","default","957498349","OXY5","134.702","min","153.928","μmol/L","Humid","21.222","deg","90812","µV","36.046","°C","1018.000","hPa","37.0","pmil","0","55.500","deg","20.000","°C","100.000","%a.s.","22.500","deg","20.000","°C","1013.000","hPa","0.861","-0.02056","0.00035","-0.00011","0","14.7","Humid","26.25","0","52.00","342241.18","SABD0000000001","AAV1.0.0.11","2.0.0.28","PSt7-10","000000-000","10/20/2017 9:36:39 AM","0000-00","0","no battery","V"
"10/20/2017","13:24:21","5","default","957498349","OXY5","134.718","min","154.004","μmol/L","Humid","21.216","deg","90805","µV","36.048","°C","1018.000","hPa","37.0","pmil","0","55.500","deg","20.000","°C","100.000","%a.s.","22.500","deg","20.000","°C","1013.000","hPa","0.861","-0.02056","0.00035","-0.00011","0","14.7","Humid","26.25","0","52.00","342229.78","SABD0000000001","AAV1.0.0.11","2.0.0.28","PSt7-10","000000-000","10/20/2017 9:36:39 AM","0000-00","0","no battery","V"
"10/20/2017","13:24:22","5","default","957498349","OXY5","134.734","min","153.846","μmol/L","Humid","21.221","deg","90809","µV","36.063","°C","1018.000","hPa","37.0","pmil","0","55.500","deg","20.000","°C","100.000","%a.s.","22.500","deg","20.000","°C","1013.000","hPa","0.861","-0.02056","0.00035","-0.00011","0","14.7","Humid","26.25","0","52.00","342223.10","SABD0000000001","AAV1.0.0.11","2.0.0.28","PSt7-10","000000-000","10/20/2017 9:36:39 AM","0000-00","0","no battery","V"
"10/20/2017","13:24:23","5","default","957498349","OXY5","134.751","min","153.904","μmol/L","Humid","21.217","deg","90811","µV","36.062","°C","1018.000","hPa","37.0","pmil","0","55.500","deg","20.000","°C","100.000","%a.s.","22.500","deg","20.000","°C","1013.000","hPa","0.861","-0.02056","0.00035","-0.00011","0","14.7","Humid","26.25","0","52.00","342213.00","SABD0000000001","AAV1.0.0.11","2.0.0.28","PSt7-10","000000-000","10/20/2017 9:36:39 AM","0000-00","0","no battery","V"
"10/20/2017","13:24:24","5","default","957498349","OXY5","134.768","min","153.861","μmol/L","Humid","21.223","deg","90805","µV","36.055","°C","1018.000","hPa","37.0","pmil","0","55.500","deg","20.000","°C","100.000","%a.s.","22.500","deg","20.000","°C","1013.000","hPa","0.861","-0.02056","0.00035","-0.00011","0","14.7","Humid","26.25","0","52.00","342225.06","SABD0000000001","AAV1.0.0.11","2.0.0.28","PSt7-10","000000-000","10/20/2017 9:36:39 AM","0000-00","0","no battery","V"
"10/20/2017","13:24:25","5","default","957498349","OXY5","134.785","min","154.024","μmol/L","Humid","21.218","deg","90806","µV","36.039","°C","1018.000","hPa","37.0","pmil","0","55.500","deg","20.000","°C","100.000","%a.s.","22.500","deg","20.000","°C","1013.000","hPa","0.861","-0.02056","0.00035","-0.00011","0","14.7","Humid","26.25","0","52.00","342239.36","SABD0000000001","AAV1.0.0.11","2.0.0.28","PSt7-10","000000-000","10/20/2017 9:36:39 AM","0000-00","0","no battery","V"
"10/20/2017","13:24:26","5","default","957498349","OXY5","134.801","min","153.910","μmol/L","Humid","21.219","deg","90812","µV","36.056","°C","1018.000","hPa","37.0","pmil","0","55.500","deg","20.000","°C","100.000","%a.s.","22.500","deg","20.000","°C","1013.000","hPa","0.861","-0.02056","0.00035","-0.00011","0","14.7","Humid","26.25","0","52.00","342222.23","SABD0000000001","AAV1.0.0.11","2.0.0.28","PSt7-10","000000-000","10/20/2017 9:36:39 AM","0000-00","0","no battery","V"
"10/20/2017","13:24:27","5","default","957498349","OXY5","134.818","min","153.787","μmol/L","Humid","21.222","deg","90808","µV","36.070","°C","1018.000","hPa","37.0","pmil","0","55.500","deg","20.000","°C","100.000","%a.s.","22.500","deg","20.000","°C","1013.000","hPa","0.861","-0.02056","0.00035","-0.00011","0","14.7","Humid","26.25","0","52.00","342220.21","SABD0000000001","AAV1.0.0.11","2.0.0.28","PSt7-10","000000-000","10/20/2017 9:36:39 AM","0000-00","0","no battery","V"
"10/20/2017","13:24:28","5","default","957498349","OXY5","134.835","min","153.969","μmol/L","Humid","21.217","deg","90803","µV","36.051","°C","1018.000","hPa","37.0","pmil","0","55.500","deg","20.000","°C","100.000","%a.s.","22.500","deg","20.000","°C","1013.000","hPa","0.861","-0.02056","0.00035","-0.00011","0","14.7","Humid","26.25","0","52.00","342228.91","SABD0000000001","AAV1.0.0.11","2.0.0.28","PSt7-10","000000-000","10/20/2017 9:36:39 AM","0000-00","0","no battery","V"
"10/20/2017","13:24:29","5","default","957498349","OXY5","134.851","min","153.864","μmol/L","Humid","21.221","deg","90803","µV","36.060","°C","1018.000","hPa","37.0","pmil","0","55.500","deg","20.000","°C","100.000","%a.s.","22.500","deg","20.000","°C","1013.000","hPa","0.861","-0.02056","0.00035","-0.00011","0","14.7","Humid","26.25","0","52.00","342241.27","SABD0000000001","AAV1.0.0.11","2.0.0.28","PSt7-10","000000-000","10/20/2017 9:36:39 AM","0000-00","0","no battery","V"
"10/20/2017","13:24:30","5","default","957498349","OXY5","134.868","min","154.004","μmol/L","Humid","21.217","deg","90806","µV","36.045","°C","1018.000","hPa","37.0","pmil","0","55.500","deg","20.000","°C","100.000","%a.s.","22.500","deg","20.000","°C","1013.000","hPa","0.861","-0.02056","0.00035","-0.00011","0","14.7","Humid","26.25","0","52.00","342232.37","SABD0000000001","AAV1.0.0.11","2.0.0.28","PSt7-10","000000-000","10/20/2017 9:36:39 AM","0000-00","0","no battery","V"
"10/20/2017","13:24:31","5","default","957498349","OXY5","134.885","min","153.739","μmol/L","Humid","21.222","deg","90805","µV","36.079","°C","1018.000","hPa","37.0","pmil","0","55.500","deg","20.000","°C","100.000","%a.s.","22.500","deg","20.000","°C","1013.000","hPa","0.861","-0.02056","0.00035","-0.00011","0","14.7","Humid","26.25","0","52.00","342219.44","SABD0000000001","AAV1.0.0.11","2.0.0.28","PSt7-10","000000-000","10/20/2017 9:36:39 AM","0000-00","0","no battery","V"
"10/20/2017","13:24:32","5","default","957498349","OXY5","134.901","min","153.901","μmol/L","Humid","21.218","deg","90812","µV","36.060","°C","1018.000","hPa","37.0","pmil","0","55.500","deg","20.000","°C","100.000","%a.s.","22.500","deg","20.000","°C","1013.000","hPa","0.861","-0.02056","0.00035","-0.00011","0","14.7","Humid","26.25","0","52.00","342236.66","SABD0000000001","AAV1.0.0.11","2.0.0.28","PSt7-10","000000-000","10/20/2017 9:36:39 AM","0000-00","0","no battery","V"
"10/20/2017","13:24:33","5","default","957498349","OXY5","134.918","min","153.836","μmol/L","Humid","21.225","deg","90809","µV","36.055","°C","1018.000","hPa","37.0","pmil","0","55.500","deg","20.000","°C","100.000","%a.s.","22.500","deg","20.000","°C","1013.000","hPa","0.861","-0.02056","0.00035","-0.00011","0","14.7","Humid","26.25","0","52.00","342238.63","SABD0000000001","AAV1.0.0.11","2.0.0.28","PSt7-10","000000-000","10/20/2017 9:36:39 AM","0000-00","0","no battery","V"
"10/20/2017","13:24:34","5","default","957498349","OXY5","134.935","min","153.886","μmol/L","Humid","21.221","deg","90811","µV","36.056","°C","1018.000","hPa","37.0","pmil","0","55.500","deg","20.000","°C","100.000","%a.s.","22.500","deg","20.000","°C","1013.000","hPa","0.861","-0.02056","0.00035","-0.00011","0","14.7","Humid","26.25","0","52.00","342235.62","SABD0000000001","AAV1.0.0.11","2.0.0.28","PSt7-10","000000-000","10/20/2017 9:36:39 AM","0000-00","0","no battery","V"
"10/20/2017","13:24:35","5","default","957498349","OXY5","134.951","min","153.888","μmol/L","Humid","21.219","deg","90814","µV","36.060","°C","1018.000","hPa","37.0","pmil","0","55.500","deg","20.000","°C","100.000","%a.s.","22.500","deg","20.000","°C","1013.000","hPa","0.861","-0.02056","0.00035","-0.00011","0","14.7","Humid","26.25","0","52.00","342236.77","SABD0000000001","AAV1.0.0.11","2.0.0.28","PSt7-10","000000-000","10/20/2017 9:36:39 AM","0000-00","0","no battery","V"
"10/20/2017","13:24:36","5","default","957498349","OXY5","134.968","min","153.899","μmol/L","Humid","21.221","deg","90813","µV","36.054","°C","1018.000","hPa","37.0","pmil","0","55.500","deg","20.000","°C","100.000","%a.s.","22.500","deg","20.000","°C","1013.000","hPa","0.861","-0.02056","0.00035","-0.00011","0","14.7","Humid","26.25","0","52.00","342226.24","SABD0000000001","AAV1.0.0.11","2.0.0.28","PSt7-10","000000-000","10/20/2017 9:36:39 AM","0000-00","0","no battery","V"
"10/20/2017","13:24:37","5","default","957498349","OXY5","134.985","min","153.926","μmol/L","Humid","21.220","deg","90815","µV","36.051","°C","1018.000","hPa","37.0","pmil","0","55.500","deg","20.000","°C","100.000","%a.s.","22.500","deg","20.000","°C","1013.000","hPa","0.861","-0.02056","0.00035","-0.00011","0","14.7","Humid","26.25","0","52.00","342241.74","SABD0000000001","AAV1.0.0.11","2.0.0.28","PSt7-10","000000-000","10/20/2017 9:36:39 AM","0000-00","0","no battery","V"
"10/20/2017","13:24:38","5","default","957498349","OXY5","135.001","min","153.930","μmol/L","Humid","21.218","deg","90812","µV","36.055","°C","1018.000","hPa","37.0","pmil","0","55.500","deg","20.000","°C","100.000","%a.s.","22.500","deg","20.000","°C","1013.000","hPa","0.861","-0.02056","0.00035","-0.00011","0","14.7","Humid","26.25","0","52.00","342233.06","SABD0000000001","AAV1.0.0.11","2.0.0.28","PSt7-10","000000-000","10/20/2017 9:36:39 AM","0000-00","0","no battery","V"
"10/20/2017","13:24:39","5","default","957498349","OXY5","135.018","min","153.993","μmol/L","Humid","21.214","deg","90806","µV","36.054","°C","1018.000","hPa","37.0","pmil","0","55.500","deg","20.000","°C","100.000","%a.s.","22.500","deg","20.000","°C","1013.000","hPa","0.861","-0.02056","0.00035","-0.00011","0","14.7","Humid","26.25","0","52.00","342222.32","SABD0000000001","AAV1.0.0.11","2.0.0.28","PSt7-10","000000-000","10/20/2017 9:36:39 AM","0000-00","0","no battery","V"
"10/20/2017","13:24:40","5","default","957498349","OXY5","135.035","min","153.872","μmol/L","Humid","21.223","deg","90808","µV","36.054","°C","1018.000","hPa","37.0","pmil","0","55.500","deg","20.000","°C","100.000","%a.s.","22.500","deg","20.000","°C","1013.000","hPa","0.861","-0.02056","0.00035","-0.00011","0","14.7","Humid","26.25","0","52.00","342223.15","SABD0000000001","AAV1.0.0.11","2.0.0.28","PSt7-10","000000-000","10/20/2017 9:36:39 AM","0000-00","0","no battery","V"
"10/20/2017","13:24:41","5","default","957498349","OXY5","135.051","min","153.896","μmol/L","Humid","21.220","deg","90805","µV","36.057","°C","1018.000","hPa","37.0","pmil","0","55.500","deg","20.000","°C","100.000","%a.s.","22.500","deg","20.000","°C","1013.000","hPa","0.861","-0.02056","0.00035","-0.00011","0","14.7","Humid","26.25","0","52.00","342226.92","SABD0000000001","AAV1.0.0.11","2.0.0.28","PSt7-10","000000-000","10/20/2017 9:36:39 AM","0000-00","0","no battery","V"
"10/20/2017","13:24:42","5","default","957498349","OXY5","135.069","min","153.879","μmol/L","Humid","21.221","deg","90807","µV","36.057","°C","1018.000","hPa","37.0","pmil","0","55.500","deg","20.000","°C","100.000","%a.s.","22.500","deg","20.000","°C","1013.000","hPa","0.861","-0.02056","0.00035","-0.00011","0","14.7","Humid","26.25","0","52.00","342221.84","SABD0000000001","AAV1.0.0.11","2.0.0.28","PSt7-10","000000-000","10/20/2017 9:36:39 AM","0000-00","0","no battery","V"
"10/20/2017","13:24:43","5","default","957498349","OXY5","135.085","min","153.905","μmol/L","Humid","21.222","deg","90811","µV","36.050","°C","1018.000","hPa","37.0","pmil","0","55.500","deg","20.000","°C","100.000","%a.s.","22.500","deg","20.000","°C","1013.000","hPa","0.861","-0.02056","0.00035","-0.00011","0","14.7","Humid","26.25","0","52.00","342213.69","SABD0000000001","AAV1.0.0.11","2.0.0.28","PSt7-10","000000-000","10/20/2017 9:36:39 AM","0000-00","0","no battery","V"
"10/20/2017","13:24:44","5","default","957498349","OXY5","135.102","min","153.867","μmol/L","Humid","21.221","deg","90816","µV","36.059","°C","1018.000","hPa","37.0","pmil","0","55.500","deg","20.000","°C","100.000","%a.s.","22.500","deg","20.000","°C","1013.000","hPa","0.861","-0.02056","0.00035","-0.00011","0","14.7","Humid","26.25","0","52.00","342204.33","SABD0000000001","AAV1.0.0.11","2.0.0.28","PSt7-10","000000-000","10/20/2017 9:36:39 AM","0000-00","0","no battery","V"
"10/20/2017","13:24:45","5","default","957498349","OXY5","135.118","min","153.972","μmol/L","Humid","21.220","deg","90812","µV","36.043","°C","1018.000","hPa","37.0","pmil","0","55.500","deg","20.000","°C","100.000","%a.s.","22.500","deg","20.000","°C","1013.000","hPa","0.861","-0.02056","0.00035","-0.00011","0","14.7","Humid","26.25","0","52.00","342208.37","SABD0000000001","AAV1.0.0.11","2.0.0.28","PSt7-10","000000-000","10/20/2017 9:36:39 AM","0000-00","0","no battery","V"
"10/20/2017","13:24:46","5","default","957498349","OXY5","135.135","min","153.787","μmol/L","Humid","21.227","deg","90808","µV","36.059","°C","1018.000","hPa","37.0","pmil","0","55.500","deg","20.000","°C","100.000","%a.s.","22.500","deg","20.000","°C","1013.000","hPa","0.861","-0.02056","0.00035","-0.00011","0","14.7","Humid","26.25","0","52.00","342216.55","SABD0000000001","AAV1.0.0.11","2.0.0.28","PSt7-10","000000-000","10/20/2017 9:36:39 AM","0000-00","0","no battery","V"
"10/20/2017","13:24:47","5","default","957498349","OXY5","135.152","min","153.850","μmol/L","Humid","21.223","deg","90813","µV","36.057","°C","1018.000","hPa","37.0","pmil","0","55.500","deg","20.000","°C","100.000","%a.s.","22.500","deg","20.000","°C","1013.000","hPa","0.861","-0.02056","0.00035","-0.00011","0","14.7","Humid","26.25","0","52.00","342212.56","SABD0000000001","AAV1.0.0.11","2.0.0.28","PSt7-10","000000-000","10/20/2017 9:36:39 AM","0000-00","0","no battery","V"
"10/20/2017","13:24:48","5","default","957498349","OXY5","135.168","min","153.966","μmol/L","Humid","21.220","deg","90812","µV","36.045","°C","1018.000","hPa","37.0","pmil","0","55.500","deg","20.000","°C","100.000","%a.s.","22.500","deg","20.000","°C","1013.000","hPa","0.861","-0.02056","0.00035","-0.00011","0","14.7","Humid","26.25","0","52.00","342215.81","SABD0000000001","AAV1.0.0.11","2.0.0.28","PSt7-10","000000-000","10/20/2017 9:36:39 AM","0000-00","0","no battery","V"
"10/20/2017","13:24:49","5","default","957498349","OXY5","135.185","min","153.951","μmol/L","Humid","21.219","deg","90805","µV","36.049","°C","1018.000","hPa","37.0","pmil","0","55.500","deg","20.000","°C","100.000","%a.s.","22.500","deg","20.000","°C","1013.000","hPa","0.861","-0.02056","0.00035","-0.00011","0","14.7","Humid","26.25","0","52.00","342206.86","SABD0000000001","AAV1.0.0.11","2.0.0.28","PSt7-10","000000-000","10/20/2017 9:36:39 AM","0000-00","0","no battery","V"
"10/20/2017","13:24:50","5","default","957498349","OXY5","135.202","min","153.842","μmol/L","Humid","21.220","deg","90815","µV","36.066","°C","1018.000","hPa","37.0","pmil","0","55.500","deg","20.000","°C","100.000","%a.s.","22.500","deg","20.000","°C","1013.000","hPa","0.861","-0.02056","0.00035","-0.00011","0","14.7","Humid","26.25","0","52.00","342213.64","SABD0000000001","AAV1.0.0.11","2.0.0.28","PSt7-10","000000-000","10/20/2017 9:36:39 AM","0000-00","0","no battery","V"
"10/20/2017","13:24:51","5","default","957498349","OXY5","135.218","min","153.870","μmol/L","Humid","21.219","deg","90807","µV","36.063","°C","1018.000","hPa","37.0","pmil","0","55.500","deg","20.000","°C","100.000","%a.s.","22.500","deg","20.000","°C","1013.000","hPa","0.861","-0.02056","0.00035","-0.00011","0","14.7","Humid","26.25","0","52.00","342209.00","SABD0000000001","AAV1.0.0.11","2.0.0.28","PSt7-10","000000-000","10/20/2017 9:36:39 AM","0000-00","0","no battery","V"
"10/20/2017","13:24:52","5","default","957498349","OXY5","135.235","min","153.855","μmol/L","Humid","21.221","deg","90811","µV","36.061","°C","1018.000","hPa","37.0","pmil","0","55.500","deg","20.000","°C","100.000","%a.s.","22.500","deg","20.000","°C","1013.000","hPa","0.861","-0.02056","0.00035","-0.00011","0","14.7","Humid","26.25","0","52.00","342208.44","SABD0000000001","AAV1.0.0.11","2.0.0.28","PSt7-10","000000-000","10/20/2017 9:36:39 AM","0000-00","0","no battery","V"
"10/20/2017","13:24:53","5","default","957498349","OXY5","135.252","min","153.893","μmol/L","Humid","21.219","deg","90810","µV","36.059","°C","1018.000","hPa","37.0","pmil","0","55.500","deg","20.000","°C","100.000","%a.s.","22.500","deg","20.000","°C","1013.000","hPa","0.861","-0.02056","0.00035","-0.00011","0","14.7","Humid","26.25","0","52.00","342211.14","SABD0000000001","AAV1.0.0.11","2.0.0.28","PSt7-10","000000-000","10/20/2017 9:36:39 AM","0000-00","0","no battery","V"
"10/20/2017","13:24:54","5","default","957498349","OXY5","135.268","min","153.858","μmol/L","Humid","21.221","deg","90810","µV","36.061","°C","1018.000","hPa","37.0","pmil","0","55.500","deg","20.000","°C","100.000","%a.s.","22.500","deg","20.000","°C","1013.000","hPa","0.861","-0.02056","0.00035","-0.00011","0","14.7","Humid","26.25","0","52.00","342220.27","SABD0000000001","AAV1.0.0.11","2.0.0.28","PSt7-10","000000-000","10/20/2017 9:36:39 AM","0000-00","0","no battery","V"
"10/20/2017","13:24:55","5","default","957498349","OXY5","135.285","min","153.908","μmol/L","Humid","21.218","deg","90817","µV","36.059","°C","1018.000","hPa","37.0","pmil","0","55.500","deg","20.000","°C","100.000","%a.s.","22.500","deg","20.000","°C","1013.000","hPa","0.861","-0.02056","0.00035","-0.00011","0","14.7","Humid","26.25","0","52.00","342209.22","SABD0000000001","AAV1.0.0.11","2.0.0.28","PSt7-10","000000-000","10/20/2017 9:36:39 AM","0000-00","0","no battery","V"
"10/20/2017","13:24:56","5","default","957498349","OXY5","135.302","min","153.812","μmol/L","Humid","21.222","deg","90805","µV","36.066","°C","1018.000","hPa","37.0","pmil","0","55.500","deg","20.000","°C","100.000","%a.s.","22.500","deg","20.000","°C","1013.000","hPa","0.861","-0.02056","0.00035","-0.00011","0","14.7","Humid","26.25","0","52.00","342210.64","SABD0000000001","AAV1.0.0.11","2.0.0.28","PSt7-10","000000-000","10/20/2017 9:36:39 AM","0000-00","0","no battery","V"
"10/20/2017","13:24:57","5","default","957498349","OXY5","135.318","min","153.858","μmol/L","Humid","21.219","deg","90810","µV","36.065","°C","1018.000","hPa","37.0","pmil","0","55.500","deg","20.000","°C","100.000","%a.s.","22.500","deg","20.000","°C","1013.000","hPa","0.861","-0.02056","0.00035","-0.00011","0","14.7","Humid","26.25","0","52.00","342207.86","SABD0000000001","AAV1.0.0.11","2.0.0.28","PSt7-10","000000-000","10/20/2017 9:36:39 AM","0000-00","0","no battery","V"
"10/20/2017","13:24:58","5","default","957498349","OXY5","135.334","min","153.818","μmol/L","Humid","21.223","deg","90812","µV","36.063","°C","1018.000","hPa","37.0","pmil","0","55.500","deg","20.000","°C","100.000","%a.s.","22.500","deg","20.000","°C","1013.000","hPa","0.861","-0.02056","0.00035","-0.00011","0","14.7","Humid","26.25","0","52.00","342222.53","SABD0000000001","AAV1.0.0.11","2.0.0.28","PSt7-10","000000-000","10/20/2017 9:36:39 AM","0000-00","0","no battery","V"
"10/20/2017","13:24:59","5","default","957498349","OXY5","135.351","min","153.854","μmol/L","Humid","21.219","deg","90810","µV","36.066","°C","1018.000","hPa","37.0","pmil","0","55.500","deg","20.000","°C","100.000","%a.s.","22.500","deg","20.000","°C","1013.000","hPa","0.861","-0.02056","0.00035","-0.00011","0","14.7","Humid","26.25","0","52.00","342212.31","SABD0000000001","AAV1.0.0.11","2.0.0.28","PSt7-10","000000-000","10/20/2017 9:36:39 AM","0000-00","0","no battery","V"
"10/20/2017","13:25:00","5","default","957498349","OXY5","135.368","min","153.868","μmol/L","Humid","21.218","deg","90814","µV","36.066","°C","1018.000","hPa","37.0","pmil","0","55.500","deg","20.000","°C","100.000","%a.s.","22.500","deg","20.000","°C","1013.000","hPa","0.861","-0.02056","0.00035","-0.00011","0","14.7","Humid","26.25","0","52.00","342212.09","SABD0000000001","AAV1.0.0.11","2.0.0.28","PSt7-10","000000-000","10/20/2017 9:36:39 AM","0000-00","0","no battery","V"
"10/20/2017","13:25:01","5","default","957498349","OXY5","135.384","min","153.721","μmol/L","Humid","21.223","deg","90812","µV","36.079","°C","1018.000","hPa","37.0","pmil","0","55.500","deg","20.000","°C","100.000","%a.s.","22.500","deg","20.000","°C","1013.000","hPa","0.861","-0.02056","0.00035","-0.00011","0","14.7","Humid","26.25","0","52.00","342206.65","SABD0000000001","AAV1.0.0.11","2.0.0.28","PSt7-10","000000-000","10/20/2017 9:36:39 AM","0000-00","0","no battery","V"
"10/20/2017","13:25:02","5","default","957498349","OXY5","135.401","min","153.755","μmol/L","Humid","21.221","deg","90813","µV","36.078","°C","1018.000","hPa","37.0","pmil","0","55.500","deg","20.000","°C","100.000","%a.s.","22.500","deg","20.000","°C","1013.000","hPa","0.861","-0.02056","0.00035","-0.00011","0","14.7","Humid","26.25","0","52.00","342207.56","SABD0000000001","AAV1.0.0.11","2.0.0.28","PSt7-10","000000-000","10/20/2017 9:36:39 AM","0000-00","0","no battery","V"
"10/20/2017","13:25:03","5","default","957498349","OXY5","135.418","min","153.919","μmol/L","Humid","21.222","deg","90810","µV","36.048","°C","1018.000","hPa","37.0","pmil","0","55.500","deg","20.000","°C","100.000","%a.s.","22.500","deg","20.000","°C","1013.000","hPa","0.861","-0.02056","0.00035","-0.00011","0","14.7","Humid","26.25","0","52.00","342205.34","SABD0000000001","AAV1.0.0.11","2.0.0.28","PSt7-10","000000-000","10/20/2017 9:36:39 AM","0000-00","0","no battery","V"
"10/20/2017","13:25:04","5","default","957498349","OXY5","135.434","min","153.883","μmol/L","Humid","21.217","deg","90805","µV","36.066","°C","1018.000","hPa","37.0","pmil","0","55.500","deg","20.000","°C","100.000","%a.s.","22.500","deg","20.000","°C","1013.000","hPa","0.861","-0.02056","0.00035","-0.00011","0","14.7","Humid","26.25","0","52.00","342204.45","SABD0000000001","AAV1.0.0.11","2.0.0.28","PSt7-10","000000-000","10/20/2017 9:36:39 AM","0000-00","0","no battery","V"
"10/20/2017","13:25:05","5","default","957498349","OXY5","135.451","min","153.908","μmol/L","Humid","21.220","deg","90813","µV","36.054","°C","1018.000","hPa","37.0","pmil","0","55.500","deg","20.000","°C","100.000","%a.s.","22.500","deg","20.000","°C","1013.000","hPa","0.861","-0.02056","0.00035","-0.00011","0","14.7","Humid","26.25","0","52.00","342206.17","SABD0000000001","AAV1.0.0.11","2.0.0.28","PSt7-10","000000-000","10/20/2017 9:36:39 AM","0000-00","0","no battery","V"
"10/20/2017","13:25:06","5","default","957498349","OXY5","135.468","min","153.837","μmol/L","Humid","21.224","deg","90806","µV","36.057","°C","1018.000","hPa","37.0","pmil","0","55.500","deg","20.000","°C","100.000","%a.s.","22.500","deg","20.000","°C","1013.000","hPa","0.861","-0.02056","0.00035","-0.00011","0","14.7","Humid","26.25","0","52.00","342191.47","SABD0000000001","AAV1.0.0.11","2.0.0.28","PSt7-10","000000-000","10/20/2017 9:36:39 AM","0000-00","0","no battery","V"
"10/20/2017","13:25:07","5","default","957498349","OXY5","135.484","min","153.931","μmol/L","Humid","21.223","deg","90805","µV","36.044","°C","1018.000","hPa","37.0","pmil","0","55.500","deg","20.000","°C","100.000","%a.s.","22.500","deg","20.000","°C","1013.000","hPa","0.861","-0.02056","0.00035","-0.00011","0","14.7","Humid","26.25","0","52.00","342184.80","SABD0000000001","AAV1.0.0.11","2.0.0.28","PSt7-10","000000-000","10/20/2017 9:36:39 AM","0000-00","0","no battery","V"
"10/20/2017","13:25:08","5","default","957498349","OXY5","135.501","min","153.920","μmol/L","Humid","21.221","deg","90806","µV","36.050","°C","1018.000","hPa","37.0","pmil","0","55.500","deg","20.000","°C","100.000","%a.s.","22.500","deg","20.000","°C","1013.000","hPa","0.861","-0.02056","0.00035","-0.00011","0","14.7","Humid","26.25","0","52.00","342192.62","SABD0000000001","AAV1.0.0.11","2.0.0.28","PSt7-10","000000-000","10/20/2017 9:36:39 AM","0000-00","0","no battery","V"
"10/20/2017","13:25:09","5","default","957498349","OXY5","135.518","min","153.829","μmol/L","Humid","21.221","deg","90807","µV","36.065","°C","1018.000","hPa","37.0","pmil","0","55.500","deg","20.000","°C","100.000","%a.s.","22.500","deg","20.000","°C","1013.000","hPa","0.861","-0.02056","0.00035","-0.00011","0","14.7","Humid","26.25","0","52.00","342187.84","SABD0000000001","AAV1.0.0.11","2.0.0.28","PSt7-10","000000-000","10/20/2017 9:36:39 AM","0000-00","0","no battery","V"
"10/20/2017","13:25:10","5","default","957498349","OXY5","135.535","min","153.748","μmol/L","Humid","21.221","deg","90809","µV","36.079","°C","1018.000","hPa","37.0","pmil","0","55.500","deg","20.000","°C","100.000","%a.s.","22.500","deg","20.000","°C","1013.000","hPa","0.861","-0.02056","0.00035","-0.00011","0","14.7","Humid","26.25","0","52.00","342201.71","SABD0000000001","AAV1.0.0.11","2.0.0.28","PSt7-10","000000-000","10/20/2017 9:36:39 AM","0000-00","0","no battery","V"
"10/20/2017","13:25:11","5","default","957498349","OXY5","135.551","min","153.850","μmol/L","Humid","21.221","deg","90800","µV","36.062","°C","1018.000","hPa","37.0","pmil","0","55.500","deg","20.000","°C","100.000","%a.s.","22.500","deg","20.000","°C","1013.000","hPa","0.861","-0.02056","0.00035","-0.00011","0","14.7","Humid","26.25","0","52.00","342193.58","SABD0000000001","AAV1.0.0.11","2.0.0.28","PSt7-10","000000-000","10/20/2017 9:36:39 AM","0000-00","0","no battery","V"
"10/20/2017","13:25:12","5","default","957498349","OXY5","135.568","min","153.850","μmol/L","Humid","21.221","deg","90806","µV","36.062","°C","1018.000","hPa","37.0","pmil","0","55.500","deg","20.000","°C","100.000","%a.s.","22.500","deg","20.000","°C","1013.000","hPa","0.861","-0.02056","0.00035","-0.00011","0","14.7","Humid","26.25","0","52.00","342192.53","SABD0000000001","AAV1.0.0.11","2.0.0.28","PSt7-10","000000-000","10/20/2017 9:36:39 AM","0000-00","0","no battery","V"
"10/20/2017","13:25:13","5","default","957498349","OXY5","135.585","min","153.729","μmol/L","Humid","21.224","deg","90807","µV","36.075","°C","1018.000","hPa","37.0","pmil","0","55.500","deg","20.000","°C","100.000","%a.s.","22.500","deg","20.000","°C","1013.000","hPa","0.861","-0.02056","0.00035","-0.00011","0","14.7","Humid","26.25","0","52.00","342188.21","SABD0000000001","AAV1.0.0.11","2.0.0.28","PSt7-10","000000-000","10/20/2017 9:36:39 AM","0000-00","0","no battery","V"
"10/20/2017","13:25:14","5","default","957498349","OXY5","135.601","min","153.782","μmol/L","Humid","21.222","deg","90808","µV","36.071","°C","1018.000","hPa","37.0","pmil","0","55.500","deg","20.000","°C","100.000","%a.s.","22.500","deg","20.000","°C","1013.000","hPa","0.861","-0.02056","0.00035","-0.00011","0","14.7","Humid","26.25","0","52.00","342186.87","SABD0000000001","AAV1.0.0.11","2.0.0.28","PSt7-10","000000-000","10/20/2017 9:36:39 AM","0000-00","0","no battery","V"
"10/20/2017","13:25:15","5","default","957498349","OXY5","135.618","min","153.828","μmol/L","Humid","21.223","deg","90808","µV","36.061","°C","1018.000","hPa","37.0","pmil","0","55.500","deg","20.000","°C","100.000","%a.s.","22.500","deg","20.000","°C","1013.000","hPa","0.861","-0.02056","0.00035","-0.00011","0","14.7","Humid","26.25","0","52.00","342200.10","SABD0000000001","AAV1.0.0.11","2.0.0.28","PSt7-10","000000-000","10/20/2017 9:36:39 AM","0000-00","0","no battery","V"
"10/20/2017","13:25:16","5","default","957498349","OXY5","135.635","min","153.884","μmol/L","Humid","21.220","deg","90809","µV","36.059","°C","1018.000","hPa","37.0","pmil","0","55.500","deg","20.000","°C","100.000","%a.s.","22.500","deg","20.000","°C","1013.000","hPa","0.861","-0.02056","0.00035","-0.00011","0","14.7","Humid","26.25","0","52.00","342195.57","SABD0000000001","AAV1.0.0.11","2.0.0.28","PSt7-10","000000-000","10/20/2017 9:36:39 AM","0000-00","0","no battery","V"
"10/20/2017","13:25:17","5","default","957498349","OXY5","135.651","min","153.839","μmol/L","Humid","21.219","deg","90805","µV","36.069","°C","1018.000","hPa","37.0","pmil","0","55.500","deg","20.000","°C","100.000","%a.s.","22.500","deg","20.000","°C","1013.000","hPa","0.861","-0.02056","0.00035","-0.00011","0","14.7","Humid","26.25","0","52.00","342180.04","SABD0000000001","AAV1.0.0.11","2.0.0.28","PSt7-10","000000-000","10/20/2017 9:36:39 AM","0000-00","0","no battery","V"
"10/20/2017","13:25:18","5","default","957498349","OXY5","135.668","min","153.804","μmol/L","Humid","21.219","deg","90807","µV","36.075","°C","1018.000","hPa","37.0","pmil","0","55.500","deg","20.000","°C","100.000","%a.s.","22.500","deg","20.000","°C","1013.000","hPa","0.861","-0.02056","0.00035","-0.00011","0","14.7","Humid","26.25","0","52.00","342184.61","SABD0000000001","AAV1.0.0.11","2.0.0.28","PSt7-10","000000-000","10/20/2017 9:36:39 AM","0000-00","0","no battery","V"
"10/20/2017","13:25:19","5","default","957498349","OXY5","135.685","min","153.764","μmol/L","Humid","21.222","deg","90810","µV","36.074","°C","1018.000","hPa","37.0","pmil","0","55.500","deg","20.000","°C","100.000","%a.s.","22.500","deg","20.000","°C","1013.000","hPa","0.861","-0.02056","0.00035","-0.00011","0","14.7","Humid","26.25","0","52.00","342193.15","SABD0000000001","AAV1.0.0.11","2.0.0.28","PSt7-10","000000-000","10/20/2017 9:36:39 AM","0000-00","0","no battery","V"
"10/20/2017","13:25:20","5","default","957498349","OXY5","135.701","min","153.800","μmol/L","Humid","21.222","deg","90819","µV","36.068","°C","1018.000","hPa","37.0","pmil","0","55.500","deg","20.000","°C","100.000","%a.s.","22.500","deg","20.000","°C","1013.000","hPa","0.861","-0.02056","0.00035","-0.00011","0","14.7","Humid","26.25","0","52.00","342204.87","SABD0000000001","AAV1.0.0.11","2.0.0.28","PSt7-10","000000-000","10/20/2017 9:36:39 AM","0000-00","0","no battery","V"
"10/20/2017","13:25:21","5","default","957498349","OXY5","135.718","min","153.885","μmol/L","Humid","21.221","deg","90814","µV","36.056","°C","1018.000","hPa","37.0","pmil","0","55.500","deg","20.000","°C","100.000","%a.s.","22.500","deg","20.000","°C","1013.000","hPa","0.861","-0.02056","0.00035","-0.00011","0","14.7","Humid","26.25","0","52.00","342190.86","SABD0000000001","AAV1.0.0.11","2.0.0.28","PSt7-10","000000-000","10/20/2017 9:36:39 AM","0000-00","0","no battery","V"
"10/20/2017","13:25:22","5","default","957498349","OXY5","135.735","min","153.953","μmol/L","Humid","21.218","deg","90807","µV","36.052","°C","1018.000","hPa","37.0","pmil","0","55.500","deg","20.000","°C","100.000","%a.s.","22.500","deg","20.000","°C","1013.000","hPa","0.861","-0.02056","0.00035","-0.00011","0","14.7","Humid","26.25","0","52.00","342178.12","SABD0000000001","AAV1.0.0.11","2.0.0.28","PSt7-10","000000-000","10/20/2017 9:36:39 AM","0000-00","0","no battery","V"
"10/20/2017","13:25:23","5","default","957498349","OXY5","135.751","min","153.797","μmol/L","Humid","21.221","deg","90810","µV","36.071","°C","1018.000","hPa","37.0","pmil","0","55.500","deg","20.000","°C","100.000","%a.s.","22.500","deg","20.000","°C","1013.000","hPa","0.861","-0.02056","0.00035","-0.00011","0","14.7","Humid","26.25","0","52.00","342196.23","SABD0000000001","AAV1.0.0.11","2.0.0.28","PSt7-10","000000-000","10/20/2017 9:36:39 AM","0000-00","0","no battery","V"
"10/20/2017","13:25:24","5","default","957498349","OXY5","135.768","min","153.904","μmol/L","Humid","21.218","deg","90806","µV","36.060","°C","1018.000","hPa","37.0","pmil","0","55.500","deg","20.000","°C","100.000","%a.s.","22.500","deg","20.000","°C","1013.000","hPa","0.861","-0.02056","0.00035","-0.00011","0","14.7","Humid","26.25","0","52.00","342194.18","SABD0000000001","AAV1.0.0.11","2.0.0.28","PSt7-10","000000-000","10/20/2017 9:36:39 AM","0000-00","0","no battery","V"
"10/20/2017","13:25:25","5","default","957498349","OXY5","135.785","min","153.892","μmol/L","Humid","21.220","deg","90817","µV","36.057","°C","1018.000","hPa","37.0","pmil","0","55.500","deg","20.000","°C","100.000","%a.s.","22.500","deg","20.000","°C","1013.000","hPa","0.861","-0.02056","0.00035","-0.00011","0","14.7","Humid","26.25","0","52.00","342192.77","SABD0000000001","AAV1.0.0.11","2.0.0.28","PSt7-10","000000-000","10/20/2017 9:36:39 AM","0000-00","0","no battery","V"
"10/20/2017","13:25:26","5","default","957498349","OXY5","135.801","min","153.911","μmol/L","Humid","21.219","deg","90812","µV","36.056","°C","1018.000","hPa","37.0","pmil","0","55.500","deg","20.000","°C","100.000","%a.s.","22.500","deg","20.000","°C","1013.000","hPa","0.861","-0.02056","0.00035","-0.00011","0","14.7","Humid","26.25","0","52.00","342176.66","SABD0000000001","AAV1.0.0.11","2.0.0.28","PSt7-10","000000-000","10/20/2017 9:36:39 AM","0000-00","0","no battery","V"
"10/20/2017","13:25:27","5","default","957498349","OXY5","135.818","min","153.889","μmol/L","Humid","21.221","deg","90806","µV","36.055","°C","1018.000","hPa","37.0","pmil","0","55.500","deg","20.000","°C","100.000","%a.s.","22.500","deg","20.000","°C","1013.000","hPa","0.861","-0.02056","0.00035","-0.00011","0","14.7","Humid","26.25","0","52.00","342192.26","SABD0000000001","AAV1.0.0.11","2.0.0.28","PSt7-10","000000-000","10/20/2017 9:36:39 AM","0000-00","0","no battery","V"
"10/20/2017","13:25:28","5","default","957498349","OXY5","135.835","min","153.719","μmol/L","Humid","21.224","deg","90813","µV","36.077","°C","1018.000","hPa","37.0","pmil","0","55.500","deg","20.000","°C","100.000","%a.s.","22.500","deg","20.000","°C","1013.000","hPa","0.861","-0.02056","0.00035","-0.00011","0","14.7","Humid","26.25","0","52.00","342187.92","SABD0000000001","AAV1.0.0.11","2.0.0.28","PSt7-10","000000-000","10/20/2017 9:36:39 AM","0000-00","0","no battery","V"
"10/20/2017","13:25:29","5","default","957498349","OXY5","135.851","min","153.766","μmol/L","Humid","21.222","deg","90812","µV","36.074","°C","1018.000","hPa","37.0","pmil","0","55.500","deg","20.000","°C","100.000","%a.s.","22.500","deg","20.000","°C","1013.000","hPa","0.861","-0.02056","0.00035","-0.00011","0","14.7","Humid","26.25","0","52.00","342194.89","SABD0000000001","AAV1.0.0.11","2.0.0.28","PSt7-10","000000-000","10/20/2017 9:36:39 AM","0000-00","0","no battery","V"
"10/20/2017","13:25:30","5","default","957498349","OXY5","135.868","min","153.815","μmol/L","Humid","21.220","deg","90808","µV","36.070","°C","1018.000","hPa","37.0","pmil","0","55.500","deg","20.000","°C","100.000","%a.s.","22.500","deg","20.000","°C","1013.000","hPa","0.861","-0.02056","0.00035","-0.00011","0","14.7","Humid","26.25","0","52.00","342190.45","SABD0000000001","AAV1.0.0.11","2.0.0.28","PSt7-10","000000-000","10/20/2017 9:36:39 AM","0000-00","0","no battery","V"
"10/20/2017","13:25:31","5","default","957498349","OXY5","135.885","min","153.799","μmol/L","Humid","21.224","deg","90812","µV","36.064","°C","1018.000","hPa","37.0","pmil","0","55.500","deg","20.000","°C","100.000","%a.s.","22.500","deg","20.000","°C","1013.000","hPa","0.861","-0.02056","0.00035","-0.00011","0","14.7","Humid","26.25","0","52.00","342191.68","SABD0000000001","AAV1.0.0.11","2.0.0.28","PSt7-10","000000-000","10/20/2017 9:36:39 AM","0000-00","0","no battery","V"
"10/20/2017","13:25:32","5","default","957498349","OXY5","135.901","min","153.846","μmol/L","Humid","21.225","deg","90816","µV","36.053","°C","1018.000","hPa","37.0","pmil","0","55.500","deg","20.000","°C","100.000","%a.s.","22.500","deg","20.000","°C","1013.000","hPa","0.861","-0.02056","0.00035","-0.00011","0","14.7","Humid","26.25","0","52.00","342180.64","SABD0000000001","AAV1.0.0.11","2.0.0.28","PSt7-10","000000-000","10/20/2017 9:36:39 AM","0000-00","0","no battery","V"
"10/20/2017","13:25:33","5","default","957498349","OXY5","135.918","min","153.792","μmol/L","Humid","21.222","deg","90808","µV","36.069","°C","1018.000","hPa","37.0","pmil","0","55.500","deg","20.000","°C","100.000","%a.s.","22.500","deg","20.000","°C","1013.000","hPa","0.861","-0.02056","0.00035","-0.00011","0","14.7","Humid","26.25","0","52.00","342188.48","SABD0000000001","AAV1.0.0.11","2.0.0.28","PSt7-10","000000-000","10/20/2017 9:36:39 AM","0000-00","0","no battery","V"
"10/20/2017","13:25:34","5","default","957498349","OXY5","135.935","min","153.770","μmol/L","Humid","21.225","deg","90810","µV","36.066","°C","1018.000","hPa","37.0","pmil","0","55.500","deg","20.000","°C","100.000","%a.s.","22.500","deg","20.000","°C","1013.000","hPa","0.861","-0.02056","0.00035","-0.00011","0","14.7","Humid","26.25","0","52.00","342182.68","SABD0000000001","AAV1.0.0.11","2.0.0.28","PSt7-10","000000-000","10/20/2017 9:36:39 AM","0000-00","0","no battery","V"
"10/20/2017","13:25:35","5","default","957498349","OXY5","135.951","min","153.829","μmol/L","Humid","21.225","deg","90811","µV","36.056","°C","1018.000","hPa","37.0","pmil","0","55.500","deg","20.000","°C","100.000","%a.s.","22.500","deg","20.000","°C","1013.000","hPa","0.861","-0.02056","0.00035","-0.00011","0","14.7","Humid","26.25","0","52.00","342199.28","SABD0000000001","AAV1.0.0.11","2.0.0.28","PSt7-10","000000-000","10/20/2017 9:36:39 AM","0000-00","0","no battery","V"
"10/20/2017","13:25:36","5","default","957498349","OXY5","135.968","min","153.880","μmol/L","Humid","21.224","deg","90816","µV","36.050","°C","1018.000","hPa","37.0","pmil","0","55.500","deg","20.000","°C","100.000","%a.s.","22.500","deg","20.000","°C","1013.000","hPa","0.861","-0.02056","0.00035","-0.00011","0","14.7","Humid","26.25","0","52.00","342181.77","SABD0000000001","AAV1.0.0.11","2.0.0.28","PSt7-10","000000-000","10/20/2017 9:36:39 AM","0000-00","0","no battery","V"
"10/20/2017","13:25:37","5","default","957498349","OXY5","135.985","min","153.903","μmol/L","Humid","21.221","deg","90811","µV","36.053","°C","1018.000","hPa","37.0","pmil","0","55.500","deg","20.000","°C","100.000","%a.s.","22.500","deg","20.000","°C","1013.000","hPa","0.861","-0.02056","0.00035","-0.00011","0","14.7","Humid","26.25","0","52.00","342179.71","SABD0000000001","AAV1.0.0.11","2.0.0.28","PSt7-10","000000-000","10/20/2017 9:36:39 AM","0000-00","0","no battery","V"
"10/20/2017","13:25:38","5","default","957498349","OXY5","136.002","min","153.813","μmol/L","Humid","21.220","deg","90804","µV","36.071","°C","1018.000","hPa","37.0","pmil","0","55.500","deg","20.000","°C","100.000","%a.s.","22.500","deg","20.000","°C","1013.000","hPa","0.861","-0.02056","0.00035","-0.00011","0","14.7","Humid","26.25","0","52.00","342176.15","SABD0000000001","AAV1.0.0.11","2.0.0.28","PSt7-10","000000-000","10/20/2017 9:36:39 AM","0000-00","0","no battery","V"
"10/20/2017","13:25:39","5","default","957498349","OXY5","136.018","min","153.828","μmol/L","Humid","21.221","deg","90810","µV","36.066","°C","1018.000","hPa","37.0","pmil","0","55.500","deg","20.000","°C","100.000","%a.s.","22.500","deg","20.000","°C","1013.000","hPa","0.861","-0.02056","0.00035","-0.00011","0","14.7","Humid","26.25","0","52.00","342186.04","SABD0000000001","AAV1.0.0.11","2.0.0.28","PSt7-10","000000-000","10/20/2017 9:36:39 AM","0000-00","0","no battery","V"
"10/20/2017","13:25:40","5","default","957498349","OXY5","136.035","min","153.852","μmol/L","Humid","21.222","deg","90802","µV","36.059","°C","1018.000","hPa","37.0","pmil","0","55.500","deg","20.000","°C","100.000","%a.s.","22.500","deg","20.000","°C","1013.000","hPa","0.861","-0.02056","0.00035","-0.00011","0","14.7","Humid","26.25","0","52.00","342180.18","SABD0000000001","AAV1.0.0.11","2.0.0.28","PSt7-10","000000-000","10/20/2017 9:36:39 AM","0000-00","0","no battery","V"
"10/20/2017","13:25:41","5","default","957498349","OXY5","136.052","min","153.847","μmol/L","Humid","21.225","deg","90810","µV","36.053","°C","1018.000","hPa","37.0","pmil","0","55.500","deg","20.000","°C","100.000","%a.s.","22.500","deg","20.000","°C","1013.000","hPa","0.861","-0.02056","0.00035","-0.00011","0","14.7","Humid","26.25","0","52.00","342185.64","SABD0000000001","AAV1.0.0.11","2.0.0.28","PSt7-10","000000-000","10/20/2017 9:36:39 AM","0000-00","0","no battery","V"
"10/20/2017","13:25:42","5","default","957498349","OXY5","136.068","min","153.856","μmol/L","Humid","21.222","deg","90808","µV","36.059","°C","1018.000","hPa","37.0","pmil","0","55.500","deg","20.000","°C","100.000","%a.s.","22.500","deg","20.000","°C","1013.000","hPa","0.861","-0.02056","0.00035","-0.00011","0","14.7","Humid","26.25","0","52.00","342185.37","SABD0000000001","AAV1.0.0.11","2.0.0.28","PSt7-10","000000-000","10/20/2017 9:36:39 AM","0000-00","0","no battery","V"
"10/20/2017","13:25:43","5","default","957498349","OXY5","136.084","min","153.905","μmol/L","Humid","21.223","deg","90809","µV","36.048","°C","1018.000","hPa","37.0","pmil","0","55.500","deg","20.000","°C","100.000","%a.s.","22.500","deg","20.000","°C","1013.000","hPa","0.861","-0.02056","0.00035","-0.00011","0","14.7","Humid","26.25","0","52.00","342189.10","SABD0000000001","AAV1.0.0.11","2.0.0.28","PSt7-10","000000-000","10/20/2017 9:36:39 AM","0000-00","0","no battery","V"
"10/20/2017","13:25:44","5","default","957498349","OXY5","136.101","min","153.862","μmol/L","Humid","21.222","deg","90818","µV","36.058","°C","1018.000","hPa","37.0","pmil","0","55.500","deg","20.000","°C","100.000","%a.s.","22.500","deg","20.000","°C","1013.000","hPa","0.861","-0.02056","0.00035","-0.00011","0","14.7","Humid","26.25","0","52.00","342174.81","SABD0000000001","AAV1.0.0.11","2.0.0.28","PSt7-10","000000-000","10/20/2017 9:36:39 AM","0000-00","0","no battery","V"
"10/20/2017","13:25:45","5","default","957498349","OXY5","136.118","min","153.903","μmol/L","Humid","21.223","deg","90807","µV","36.048","°C","1018.000","hPa","37.0","pmil","0","55.500","deg","20.000","°C","100.000","%a.s.","22.500","deg","20.000","°C","1013.000","hPa","0.861","-0.02056","0.00035","-0.00011","0","14.7","Humid","26.25","0","52.00","342181.58","SABD0000000001","AAV1.0.0.11","2.0.0.28","PSt7-10","000000-000","10/20/2017 9:36:39 AM","0000-00","0","no battery","V"
"10/20/2017","13:25:46","5","default","957498349","OXY5","136.134","min","153.865","μmol/L","Humid","21.223","deg","90809","µV","36.055","°C","1018.000","hPa","37.0","pmil","0","55.500","deg","20.000","°C","100.000","%a.s.","22.500","deg","20.000","°C","1013.000","hPa","0.861","-0.02056","0.00035","-0.00011","0","14.7","Humid","26.25","0","52.00","342164.88","SABD0000000001","AAV1.0.0.11","2.0.0.28","PSt7-10","000000-000","10/20/2017 9:36:39 AM","0000-00","0","no battery","V"
"10/20/2017","13:25:47","5","default","957498349","OXY5","136.151","min","153.851","μmol/L","Humid","21.224","deg","90811","µV","36.055","°C","1018.000","hPa","37.0","pmil","0","55.500","deg","20.000","°C","100.000","%a.s.","22.500","deg","20.000","°C","1013.000","hPa","0.861","-0.02056","0.00035","-0.00011","0","14.7","Humid","26.25","0","52.00","342190.82","SABD0000000001","AAV1.0.0.11","2.0.0.28","PSt7-10","000000-000","10/20/2017 9:36:39 AM","0000-00","0","no battery","V"
"10/20/2017","13:25:48","5","default","957498349","OXY5","136.168","min","153.765","μmol/L","Humid","21.220","deg","90812","µV","36.079","°C","1018.000","hPa","37.0","pmil","0","55.500","deg","20.000","°C","100.000","%a.s.","22.500","deg","20.000","°C","1013.000","hPa","0.861","-0.02056","0.00035","-0.00011","0","14.7","Humid","26.25","0","52.00","342186.47","SABD0000000001","AAV1.0.0.11","2.0.0.28","PSt7-10","000000-000","10/20/2017 9:36:39 AM","0000-00","0","no battery","V"
"10/20/2017","13:25:49","5","default","957498349","OXY5","136.184","min","153.842","μmol/L","Humid","21.217","deg","90807","µV","36.073","°C","1018.000","hPa","37.0","pmil","0","55.500","deg","20.000","°C","100.000","%a.s.","22.500","deg","20.000","°C","1013.000","hPa","0.861","-0.02056","0.00035","-0.00011","0","14.7","Humid","26.25","0","52.00","342189.69","SABD0000000001","AAV1.0.0.11","2.0.0.28","PSt7-10","000000-000","10/20/2017 9:36:39 AM","0000-00","0","no battery","V"
"10/20/2017","13:25:50","5","default","957498349","OXY5","136.201","min","153.786","μmol/L","Humid","21.224","deg","90804","µV","36.066","°C","1018.000","hPa","37.0","pmil","0","55.500","deg","20.000","°C","100.000","%a.s.","22.500","deg","20.000","°C","1013.000","hPa","0.861","-0.02056","0.00035","-0.00011","0","14.7","Humid","26.25","0","52.00","342157.76","SABD0000000001","AAV1.0.0.11","2.0.0.28","PSt7-10","000000-000","10/20/2017 9:36:39 AM","0000-00","0","no battery","V"
"10/20/2017","13:25:51","5","default","957498349","OXY5","136.218","min","153.758","μmol/L","Humid","21.221","deg","90808","µV","36.078","°C","1018.000","hPa","37.0","pmil","0","55.500","deg","20.000","°C","100.000","%a.s.","22.500","deg","20.000","°C","1013.000","hPa","0.861","-0.02056","0.00035","-0.00011","0","14.7","Humid","26.25","0","52.00","342159.22","SABD0000000001","AAV1.0.0.11","2.0.0.28","PSt7-10","000000-000","10/20/2017 9:36:39 AM","0000-00","0","no battery","V"
"10/20/2017","13:25:52","5","default","957498349","OXY5","136.234","min","153.810","μmol/L","Humid","21.223","deg","90808","µV","36.064","°C","1018.000","hPa","37.0","pmil","0","55.500","deg","20.000","°C","100.000","%a.s.","22.500","deg","20.000","°C","1013.000","hPa","0.861","-0.02056","0.00035","-0.00011","0","14.7","Humid","26.25","0","52.00","342169.57","SABD0000000001","AAV1.0.0.11","2.0.0.28","PSt7-10","000000-000","10/20/2017 9:36:39 AM","0000-00","0","no battery","V"
"10/20/2017","13:25:53","5","default","957498349","OXY5","136.251","min","153.837","μmol/L","Humid","21.218","deg","90811","µV","36.071","°C","1018.000","hPa","37.0","pmil","0","55.500","deg","20.000","°C","100.000","%a.s.","22.500","deg","20.000","°C","1013.000","hPa","0.861","-0.02056","0.00035","-0.00011","0","14.7","Humid","26.25","0","52.00","342179.90","SABD0000000001","AAV1.0.0.11","2.0.0.28","PSt7-10","000000-000","10/20/2017 9:36:39 AM","0000-00","0","no battery","V"
"10/20/2017","13:25:54","5","default","957498349","OXY5","136.268","min","153.880","μmol/L","Humid","21.218","deg","90813","µV","36.064","°C","1018.000","hPa","37.0","pmil","0","55.500","deg","20.000","°C","100.000","%a.s.","22.500","deg","20.000","°C","1013.000","hPa","0.861","-0.02056","0.00035","-0.00011","0","14.7","Humid","26.25","0","52.00","342163.32","SABD0000000001","AAV1.0.0.11","2.0.0.28","PSt7-10","000000-000","10/20/2017 9:36:39 AM","0000-00","0","no battery","V"
"10/20/2017","13:25:55","5","default","957498349","OXY5","136.284","min","153.860","μmol/L","Humid","21.219","deg","90811","µV","36.065","°C","1018.000","hPa","37.0","pmil","0","55.500","deg","20.000","°C","100.000","%a.s.","22.500","deg","20.000","°C","1013.000","hPa","0.861","-0.02056","0.00035","-0.00011","0","14.7","Humid","26.25","0","52.00","342171.58","SABD0000000001","AAV1.0.0.11","2.0.0.28","PSt7-10","000000-000","10/20/2017 9:36:39 AM","0000-00","0","no battery","V"
"10/20/2017","13:25:56","5","default","957498349","OXY5","136.301","min","153.849","μmol/L","Humid","21.223","deg","90812","µV","36.058","°C","1018.000","hPa","37.0","pmil","0","55.500","deg","20.000","°C","100.000","%a.s.","22.500","deg","20.000","°C","1013.000","hPa","0.861","-0.02056","0.00035","-0.00011","0","14.7","Humid","26.25","0","52.00","342158.14","SABD0000000001","AAV1.0.0.11","2.0.0.28","PSt7-10","000000-000","10/20/2017 9:36:39 AM","0000-00","0","no battery","V"
"10/20/2017","13:25:57","5","default","957498349","OXY5","136.318","min","153.812","μmol/L","Humid","21.220","deg","90807","µV","36.071","°C","1018.000","hPa","37.0","pmil","0","55.500","deg","20.000","°C","100.000","%a.s.","22.500","deg","20.000","°C","1013.000","hPa","0.861","-0.02056","0.00035","-0.00011","0","14.7","Humid","26.25","0","52.00","342163.23","SABD0000000001","AAV1.0.0.11","2.0.0.28","PSt7-10","000000-000","10/20/2017 9:36:39 AM","0000-00","0","no battery","V"
"10/20/2017","13:25:58","5","default","957498349","OXY5","136.334","min","153.823","μmol/L","Humid","21.219","deg","90809","µV","36.071","°C","1018.000","hPa","37.0","pmil","0","55.500","deg","20.000","°C","100.000","%a.s.","22.500","deg","20.000","°C","1013.000","hPa","0.861","-0.02056","0.00035","-0.00011","0","14.7","Humid","26.25","0","52.00","342180.07","SABD0000000001","AAV1.0.0.11","2.0.0.28","PSt7-10","000000-000","10/20/2017 9:36:39 AM","0000-00","0","no battery","V"
"10/20/2017","13:25:59","5","default","957498349","OXY5","136.351","min","153.868","μmol/L","Humid","21.219","deg","90810","µV","36.064","°C","1018.000","hPa","37.0","pmil","0","55.500","deg","20.000","°C","100.000","%a.s.","22.500","deg","20.000","°C","1013.000","hPa","0.861","-0.02056","0.00035","-0.00011","0","14.7","Humid","26.25","0","52.00","342179.33","SABD0000000001","AAV1.0.0.11","2.0.0.28","PSt7-10","000000-000","10/20/2017 9:36:39 AM","0000-00","0","no battery","V"
"10/20/2017","13:26:00","5","default","957498349","OXY5","136.368","min","153.822","μmol/L","Humid","21.221","deg","90809","µV","36.067","°C","1018.000","hPa","37.0","pmil","0","55.500","deg","20.000","°C","100.000","%a.s.","22.500","deg","20.000","°C","1013.000","hPa","0.861","-0.02056","0.00035","-0.00011","0","14.7","Humid","26.25","0","52.00","342182.86","SABD0000000001","AAV1.0.0.11","2.0.0.28","PSt7-10","000000-000","10/20/2017 9:36:39 AM","0000-00","0","no battery","V"
"10/20/2017","13:26:01","5","default","957498349","OXY5","136.385","min","153.816","μmol/L","Humid","21.223","deg","90811","µV","36.063","°C","1018.000","hPa","37.0","pmil","0","55.500","deg","20.000","°C","100.000","%a.s.","22.500","deg","20.000","°C","1013.000","hPa","0.861","-0.02056","0.00035","-0.00011","0","14.7","Humid","26.25","0","52.00","342172.51","SABD0000000001","AAV1.0.0.11","2.0.0.28","PSt7-10","000000-000","10/20/2017 9:36:39 AM","0000-00","0","no battery","V"
"10/20/2017","13:26:02","5","default","957498349","OXY5","136.401","min","153.881","μmol/L","Humid","21.222","deg","90808","µV","36.054","°C","1018.000","hPa","37.0","pmil","0","55.500","deg","20.000","°C","100.000","%a.s.","22.500","deg","20.000","°C","1013.000","hPa","0.861","-0.02056","0.00035","-0.00011","0","14.7","Humid","26.25","0","52.00","342163.02","SABD0000000001","AAV1.0.0.11","2.0.0.28","PSt7-10","000000-000","10/20/2017 9:36:39 AM","0000-00","0","no battery","V"
"10/20/2017","13:26:03","5","default","957498349","OXY5","136.418","min","153.764","μmol/L","Humid","21.224","deg","90809","µV","36.070","°C","1018.000","hPa","37.0","pmil","0","55.500","deg","20.000","°C","100.000","%a.s.","22.500","deg","20.000","°C","1013.000","hPa","0.861","-0.02056","0.00035","-0.00011","0","14.7","Humid","26.25","0","52.00","342158.12","SABD0000000001","AAV1.0.0.11","2.0.0.28","PSt7-10","000000-000","10/20/2017 9:36:39 AM","0000-00","0","no battery","V"
"10/20/2017","13:26:04","5","default","957498349","OXY5","136.435","min","153.790","μmol/L","Humid","21.223","deg","90818","µV","36.067","°C","1018.000","hPa","37.0","pmil","0","55.500","deg","20.000","°C","100.000","%a.s.","22.500","deg","20.000","°C","1013.000","hPa","0.861","-0.02056","0.00035","-0.00011","0","14.7","Humid","26.25","0","52.00","342168.39","SABD0000000001","AAV1.0.0.11","2.0.0.28","PSt7-10","000000-000","10/20/2017 9:36:39 AM","0000-00","0","no battery","V"
"10/20/2017","13:26:05","5","default","957498349","OXY5","136.451","min","153.865","μmol/L","Humid","21.222","deg","90807","µV","36.057","°C","1018.000","hPa","37.0","pmil","0","55.500","deg","20.000","°C","100.000","%a.s.","22.500","deg","20.000","°C","1013.000","hPa","0.861","-0.02056","0.00035","-0.00011","0","14.7","Humid","26.25","0","52.00","342168.03","SABD0000000001","AAV1.0.0.11","2.0.0.28","PSt7-10","000000-000","10/20/2017 9:36:39 AM","0000-00","0","no battery","V"
"10/20/2017","13:26:06","5","default","957498349","OXY5","136.468","min","153.784","μmol/L","Humid","21.223","deg","90812","µV","36.069","°C","1018.000","hPa","37.0","pmil","0","55.500","deg","20.000","°C","100.000","%a.s.","22.500","deg","20.000","°C","1013.000","hPa","0.861","-0.02056","0.00035","-0.00011","0","14.7","Humid","26.25","0","52.00","342164.33","SABD0000000001","AAV1.0.0.11","2.0.0.28","PSt7-10","000000-000","10/20/2017 9:36:39 AM","0000-00","0","no battery","V"
"10/20/2017","13:26:07","5","default","957498349","OXY5","136.485","min","153.753","μmol/L","Humid","21.220","deg","90813","µV","36.081","°C","1018.000","hPa","37.0","pmil","0","55.500","deg","20.000","°C","100.000","%a.s.","22.500","deg","20.000","°C","1013.000","hPa","0.861","-0.02056","0.00035","-0.00011","0","14.7","Humid","26.25","0","52.00","342168.13","SABD0000000001","AAV1.0.0.11","2.0.0.28","PSt7-10","000000-000","10/20/2017 9:36:39 AM","0000-00","0","no battery","V"
"10/20/2017","13:26:08","5","default","957498349","OXY5","136.501","min","153.775","μmol/L","Humid","21.226","deg","90811","µV","36.063","°C","1018.000","hPa","37.0","pmil","0","55.500","deg","20.000","°C","100.000","%a.s.","22.500","deg","20.000","°C","1013.000","hPa","0.861","-0.02056","0.00035","-0.00011","0","14.7","Humid","26.25","0","52.00","342155.03","SABD0000000001","AAV1.0.0.11","2.0.0.28","PSt7-10","000000-000","10/20/2017 9:36:39 AM","0000-00","0","no battery","V"
"10/20/2017","13:26:09","5","default","957498349","OXY5","136.518","min","153.800","μmol/L","Humid","21.225","deg","90809","µV","36.061","°C","1018.000","hPa","37.0","pmil","0","55.500","deg","20.000","°C","100.000","%a.s.","22.500","deg","20.000","°C","1013.000","hPa","0.861","-0.02056","0.00035","-0.00011","0","14.7","Humid","26.25","0","52.00","342153.49","SABD0000000001","AAV1.0.0.11","2.0.0.28","PSt7-10","000000-000","10/20/2017 9:36:39 AM","0000-00","0","no battery","V"
"10/20/2017","13:26:10","5","default","957498349","OXY5","136.535","min","153.804","μmol/L","Humid","21.225","deg","90809","µV","36.060","°C","1018.000","hPa","37.0","pmil","0","55.500","deg","20.000","°C","100.000","%a.s.","22.500","deg","20.000","°C","1013.000","hPa","0.861","-0.02056","0.00035","-0.00011","0","14.7","Humid","26.25","0","52.00","342169.11","SABD0000000001","AAV1.0.0.11","2.0.0.28","PSt7-10","000000-000","10/20/2017 9:36:39 AM","0000-00","0","no battery","V"
"10/20/2017","13:26:11","5","default","957498349","OXY5","136.552","min","153.767","μmol/L","Humid","21.224","deg","90807","µV","36.069","°C","1018.000","hPa","37.0","pmil","0","55.500","deg","20.000","°C","100.000","%a.s.","22.500","deg","20.000","°C","1013.000","hPa","0.861","-0.02056","0.00035","-0.00011","0","14.7","Humid","26.25","0","52.00","342154.96","SABD0000000001","AAV1.0.0.11","2.0.0.28","PSt7-10","000000-000","10/20/2017 9:36:39 AM","0000-00","0","no battery","V"
"10/20/2017","13:26:12","5","default","957498349","OXY5","136.568","min","153.748","μmol/L","Humid","21.221","deg","90810","µV","36.079","°C","1018.000","hPa","37.0","pmil","0","55.500","deg","20.000","°C","100.000","%a.s.","22.500","deg","20.000","°C","1013.000","hPa","0.861","-0.02056","0.00035","-0.00011","0","14.7","Humid","26.25","0","52.00","342160.23","SABD0000000001","AAV1.0.0.11","2.0.0.28","PSt7-10","000000-000","10/20/2017 9:36:39 AM","0000-00","0","no battery","V"
"10/20/2017","13:26:13","5","default","957498349","OXY5","136.585","min","153.846","μmol/L","Humid","21.222","deg","90807","µV","36.060","°C","1018.000","hPa","37.0","pmil","0","55.500","deg","20.000","°C","100.000","%a.s.","22.500","deg","20.000","°C","1013.000","hPa","0.861","-0.02056","0.00035","-0.00011","0","14.7","Humid","26.25","0","52.00","342146.40","SABD0000000001","AAV1.0.0.11","2.0.0.28","PSt7-10","000000-000","10/20/2017 9:36:39 AM","0000-00","0","no battery","V"
"10/20/2017","13:26:14","5","default","957498349","OXY5","136.602","min","153.728","μmol/L","Humid","21.225","deg","90807","µV","36.073","°C","1018.000","hPa","37.0","pmil","0","55.500","deg","20.000","°C","100.000","%a.s.","22.500","deg","20.000","°C","1013.000","hPa","0.861","-0.02056","0.00035","-0.00011","0","14.7","Humid","26.25","0","52.00","342161.49","SABD0000000001","AAV1.0.0.11","2.0.0.28","PSt7-10","000000-000","10/20/2017 9:36:39 AM","0000-00","0","no battery","V"
"10/20/2017","13:26:15","5","default","957498349","OXY5","136.618","min","153.805","μmol/L","Humid","21.220","deg","90806","µV","36.072","°C","1018.000","hPa","37.0","pmil","0","55.500","deg","20.000","°C","100.000","%a.s.","22.500","deg","20.000","°C","1013.000","hPa","0.861","-0.02056","0.00035","-0.00011","0","14.7","Humid","26.25","0","52.00","342165.57","SABD0000000001","AAV1.0.0.11","2.0.0.28","PSt7-10","000000-000","10/20/2017 9:36:39 AM","0000-00","0","no battery","V"
"10/20/2017","13:26:16","5","default","957498349","OXY5","136.635","min","153.676","μmol/L","Humid","21.226","deg","90807","µV","36.080","°C","1018.000","hPa","37.0","pmil","0","55.500","deg","20.000","°C","100.000","%a.s.","22.500","deg","20.000","°C","1013.000","hPa","0.861","-0.02056","0.00035","-0.00011","0","14.7","Humid","26.25","0","52.00","342150.27","SABD0000000001","AAV1.0.0.11","2.0.0.28","PSt7-10","000000-000","10/20/2017 9:36:39 AM","0000-00","0","no battery","V"
"10/20/2017","13:26:17","5","default","957498349","OXY5","136.652","min","153.803","μmol/L","Humid","21.224","deg","90806","µV","36.063","°C","1018.000","hPa","37.0","pmil","0","55.500","deg","20.000","°C","100.000","%a.s.","22.500","deg","20.000","°C","1013.000","hPa","0.861","-0.02056","0.00035","-0.00011","0","14.7","Humid","26.25","0","52.00","342148.32","SABD0000000001","AAV1.0.0.11","2.0.0.28","PSt7-10","000000-000","10/20/2017 9:36:39 AM","0000-00","0","no battery","V"
"10/20/2017","13:26:18","5","default","957498349","OXY5","136.668","min","153.778","μmol/L","Humid","21.224","deg","90810","µV","36.067","°C","1018.000","hPa","37.0","pmil","0","55.500","deg","20.000","°C","100.000","%a.s.","22.500","deg","20.000","°C","1013.000","hPa","0.861","-0.02056","0.00035","-0.00011","0","14.7","Humid","26.25","0","52.00","342147.77","SABD0000000001","AAV1.0.0.11","2.0.0.28","PSt7-10","000000-000","10/20/2017 9:36:39 AM","0000-00","0","no battery","V"
"10/20/2017","13:26:19","5","default","957498349","OXY5","136.685","min","153.841","μmol/L","Humid","21.222","deg","90809","µV","36.061","°C","1018.000","hPa","37.0","pmil","0","55.500","deg","20.000","°C","100.000","%a.s.","22.500","deg","20.000","°C","1013.000","hPa","0.861","-0.02056","0.00035","-0.00011","0","14.7","Humid","26.25","0","52.00","342161.30","SABD0000000001","AAV1.0.0.11","2.0.0.28","PSt7-10","000000-000","10/20/2017 9:36:39 AM","0000-00","0","no battery","V"
"10/20/2017","13:26:20","5","default","957498349","OXY5","136.702","min","153.756","μmol/L","Humid","21.226","deg","90808","µV","36.066","°C","1018.000","hPa","37.0","pmil","0","55.500","deg","20.000","°C","100.000","%a.s.","22.500","deg","20.000","°C","1013.000","hPa","0.861","-0.02056","0.00035","-0.00011","0","14.7","Humid","26.25","0","52.00","342150.40","SABD0000000001","AAV1.0.0.11","2.0.0.28","PSt7-10","000000-000","10/20/2017 9:36:39 AM","0000-00","0","no battery","V"
"10/20/2017","13:26:21","5","default","957498349","OXY5","136.718","min","153.760","μmol/L","Humid","21.225","deg","90802","µV","36.068","°C","1018.000","hPa","37.0","pmil","0","55.500","deg","20.000","°C","100.000","%a.s.","22.500","deg","20.000","°C","1013.000","hPa","0.861","-0.02056","0.00035","-0.00011","0","14.7","Humid","26.25","0","52.00","342140.33","SABD0000000001","AAV1.0.0.11","2.0.0.28","PSt7-10","000000-000","10/20/2017 9:36:39 AM","0000-00","0","no battery","V"
"10/20/2017","13:26:22","5","default","957498349","OXY5","136.734","min","153.792","μmol/L","Humid","21.224","deg","90804","µV","36.065","°C","1018.000","hPa","37.0","pmil","0","55.500","deg","20.000","°C","100.000","%a.s.","22.500","deg","20.000","°C","1013.000","hPa","0.861","-0.02056","0.00035","-0.00011","0","14.7","Humid","26.25","0","52.00","342153.77","SABD0000000001","AAV1.0.0.11","2.0.0.28","PSt7-10","000000-000","10/20/2017 9:36:39 AM","0000-00","0","no battery","V"
"10/20/2017","13:26:23","5","default","957498349","OXY5","136.751","min","153.809","μmol/L","Humid","21.224","deg","90805","µV","36.062","°C","1018.000","hPa","37.0","pmil","0","55.500","deg","20.000","°C","100.000","%a.s.","22.500","deg","20.000","°C","1013.000","hPa","0.861","-0.02056","0.00035","-0.00011","0","14.7","Humid","26.25","0","52.00","342157.93","SABD0000000001","AAV1.0.0.11","2.0.0.28","PSt7-10","000000-000","10/20/2017 9:36:39 AM","0000-00","0","no battery","V"
"10/20/2017","13:26:24","5","default","957498349","OXY5","136.768","min","153.870","μmol/L","Humid","21.219","deg","90799","µV","36.063","°C","1018.000","hPa","37.0","pmil","0","55.500","deg","20.000","°C","100.000","%a.s.","22.500","deg","20.000","°C","1013.000","hPa","0.861","-0.02056","0.00035","-0.00011","0","14.7","Humid","26.25","0","52.00","342137.59","SABD0000000001","AAV1.0.0.11","2.0.0.28","PSt7-10","000000-000","10/20/2017 9:36:39 AM","0000-00","0","no battery","V"
"10/20/2017","13:26:25","5","default","957498349","OXY5","136.784","min","153.726","μmol/L","Humid","21.224","deg","90808","µV","36.076","°C","1018.000","hPa","37.0","pmil","0","55.500","deg","20.000","°C","100.000","%a.s.","22.500","deg","20.000","°C","1013.000","hPa","0.861","-0.02056","0.00035","-0.00011","0","14.7","Humid","26.25","0","52.00","342152.46","SABD0000000001","AAV1.0.0.11","2.0.0.28","PSt7-10","000000-000","10/20/2017 9:36:39 AM","0000-00","0","no battery","V"
"10/20/2017","13:26:26","5","default","957498349","OXY5","136.801","min","153.680","μmol/L","Humid","21.223","deg","90807","µV","36.086","°C","1018.000","hPa","37.0","pmil","0","55.500","deg","20.000","°C","100.000","%a.s.","22.500","deg","20.000","°C","1013.000","hPa","0.861","-0.02056","0.00035","-0.00011","0","14.7","Humid","26.25","0","52.00","342148.89","SABD0000000001","AAV1.0.0.11","2.0.0.28","PSt7-10","000000-000","10/20/2017 9:36:39 AM","0000-00","0","no battery","V"
"10/20/2017","13:26:27","5","default","957498349","OXY5","136.818","min","153.784","μmol/L","Humid","21.225","deg","90811","µV","36.064","°C","1018.000","hPa","37.0","pmil","0","55.500","deg","20.000","°C","100.000","%a.s.","22.500","deg","20.000","°C","1013.000","hPa","0.861","-0.02056","0.00035","-0.00011","0","14.7","Humid","26.25","0","52.00","342136.89","SABD0000000001","AAV1.0.0.11","2.0.0.28","PSt7-10","000000-000","10/20/2017 9:36:39 AM","0000-00","0","no battery","V"
"10/20/2017","13:26:28","5","default","957498349","OXY5","136.834","min","153.682","μmol/L","Humid","21.227","deg","90811","µV","36.077","°C","1018.000","hPa","37.0","pmil","0","55.500","deg","20.000","°C","100.000","%a.s.","22.500","deg","20.000","°C","1013.000","hPa","0.861","-0.02056","0.00035","-0.00011","0","14.7","Humid","26.25","0","52.00","342152.70","SABD0000000001","AAV1.0.0.11","2.0.0.28","PSt7-10","000000-000","10/20/2017 9:36:39 AM","0000-00","0","no battery","V"
"10/20/2017","13:26:29","5","default","957498349","OXY5","136.851","min","153.738","μmol/L","Humid","21.224","deg","90808","µV","36.074","°C","1018.000","hPa","37.0","pmil","0","55.500","deg","20.000","°C","100.000","%a.s.","22.500","deg","20.000","°C","1013.000","hPa","0.861","-0.02056","0.00035","-0.00011","0","14.7","Humid","26.25","0","52.00","342146.42","SABD0000000001","AAV1.0.0.11","2.0.0.28","PSt7-10","000000-000","10/20/2017 9:36:39 AM","0000-00","0","no battery","V"
"10/20/2017","13:26:30","5","default","957498349","OXY5","136.868","min","153.798","μmol/L","Humid","21.220","deg","90814","µV","36.073","°C","1018.000","hPa","37.0","pmil","0","55.500","deg","20.000","°C","100.000","%a.s.","22.500","deg","20.000","°C","1013.000","hPa","0.861","-0.02056","0.00035","-0.00011","0","14.7","Humid","26.25","0","52.00","342153.17","SABD0000000001","AAV1.0.0.11","2.0.0.28","PSt7-10","000000-000","10/20/2017 9:36:39 AM","0000-00","0","no battery","V"
"10/20/2017","13:26:31","5","default","957498349","OXY5","136.885","min","153.762","μmol/L","Humid","21.224","deg","90810","µV","36.070","°C","1018.000","hPa","37.0","pmil","0","55.500","deg","20.000","°C","100.000","%a.s.","22.500","deg","20.000","°C","1013.000","hPa","0.861","-0.02056","0.00035","-0.00011","0","14.7","Humid","26.25","0","52.00","342156.35","SABD0000000001","AAV1.0.0.11","2.0.0.28","PSt7-10","000000-000","10/20/2017 9:36:39 AM","0000-00","0","no battery","V"
"10/20/2017","13:26:32","5","default","957498349","OXY5","136.901","min","153.792","μmol/L","Humid","21.221","deg","90799","µV","36.072","°C","1018.000","hPa","37.0","pmil","0","55.500","deg","20.000","°C","100.000","%a.s.","22.500","deg","20.000","°C","1013.000","hPa","0.861","-0.02056","0.00035","-0.00011","0","14.7","Humid","26.25","0","52.00","342160.85","SABD0000000001","AAV1.0.0.11","2.0.0.28","PSt7-10","000000-000","10/20/2017 9:36:39 AM","0000-00","0","no battery","V"
"10/20/2017","13:26:33","5","default","957498349","OXY5","136.918","min","153.782","μmol/L","Humid","21.226","deg","90805","µV","36.062","°C","1018.000","hPa","37.0","pmil","0","55.500","deg","20.000","°C","100.000","%a.s.","22.500","deg","20.000","°C","1013.000","hPa","0.861","-0.02056","0.00035","-0.00011","0","14.7","Humid","26.25","0","52.00","342157.69","SABD0000000001","AAV1.0.0.11","2.0.0.28","PSt7-10","000000-000","10/20/2017 9:36:39 AM","0000-00","0","no battery","V"
"10/20/2017","13:26:34","5","default","957498349","OXY5","136.935","min","153.765","μmol/L","Humid","21.223","deg","90800","µV","36.072","°C","1018.000","hPa","37.0","pmil","0","55.500","deg","20.000","°C","100.000","%a.s.","22.500","deg","20.000","°C","1013.000","hPa","0.861","-0.02056","0.00035","-0.00011","0","14.7","Humid","26.25","0","52.00","342137.98","SABD0000000001","AAV1.0.0.11","2.0.0.28","PSt7-10","000000-000","10/20/2017 9:36:39 AM","0000-00","0","no battery","V"
"10/20/2017","13:26:35","5","default","957498349","OXY5","136.952","min","153.813","μmol/L","Humid","21.222","deg","90811","µV","36.066","°C","1018.000","hPa","37.0","pmil","0","55.500","deg","20.000","°C","100.000","%a.s.","22.500","deg","20.000","°C","1013.000","hPa","0.861","-0.02056","0.00035","-0.00011","0","14.7","Humid","26.25","0","52.00","342141.01","SABD0000000001","AAV1.0.0.11","2.0.0.28","PSt7-10","000000-000","10/20/2017 9:36:39 AM","0000-00","0","no battery","V"
"10/20/2017","13:26:36","5","default","957498349","OXY5","136.968","min","153.657","μmol/L","Humid","21.229","deg","90810","µV","36.076","°C","1018.000","hPa","37.0","pmil","0","55.500","deg","20.000","°C","100.000","%a.s.","22.500","deg","20.000","°C","1013.000","hPa","0.861","-0.02056","0.00035","-0.00011","0","14.7","Humid","26.25","0","52.00","342139.18","SABD0000000001","AAV1.0.0.11","2.0.0.28","PSt7-10","000000-000","10/20/2017 9:36:39 AM","0000-00","0","no battery","V"
"10/20/2017","13:26:37","5","default","957498349","OXY5","136.985","min","153.761","μmol/L","Humid","21.225","deg","90806","µV","36.068","°C","1018.000","hPa","37.0","pmil","0","55.500","deg","20.000","°C","100.000","%a.s.","22.500","deg","20.000","°C","1013.000","hPa","0.861","-0.02056","0.00035","-0.00011","0","14.7","Humid","26.25","0","52.00","342151.93","SABD0000000001","AAV1.0.0.11","2.0.0.28","PSt7-10","000000-000","10/20/2017 9:36:39 AM","0000-00","0","no battery","V"
"10/20/2017","13:26:38","5","default","957498349","OXY5","137.002","min","153.702","μmol/L","Humid","21.225","deg","90806","µV","36.078","°C","1018.000","hPa","37.0","pmil","0","55.500","deg","20.000","°C","100.000","%a.s.","22.500","deg","20.000","°C","1013.000","hPa","0.861","-0.02056","0.00035","-0.00011","0","14.7","Humid","26.25","0","52.00","342151.62","SABD0000000001","AAV1.0.0.11","2.0.0.28","PSt7-10","000000-000","10/20/2017 9:36:39 AM","0000-00","0","no battery","V"
"10/20/2017","13:26:39","5","default","957498349","OXY5","137.018","min","153.836","μmol/L","Humid","21.224","deg","90796","µV","36.057","°C","1018.000","hPa","37.0","pmil","0","55.500","deg","20.000","°C","100.000","%a.s.","22.500","deg","20.000","°C","1013.000","hPa","0.861","-0.02056","0.00035","-0.00011","0","14.7","Humid","26.25","0","52.00","342142.99","SABD0000000001","AAV1.0.0.11","2.0.0.28","PSt7-10","000000-000","10/20/2017 9:36:39 AM","0000-00","0","no battery","V"
"10/20/2017","13:26:40","5","default","957498349","OXY5","137.035","min","153.783","μmol/L","Humid","21.227","deg","90811","µV","36.059","°C","1018.000","hPa","37.0","pmil","0","55.500","deg","20.000","°C","100.000","%a.s.","22.500","deg","20.000","°C","1013.000","hPa","0.861","-0.02056","0.00035","-0.00011","0","14.7","Humid","26.25","0","52.00","342144.49","SABD0000000001","AAV1.0.0.11","2.0.0.28","PSt7-10","000000-000","10/20/2017 9:36:39 AM","0000-00","0","no battery","V"
"10/20/2017","13:26:41","5","default","957498349","OXY5","137.052","min","153.780","μmol/L","Humid","21.225","deg","90799","µV","36.065","°C","1018.000","hPa","37.0","pmil","0","55.500","deg","20.000","°C","100.000","%a.s.","22.500","deg","20.000","°C","1013.000","hPa","0.861","-0.02056","0.00035","-0.00011","0","14.7","Humid","26.25","0","52.00","342150.45","SABD0000000001","AAV1.0.0.11","2.0.0.28","PSt7-10","000000-000","10/20/2017 9:36:39 AM","0000-00","0","no battery","V"
"10/20/2017","13:26:42","5","default","957498349","OXY5","137.068","min","153.787","μmol/L","Humid","21.227","deg","90805","µV","36.059","°C","1018.000","hPa","37.0","pmil","0","55.500","deg","20.000","°C","100.000","%a.s.","22.500","deg","20.000","°C","1013.000","hPa","0.861","-0.02056","0.00035","-0.00011","0","14.7","Humid","26.25","0","52.00","342136.40","SABD0000000001","AAV1.0.0.11","2.0.0.28","PSt7-10","000000-000","10/20/2017 9:36:39 AM","0000-00","0","no battery","V"
"10/20/2017","13:26:43","5","default","957498349","OXY5","137.084","min","153.856","μmol/L","Humid","21.221","deg","90813","µV","36.061","°C","1018.000","hPa","37.0","pmil","0","55.500","deg","20.000","°C","100.000","%a.s.","22.500","deg","20.000","°C","1013.000","hPa","0.861","-0.02056","0.00035","-0.00011","0","14.7","Humid","26.25","0","52.00","342161.08","SABD0000000001","AAV1.0.0.11","2.0.0.28","PSt7-10","000000-000","10/20/2017 9:36:39 AM","0000-00","0","no battery","V"
"10/20/2017","13:26:44","5","default","957498349","OXY5","137.101","min","153.810","μmol/L","Humid","21.225","deg","90807","µV","36.059","°C","1018.000","hPa","37.0","pmil","0","55.500","deg","20.000","°C","100.000","%a.s.","22.500","deg","20.000","°C","1013.000","hPa","0.861","-0.02056","0.00035","-0.00011","0","14.7","Humid","26.25","0","52.00","342153.99","SABD0000000001","AAV1.0.0.11","2.0.0.28","PSt7-10","000000-000","10/20/2017 9:36:39 AM","0000-00","0","no battery","V"
"10/20/2017","13:26:45","5","default","957498349","OXY5","137.118","min","153.656","μmol/L","Humid","21.228","deg","90811","µV","36.079","°C","1018.000","hPa","37.0","pmil","0","55.500","deg","20.000","°C","100.000","%a.s.","22.500","deg","20.000","°C","1013.000","hPa","0.861","-0.02056","0.00035","-0.00011","0","14.7","Humid","26.25","0","52.00","342142.99","SABD0000000001","AAV1.0.0.11","2.0.0.28","PSt7-10","000000-000","10/20/2017 9:36:39 AM","0000-00","0","no battery","V"
"10/20/2017","13:26:46","5","default","957498349","OXY5","137.134","min","153.792","μmol/L","Humid","21.222","deg","90811","µV","36.070","°C","1018.000","hPa","37.0","pmil","0","55.500","deg","20.000","°C","100.000","%a.s.","22.500","deg","20.000","°C","1013.000","hPa","0.861","-0.02056","0.00035","-0.00011","0","14.7","Humid","26.25","0","52.00","342129.90","SABD0000000001","AAV1.0.0.11","2.0.0.28","PSt7-10","000000-000","10/20/2017 9:36:39 AM","0000-00","0","no battery","V"
"10/20/2017","13:26:47","5","default","957498349","OXY5","137.151","min","153.783","μmol/L","Humid","21.220","deg","90800","µV","36.076","°C","1018.000","hPa","37.0","pmil","0","55.500","deg","20.000","°C","100.000","%a.s.","22.500","deg","20.000","°C","1013.000","hPa","0.861","-0.02056","0.00035","-0.00011","0","14.7","Humid","26.25","0","52.00","342138.27","SABD0000000001","AAV1.0.0.11","2.0.0.28","PSt7-10","000000-000","10/20/2017 9:36:39 AM","0000-00","0","no battery","V"
"10/20/2017","13:26:48","5","default","957498349","OXY5","137.168","min","153.730","μmol/L","Humid","21.225","deg","90805","µV","36.073","°C","1018.000","hPa","37.0","pmil","0","55.500","deg","20.000","°C","100.000","%a.s.","22.500","deg","20.000","°C","1013.000","hPa","0.861","-0.02056","0.00035","-0.00011","0","14.7","Humid","26.25","0","52.00","342129.47","SABD0000000001","AAV1.0.0.11","2.0.0.28","PSt7-10","000000-000","10/20/2017 9:36:39 AM","0000-00","0","no battery","V"
"10/20/2017","13:26:49","5","default","957498349","OXY5","137.185","min","153.718","μmol/L","Humid","21.223","deg","90798","µV","36.080","°C","1018.000","hPa","37.0","pmil","0","55.500","deg","20.000","°C","100.000","%a.s.","22.500","deg","20.000","°C","1013.000","hPa","0.861","-0.02056","0.00035","-0.00011","0","14.7","Humid","26.25","0","52.00","342139.29","SABD0000000001","AAV1.0.0.11","2.0.0.28","PSt7-10","000000-000","10/20/2017 9:36:39 AM","0000-00","0","no battery","V"
"10/20/2017","13:26:50","5","default","957498349","OXY5","137.201","min","153.697","μmol/L","Humid","21.223","deg","90806","µV","36.083","°C","1018.000","hPa","37.0","pmil","0","55.500","deg","20.000","°C","100.000","%a.s.","22.500","deg","20.000","°C","1013.000","hPa","0.861","-0.02056","0.00035","-0.00011","0","14.7","Humid","26.25","0","52.00","342120.78","SABD0000000001","AAV1.0.0.11","2.0.0.28","PSt7-10","000000-000","10/20/2017 9:36:39 AM","0000-00","0","no battery","V"
"10/20/2017","13:26:51","5","default","957498349","OXY5","137.218","min","153.823","μmol/L","Humid","21.224","deg","90811","µV","36.060","°C","1018.000","hPa","37.0","pmil","0","55.500","deg","20.000","°C","100.000","%a.s.","22.500","deg","20.000","°C","1013.000","hPa","0.861","-0.02056","0.00035","-0.00011","0","14.7","Humid","26.25","0","52.00","342129.98","SABD0000000001","AAV1.0.0.11","2.0.0.28","PSt7-10","000000-000","10/20/2017 9:36:39 AM","0000-00","0","no battery","V"
"10/20/2017","13:26:52","5","default","957498349","OXY5","137.235","min","153.701","μmol/L","Humid","21.225","deg","90808","µV","36.078","°C","1018.000","hPa","37.0","pmil","0","55.500","deg","20.000","°C","100.000","%a.s.","22.500","deg","20.000","°C","1013.000","hPa","0.861","-0.02056","0.00035","-0.00011","0","14.7","Humid","26.25","0","52.00","342148.50","SABD0000000001","AAV1.0.0.11","2.0.0.28","PSt7-10","000000-000","10/20/2017 9:36:39 AM","0000-00","0","no battery","V"
"10/20/2017","13:26:53","5","default","957498349","OXY5","137.251","min","153.812","μmol/L","Humid","21.224","deg","90802","µV","36.061","°C","1018.000","hPa","37.0","pmil","0","55.500","deg","20.000","°C","100.000","%a.s.","22.500","deg","20.000","°C","1013.000","hPa","0.861","-0.02056","0.00035","-0.00011","0","14.7","Humid","26.25","0","52.00","342131.73","SABD0000000001","AAV1.0.0.11","2.0.0.28","PSt7-10","000000-000","10/20/2017 9:36:39 AM","0000-00","0","no battery","V"
"10/20/2017","13:26:54","5","default","957498349","OXY5","137.268","min","153.783","μmol/L","Humid","21.224","deg","90807","µV","36.066","°C","1018.000","hPa","37.0","pmil","0","55.500","deg","20.000","°C","100.000","%a.s.","22.500","deg","20.000","°C","1013.000","hPa","0.861","-0.02056","0.00035","-0.00011","0","14.7","Humid","26.25","0","52.00","342135.14","SABD0000000001","AAV1.0.0.11","2.0.0.28","PSt7-10","000000-000","10/20/2017 9:36:39 AM","0000-00","0","no battery","V"
"10/20/2017","13:26:55","5","default","957498349","OXY5","137.285","min","153.782","μmol/L","Humid","21.223","deg","90803","µV","36.069","°C","1018.000","hPa","37.0","pmil","0","55.500","deg","20.000","°C","100.000","%a.s.","22.500","deg","20.000","°C","1013.000","hPa","0.861","-0.02056","0.00035","-0.00011","0","14.7","Humid","26.25","0","52.00","342130.77","SABD0000000001","AAV1.0.0.11","2.0.0.28","PSt7-10","000000-000","10/20/2017 9:36:39 AM","0000-00","0","no battery","V"
"10/20/2017","13:26:56","5","default","957498349","OXY5","137.301","min","153.681","μmol/L","Humid","21.224","deg","90807","µV","36.084","°C","1018.000","hPa","37.0","pmil","0","55.500","deg","20.000","°C","100.000","%a.s.","22.500","deg","20.000","°C","1013.000","hPa","0.861","-0.02056","0.00035","-0.00011","0","14.7","Humid","26.25","0","52.00","342125.25","SABD0000000001","AAV1.0.0.11","2.0.0.28","PSt7-10","000000-000","10/20/2017 9:36:39 AM","0000-00","0","no battery","V"
"10/20/2017","13:26:57","5","default","957498349","OXY5","137.318","min","153.778","μmol/L","Humid","21.224","deg","90811","µV","36.067","°C","1018.000","hPa","37.0","pmil","0","55.500","deg","20.000","°C","100.000","%a.s.","22.500","deg","20.000","°C","1013.000","hPa","0.861","-0.02056","0.00035","-0.00011","0","14.7","Humid","26.25","0","52.00","342131.43","SABD0000000001","AAV1.0.0.11","2.0.0.28","PSt7-10","000000-000","10/20/2017 9:36:39 AM","0000-00","0","no battery","V"
"10/20/2017","13:26:58","5","default","957498349","OXY5","137.335","min","153.775","μmol/L","Humid","21.225","deg","90801","µV","36.065","°C","1018.000","hPa","37.0","pmil","0","55.500","deg","20.000","°C","100.000","%a.s.","22.500","deg","20.000","°C","1013.000","hPa","0.861","-0.02056","0.00035","-0.00011","0","14.7","Humid","26.25","0","52.00","342124.61","SABD0000000001","AAV1.0.0.11","2.0.0.28","PSt7-10","000000-000","10/20/2017 9:36:39 AM","0000-00","0","no battery","V"
"10/20/2017","13:26:59","5","default","957498349","OXY5","137.351","min","153.776","μmol/L","Humid","21.229","deg","90813","µV","36.056","°C","1018.000","hPa","37.0","pmil","0","55.500","deg","20.000","°C","100.000","%a.s.","22.500","deg","20.000","°C","1013.000","hPa","0.861","-0.02056","0.00035","-0.00011","0","14.7","Humid","26.25","0","52.00","342128.09","SABD0000000001","AAV1.0.0.11","2.0.0.28","PSt7-10","000000-000","10/20/2017 9:36:39 AM","0000-00","0","no battery","V"
"10/20/2017","13:27:00","5","default","957498349","OXY5","137.368","min","153.828","μmol/L","Humid","21.222","deg","90804","µV","36.063","°C","1018.000","hPa","37.0","pmil","0","55.500","deg","20.000","°C","100.000","%a.s.","22.500","deg","20.000","°C","1013.000","hPa","0.861","-0.02056","0.00035","-0.00011","0","14.7","Humid","26.25","0","52.00","342130.84","SABD0000000001","AAV1.0.0.11","2.0.0.28","PSt7-10","000000-000","10/20/2017 9:36:39 AM","0000-00","0","no battery","V"
"10/20/2017","13:27:01","5","default","957498349","OXY5","137.385","min","153.799","μmol/L","Humid","21.227","deg","90814","µV","36.057","°C","1018.000","hPa","37.0","pmil","0","55.500","deg","20.000","°C","100.000","%a.s.","22.500","deg","20.000","°C","1013.000","hPa","0.861","-0.02056","0.00035","-0.00011","0","14.7","Humid","26.25","0","52.00","342140.09","SABD0000000001","AAV1.0.0.11","2.0.0.28","PSt7-10","000000-000","10/20/2017 9:36:39 AM","0000-00","0","no battery","V"
"10/20/2017","13:27:02","5","default","957498349","OXY5","137.401","min","153.755","μmol/L","Humid","21.223","deg","90806","µV","36.074","°C","1018.000","hPa","37.0","pmil","0","55.500","deg","20.000","°C","100.000","%a.s.","22.500","deg","20.000","°C","1013.000","hPa","0.861","-0.02056","0.00035","-0.00011","0","14.7","Humid","26.25","0","52.00","342122.22","SABD0000000001","AAV1.0.0.11","2.0.0.28","PSt7-10","000000-000","10/20/2017 9:36:39 AM","0000-00","0","no battery","V"
"10/20/2017","13:27:03","5","default","957498349","OXY5","137.418","min","153.671","μmol/L","Humid","21.223","deg","90806","µV","36.088","°C","1018.000","hPa","37.0","pmil","0","55.500","deg","20.000","°C","100.000","%a.s.","22.500","deg","20.000","°C","1013.000","hPa","0.861","-0.02056","0.00035","-0.00011","0","14.7","Humid","26.25","0","52.00","342146.82","SABD0000000001","AAV1.0.0.11","2.0.0.28","PSt7-10","000000-000","10/20/2017 9:36:39 AM","0000-00","0","no battery","V"
"10/20/2017","13:27:04","5","default","957498349","OXY5","137.435","min","153.653","μmol/L","Humid","21.226","deg","90803","µV","36.084","°C","1018.000","hPa","37.0","pmil","0","55.500","deg","20.000","°C","100.000","%a.s.","22.500","deg","20.000","°C","1013.000","hPa","0.861","-0.02056","0.00035","-0.00011","0","14.7","Humid","26.25","0","52.00","342128.55","SABD0000000001","AAV1.0.0.11","2.0.0.28","PSt7-10","000000-000","10/20/2017 9:36:39 AM","0000-00","0","no battery","V"
"10/20/2017","13:27:05","5","default","957498349","OXY5","137.451","min","153.623","μmol/L","Humid","21.226","deg","90810","µV","36.089","°C","1018.000","hPa","37.0","pmil","0","55.500","deg","20.000","°C","100.000","%a.s.","22.500","deg","20.000","°C","1013.000","hPa","0.861","-0.02056","0.00035","-0.00011","0","14.7","Humid","26.25","0","52.00","342114.14","SABD0000000001","AAV1.0.0.11","2.0.0.28","PSt7-10","000000-000","10/20/2017 9:36:39 AM","0000-00","0","no battery","V"
"10/20/2017","13:27:06","5","default","957498349","OXY5","137.468","min","153.681","μmol/L","Humid","21.225","deg","90812","µV","36.081","°C","1018.000","hPa","37.0","pmil","0","55.500","deg","20.000","°C","100.000","%a.s.","22.500","deg","20.000","°C","1013.000","hPa","0.861","-0.02056","0.00035","-0.00011","0","14.7","Humid","26.25","0","52.00","342129.76","SABD0000000001","AAV1.0.0.11","2.0.0.28","PSt7-10","000000-000","10/20/2017 9:36:39 AM","0000-00","0","no battery","V"
"10/20/2017","13:27:07","5","default","957498349","OXY5","137.485","min","153.719","μmol/L","Humid","21.223","deg","90812","µV","36.080","°C","1018.000","hPa","37.0","pmil","0","55.500","deg","20.000","°C","100.000","%a.s.","22.500","deg","20.000","°C","1013.000","hPa","0.861","-0.02056","0.00035","-0.00011","0","14.7","Humid","26.25","0","52.00","342121.97","SABD0000000001","AAV1.0.0.11","2.0.0.28","PSt7-10","000000-000","10/20/2017 9:36:39 AM","0000-00","0","no battery","V"
"10/20/2017","13:27:08","5","default","957498349","OXY5","137.501","min","153.689","μmol/L","Humid","21.228","deg","90809","µV","36.073","°C","1018.000","hPa","37.0","pmil","0","55.500","deg","20.000","°C","100.000","%a.s.","22.500","deg","20.000","°C","1013.000","hPa","0.861","-0.02056","0.00035","-0.00011","0","14.7","Humid","26.25","0","52.00","342122.52","SABD0000000001","AAV1.0.0.11","2.0.0.28","PSt7-10","000000-000","10/20/2017 9:36:39 AM","0000-00","0","no battery","V"
"10/20/2017","13:27:09","5","default","957498349","OXY5","137.518","min","153.762","μmol/L","Humid","21.222","deg","90806","µV","36.075","°C","1018.000","hPa","37.0","pmil","0","55.500","deg","20.000","°C","100.000","%a.s.","22.500","deg","20.000","°C","1013.000","hPa","0.861","-0.02056","0.00035","-0.00011","0","14.7","Humid","26.25","0","52.00","342122.96","SABD0000000001","AAV1.0.0.11","2.0.0.28","PSt7-10","000000-000","10/20/2017 9:36:39 AM","0000-00","0","no battery","V"
"10/20/2017","13:27:10","5","default","957498349","OXY5","137.535","min","153.734","μmol/L","Humid","21.226","deg","90806","µV","36.070","°C","1018.000","hPa","37.0","pmil","0","55.500","deg","20.000","°C","100.000","%a.s.","22.500","deg","20.000","°C","1013.000","hPa","0.861","-0.02056","0.00035","-0.00011","0","14.7","Humid","26.25","0","52.00","342125.58","SABD0000000001","AAV1.0.0.11","2.0.0.28","PSt7-10","000000-000","10/20/2017 9:36:39 AM","0000-00","0","no battery","V"
"10/20/2017","13:27:11","5","default","957498349","OXY5","137.551","min","153.795","μmol/L","Humid","21.224","deg","90809","µV","36.064","°C","1018.000","hPa","37.0","pmil","0","55.500","deg","20.000","°C","100.000","%a.s.","22.500","deg","20.000","°C","1013.000","hPa","0.861","-0.02056","0.00035","-0.00011","0","14.7","Humid","26.25","0","52.00","342110.69","SABD0000000001","AAV1.0.0.11","2.0.0.28","PSt7-10","000000-000","10/20/2017 9:36:39 AM","0000-00","0","no battery","V"
"10/20/2017","13:27:12","5","default","957498349","OXY5","137.568","min","153.755","μmol/L","Humid","21.225","deg","90799","µV","36.069","°C","1018.000","hPa","37.0","pmil","0","55.500","deg","20.000","°C","100.000","%a.s.","22.500","deg","20.000","°C","1013.000","hPa","0.861","-0.02056","0.00035","-0.00011","0","14.7","Humid","26.25","0","52.00","342118.45","SABD0000000001","AAV1.0.0.11","2.0.0.28","PSt7-10","000000-000","10/20/2017 9:36:39 AM","0000-00","0","no battery","V"
"10/20/2017","13:27:13","5","default","957498349","OXY5","137.585","min","153.631","μmol/L","Humid","21.227","deg","90798","µV","36.085","°C","1018.000","hPa","37.0","pmil","0","55.500","deg","20.000","°C","100.000","%a.s.","22.500","deg","20.000","°C","1013.000","hPa","0.861","-0.02056","0.00035","-0.00011","0","14.7","Humid","26.25","0","52.00","342123.60","SABD0000000001","AAV1.0.0.11","2.0.0.28","PSt7-10","000000-000","10/20/2017 9:36:39 AM","0000-00","0","no battery","V"
"10/20/2017","13:27:14","5","default","957498349","OXY5","137.602","min","153.701","μmol/L","Humid","21.224","deg","90804","µV","36.080","°C","1018.000","hPa","37.0","pmil","0","55.500","deg","20.000","°C","100.000","%a.s.","22.500","deg","20.000","°C","1013.000","hPa","0.861","-0.02056","0.00035","-0.00011","0","14.7","Humid","26.25","0","52.00","342118.10","SABD0000000001","AAV1.0.0.11","2.0.0.28","PSt7-10","000000-000","10/20/2017 9:36:39 AM","0000-00","0","no battery","V"
"10/20/2017","13:27:15","5","default","957498349","OXY5","137.618","min","153.693","μmol/L","Humid","21.224","deg","90814","µV","36.082","°C","1018.000","hPa","37.0","pmil","0","55.500","deg","20.000","°C","100.000","%a.s.","22.500","deg","20.000","°C","1013.000","hPa","0.861","-0.02056","0.00035","-0.00011","0","14.7","Humid","26.25","0","52.00","342114.11","SABD0000000001","AAV1.0.0.11","2.0.0.28","PSt7-10","000000-000","10/20/2017 9:36:39 AM","0000-00","0","no battery","V"
"10/20/2017","13:27:16","5","default","957498349","OXY5","137.635","min","153.640","μmol/L","Humid","21.227","deg","90804","µV","36.084","°C","1018.000","hPa","37.0","pmil","0","55.500","deg","20.000","°C","100.000","%a.s.","22.500","deg","20.000","°C","1013.000","hPa","0.861","-0.02056","0.00035","-0.00011","0","14.7","Humid","26.25","0","52.00","342113.23","SABD0000000001","AAV1.0.0.11","2.0.0.28","PSt7-10","000000-000","10/20/2017 9:36:39 AM","0000-00","0","no battery","V"
"10/20/2017","13:27:17","5","default","957498349","OXY5","137.652","min","153.663","μmol/L","Humid","21.225","deg","90800","µV","36.084","°C","1018.000","hPa","37.0","pmil","0","55.500","deg","20.000","°C","100.000","%a.s.","22.500","deg","20.000","°C","1013.000","hPa","0.861","-0.02056","0.00035","-0.00011","0","14.7","Humid","26.25","0","52.00","342109.70","SABD0000000001","AAV1.0.0.11","2.0.0.28","PSt7-10","000000-000","10/20/2017 9:36:39 AM","0000-00","0","no battery","V"
"10/20/2017","13:27:18","5","default","957498349","OXY5","137.668","min","153.790","μmol/L","Humid","21.228","deg","90797","µV","36.056","°C","1018.000","hPa","37.0","pmil","0","55.500","deg","20.000","°C","100.000","%a.s.","22.500","deg","20.000","°C","1013.000","hPa","0.861","-0.02056","0.00035","-0.00011","0","14.7","Humid","26.25","0","52.00","342110.86","SABD0000000001","AAV1.0.0.11","2.0.0.28","PSt7-10","000000-000","10/20/2017 9:36:39 AM","0000-00","0","no battery","V"
"10/20/2017","13:27:19","5","default","957498349","OXY5","137.685","min","153.756","μmol/L","Humid","21.221","deg","90805","µV","36.078","°C","1018.000","hPa","37.0","pmil","0","55.500","deg","20.000","°C","100.000","%a.s.","22.500","deg","20.000","°C","1013.000","hPa","0.861","-0.02056","0.00035","-0.00011","0","14.7","Humid","26.25","0","52.00","342103.92","SABD0000000001","AAV1.0.0.11","2.0.0.28","PSt7-10","000000-000","10/20/2017 9:36:39 AM","0000-00","0","no battery","V"
"10/20/2017","13:27:20","5","default","957498349","OXY5","137.701","min","153.681","μmol/L","Humid","21.227","deg","90803","µV","36.077","°C","1018.000","hPa","37.0","pmil","0","55.500","deg","20.000","°C","100.000","%a.s.","22.500","deg","20.000","°C","1013.000","hPa","0.861","-0.02056","0.00035","-0.00011","0","14.7","Humid","26.25","0","52.00","342108.94","SABD0000000001","AAV1.0.0.11","2.0.0.28","PSt7-10","000000-000","10/20/2017 9:36:39 AM","0000-00","0","no battery","V"
"10/20/2017","13:27:21","5","default","957498349","OXY5","137.718","min","153.768","μmol/L","Humid","21.226","deg","90809","µV","36.064","°C","1018.000","hPa","37.0","pmil","0","55.500","deg","20.000","°C","100.000","%a.s.","22.500","deg","20.000","°C","1013.000","hPa","0.861","-0.02056","0.00035","-0.00011","0","14.7","Humid","26.25","0","52.00","342102.65","SABD0000000001","AAV1.0.0.11","2.0.0.28","PSt7-10","000000-000","10/20/2017 9:36:39 AM","0000-00","0","no battery","V"
"10/20/2017","13:27:22","5","default","957498349","OXY5","137.734","min","153.741","μmol/L","Humid","21.226","deg","90811","µV","36.069","°C","1018.000","hPa","37.0","pmil","0","55.500","deg","20.000","°C","100.000","%a.s.","22.500","deg","20.000","°C","1013.000","hPa","0.861","-0.02056","0.00035","-0.00011","0","14.7","Humid","26.25","0","52.00","342121.58","SABD0000000001","AAV1.0.0.11","2.0.0.28","PSt7-10","000000-000","10/20/2017 9:36:39 AM","0000-00","0","no battery","V"
"10/20/2017","13:27:23","5","default","957498349","OXY5","137.751","min","153.629","μmol/L","Humid","21.222","deg","90807","µV","36.097","°C","1018.000","hPa","37.0","pmil","0","55.500","deg","20.000","°C","100.000","%a.s.","22.500","deg","20.000","°C","1013.000","hPa","0.861","-0.02056","0.00035","-0.00011","0","14.7","Humid","26.25","0","52.00","342122.22","SABD0000000001","AAV1.0.0.11","2.0.0.28","PSt7-10","000000-000","10/20/2017 9:36:39 AM","0000-00","0","no battery","V"
"10/20/2017","13:27:24","5","default","957498349","OXY5","137.768","min","153.744","μmol/L","Humid","21.222","deg","90810","µV","36.078","°C","1018.000","hPa","37.0","pmil","0","55.500","deg","20.000","°C","100.000","%a.s.","22.500","deg","20.000","°C","1013.000","hPa","0.861","-0.02056","0.00035","-0.00011","0","14.7","Humid","26.25","0","52.00","342125.37","SABD0000000001","AAV1.0.0.11","2.0.0.28","PSt7-10","000000-000","10/20/2017 9:36:39 AM","0000-00","0","no battery","V"
"10/20/2017","13:27:25","5","default","957498349","OXY5","137.784","min","153.634","μmol/L","Humid","21.225","deg","90808","µV","36.089","°C","1018.000","hPa","37.0","pmil","0","55.500","deg","20.000","°C","100.000","%a.s.","22.500","deg","20.000","°C","1013.000","hPa","0.861","-0.02056","0.00035","-0.00011","0","14.7","Humid","26.25","0","52.00","342112.79","SABD0000000001","AAV1.0.0.11","2.0.0.28","PSt7-10","000000-000","10/20/2017 9:36:39 AM","0000-00","0","no battery","V"
"10/20/2017","13:27:26","5","default","957498349","OXY5","137.801","min","153.735","μmol/L","Humid","21.223","deg","90806","µV","36.077","°C","1018.000","hPa","37.0","pmil","0","55.500","deg","20.000","°C","100.000","%a.s.","22.500","deg","20.000","°C","1013.000","hPa","0.861","-0.02056","0.00035","-0.00011","0","14.7","Humid","26.25","0","52.00","342111.01","SABD0000000001","AAV1.0.0.11","2.0.0.28","PSt7-10","000000-000","10/20/2017 9:36:39 AM","0000-00","0","no battery","V"
"10/20/2017","13:27:27","5","default","957498349","OXY5","137.818","min","153.731","μmol/L","Humid","21.223","deg","90803","µV","36.078","°C","1018.000","hPa","37.0","pmil","0","55.500","deg","20.000","°C","100.000","%a.s.","22.500","deg","20.000","°C","1013.000","hPa","0.861","-0.02056","0.00035","-0.00011","0","14.7","Humid","26.25","0","52.00","342111.68","SABD0000000001","AAV1.0.0.11","2.0.0.28","PSt7-10","000000-000","10/20/2017 9:36:39 AM","0000-00","0","no battery","V"
"10/20/2017","13:27:28","5","default","957498349","OXY5","137.834","min","153.755","μmol/L","Humid","21.224","deg","90803","µV","36.071","°C","1018.000","hPa","37.0","pmil","0","55.500","deg","20.000","°C","100.000","%a.s.","22.500","deg","20.000","°C","1013.000","hPa","0.861","-0.02056","0.00035","-0.00011","0","14.7","Humid","26.25","0","52.00","342107.42","SABD0000000001","AAV1.0.0.11","2.0.0.28","PSt7-10","000000-000","10/20/2017 9:36:39 AM","0000-00","0","no battery","V"
"10/20/2017","13:27:29","5","default","957498349","OXY5","137.851","min","153.694","μmol/L","Humid","21.226","deg","90804","µV","36.077","°C","1018.000","hPa","37.0","pmil","0","55.500","deg","20.000","°C","100.000","%a.s.","22.500","deg","20.000","°C","1013.000","hPa","0.861","-0.02056","0.00035","-0.00011","0","14.7","Humid","26.25","0","52.00","342114.27","SABD0000000001","AAV1.0.0.11","2.0.0.28","PSt7-10","000000-000","10/20/2017 9:36:39 AM","0000-00","0","no battery","V"
"10/20/2017","13:27:30","5","default","957498349","OXY5","137.868","min","153.708","μmol/L","Humid","21.228","deg","90804","µV","36.070","°C","1018.000","hPa","37.0","pmil","0","55.500","deg","20.000","°C","100.000","%a.s.","22.500","deg","20.000","°C","1013.000","hPa","0.861","-0.02056","0.00035","-0.00011","0","14.7","Humid","26.25","0","52.00","342107.77","SABD0000000001","AAV1.0.0.11","2.0.0.28","PSt7-10","000000-000","10/20/2017 9:36:39 AM","0000-00","0","no battery","V"
"10/20/2017","13:27:31","5","default","957498349","OXY5","137.884","min","153.666","μmol/L","Humid","21.227","deg","90808","µV","36.079","°C","1018.000","hPa","37.0","pmil","0","55.500","deg","20.000","°C","100.000","%a.s.","22.500","deg","20.000","°C","1013.000","hPa","0.861","-0.02056","0.00035","-0.00011","0","14.7","Humid","26.25","0","52.00","342111.46","SABD0000000001","AAV1.0.0.11","2.0.0.28","PSt7-10","000000-000","10/20/2017 9:36:39 AM","0000-00","0","no battery","V"
"10/20/2017","13:27:32","5","default","957498349","OXY5","137.901","min","153.639","μmol/L","Humid","21.225","deg","90802","µV","36.089","°C","1018.000","hPa","37.0","pmil","0","55.500","deg","20.000","°C","100.000","%a.s.","22.500","deg","20.000","°C","1013.000","hPa","0.861","-0.02056","0.00035","-0.00011","0","14.7","Humid","26.25","0","52.00","342111.59","SABD0000000001","AAV1.0.0.11","2.0.0.28","PSt7-10","000000-000","10/20/2017 9:36:39 AM","0000-00","0","no battery","V"
"10/20/2017","13:27:33","5","default","957498349","OXY5","137.918","min","153.662","μmol/L","Humid","21.225","deg","90809","µV","36.085","°C","1018.000","hPa","37.0","pmil","0","55.500","deg","20.000","°C","100.000","%a.s.","22.500","deg","20.000","°C","1013.000","hPa","0.861","-0.02056","0.00035","-0.00011","0","14.7","Humid","26.25","0","52.00","342100.99","SABD0000000001","AAV1.0.0.11","2.0.0.28","PSt7-10","000000-000","10/20/2017 9:36:39 AM","0000-00","0","no battery","V"
"10/20/2017","13:27:34","5","default","957498349","OXY5","137.934","min","153.810","μmol/L","Humid","21.224","deg","90688","µV","36.062","°C","1018.000","hPa","37.0","pmil","0","55.500","deg","20.000","°C","100.000","%a.s.","22.500","deg","20.000","°C","1013.000","hPa","0.861","-0.02056","0.00035","-0.00011","0","14.7","Humid","26.25","0","52.00","342092.10","SABD0000000001","AAV1.0.0.11","2.0.0.28","PSt7-10","000000-000","10/20/2017 9:36:39 AM","0000-00","0","no battery","V"
"10/20/2017","13:27:35","5","default","957498349","OXY5","137.951","min","153.708","μmol/L","Humid","21.223","deg","90575","µV","36.081","°C","1018.000","hPa","37.0","pmil","0","55.500","deg","20.000","°C","100.000","%a.s.","22.500","deg","20.000","°C","1013.000","hPa","0.861","-0.02056","0.00035","-0.00011","0","14.7","Humid","26.25","0","52.00","342096.79","SABD0000000001","AAV1.0.0.11","2.0.0.28","PSt7-10","000000-000","10/20/2017 9:36:39 AM","0000-00","0","no battery","V"
"10/20/2017","13:27:36","5","default","957498349","OXY5","137.968","min","153.768","μmol/L","Humid","21.223","deg","90563","µV","36.071","°C","1018.000","hPa","37.0","pmil","0","55.500","deg","20.000","°C","100.000","%a.s.","22.500","deg","20.000","°C","1013.000","hPa","0.861","-0.02056","0.00035","-0.00011","0","14.7","Humid","26.25","0","52.00","342120.17","SABD0000000001","AAV1.0.0.11","2.0.0.28","PSt7-10","000000-000","10/20/2017 9:36:39 AM","0000-00","0","no battery","V"
"10/20/2017","13:27:37","5","default","957498349","OXY5","137.984","min","153.773","μmol/L","Humid","21.223","deg","90584","µV","36.070","°C","1018.000","hPa","37.0","pmil","0","55.500","deg","20.000","°C","100.000","%a.s.","22.500","deg","20.000","°C","1013.000","hPa","0.861","-0.02056","0.00035","-0.00011","0","14.7","Humid","26.25","0","52.00","342105.46","SABD0000000001","AAV1.0.0.11","2.0.0.28","PSt7-10","000000-000","10/20/2017 9:36:39 AM","0000-00","0","no battery","V"
"10/20/2017","13:27:38","5","default","957498349","OXY5","138.001","min","153.783","μmol/L","Humid","21.222","deg","90603","µV","36.071","°C","1018.000","hPa","37.0","pmil","0","55.500","deg","20.000","°C","100.000","%a.s.","22.500","deg","20.000","°C","1013.000","hPa","0.861","-0.02056","0.00035","-0.00011","0","14.7","Humid","26.25","0","52.00","342097.64","SABD0000000001","AAV1.0.0.11","2.0.0.28","PSt7-10","000000-000","10/20/2017 9:36:39 AM","0000-00","0","no battery","V"
"10/20/2017","13:27:39","5","default","957498349","OXY5","138.018","min","153.778","μmol/L","Humid","21.225","deg","90592","µV","36.065","°C","1018.000","hPa","37.0","pmil","0","55.500","deg","20.000","°C","100.000","%a.s.","22.500","deg","20.000","°C","1013.000","hPa","0.861","-0.02056","0.00035","-0.00011","0","14.7","Humid","26.25","0","52.00","342095.21","SABD0000000001","AAV1.0.0.11","2.0.0.28","PSt7-10","000000-000","10/20/2017 9:36:39 AM","0000-00","0","no battery","V"
"10/20/2017","13:27:40","5","default","957498349","OXY5","138.034","min","153.728","μmol/L","Humid","21.228","deg","90584","µV","36.066","°C","1018.000","hPa","37.0","pmil","0","55.500","deg","20.000","°C","100.000","%a.s.","22.500","deg","20.000","°C","1013.000","hPa","0.861","-0.02056","0.00035","-0.00011","0","14.7","Humid","26.25","0","52.00","342087.88","SABD0000000001","AAV1.0.0.11","2.0.0.28","PSt7-10","000000-000","10/20/2017 9:36:39 AM","0000-00","0","no battery","V"
"10/20/2017","13:27:41","5","default","957498349","OXY5","138.051","min","153.676","μmol/L","Humid","21.224","deg","90593","µV","36.085","°C","1018.000","hPa","37.0","pmil","0","55.500","deg","20.000","°C","100.000","%a.s.","22.500","deg","20.000","°C","1013.000","hPa","0.861","-0.02056","0.00035","-0.00011","0","14.7","Humid","26.25","0","52.00","342086.53","SABD0000000001","AAV1.0.0.11","2.0.0.28","PSt7-10","000000-000","10/20/2017 9:36:39 AM","0000-00","0","no battery","V"
"10/20/2017","13:27:42","5","default","957498349","OXY5","138.068","min","153.695","μmol/L","Humid","21.224","deg","90591","µV","36.081","°C","1018.000","hPa","37.0","pmil","0","55.500","deg","20.000","°C","100.000","%a.s.","22.500","deg","20.000","°C","1013.000","hPa","0.861","-0.02056","0.00035","-0.00011","0","14.7","Humid","26.25","0","52.00","342102.81","SABD0000000001","AAV1.0.0.11","2.0.0.28","PSt7-10","000000-000","10/20/2017 9:36:39 AM","0000-00","0","no battery","V"
"10/20/2017","13:27:43","5","default","957498349","OXY5","138.084","min","153.675","μmol/L","Humid","21.222","deg","90585","µV","36.089","°C","1018.000","hPa","37.0","pmil","0","55.500","deg","20.000","°C","100.000","%a.s.","22.500","deg","20.000","°C","1013.000","hPa","0.861","-0.02056","0.00035","-0.00011","0","14.7","Humid","26.25","0","52.00","342090.87","SABD0000000001","AAV1.0.0.11","2.0.0.28","PSt7-10","000000-000","10/20/2017 9:36:39 AM","0000-00","0","no battery","V"
"10/20/2017","13:27:44","5","default","957498349","OXY5","138.101","min","153.592","μmol/L","Humid","21.226","deg","90579","µV","36.094","°C","1018.000","hPa","37.0","pmil","0","55.500","deg","20.000","°C","100.000","%a.s.","22.500","deg","20.000","°C","1013.000","hPa","0.861","-0.02056","0.00035","-0.00011","0","14.7","Humid","26.25","0","52.00","342090.49","SABD0000000001","AAV1.0.0.11","2.0.0.28","PSt7-10","000000-000","10/20/2017 9:36:39 AM","0000-00","0","no battery","V"
"10/20/2017","13:27:45","5","default","957498349","OXY5","138.118","min","153.711","μmol/L","Humid","21.226","deg","90585","µV","36.074","°C","1018.000","hPa","37.0","pmil","0","55.500","deg","20.000","°C","100.000","%a.s.","22.500","deg","20.000","°C","1013.000","hPa","0.861","-0.02056","0.00035","-0.00011","0","14.7","Humid","26.25","0","52.00","342080.54","SABD0000000001","AAV1.0.0.11","2.0.0.28","PSt7-10","000000-000","10/20/2017 9:36:39 AM","0000-00","0","no battery","V"
"10/20/2017","13:27:46","5","default","957498349","OXY5","138.134","min","153.650","μmol/L","Humid","21.226","deg","90588","µV","36.084","°C","1018.000","hPa","37.0","pmil","0","55.500","deg","20.000","°C","100.000","%a.s.","22.500","deg","20.000","°C","1013.000","hPa","0.861","-0.02056","0.00035","-0.00011","0","14.7","Humid","26.25","0","52.00","342079.58","SABD0000000001","AAV1.0.0.11","2.0.0.28","PSt7-10","000000-000","10/20/2017 9:36:39 AM","0000-00","0","no battery","V"
"10/20/2017","13:27:47","5","default","957498349","OXY5","138.151","min","153.682","μmol/L","Humid","21.224","deg","90578","µV","36.083","°C","1018.000","hPa","37.0","pmil","0","55.500","deg","20.000","°C","100.000","%a.s.","22.500","deg","20.000","°C","1013.000","hPa","0.861","-0.02056","0.00035","-0.00011","0","14.7","Humid","26.25","0","52.00","342089.78","SABD0000000001","AAV1.0.0.11","2.0.0.28","PSt7-10","000000-000","10/20/2017 9:36:39 AM","0000-00","0","no battery","V"
"10/20/2017","13:27:48","5","default","957498349","OXY5","138.168","min","153.692","μmol/L","Humid","21.225","deg","90582","µV","36.080","°C","1018.000","hPa","37.0","pmil","0","55.500","deg","20.000","°C","100.000","%a.s.","22.500","deg","20.000","°C","1013.000","hPa","0.861","-0.02056","0.00035","-0.00011","0","14.7","Humid","26.25","0","52.00","342080.88","SABD0000000001","AAV1.0.0.11","2.0.0.28","PSt7-10","000000-000","10/20/2017 9:36:39 AM","0000-00","0","no battery","V"
"10/20/2017","13:27:49","5","default","957498349","OXY5","138.184","min","153.668","μmol/L","Humid","21.226","deg","90572","µV","36.081","°C","1018.000","hPa","37.0","pmil","0","55.500","deg","20.000","°C","100.000","%a.s.","22.500","deg","20.000","°C","1013.000","hPa","0.861","-0.02056","0.00035","-0.00011","0","14.7","Humid","26.25","0","52.00","342080.18","SABD0000000001","AAV1.0.0.11","2.0.0.28","PSt7-10","000000-000","10/20/2017 9:36:39 AM","0000-00","0","no battery","V"
"10/20/2017","13:27:50","5","default","957498349","OXY5","138.201","min","153.675","μmol/L","Humid","21.226","deg","90580","µV","36.080","°C","1018.000","hPa","37.0","pmil","0","55.500","deg","20.000","°C","100.000","%a.s.","22.500","deg","20.000","°C","1013.000","hPa","0.861","-0.02056","0.00035","-0.00011","0","14.7","Humid","26.25","0","52.00","342086.74","SABD0000000001","AAV1.0.0.11","2.0.0.28","PSt7-10","000000-000","10/20/2017 9:36:39 AM","0000-00","0","no battery","V"
"10/20/2017","13:27:51","5","default","957498349","OXY5","138.218","min","153.577","μmol/L","Humid","21.228","deg","90517","µV","36.092","°C","1018.000","hPa","37.0","pmil","0","55.500","deg","20.000","°C","100.000","%a.s.","22.500","deg","20.000","°C","1013.000","hPa","0.861","-0.02056","0.00035","-0.00011","0","14.7","Humid","26.25","0","52.00","342093.29","SABD0000000001","AAV1.0.0.11","2.0.0.28","PSt7-10","000000-000","10/20/2017 9:36:39 AM","0000-00","0","no battery","V"
"10/20/2017","13:27:52","5","default","957498349","OXY5","138.234","min","153.613","μmol/L","Humid","21.228","deg","90553","µV","36.086","°C","1018.000","hPa","37.0","pmil","0","55.500","deg","20.000","°C","100.000","%a.s.","22.500","deg","20.000","°C","1013.000","hPa","0.861","-0.02056","0.00035","-0.00011","0","14.7","Humid","26.25","0","52.00","342081.15","SABD0000000001","AAV1.0.0.11","2.0.0.28","PSt7-10","000000-000","10/20/2017 9:36:39 AM","0000-00","0","no battery","V"
"10/20/2017","13:27:53","5","default","957498349","OXY5","138.251","min","153.827","μmol/L","Humid","21.223","deg","90561","µV","36.061","°C","1018.000","hPa","37.0","pmil","0","55.500","deg","20.000","°C","100.000","%a.s.","22.500","deg","20.000","°C","1013.000","hPa","0.861","-0.02056","0.00035","-0.00011","0","14.7","Humid","26.25","0","52.00","342089.15","SABD0000000001","AAV1.0.0.11","2.0.0.28","PSt7-10","000000-000","10/20/2017 9:36:39 AM","0000-00","0","no battery","V"
"10/20/2017","13:27:54","5","default","957498349","OXY5","138.268","min","153.721","μmol/L","Humid","21.223","deg","90567","µV","36.079","°C","1018.000","hPa","37.0","pmil","0","55.500","deg","20.000","°C","100.000","%a.s.","22.500","deg","20.000","°C","1013.000","hPa","0.861","-0.02056","0.00035","-0.00011","0","14.7","Humid","26.25","0","52.00","342084.62","SABD0000000001","AAV1.0.0.11","2.0.0.28","PSt7-10","000000-000","10/20/2017 9:36:39 AM","0000-00","0","no battery","V"
"10/20/2017","13:27:55","5","default","957498349","OXY5","138.284","min","153.678","μmol/L","Humid","21.227","deg","90573","µV","36.077","°C","1018.000","hPa","37.0","pmil","0","55.500","deg","20.000","°C","100.000","%a.s.","22.500","deg","20.000","°C","1013.000","hPa","0.861","-0.02056","0.00035","-0.00011","0","14.7","Humid","26.25","0","52.00","342088.98","SABD0000000001","AAV1.0.0.11","2.0.0.28","PSt7-10","000000-000","10/20/2017 9:36:39 AM","0000-00","0","no battery","V"
"10/20/2017","13:27:56","5","default","957498349","OXY5","138.301","min","153.731","μmol/L","Humid","21.227","deg","90561","µV","36.068","°C","1018.000","hPa","37.0","pmil","0","55.500","deg","20.000","°C","100.000","%a.s.","22.500","deg","20.000","°C","1013.000","hPa","0.861","-0.02056","0.00035","-0.00011","0","14.7","Humid","26.25","0","52.00","342055.37","SABD0000000001","AAV1.0.0.11","2.0.0.28","PSt7-10","000000-000","10/20/2017 9:36:39 AM","0000-00","0","no battery","V"
"10/20/2017","13:27:57","5","default","957498349","OXY5","138.318","min","153.816","μmol/L","Humid","21.224","deg","89985","µV","36.061","°C","1018.000","hPa","37.0","pmil","0","55.500","deg","20.000","°C","100.000","%a.s.","22.500","deg","20.000","°C","1013.000","hPa","0.861","-0.02056","0.00035","-0.00011","0","14.7","Humid","26.25","0","52.00","342084.31","SABD0000000001","AAV1.0.0.11","2.0.0.28","PSt7-10","000000-000","10/20/2017 9:36:39 AM","0000-00","0","no battery","V"
"10/20/2017","13:27:58","5","default","957498349","OXY5","138.334","min","153.747","μmol/L","Humid","21.226","deg","90472","µV","36.068","°C","1018.000","hPa","37.0","pmil","0","55.500","deg","20.000","°C","100.000","%a.s.","22.500","deg","20.000","°C","1013.000","hPa","0.861","-0.02056","0.00035","-0.00011","0","14.7","Humid","26.25","0","52.00","342069.50","SABD0000000001","AAV1.0.0.11","2.0.0.28","PSt7-10","000000-000","10/20/2017 9:36:39 AM","0000-00","0","no battery","V"
"10/20/2017","13:27:59","5","default","957498349","OXY5","138.351","min","153.838","μmol/L","Humid","21.221","deg","90563","µV","36.064","°C","1018.000","hPa","37.0","pmil","0","55.500","deg","20.000","°C","100.000","%a.s.","22.500","deg","20.000","°C","1013.000","hPa","0.861","-0.02056","0.00035","-0.00011","0","14.7","Humid","26.25","0","52.00","342072.34","SABD0000000001","AAV1.0.0.11","2.0.0.28","PSt7-10","000000-000","10/20/2017 9:36:39 AM","0000-00","0","no battery","V"
"10/20/2017","13:28:00","5","default","957498349","OXY5","138.368","min","153.651","μmol/L","Humid","21.225","deg","90561","µV","36.086","°C","1018.000","hPa","37.0","pmil","0","55.500","deg","20.000","°C","100.000","%a.s.","22.500","deg","20.000","°C","1013.000","hPa","0.861","-0.02056","0.00035","-0.00011","0","14.7","Humid","26.25","0","52.00","342069.62","SABD0000000001","AAV1.0.0.11","2.0.0.28","PSt7-10","000000-000","10/20/2017 9:36:39 AM","0000-00","0","no battery","V"
"10/20/2017","13:28:01","5","default","957498349","OXY5","138.384","min","153.579","μmol/L","Humid","21.230","deg","90573","µV","36.087","°C","1018.000","hPa","37.0","pmil","0","55.500","deg","20.000","°C","100.000","%a.s.","22.500","deg","20.000","°C","1013.000","hPa","0.861","-0.02056","0.00035","-0.00011","0","14.7","Humid","26.25","0","52.00","342071.47","SABD0000000001","AAV1.0.0.11","2.0.0.28","PSt7-10","000000-000","10/20/2017 9:36:39 AM","0000-00","0","no battery","V"
"10/20/2017","13:28:02","5","default","957498349","OXY5","138.401","min","153.651","μmol/L","Humid","21.225","deg","90577","µV","36.086","°C","1018.000","hPa","37.0","pmil","0","55.500","deg","20.000","°C","100.000","%a.s.","22.500","deg","20.000","°C","1013.000","hPa","0.861","-0.02056","0.00035","-0.00011","0","14.7","Humid","26.25","0","52.00","342082.13","SABD0000000001","AAV1.0.0.11","2.0.0.28","PSt7-10","000000-000","10/20/2017 9:36:39 AM","0000-00","0","no battery","V"
"10/20/2017","13:28:03","5","default","957498349","OXY5","138.418","min","153.628","μmol/L","Humid","21.229","deg","90580","µV","36.081","°C","1018.000","hPa","37.0","pmil","0","55.500","deg","20.000","°C","100.000","%a.s.","22.500","deg","20.000","°C","1013.000","hPa","0.861","-0.02056","0.00035","-0.00011","0","14.7","Humid","26.25","0","52.00","342069.41","SABD0000000001","AAV1.0.0.11","2.0.0.28","PSt7-10","000000-000","10/20/2017 9:36:39 AM","0000-00","0","no battery","V"
"10/20/2017","13:28:04","5","default","957498349","OXY5","138.434","min","153.620","μmol/L","Humid","21.225","deg","90572","µV","36.092","°C","1018.000","hPa","37.0","pmil","0","55.500","deg","20.000","°C","100.000","%a.s.","22.500","deg","20.000","°C","1013.000","hPa","0.861","-0.02056","0.00035","-0.00011","0","14.7","Humid","26.25","0","52.00","342072.90","SABD0000000001","AAV1.0.0.11","2.0.0.28","PSt7-10","000000-000","10/20/2017 9:36:39 AM","0000-00","0","no battery","V"
"10/20/2017","13:28:05","5","default","957498349","OXY5","138.451","min","153.638","μmol/L","Humid","21.226","deg","90573","µV","36.086","°C","1018.000","hPa","37.0","pmil","0","55.500","deg","20.000","°C","100.000","%a.s.","22.500","deg","20.000","°C","1013.000","hPa","0.861","-0.02056","0.00035","-0.00011","0","14.7","Humid","26.25","0","52.00","342060.54","SABD0000000001","AAV1.0.0.11","2.0.0.28","PSt7-10","000000-000","10/20/2017 9:36:39 AM","0000-00","0","no battery","V"
"10/20/2017","13:28:06","5","default","957498349","OXY5","138.468","min","153.673","μmol/L","Humid","21.227","deg","90578","µV","36.078","°C","1018.000","hPa","37.0","pmil","0","55.500","deg","20.000","°C","100.000","%a.s.","22.500","deg","20.000","°C","1013.000","hPa","0.861","-0.02056","0.00035","-0.00011","0","14.7","Humid","26.25","0","52.00","342065.97","SABD0000000001","AAV1.0.0.11","2.0.0.28","PSt7-10","000000-000","10/20/2017 9:36:39 AM","0000-00","0","no battery","V"
"10/20/2017","13:28:07","5","default","957498349","OXY5","138.484","min","153.622","μmol/L","Humid","21.225","deg","90575","µV","36.091","°C","1018.000","hPa","37.0","pmil","0","55.500","deg","20.000","°C","100.000","%a.s.","22.500","deg","20.000","°C","1013.000","hPa","0.861","-0.02056","0.00035","-0.00011","0","14.7","Humid","26.25","0","52.00","342053.30","SABD0000000001","AAV1.0.0.11","2.0.0.28","PSt7-10","000000-000","10/20/2017 9:36:39 AM","0000-00","0","no battery","V"
"10/20/2017","13:28:08","5","default","957498349","OXY5","138.501","min","153.668","μmol/L","Humid","21.227","deg","90572","µV","36.079","°C","1018.000","hPa","37.0","pmil","0","55.500","deg","20.000","°C","100.000","%a.s.","22.500","deg","20.000","°C","1013.000","hPa","0.861","-0.02056","0.00035","-0.00011","0","14.7","Humid","26.25","0","52.00","342061.92","SABD0000000001","AAV1.0.0.11","2.0.0.28","PSt7-10","000000-000","10/20/2017 9:36:39 AM","0000-00","0","no battery","V"
"10/20/2017","13:28:09","5","default","957498349","OXY5","138.518","min","153.700","μmol/L","Humid","21.228","deg","90573","µV","36.071","°C","1018.000","hPa","37.0","pmil","0","55.500","deg","20.000","°C","100.000","%a.s.","22.500","deg","20.000","°C","1013.000","hPa","0.861","-0.02056","0.00035","-0.00011","0","14.7","Humid","26.25","0","52.00","342057.49","SABD0000000001","AAV1.0.0.11","2.0.0.28","PSt7-10","000000-000","10/20/2017 9:36:39 AM","0000-00","0","no battery","V"
"10/20/2017","13:28:10","5","default","957498349","OXY5","138.534","min","153.660","μmol/L","Humid","21.224","deg","90574","µV","36.087","°C","1018.000","hPa","37.0","pmil","0","55.500","deg","20.000","°C","100.000","%a.s.","22.500","deg","20.000","°C","1013.000","hPa","0.861","-0.02056","0.00035","-0.00011","0","14.7","Humid","26.25","0","52.00","342056.99","SABD0000000001","AAV1.0.0.11","2.0.0.28","PSt7-10","000000-000","10/20/2017 9:36:39 AM","0000-00","0","no battery","V"
"10/20/2017","13:28:11","5","default","957498349","OXY5","138.551","min","153.697","μmol/L","Humid","21.227","deg","90580","µV","36.074","°C","1018.000","hPa","37.0","pmil","0","55.500","deg","20.000","°C","100.000","%a.s.","22.500","deg","20.000","°C","1013.000","hPa","0.861","-0.02056","0.00035","-0.00011","0","14.7","Humid","26.25","0","52.00","342064.30","SABD0000000001","AAV1.0.0.11","2.0.0.28","PSt7-10","000000-000","10/20/2017 9:36:39 AM","0000-00","0","no battery","V"
"10/20/2017","13:28:12","5","default","957498349","OXY5","138.568","min","153.700","μmol/L","Humid","21.226","deg","90576","µV","36.076","°C","1018.000","hPa","37.0","pmil","0","55.500","deg","20.000","°C","100.000","%a.s.","22.500","deg","20.000","°C","1013.000","hPa","0.861","-0.02056","0.00035","-0.00011","0","14.7","Humid","26.25","0","52.00","342071.24","SABD0000000001","AAV1.0.0.11","2.0.0.28","PSt7-10","000000-000","10/20/2017 9:36:39 AM","0000-00","0","no battery","V"
"10/20/2017","13:28:13","5","default","957498349","OXY5","138.584","min","153.701","μmol/L","Humid","21.227","deg","90573","µV","36.073","°C","1018.000","hPa","37.0","pmil","0","55.500","deg","20.000","°C","100.000","%a.s.","22.500","deg","20.000","°C","1013.000","hPa","0.861","-0.02056","0.00035","-0.00011","0","14.7","Humid","26.25","0","52.00","342059.90","SABD0000000001","AAV1.0.0.11","2.0.0.28","PSt7-10","000000-000","10/20/2017 9:36:39 AM","0000-00","0","no battery","V"
"10/20/2017","13:28:14","5","default","957498349","OXY5","138.601","min","153.747","μmol/L","Humid","21.225","deg","90637","µV","36.070","°C","1018.000","hPa","37.0","pmil","0","55.500","deg","20.000","°C","100.000","%a.s.","22.500","deg","20.000","°C","1013.000","hPa","0.861","-0.02056","0.00035","-0.00011","0","14.7","Humid","26.25","0","52.00","342066.69","SABD0000000001","AAV1.0.0.11","2.0.0.28","PSt7-10","000000-000","10/20/2017 9:36:39 AM","0000-00","0","no battery","V"
"10/20/2017","13:28:15","5","default","957498349","OXY5","138.618","min","153.730","μmol/L","Humid","21.226","deg","90335","µV","36.071","°C","1018.000","hPa","37.0","pmil","0","55.500","deg","20.000","°C","100.000","%a.s.","22.500","deg","20.000","°C","1013.000","hPa","0.861","-0.02056","0.00035","-0.00011","0","14.7","Humid","26.25","0","52.00","342062.51","SABD0000000001","AAV1.0.0.11","2.0.0.28","PSt7-10","000000-000","10/20/2017 9:36:39 AM","0000-00","0","no battery","V"
"10/20/2017","13:28:16","5","default","957498349","OXY5","138.634","min","153.646","μmol/L","Humid","21.227","deg","90372","µV","36.083","°C","1018.000","hPa","37.0","pmil","0","55.500","deg","20.000","°C","100.000","%a.s.","22.500","deg","20.000","°C","1013.000","hPa","0.861","-0.02056","0.00035","-0.00011","0","14.7","Humid","26.25","0","52.00","342054.54","SABD0000000001","AAV1.0.0.11","2.0.0.28","PSt7-10","000000-000","10/20/2017 9:36:39 AM","0000-00","0","no battery","V"
"10/20/2017","13:28:17","5","default","957498349","OXY5","138.651","min","153.680","μmol/L","Humid","21.224","deg","90845","µV","36.084","°C","1018.000","hPa","37.0","pmil","0","55.500","deg","20.000","°C","100.000","%a.s.","22.500","deg","20.000","°C","1013.000","hPa","0.861","-0.02056","0.00035","-0.00011","0","14.7","Humid","26.25","0","52.00","342059.15","SABD0000000001","AAV1.0.0.11","2.0.0.28","PSt7-10","000000-000","10/20/2017 9:36:39 AM","0000-00","0","no battery","V"
"10/20/2017","13:28:18","5","default","957498349","OXY5","138.668","min","153.818","μmol/L","Humid","21.225","deg","91101","µV","36.058","°C","1018.000","hPa","37.0","pmil","0","55.500","deg","20.000","°C","100.000","%a.s.","22.500","deg","20.000","°C","1013.000","hPa","0.861","-0.02056","0.00035","-0.00011","0","14.7","Humid","26.25","0","52.00","342060.40","SABD0000000001","AAV1.0.0.11","2.0.0.28","PSt7-10","000000-000","10/20/2017 9:36:39 AM","0000-00","0","no battery","V"
"10/20/2017","13:28:19","5","default","957498349","OXY5","138.684","min","153.627","μmol/L","Humid","21.225","deg","91205","µV","36.091","°C","1018.000","hPa","37.0","pmil","0","55.500","deg","20.000","°C","100.000","%a.s.","22.500","deg","20.000","°C","1013.000","hPa","0.861","-0.02056","0.00035","-0.00011","0","14.7","Humid","26.25","0","52.00","342072.08","SABD0000000001","AAV1.0.0.11","2.0.0.28","PSt7-10","000000-000","10/20/2017 9:36:39 AM","0000-00","0","no battery","V"
"10/20/2017","13:28:20","5","default","957498349","OXY5","138.701","min","153.692","μmol/L","Humid","21.228","deg","91147","µV","36.072","°C","1018.000","hPa","37.0","pmil","0","55.500","deg","20.000","°C","100.000","%a.s.","22.500","deg","20.000","°C","1013.000","hPa","0.861","-0.02056","0.00035","-0.00011","0","14.7","Humid","26.25","0","52.00","342059.59","SABD0000000001","AAV1.0.0.11","2.0.0.28","PSt7-10","000000-000","10/20/2017 9:36:39 AM","0000-00","0","no battery","V"
"10/20/2017","13:28:21","5","default","957498349","OXY5","138.718","min","153.600","μmol/L","Humid","21.231","deg","91174","µV","36.081","°C","1018.000","hPa","37.0","pmil","0","55.500","deg","20.000","°C","100.000","%a.s.","22.500","deg","20.000","°C","1013.000","hPa","0.861","-0.02056","0.00035","-0.00011","0","14.7","Humid","26.25","0","52.00","342068.69","SABD0000000001","AAV1.0.0.11","2.0.0.28","PSt7-10","000000-000","10/20/2017 9:36:39 AM","0000-00","0","no battery","V"
"10/20/2017","13:28:22","5","default","957498349","OXY5","138.734","min","153.690","μmol/L","Humid","21.226","deg","91197","µV","36.078","°C","1018.000","hPa","37.0","pmil","0","55.500","deg","20.000","°C","100.000","%a.s.","22.500","deg","20.000","°C","1013.000","hPa","0.861","-0.02056","0.00035","-0.00011","0","14.7","Humid","26.25","0","52.00","342069.27","SABD0000000001","AAV1.0.0.11","2.0.0.28","PSt7-10","000000-000","10/20/2017 9:36:39 AM","0000-00","0","no battery","V"
"10/20/2017","13:28:23","5","default","957498349","OXY5","138.751","min","153.623","μmol/L","Humid","21.228","deg","91211","µV","36.084","°C","1018.000","hPa","37.0","pmil","0","55.500","deg","20.000","°C","100.000","%a.s.","22.500","deg","20.000","°C","1013.000","hPa","0.861","-0.02056","0.00035","-0.00011","0","14.7","Humid","26.25","0","52.00","342060.80","SABD0000000001","AAV1.0.0.11","2.0.0.28","PSt7-10","000000-000","10/20/2017 9:36:39 AM","0000-00","0","no battery","V"
"10/20/2017","13:28:24","5","default","957498349","OXY5","138.768","min","153.606","μmol/L","Humid","21.226","deg","91214","µV","36.092","°C","1018.000","hPa","37.0","pmil","0","55.500","deg","20.000","°C","100.000","%a.s.","22.500","deg","20.000","°C","1013.000","hPa","0.861","-0.02056","0.00035","-0.00011","0","14.7","Humid","26.25","0","52.00","342049.09","SABD0000000001","AAV1.0.0.11","2.0.0.28","PSt7-10","000000-000","10/20/2017 9:36:39 AM","0000-00","0","no battery","V"
"10/20/2017","13:28:25","5","default","957498349","OXY5","138.785","min","153.573","μmol/L","Humid","21.230","deg","91218","µV","36.088","°C","1018.000","hPa","37.0","pmil","0","55.500","deg","20.000","°C","100.000","%a.s.","22.500","deg","20.000","°C","1013.000","hPa","0.861","-0.02056","0.00035","-0.00011","0","14.7","Humid","26.25","0","52.00","342069.96","SABD0000000001","AAV1.0.0.11","2.0.0.28","PSt7-10","000000-000","10/20/2017 9:36:39 AM","0000-00","0","no battery","V"
"10/20/2017","13:28:26","5","default","957498349","OXY5","138.801","min","153.719","μmol/L","Humid","21.226","deg","91223","µV","36.073","°C","1018.000","hPa","37.0","pmil","0","55.500","deg","20.000","°C","100.000","%a.s.","22.500","deg","20.000","°C","1013.000","hPa","0.861","-0.02056","0.00035","-0.00011","0","14.7","Humid","26.25","0","52.00","342052.84","SABD0000000001","AAV1.0.0.11","2.0.0.28","PSt7-10","000000-000","10/20/2017 9:36:39 AM","0000-00","0","no battery","V"
"10/20/2017","13:28:27","5","default","957498349","OXY5","138.818","min","153.609","μmol/L","Humid","21.230","deg","91152","µV","36.082","°C","1018.000","hPa","37.0","pmil","0","55.500","deg","20.000","°C","100.000","%a.s.","22.500","deg","20.000","°C","1013.000","hPa","0.861","-0.02056","0.00035","-0.00011","0","14.7","Humid","26.25","0","52.00","342057.03","SABD0000000001","AAV1.0.0.11","2.0.0.28","PSt7-10","000000-000","10/20/2017 9:36:39 AM","0000-00","0","no battery","V"
"10/20/2017","13:28:28","5","default","957498349","OXY5","138.835","min","153.667","μmol/L","Humid","21.229","deg","91188","µV","36.074","°C","1018.000","hPa","37.0","pmil","0","55.500","deg","20.000","°C","100.000","%a.s.","22.500","deg","20.000","°C","1013.000","hPa","0.861","-0.02056","0.00035","-0.00011","0","14.7","Humid","26.25","0","52.00","342050.71","SABD0000000001","AAV1.0.0.11","2.0.0.28","PSt7-10","000000-000","10/20/2017 9:36:39 AM","0000-00","0","no battery","V"
"10/20/2017","13:28:29","5","default","957498349","OXY5","138.851","min","153.713","μmol/L","Humid","21.226","deg","91144","µV","36.074","°C","1018.000","hPa","37.0","pmil","0","55.500","deg","20.000","°C","100.000","%a.s.","22.500","deg","20.000","°C","1013.000","hPa","0.861","-0.02056","0.00035","-0.00011","0","14.7","Humid","26.25","0","52.00","342062.77","SABD0000000001","AAV1.0.0.11","2.0.0.28","PSt7-10","000000-000","10/20/2017 9:36:39 AM","0000-00","0","no battery","V"
"10/20/2017","13:28:30","5","default","957498349","OXY5","138.868","min","153.602","μmol/L","Humid","21.230","deg","91140","µV","36.083","°C","1018.000","hPa","37.0","pmil","0","55.500","deg","20.000","°C","100.000","%a.s.","22.500","deg","20.000","°C","1013.000","hPa","0.861","-0.02056","0.00035","-0.00011","0","14.7","Humid","26.25","0","52.00","342057.93","SABD0000000001","AAV1.0.0.11","2.0.0.28","PSt7-10","000000-000","10/20/2017 9:36:39 AM","0000-00","0","no battery","V"
"10/20/2017","13:28:31","5","default","957498349","OXY5","138.885","min","153.611","μmol/L","Humid","21.228","deg","91143","µV","36.086","°C","1018.000","hPa","37.0","pmil","0","55.500","deg","20.000","°C","100.000","%a.s.","22.500","deg","20.000","°C","1013.000","hPa","0.861","-0.02056","0.00035","-0.00011","0","14.7","Humid","26.25","0","52.00","342059.71","SABD0000000001","AAV1.0.0.11","2.0.0.28","PSt7-10","000000-000","10/20/2017 9:36:39 AM","0000-00","0","no battery","V"
"10/20/2017","13:28:32","5","default","957498349","OXY5","138.901","min","153.728","μmol/L","Humid","21.225","deg","91139","µV","36.073","°C","1018.000","hPa","37.0","pmil","0","55.500","deg","20.000","°C","100.000","%a.s.","22.500","deg","20.000","°C","1013.000","hPa","0.861","-0.02056","0.00035","-0.00011","0","14.7","Humid","26.25","0","52.00","342062.22","SABD0000000001","AAV1.0.0.11","2.0.0.28","PSt7-10","000000-000","10/20/2017 9:36:39 AM","0000-00","0","no battery","V"
"10/20/2017","13:28:33","5","default","957498349","OXY5","138.918","min","153.662","μmol/L","Humid","21.229","deg","91132","µV","36.075","°C","1018.000","hPa","37.0","pmil","0","55.500","deg","20.000","°C","100.000","%a.s.","22.500","deg","20.000","°C","1013.000","hPa","0.861","-0.02056","0.00035","-0.00011","0","14.7","Humid","26.25","0","52.00","342042.47","SABD0000000001","AAV1.0.0.11","2.0.0.28","PSt7-10","000000-000","10/20/2017 9:36:39 AM","0000-00","0","no battery","V"
"10/20/2017","13:28:34","5","default","957498349","OXY5","138.935","min","153.671","μmol/L","Humid","21.227","deg","91143","µV","36.078","°C","1018.000","hPa","37.0","pmil","0","55.500","deg","20.000","°C","100.000","%a.s.","22.500","deg","20.000","°C","1013.000","hPa","0.861","-0.02056","0.00035","-0.00011","0","14.7","Humid","26.25","0","52.00","342060.28","SABD0000000001","AAV1.0.0.11","2.0.0.28","PSt7-10","000000-000","10/20/2017 9:36:39 AM","0000-00","0","no battery","V"
"10/20/2017","13:28:35","5","default","957498349","OXY5","138.951","min","153.653","μmol/L","Humid","21.229","deg","91140","µV","36.077","°C","1018.000","hPa","37.0","pmil","0","55.500","deg","20.000","°C","100.000","%a.s.","22.500","deg","20.000","°C","1013.000","hPa","0.861","-0.02056","0.00035","-0.00011","0","14.7","Humid","26.25","0","52.00","342049.86","SABD0000000001","AAV1.0.0.11","2.0.0.28","PSt7-10","000000-000","10/20/2017 9:36:39 AM","0000-00","0","no battery","V"
"10/20/2017","13:28:36","5","default","957498349","OXY5","138.968","min","153.730","μmol/L","Humid","21.227","deg","91147","µV","36.068","°C","1018.000","hPa","37.0","pmil","0","55.500","deg","20.000","°C","100.000","%a.s.","22.500","deg","20.000","°C","1013.000","hPa","0.861","-0.02056","0.00035","-0.00011","0","14.7","Humid","26.25","0","52.00","342048.23","SABD0000000001","AAV1.0.0.11","2.0.0.28","PSt7-10","000000-000","10/20/2017 9:36:39 AM","0000-00","0","no battery","V"
"10/20/2017","13:28:37","5","default","957498349","OXY5","138.985","min","153.693","μmol/L","Humid","21.231","deg","91142","µV","36.065","°C","1018.000","hPa","37.0","pmil","0","55.500","deg","20.000","°C","100.000","%a.s.","22.500","deg","20.000","°C","1013.000","hPa","0.861","-0.02056","0.00035","-0.00011","0","14.7","Humid","26.25","0","52.00","342031.70","SABD0000000001","AAV1.0.0.11","2.0.0.28","PSt7-10","000000-000","10/20/2017 9:36:39 AM","0000-00","0","no battery","V"
"10/20/2017","13:28:38","5","default","957498349","OXY5","139.001","min","153.642","μmol/L","Humid","21.225","deg","91145","µV","36.088","°C","1018.000","hPa","37.0","pmil","0","55.500","deg","20.000","°C","100.000","%a.s.","22.500","deg","20.000","°C","1013.000","hPa","0.861","-0.02056","0.00035","-0.00011","0","14.7","Humid","26.25","0","52.00","342049.11","SABD0000000001","AAV1.0.0.11","2.0.0.28","PSt7-10","000000-000","10/20/2017 9:36:39 AM","0000-00","0","no battery","V"
"10/20/2017","13:28:39","5","default","957498349","OXY5","139.018","min","153.541","μmol/L","Humid","21.234","deg","91144","µV","36.084","°C","1018.000","hPa","37.0","pmil","0","55.500","deg","20.000","°C","100.000","%a.s.","22.500","deg","20.000","°C","1013.000","hPa","0.861","-0.02056","0.00035","-0.00011","0","14.7","Humid","26.25","0","52.00","342051.19","SABD0000000001","AAV1.0.0.11","2.0.0.28","PSt7-10","000000-000","10/20/2017 9:36:39 AM","0000-00","0","no battery","V"
"10/20/2017","13:28:40","5","default","957498349","OXY5","139.035","min","153.601","μmol/L","Humid","21.231","deg","91144","µV","36.081","°C","1018.000","hPa","37.0","pmil","0","55.500","deg","20.000","°C","100.000","%a.s.","22.500","deg","20.000","°C","1013.000","hPa","0.861","-0.02056","0.00035","-0.00011","0","14.7","Humid","26.25","0","52.00","342054.69","SABD0000000001","AAV1.0.0.11","2.0.0.28","PSt7-10","000000-000","10/20/2017 9:36:39 AM","0000-00","0","no battery","V"
"10/20/2017","13:28:41","5","default","957498349","OXY5","139.051","min","153.620","μmol/L","Humid","21.230","deg","91144","µV","36.080","°C","1018.000","hPa","37.0","pmil","0","55.500","deg","20.000","°C","100.000","%a.s.","22.500","deg","20.000","°C","1013.000","hPa","0.861","-0.02056","0.00035","-0.00011","0","14.7","Humid","26.25","0","52.00","342050.08","SABD0000000001","AAV1.0.0.11","2.0.0.28","PSt7-10","000000-000","10/20/2017 9:36:39 AM","0000-00","0","no battery","V"
"10/20/2017","13:28:42","5","default","957498349","OXY5","139.068","min","153.602","μmol/L","Humid","21.228","deg","91139","µV","36.088","°C","1018.000","hPa","37.0","pmil","0","55.500","deg","20.000","°C","100.000","%a.s.","22.500","deg","20.000","°C","1013.000","hPa","0.861","-0.02056","0.00035","-0.00011","0","14.7","Humid","26.25","0","52.00","342046.98","SABD0000000001","AAV1.0.0.11","2.0.0.28","PSt7-10","000000-000","10/20/2017 9:36:39 AM","0000-00","0","no battery","V"
"10/20/2017","13:28:43","5","default","957498349","OXY5","139.085","min","153.659","μmol/L","Humid","21.229","deg","91145","µV","36.076","°C","1018.000","hPa","37.0","pmil","0","55.500","deg","20.000","°C","100.000","%a.s.","22.500","deg","20.000","°C","1013.000","hPa","0.861","-0.02056","0.00035","-0.00011","0","14.7","Humid","26.25","0","52.00","342055.64","SABD0000000001","AAV1.0.0.11","2.0.0.28","PSt7-10","000000-000","10/20/2017 9:36:39 AM","0000-00","0","no battery","V"
"10/20/2017","13:28:44","5","default","957498349","OXY5","139.101","min","153.633","μmol/L","Humid","21.228","deg","91146","µV","36.083","°C","1018.000","hPa","37.0","pmil","0","55.500","deg","20.000","°C","100.000","%a.s.","22.500","deg","20.000","°C","1013.000","hPa","0.861","-0.02056","0.00035","-0.00011","0","14.7","Humid","26.25","0","52.00","342034.71","SABD0000000001","AAV1.0.0.11","2.0.0.28","PSt7-10","000000-000","10/20/2017 9:36:39 AM","0000-00","0","no battery","V"
"10/20/2017","13:28:45","5","default","957498349","OXY5","139.118","min","153.478","μmol/L","Humid","21.237","deg","91149","µV","36.088","°C","1018.000","hPa","37.0","pmil","0","55.500","deg","20.000","°C","100.000","%a.s.","22.500","deg","20.000","°C","1013.000","hPa","0.861","-0.02056","0.00035","-0.00011","0","14.7","Humid","26.25","0","52.00","342046.23","SABD0000000001","AAV1.0.0.11","2.0.0.28","PSt7-10","000000-000","10/20/2017 9:36:39 AM","0000-00","0","no battery","V"
"10/20/2017","13:28:46","5","default","957498349","OXY5","139.135","min","153.703","μmol/L","Humid","21.227","deg","91148","µV","36.073","°C","1018.000","hPa","37.0","pmil","0","55.500","deg","20.000","°C","100.000","%a.s.","22.500","deg","20.000","°C","1013.000","hPa","0.861","-0.02056","0.00035","-0.00011","0","14.7","Humid","26.25","0","52.00","342034.10","SABD0000000001","AAV1.0.0.11","2.0.0.28","PSt7-10","000000-000","10/20/2017 9:36:39 AM","0000-00","0","no battery","V"
"10/20/2017","13:28:47","5","default","957498349","OXY5","139.151","min","153.705","μmol/L","Humid","21.227","deg","91147","µV","36.073","°C","1018.000","hPa","37.0","pmil","0","55.500","deg","20.000","°C","100.000","%a.s.","22.500","deg","20.000","°C","1013.000","hPa","0.861","-0.02056","0.00035","-0.00011","0","14.7","Humid","26.25","0","52.00","342048.49","SABD0000000001","AAV1.0.0.11","2.0.0.28","PSt7-10","000000-000","10/20/2017 9:36:39 AM","0000-00","0","no battery","V"
"10/20/2017","13:28:48","5","default","957498349","OXY5","139.168","min","153.594","μmol/L","Humid","21.229","deg","91142","µV","36.087","°C","1018.000","hPa","37.0","pmil","0","55.500","deg","20.000","°C","100.000","%a.s.","22.500","deg","20.000","°C","1013.000","hPa","0.861","-0.02056","0.00035","-0.00011","0","14.7","Humid","26.25","0","52.00","342036.68","SABD0000000001","AAV1.0.0.11","2.0.0.28","PSt7-10","000000-000","10/20/2017 9:36:39 AM","0000-00","0","no battery","V"
"10/20/2017","13:28:49","5","default","957498349","OXY5","139.185","min","153.645","μmol/L","Humid","21.229","deg","91148","µV","36.078","°C","1018.000","hPa","37.0","pmil","0","55.500","deg","20.000","°C","100.000","%a.s.","22.500","deg","20.000","°C","1013.000","hPa","0.861","-0.02056","0.00035","-0.00011","0","14.7","Humid","26.25","0","52.00","342044.94","SABD0000000001","AAV1.0.0.11","2.0.0.28","PSt7-10","000000-000","10/20/2017 9:36:39 AM","0000-00","0","no battery","V"
"10/20/2017","13:28:50","5","default","957498349","OXY5","139.201","min","153.736","μmol/L","Humid","21.230","deg","91145","µV","36.060","°C","1018.000","hPa","37.0","pmil","0","55.500","deg","20.000","°C","100.000","%a.s.","22.500","deg","20.000","°C","1013.000","hPa","0.861","-0.02056","0.00035","-0.00011","0","14.7","Humid","26.25","0","52.00","342056.13","SABD0000000001","AAV1.0.0.11","2.0.0.28","PSt7-10","000000-000","10/20/2017 9:36:39 AM","0000-00","0","no battery","V"
"10/20/2017","13:28:51","5","default","957498349","OXY5","139.218","min","153.729","μmol/L","Humid","21.229","deg","91146","µV","36.064","°C","1018.000","hPa","37.0","pmil","0","55.500","deg","20.000","°C","100.000","%a.s.","22.500","deg","20.000","°C","1013.000","hPa","0.861","-0.02056","0.00035","-0.00011","0","14.7","Humid","26.25","0","52.00","342040.67","SABD0000000001","AAV1.0.0.11","2.0.0.28","PSt7-10","000000-000","10/20/2017 9:36:39 AM","0000-00","0","no battery","V"
"10/20/2017","13:28:52","5","default","957498349","OXY5","139.235","min","153.605","μmol/L","Humid","21.230","deg","91147","µV","36.083","°C","1018.000","hPa","37.0","pmil","0","55.500","deg","20.000","°C","100.000","%a.s.","22.500","deg","20.000","°C","1013.000","hPa","0.861","-0.02056","0.00035","-0.00011","0","14.7","Humid","26.25","0","52.00","342038.18","SABD0000000001","AAV1.0.0.11","2.0.0.28","PSt7-10","000000-000","10/20/2017 9:36:39 AM","0000-00","0","no battery","V"
"10/20/2017","13:28:53","5","default","957498349","OXY5","139.252","min","153.715","μmol/L","Humid","21.228","deg","91149","µV","36.069","°C","1018.000","hPa","37.0","pmil","0","55.500","deg","20.000","°C","100.000","%a.s.","22.500","deg","20.000","°C","1013.000","hPa","0.861","-0.02056","0.00035","-0.00011","0","14.7","Humid","26.25","0","52.00","342042.99","SABD0000000001","AAV1.0.0.11","2.0.0.28","PSt7-10","000000-000","10/20/2017 9:36:39 AM","0000-00","0","no battery","V"
"10/20/2017","13:28:54","5","default","957498349","OXY5","139.268","min","153.642","μmol/L","Humid","21.231","deg","91154","µV","36.074","°C","1018.000","hPa","37.0","pmil","0","55.500","deg","20.000","°C","100.000","%a.s.","22.500","deg","20.000","°C","1013.000","hPa","0.861","-0.02056","0.00035","-0.00011","0","14.7","Humid","26.25","0","52.00","342044.94","SABD0000000001","AAV1.0.0.11","2.0.0.28","PSt7-10","000000-000","10/20/2017 9:36:39 AM","0000-00","0","no battery","V"
"10/20/2017","13:28:55","5","default","957498349","OXY5","139.285","min","153.679","μmol/L","Humid","21.227","deg","91148","µV","36.077","°C","1018.000","hPa","37.0","pmil","0","55.500","deg","20.000","°C","100.000","%a.s.","22.500","deg","20.000","°C","1013.000","hPa","0.861","-0.02056","0.00035","-0.00011","0","14.7","Humid","26.25","0","52.00","342039.07","SABD0000000001","AAV1.0.0.11","2.0.0.28","PSt7-10","000000-000","10/20/2017 9:36:39 AM","0000-00","0","no battery","V"
"10/20/2017","13:28:56","5","default","957498349","OXY5","139.302","min","153.733","μmol/L","Humid","21.226","deg","91150","µV","36.070","°C","1018.000","hPa","37.0","pmil","0","55.500","deg","20.000","°C","100.000","%a.s.","22.500","deg","20.000","°C","1013.000","hPa","0.861","-0.02056","0.00035","-0.00011","0","14.7","Humid","26.25","0","52.00","342036.34","SABD0000000001","AAV1.0.0.11","2.0.0.28","PSt7-10","000000-000","10/20/2017 9:36:39 AM","0000-00","0","no battery","V"
"10/20/2017","13:28:57","5","default","957498349","OXY5","139.318","min","153.591","μmol/L","Humid","21.230","deg","91143","µV","36.085","°C","1018.000","hPa","37.0","pmil","0","55.500","deg","20.000","°C","100.000","%a.s.","22.500","deg","20.000","°C","1013.000","hPa","0.861","-0.02056","0.00035","-0.00011","0","14.7","Humid","26.25","0","52.00","342043.22","SABD0000000001","AAV1.0.0.11","2.0.0.28","PSt7-10","000000-000","10/20/2017 9:36:39 AM","0000-00","0","no battery","V"
"10/20/2017","13:28:58","5","default","957498349","OXY5","139.334","min","153.662","μmol/L","Humid","21.227","deg","91147","µV","36.080","°C","1018.000","hPa","37.0","pmil","0","55.500","deg","20.000","°C","100.000","%a.s.","22.500","deg","20.000","°C","1013.000","hPa","0.861","-0.02056","0.00035","-0.00011","0","14.7","Humid","26.25","0","52.00","342037.58","SABD0000000001","AAV1.0.0.11","2.0.0.28","PSt7-10","000000-000","10/20/2017 9:36:39 AM","0000-00","0","no battery","V"
"10/20/2017","13:28:59","5","default","957498349","OXY5","139.351","min","153.643","μmol/L","Humid","21.233","deg","91142","µV","36.069","°C","1018.000","hPa","37.0","pmil","0","55.500","deg","20.000","°C","100.000","%a.s.","22.500","deg","20.000","°C","1013.000","hPa","0.861","-0.02056","0.00035","-0.00011","0","14.7","Humid","26.25","0","52.00","342027.02","SABD0000000001","AAV1.0.0.11","2.0.0.28","PSt7-10","000000-000","10/20/2017 9:36:39 AM","0000-00","0","no battery","V"
"10/20/2017","13:29:00","5","default","957498349","OXY5","139.368","min","153.607","μmol/L","Humid","21.228","deg","91144","µV","36.087","°C","1018.000","hPa","37.0","pmil","0","55.500","deg","20.000","°C","100.000","%a.s.","22.500","deg","20.000","°C","1013.000","hPa","0.861","-0.02056","0.00035","-0.00011","0","14.7","Humid","26.25","0","52.00","342041.66","SABD0000000001","AAV1.0.0.11","2.0.0.28","PSt7-10","000000-000","10/20/2017 9:36:39 AM","0000-00","0","no battery","V"
"10/20/2017","13:29:01","5","default","957498349","OXY5","139.384","min","153.599","μmol/L","Humid","21.230","deg","91152","µV","36.084","°C","1018.000","hPa","37.0","pmil","0","55.500","deg","20.000","°C","100.000","%a.s.","22.500","deg","20.000","°C","1013.000","hPa","0.861","-0.02056","0.00035","-0.00011","0","14.7","Humid","26.25","0","52.00","342042.24","SABD0000000001","AAV1.0.0.11","2.0.0.28","PSt7-10","000000-000","10/20/2017 9:36:39 AM","0000-00","0","no battery","V"
"10/20/2017","13:29:02","5","default","957498349","OXY5","139.401","min","153.714","μmol/L","Humid","21.228","deg","91147","µV","36.069","°C","1018.000","hPa","37.0","pmil","0","55.500","deg","20.000","°C","100.000","%a.s.","22.500","deg","20.000","°C","1013.000","hPa","0.861","-0.02056","0.00035","-0.00011","0","14.7","Humid","26.25","0","52.00","342030.18","SABD0000000001","AAV1.0.0.11","2.0.0.28","PSt7-10","000000-000","10/20/2017 9:36:39 AM","0000-00","0","no battery","V"
"10/20/2017","13:29:03","5","default","957498349","OXY5","139.418","min","153.642","μmol/L","Humid","21.229","deg","91146","µV","36.079","°C","1018.000","hPa","37.0","pmil","0","55.500","deg","20.000","°C","100.000","%a.s.","22.500","deg","20.000","°C","1013.000","hPa","0.861","-0.02056","0.00035","-0.00011","0","14.7","Humid","26.25","0","52.00","342029.63","SABD0000000001","AAV1.0.0.11","2.0.0.28","PSt7-10","000000-000","10/20/2017 9:36:39 AM","0000-00","0","no battery","V"
"10/20/2017","13:29:04","5","default","957498349","OXY5","139.434","min","153.793","μmol/L","Humid","21.228","deg","91145","µV","36.055","°C","1018.000","hPa","37.0","pmil","0","55.500","deg","20.000","°C","100.000","%a.s.","22.500","deg","20.000","°C","1013.000","hPa","0.861","-0.02056","0.00035","-0.00011","0","14.7","Humid","26.25","0","52.00","342032.77","SABD0000000001","AAV1.0.0.11","2.0.0.28","PSt7-10","000000-000","10/20/2017 9:36:39 AM","0000-00","0","no battery","V"
"10/20/2017","13:29:05","5","default","957498349","OXY5","139.451","min","153.809","μmol/L","Humid","21.227","deg","91153","µV","36.055","°C","1018.000","hPa","37.0","pmil","0","55.500","deg","20.000","°C","100.000","%a.s.","22.500","deg","20.000","°C","1013.000","hPa","0.861","-0.02056","0.00035","-0.00011","0","14.7","Humid","26.25","0","52.00","342031.53","SABD0000000001","AAV1.0.0.11","2.0.0.28","PSt7-10","000000-000","10/20/2017 9:36:39 AM","0000-00","0","no battery","V"
"10/20/2017","13:29:06","5","default","957498349","OXY5","139.468","min","153.649","μmol/L","Humid","21.231","deg","91158","µV","36.073","°C","1018.000","hPa","37.0","pmil","0","55.500","deg","20.000","°C","100.000","%a.s.","22.500","deg","20.000","°C","1013.000","hPa","0.861","-0.02056","0.00035","-0.00011","0","14.7","Humid","26.25","0","52.00","342023.61","SABD0000000001","AAV1.0.0.11","2.0.0.28","PSt7-10","000000-000","10/20/2017 9:36:39 AM","0000-00","0","no battery","V"
"10/20/2017","13:29:07","5","default","957498349","OXY5","139.484","min","153.688","μmol/L","Humid","21.226","deg","90531","µV","36.078","°C","1018.000","hPa","37.0","pmil","0","55.500","deg","20.000","°C","100.000","%a.s.","22.500","deg","20.000","°C","1013.000","hPa","0.861","-0.02056","0.00035","-0.00011","0","14.7","Humid","26.25","0","52.00","342036.99","SABD0000000001","AAV1.0.0.11","2.0.0.28","PSt7-10","000000-000","10/20/2017 9:36:39 AM","0000-00","0","no battery","V"
"10/20/2017","13:29:08","5","default","957498349","OXY5","139.501","min","153.652","μmol/L","Humid","21.229","deg","90648","µV","36.077","°C","1018.000","hPa","37.0","pmil","0","55.500","deg","20.000","°C","100.000","%a.s.","22.500","deg","20.000","°C","1013.000","hPa","0.861","-0.02056","0.00035","-0.00011","0","14.7","Humid","26.25","0","52.00","342034.75","SABD0000000001","AAV1.0.0.11","2.0.0.28","PSt7-10","000000-000","10/20/2017 9:36:39 AM","0000-00","0","no battery","V"
"10/20/2017","13:29:09","5","default","957498349","OXY5","139.518","min","153.730","μmol/L","Humid","21.227","deg","90685","µV","36.068","°C","1018.000","hPa","37.0","pmil","0","55.500","deg","20.000","°C","100.000","%a.s.","22.500","deg","20.000","°C","1013.000","hPa","0.861","-0.02056","0.00035","-0.00011","0","14.7","Humid","26.25","0","52.00","342033.30","SABD0000000001","AAV1.0.0.11","2.0.0.28","PSt7-10","000000-000","10/20/2017 9:36:39 AM","0000-00","0","no battery","V"
"10/20/2017","13:29:10","5","default","957498349","OXY5","139.534","min","153.822","μmol/L","Humid","21.227","deg","90724","µV","36.053","°C","1018.000","hPa","37.0","pmil","0","55.500","deg","20.000","°C","100.000","%a.s.","22.500","deg","20.000","°C","1013.000","hPa","0.861","-0.02056","0.00035","-0.00011","0","14.7","Humid","26.25","0","52.00","342026.64","SABD0000000001","AAV1.0.0.11","2.0.0.28","PSt7-10","000000-000","10/20/2017 9:36:39 AM","0000-00","0","no battery","V"
"10/20/2017","13:29:11","5","default","957498349","OXY5","139.551","min","153.717","μmol/L","Humid","21.226","deg","90716","µV","36.073","°C","1018.000","hPa","37.0","pmil","0","55.500","deg","20.000","°C","100.000","%a.s.","22.500","deg","20.000","°C","1013.000","hPa","0.861","-0.02056","0.00035","-0.00011","0","14.7","Humid","26.25","0","52.00","342024.65","SABD0000000001","AAV1.0.0.11","2.0.0.28","PSt7-10","000000-000","10/20/2017 9:36:39 AM","0000-00","0","no battery","V"
"10/20/2017","13:29:12","5","default","957498349","OXY5","139.568","min","153.594","μmol/L","Humid","21.231","deg","90721","µV","36.082","°C","1018.000","hPa","37.0","pmil","0","55.500","deg","20.000","°C","100.000","%a.s.","22.500","deg","20.000","°C","1013.000","hPa","0.861","-0.02056","0.00035","-0.00011","0","14.7","Humid","26.25","0","52.00","342037.93","SABD0000000001","AAV1.0.0.11","2.0.0.28","PSt7-10","000000-000","10/20/2017 9:36:39 AM","0000-00","0","no battery","V"
"10/20/2017","13:29:13","5","default","957498349","OXY5","139.586","min","153.619","μmol/L","Humid","21.230","deg","90721","µV","36.080","°C","1018.000","hPa","37.0","pmil","0","55.500","deg","20.000","°C","100.000","%a.s.","22.500","deg","20.000","°C","1013.000","hPa","0.861","-0.02056","0.00035","-0.00011","0","14.7","Humid","26.25","0","52.00","342038.37","SABD0000000001","AAV1.0.0.11","2.0.0.28","PSt7-10","000000-000","10/20/2017 9:36:39 AM","0000-00","0","no battery","V"
"10/20/2017","13:29:14","5","default","957498349","OXY5","139.602","min","153.837","μmol/L","Humid","21.225","deg","90718","µV","36.055","°C","1018.000","hPa","37.0","pmil","0","55.500","deg","20.000","°C","100.000","%a.s.","22.500","deg","20.000","°C","1013.000","hPa","0.861","-0.02056","0.00035","-0.00011","0","14.7","Humid","26.25","0","52.00","342026.38","SABD0000000001","AAV1.0.0.11","2.0.0.28","PSt7-10","000000-000","10/20/2017 9:36:39 AM","0000-00","0","no battery","V"
"10/20/2017","13:29:15","5","default","957498349","OXY5","139.618","min","153.607","μmol/L","Humid","21.232","deg","90719","µV","36.078","°C","1018.000","hPa","37.0","pmil","0","55.500","deg","20.000","°C","100.000","%a.s.","22.500","deg","20.000","°C","1013.000","hPa","0.861","-0.02056","0.00035","-0.00011","0","14.7","Humid","26.25","0","52.00","342033.29","SABD0000000001","AAV1.0.0.11","2.0.0.28","PSt7-10","000000-000","10/20/2017 9:36:39 AM","0000-00","0","no battery","V"
"10/20/2017","13:29:16","5","default","957498349","OXY5","139.635","min","153.643","μmol/L","Humid","21.228","deg","90721","µV","36.081","°C","1018.000","hPa","37.0","pmil","0","55.500","deg","20.000","°C","100.000","%a.s.","22.500","deg","20.000","°C","1013.000","hPa","0.861","-0.02056","0.00035","-0.00011","0","14.7","Humid","26.25","0","52.00","342032.56","SABD0000000001","AAV1.0.0.11","2.0.0.28","PSt7-10","000000-000","10/20/2017 9:36:39 AM","0000-00","0","no battery","V"
"10/20/2017","13:29:17","5","default","957498349","OXY5","139.657","min","153.699","μmol/L","Humid","21.226","deg","90723","µV","36.076","°C","1018.000","hPa","37.0","pmil","0","55.500","deg","20.000","°C","100.000","%a.s.","22.500","deg","20.000","°C","1013.000","hPa","0.861","-0.02056","0.00035","-0.00011","0","14.7","Humid","26.25","0","52.00","342052.91","SABD0000000001","AAV1.0.0.11","2.0.0.28","PSt7-10","000000-000","10/20/2017 9:36:39 AM","0000-00","0","no battery","V"
"10/20/2017","13:29:18","5","default","957498349","OXY5","139.668","min","153.653","μmol/L","Humid","21.226","deg","90713","µV","36.084","°C","1018.000","hPa","37.0","pmil","0","55.500","deg","20.000","°C","100.000","%a.s.","22.500","deg","20.000","°C","1013.000","hPa","0.861","-0.02056","0.00035","-0.00011","0","14.7","Humid","26.25","0","52.00","342028.86","SABD0000000001","AAV1.0.0.11","2.0.0.28","PSt7-10","000000-000","10/20/2017 9:36:39 AM","0000-00","0","no battery","V"
"10/20/2017","13:29:19","5","default","957498349","OXY5","139.684","min","153.680","μmol/L","Humid","21.225","deg","90711","µV","36.082","°C","1018.000","hPa","37.0","pmil","0","55.500","deg","20.000","°C","100.000","%a.s.","22.500","deg","20.000","°C","1013.000","hPa","0.861","-0.02056","0.00035","-0.00011","0","14.7","Humid","26.25","0","52.00","342023.27","SABD0000000001","AAV1.0.0.11","2.0.0.28","PSt7-10","000000-000","10/20/2017 9:36:39 AM","0000-00","0","no battery","V"
"10/20/2017","13:29:20","5","default","957498349","OXY5","139.701","min","153.705","μmol/L","Humid","21.229","deg","90714","µV","36.068","°C","1018.000","hPa","37.0","pmil","0","55.500","deg","20.000","°C","100.000","%a.s.","22.500","deg","20.000","°C","1013.000","hPa","0.861","-0.02056","0.00035","-0.00011","0","14.7","Humid","26.25","0","52.00","342026.76","SABD0000000001","AAV1.0.0.11","2.0.0.28","PSt7-10","000000-000","10/20/2017 9:36:39 AM","0000-00","0","no battery","V"
"10/20/2017","13:29:21","5","default","957498349","OXY5","139.718","min","153.597","μmol/L","Humid","21.229","deg","90772","µV","36.086","°C","1018.000","hPa","37.0","pmil","0","55.500","deg","20.000","°C","100.000","%a.s.","22.500","deg","20.000","°C","1013.000","hPa","0.861","-0.02056","0.00035","-0.00011","0","14.7","Humid","26.25","0","52.00","342029.97","SABD0000000001","AAV1.0.0.11","2.0.0.28","PSt7-10","000000-000","10/20/2017 9:36:39 AM","0000-00","0","no battery","V"
"10/20/2017","13:29:22","5","default","957498349","OXY5","139.734","min","153.700","μmol/L","Humid","21.227","deg","90751","µV","36.074","°C","1018.000","hPa","37.0","pmil","0","55.500","deg","20.000","°C","100.000","%a.s.","22.500","deg","20.000","°C","1013.000","hPa","0.861","-0.02056","0.00035","-0.00011","0","14.7","Humid","26.25","0","52.00","342016.29","SABD0000000001","AAV1.0.0.11","2.0.0.28","PSt7-10","000000-000","10/20/2017 9:36:39 AM","0000-00","0","no battery","V"
"10/20/2017","13:29:23","5","default","957498349","OXY5","139.751","min","153.752","μmol/L","Humid","21.228","deg","90808","µV","36.062","°C","1018.000","hPa","37.0","pmil","0","55.500","deg","20.000","°C","100.000","%a.s.","22.500","deg","20.000","°C","1013.000","hPa","0.861","-0.02056","0.00035","-0.00011","0","14.7","Humid","26.25","0","52.00","342031.72","SABD0000000001","AAV1.0.0.11","2.0.0.28","PSt7-10","000000-000","10/20/2017 9:36:39 AM","0000-00","0","no battery","V"
"10/20/2017","13:29:24","5","default","957498349","OXY5","139.768","min","153.691","μmol/L","Humid","21.228","deg","90756","µV","36.073","°C","1018.000","hPa","37.0","pmil","0","55.500","deg","20.000","°C","100.000","%a.s.","22.500","deg","20.000","°C","1013.000","hPa","0.861","-0.02056","0.00035","-0.00011","0","14.7","Humid","26.25","0","52.00","342020.41","SABD0000000001","AAV1.0.0.11","2.0.0.28","PSt7-10","000000-000","10/20/2017 9:36:39 AM","0000-00","0","no battery","V"
"10/20/2017","13:29:25","5","default","957498349","OXY5","139.784","min","153.698","μmol/L","Humid","21.227","deg","90765","µV","36.074","°C","1018.000","hPa","37.0","pmil","0","55.500","deg","20.000","°C","100.000","%a.s.","22.500","deg","20.000","°C","1013.000","hPa","0.861","-0.02056","0.00035","-0.00011","0","14.7","Humid","26.25","0","52.00","342006.29","SABD0000000001","AAV1.0.0.11","2.0.0.28","PSt7-10","000000-000","10/20/2017 9:36:39 AM","0000-00","0","no battery","V"
"10/20/2017","13:29:26","5","default","957498349","OXY5","139.801","min","153.692","μmol/L","Humid","21.227","deg","90760","µV","36.075","°C","1018.000","hPa","37.0","pmil","0","55.500","deg","20.000","°C","100.000","%a.s.","22.500","deg","20.000","°C","1013.000","hPa","0.861","-0.02056","0.00035","-0.00011","0","14.7","Humid","26.25","0","52.00","342018.26","SABD0000000001","AAV1.0.0.11","2.0.0.28","PSt7-10","000000-000","10/20/2017 9:36:39 AM","0000-00","0","no battery","V"
"10/20/2017","13:29:27","5","default","957498349","OXY5","139.818","min","153.697","μmol/L","Humid","21.225","deg","90702","µV","36.079","°C","1018.000","hPa","37.0","pmil","0","55.500","deg","20.000","°C","100.000","%a.s.","22.500","deg","20.000","°C","1013.000","hPa","0.861","-0.02056","0.00035","-0.00011","0","14.7","Humid","26.25","0","52.00","342017.81","SABD0000000001","AAV1.0.0.11","2.0.0.28","PSt7-10","000000-000","10/20/2017 9:36:39 AM","0000-00","0","no battery","V"
"10/20/2017","13:29:28","5","default","957498349","OXY5","139.834","min","153.820","μmol/L","Humid","21.226","deg","90699","µV","36.055","°C","1018.000","hPa","37.0","pmil","0","55.500","deg","20.000","°C","100.000","%a.s.","22.500","deg","20.000","°C","1013.000","hPa","0.861","-0.02056","0.00035","-0.00011","0","14.7","Humid","26.25","0","52.00","342011.35","SABD0000000001","AAV1.0.0.11","2.0.0.28","PSt7-10","000000-000","10/20/2017 9:36:39 AM","0000-00","0","no battery","V"
"10/20/2017","13:29:29","5","default","957498349","OXY5","139.851","min","153.687","μmol/L","Humid","21.229","deg","90680","µV","36.071","°C","1018.000","hPa","37.0","pmil","0","55.500","deg","20.000","°C","100.000","%a.s.","22.500","deg","20.000","°C","1013.000","hPa","0.861","-0.02056","0.00035","-0.00011","0","14.7","Humid","26.25","0","52.00","342006.81","SABD0000000001","AAV1.0.0.11","2.0.0.28","PSt7-10","000000-000","10/20/2017 9:36:39 AM","0000-00","0","no battery","V"
"10/20/2017","13:29:30","5","default","957498349","OXY5","139.868","min","153.715","μmol/L","Humid","21.229","deg","90697","µV","36.066","°C","1018.000","hPa","37.0","pmil","0","55.500","deg","20.000","°C","100.000","%a.s.","22.500","deg","20.000","°C","1013.000","hPa","0.861","-0.02056","0.00035","-0.00011","0","14.7","Humid","26.25","0","52.00","342015.65","SABD0000000001","AAV1.0.0.11","2.0.0.28","PSt7-10","000000-000","10/20/2017 9:36:39 AM","0000-00","0","no battery","V"
"10/20/2017","13:29:31","5","default","957498349","OXY5","139.884","min","153.649","μmol/L","Humid","21.229","deg","90718","µV","36.077","°C","1018.000","hPa","37.0","pmil","0","55.500","deg","20.000","°C","100.000","%a.s.","22.500","deg","20.000","°C","1013.000","hPa","0.861","-0.02056","0.00035","-0.00011","0","14.7","Humid","26.25","0","52.00","342021.76","SABD0000000001","AAV1.0.0.11","2.0.0.28","PSt7-10","000000-000","10/20/2017 9:36:39 AM","0000-00","0","no battery","V"
"10/20/2017","13:29:32","5","default","957498349","OXY5","139.901","min","153.653","μmol/L","Humid","21.231","deg","91021","µV","36.072","°C","1018.000","hPa","37.0","pmil","0","55.500","deg","20.000","°C","100.000","%a.s.","22.500","deg","20.000","°C","1013.000","hPa","0.861","-0.02056","0.00035","-0.00011","0","14.7","Humid","26.25","0","52.00","342005.90","SABD0000000001","AAV1.0.0.11","2.0.0.28","PSt7-10","000000-000","10/20/2017 9:36:39 AM","0000-00","0","no battery","V"
"10/20/2017","13:29:33","5","default","957498349","OXY5","139.918","min","153.806","μmol/L","Humid","21.224","deg","90744","µV","36.062","°C","1018.000","hPa","37.0","pmil","0","55.500","deg","20.000","°C","100.000","%a.s.","22.500","deg","20.000","°C","1013.000","hPa","0.861","-0.02056","0.00035","-0.00011","0","14.7","Humid","26.25","0","52.00","342010.14","SABD0000000001","AAV1.0.0.11","2.0.0.28","PSt7-10","000000-000","10/20/2017 9:36:39 AM","0000-00","0","no battery","V"
"10/20/2017","13:29:34","5","default","957498349","OXY5","139.934","min","153.733","μmol/L","Humid","21.230","deg","90758","µV","36.061","°C","1018.000","hPa","37.0","pmil","0","55.500","deg","20.000","°C","100.000","%a.s.","22.500","deg","20.000","°C","1013.000","hPa","0.861","-0.02056","0.00035","-0.00011","0","14.7","Humid","26.25","0","52.00","342009.40","SABD0000000001","AAV1.0.0.11","2.0.0.28","PSt7-10","000000-000","10/20/2017 9:36:39 AM","0000-00","0","no battery","V"
"10/20/2017","13:29:35","5","default","957498349","OXY5","139.951","min","153.714","μmol/L","Humid","21.230","deg","90720","µV","36.064","°C","1018.000","hPa","37.0","pmil","0","55.500","deg","20.000","°C","100.000","%a.s.","22.500","deg","20.000","°C","1013.000","hPa","0.861","-0.02056","0.00035","-0.00011","0","14.7","Humid","26.25","0","52.00","342020.33","SABD0000000001","AAV1.0.0.11","2.0.0.28","PSt7-10","000000-000","10/20/2017 9:36:39 AM","0000-00","0","no battery","V"
"10/20/2017","13:29:36","5","default","957498349","OXY5","139.968","min","153.634","μmol/L","Humid","21.231","deg","90787","µV","36.075","°C","1018.000","hPa","37.0","pmil","0","55.500","deg","20.000","°C","100.000","%a.s.","22.500","deg","20.000","°C","1013.000","hPa","0.861","-0.02056","0.00035","-0.00011","0","14.7","Humid","26.25","0","52.00","342005.70","SABD0000000001","AAV1.0.0.11","2.0.0.28","PSt7-10","000000-000","10/20/2017 9:36:39 AM","0000-00","0","no battery","V"
"10/20/2017","13:29:37","5","default","957498349","OXY5","139.984","min","153.660","μmol/L","Humid","21.229","deg","90902","µV","36.076","°C","1018.000","hPa","37.0","pmil","0","55.500","deg","20.000","°C","100.000","%a.s.","22.500","deg","20.000","°C","1013.000","hPa","0.861","-0.02056","0.00035","-0.00011","0","14.7","Humid","26.25","0","52.00","342022.56","SABD0000000001","AAV1.0.0.11","2.0.0.28","PSt7-10","000000-000","10/20/2017 9:36:39 AM","0000-00","0","no battery","V"
"10/20/2017","13:29:38","5","default","957498349","OXY5","140.001","min","153.672","μmol/L","Humid","21.227","deg","90943","µV","36.078","°C","1018.000","hPa","37.0","pmil","0","55.500","deg","20.000","°C","100.000","%a.s.","22.500","deg","20.000","°C","1013.000","hPa","0.861","-0.02056","0.00035","-0.00011","0","14.7","Humid","26.25","0","52.00","342000.79","SABD0000000001","AAV1.0.0.11","2.0.0.28","PSt7-10","000000-000","10/20/2017 9:36:39 AM","0000-00","0","no battery","V"
"10/20/2017","13:29:39","5","default","957498349","OXY5","140.018","min","153.611","μmol/L","Humid","21.233","deg","91038","µV","36.075","°C","1018.000","hPa","37.0","pmil","0","55.500","deg","20.000","°C","100.000","%a.s.","22.500","deg","20.000","°C","1013.000","hPa","0.861","-0.02056","0.00035","-0.00011","0","14.7","Humid","26.25","0","52.00","342015.50","SABD0000000001","AAV1.0.0.11","2.0.0.28","PSt7-10","000000-000","10/20/2017 9:36:39 AM","0000-00","0","no battery","V"
"10/20/2017","13:29:40","5","default","957498349","OXY5","140.034","min","153.696","μmol/L","Humid","21.229","deg","91025","µV","36.069","°C","1018.000","hPa","37.0","pmil","0","55.500","deg","20.000","°C","100.000","%a.s.","22.500","deg","20.000","°C","1013.000","hPa","0.861","-0.02056","0.00035","-0.00011","0","14.7","Humid","26.25","0","52.00","342014.94","SABD0000000001","AAV1.0.0.11","2.0.0.28","PSt7-10","000000-000","10/20/2017 9:36:39 AM","0000-00","0","no battery","V"
"10/20/2017","13:29:41","5","default","957498349","OXY5","140.051","min","153.641","μmol/L","Humid","21.231","deg","90744","µV","36.074","°C","1018.000","hPa","37.0","pmil","0","55.500","deg","20.000","°C","100.000","%a.s.","22.500","deg","20.000","°C","1013.000","hPa","0.861","-0.02056","0.00035","-0.00011","0","14.7","Humid","26.25","0","52.00","342005.09","SABD0000000001","AAV1.0.0.11","2.0.0.28","PSt7-10","000000-000","10/20/2017 9:36:39 AM","0000-00","0","no battery","V"
"10/20/2017","13:29:42","5","default","957498349","OXY5","140.068","min","153.683","μmol/L","Humid","21.224","deg","89662","µV","36.083","°C","1018.000","hPa","37.0","pmil","0","55.500","deg","20.000","°C","100.000","%a.s.","22.500","deg","20.000","°C","1013.000","hPa","0.861","-0.02056","0.00035","-0.00011","0","14.7","Humid","26.25","0","52.00","342012.50","SABD0000000001","AAV1.0.0.11","2.0.0.28","PSt7-10","000000-000","10/20/2017 9:36:39 AM","0000-00","0","no battery","V"
"10/20/2017","13:29:43","5","default","957498349","OXY5","140.084","min","153.654","μmol/L","Humid","21.235","deg","91726","µV","36.063","°C","1018.000","hPa","37.0","pmil","0","55.500","deg","20.000","°C","100.000","%a.s.","22.500","deg","20.000","°C","1013.000","hPa","0.861","-0.02056","0.00035","-0.00011","0","14.7","Humid","26.25","0","52.00","342004.20","SABD0000000001","AAV1.0.0.11","2.0.0.28","PSt7-10","000000-000","10/20/2017 9:36:39 AM","0000-00","0","no battery","V"
"10/20/2017","13:29:44","5","default","957498349","OXY5","140.101","min","153.744","μmol/L","Humid","21.225","deg","90711","µV","36.071","°C","1018.000","hPa","37.0","pmil","0","55.500","deg","20.000","°C","100.000","%a.s.","22.500","deg","20.000","°C","1013.000","hPa","0.861","-0.02056","0.00035","-0.00011","0","14.7","Humid","26.25","0","52.00","341996.94","SABD0000000001","AAV1.0.0.11","2.0.0.28","PSt7-10","000000-000","10/20/2017 9:36:39 AM","0000-00","0","no battery","V"
"10/20/2017","13:29:45","5","default","957498349","OXY5","140.118","min","153.694","μmol/L","Humid","21.230","deg","90885","µV","36.067","°C","1018.000","hPa","37.0","pmil","0","55.500","deg","20.000","°C","100.000","%a.s.","22.500","deg","20.000","°C","1013.000","hPa","0.861","-0.02056","0.00035","-0.00011","0","14.7","Humid","26.25","0","52.00","342007.40","SABD0000000001","AAV1.0.0.11","2.0.0.28","PSt7-10","000000-000","10/20/2017 9:36:39 AM","0000-00","0","no battery","V"
"10/20/2017","13:29:46","5","default","957498349","OXY5","140.134","min","153.682","μmol/L","Humid","21.231","deg","90892","µV","36.067","°C","1018.000","hPa","37.0","pmil","0","55.500","deg","20.000","°C","100.000","%a.s.","22.500","deg","20.000","°C","1013.000","hPa","0.861","-0.02056","0.00035","-0.00011","0","14.7","Humid","26.25","0","52.00","342008.54","SABD0000000001","AAV1.0.0.11","2.0.0.28","PSt7-10","000000-000","10/20/2017 9:36:39 AM","0000-00","0","no battery","V"
"10/20/2017","13:29:47","5","default","957498349","OXY5","140.151","min","153.669","μmol/L","Humid","21.231","deg","90994","µV","36.069","°C","1018.000","hPa","37.0","pmil","0","55.500","deg","20.000","°C","100.000","%a.s.","22.500","deg","20.000","°C","1013.000","hPa","0.861","-0.02056","0.00035","-0.00011","0","14.7","Humid","26.25","0","52.00","341995.60","SABD0000000001","AAV1.0.0.11","2.0.0.28","PSt7-10","000000-000","10/20/2017 9:36:39 AM","0000-00","0","no battery","V"
"10/20/2017","13:29:48","5","default","957498349","OXY5","140.168","min","153.746","μmol/L","Humid","21.228","deg","90929","µV","36.063","°C","1018.000","hPa","37.0","pmil","0","55.500","deg","20.000","°C","100.000","%a.s.","22.500","deg","20.000","°C","1013.000","hPa","0.861","-0.02056","0.00035","-0.00011","0","14.7","Humid","26.25","0","52.00","342000.09","SABD0000000001","AAV1.0.0.11","2.0.0.28","PSt7-10","000000-000","10/20/2017 9:36:39 AM","0000-00","0","no battery","V"
"10/20/2017","13:29:49","5","default","957498349","OXY5","140.184","min","153.748","μmol/L","Humid","21.229","deg","90983","µV","36.061","°C","1018.000","hPa","37.0","pmil","0","55.500","deg","20.000","°C","100.000","%a.s.","22.500","deg","20.000","°C","1013.000","hPa","0.861","-0.02056","0.00035","-0.00011","0","14.7","Humid","26.25","0","52.00","341997.20","SABD0000000001","AAV1.0.0.11","2.0.0.28","PSt7-10","000000-000","10/20/2017 9:36:39 AM","0000-00","0","no battery","V"
"10/20/2017","13:29:50","5","default","957498349","OXY5","140.201","min","153.528","μmol/L","Humid","21.234","deg","91071","µV","36.086","°C","1018.000","hPa","37.0","pmil","0","55.500","deg","20.000","°C","100.000","%a.s.","22.500","deg","20.000","°C","1013.000","hPa","0.861","-0.02056","0.00035","-0.00011","0","14.7","Humid","26.25","0","52.00","341997.61","SABD0000000001","AAV1.0.0.11","2.0.0.28","PSt7-10","000000-000","10/20/2017 9:36:39 AM","0000-00","0","no battery","V"
"10/20/2017","13:29:51","5","default","957498349","OXY5","140.218","min","153.624","μmol/L","Humid","21.231","deg","91108","µV","36.077","°C","1018.000","hPa","37.0","pmil","0","55.500","deg","20.000","°C","100.000","%a.s.","22.500","deg","20.000","°C","1013.000","hPa","0.861","-0.02056","0.00035","-0.00011","0","14.7","Humid","26.25","0","52.00","342003.79","SABD0000000001","AAV1.0.0.11","2.0.0.28","PSt7-10","000000-000","10/20/2017 9:36:39 AM","0000-00","0","no battery","V"
"10/20/2017","13:29:52","5","default","957498349","OXY5","140.235","min","153.829","μmol/L","Humid","21.228","deg","91200","µV","36.049","°C","1018.000","hPa","37.0","pmil","0","55.500","deg","20.000","°C","100.000","%a.s.","22.500","deg","20.000","°C","1013.000","hPa","0.861","-0.02056","0.00035","-0.00011","0","14.7","Humid","26.25","0","52.00","341985.77","SABD0000000001","AAV1.0.0.11","2.0.0.28","PSt7-10","000000-000","10/20/2017 9:36:39 AM","0000-00","0","no battery","V"
"10/20/2017","13:29:53","5","default","957498349","OXY5","140.251","min","153.543","μmol/L","Humid","21.231","deg","91191","µV","36.091","°C","1018.000","hPa","37.0","pmil","0","55.500","deg","20.000","°C","100.000","%a.s.","22.500","deg","20.000","°C","1013.000","hPa","0.861","-0.02056","0.00035","-0.00011","0","14.7","Humid","26.25","0","52.00","341987.27","SABD0000000001","AAV1.0.0.11","2.0.0.28","PSt7-10","000000-000","10/20/2017 9:36:39 AM","0000-00","0","no battery","V"
"10/20/2017","13:29:54","5","default","957498349","OXY5","140.268","min","153.584","μmol/L","Humid","21.231","deg","91360","µV","36.084","°C","1018.000","hPa","37.0","pmil","0","55.500","deg","20.000","°C","100.000","%a.s.","22.500","deg","20.000","°C","1013.000","hPa","0.861","-0.02056","0.00035","-0.00011","0","14.7","Humid","26.25","0","52.00","341997.77","SABD0000000001","AAV1.0.0.11","2.0.0.28","PSt7-10","000000-000","10/20/2017 9:36:39 AM","0000-00","0","no battery","V"
"10/20/2017","13:29:55","5","default","957498349","OXY5","140.285","min","153.588","μmol/L","Humid","21.231","deg","91218","µV","36.083","°C","1018.000","hPa","37.0","pmil","0","55.500","deg","20.000","°C","100.000","%a.s.","22.500","deg","20.000","°C","1013.000","hPa","0.861","-0.02056","0.00035","-0.00011","0","14.7","Humid","26.25","0","52.00","341995.16","SABD0000000001","AAV1.0.0.11","2.0.0.28","PSt7-10","000000-000","10/20/2017 9:36:39 AM","0000-00","0","no battery","V"
"10/20/2017","13:29:56","5","default","957498349","OXY5","140.301","min","153.575","μmol/L","Humid","21.231","deg","91204","µV","36.085","°C","1018.000","hPa","37.0","pmil","0","55.500","deg","20.000","°C","100.000","%a.s.","22.500","deg","20.000","°C","1013.000","hPa","0.861","-0.02056","0.00035","-0.00011","0","14.7","Humid","26.25","0","52.00","341994.35","SABD0000000001","AAV1.0.0.11","2.0.0.28","PSt7-10","000000-000","10/20/2017 9:36:39 AM","0000-00","0","no battery","V"
"10/20/2017","13:29:57","5","default","957498349","OXY5","140.318","min","153.550","μmol/L","Humid","21.233","deg","91203","µV","36.085","°C","1018.000","hPa","37.0","pmil","0","55.500","deg","20.000","°C","100.000","%a.s.","22.500","deg","20.000","°C","1013.000","hPa","0.861","-0.02056","0.00035","-0.00011","0","14.7","Humid","26.25","0","52.00","342005.05","SABD0000000001","AAV1.0.0.11","2.0.0.28","PSt7-10","000000-000","10/20/2017 9:36:39 AM","0000-00","0","no battery","V"
"10/20/2017","13:29:58","5","default","957498349","OXY5","140.335","min","153.711","μmol/L","Humid","21.225","deg","91187","µV","36.076","°C","1018.000","hPa","37.0","pmil","0","55.500","deg","20.000","°C","100.000","%a.s.","22.500","deg","20.000","°C","1013.000","hPa","0.861","-0.02056","0.00035","-0.00011","0","14.7","Humid","26.25","0","52.00","341990.22","SABD0000000001","AAV1.0.0.11","2.0.0.28","PSt7-10","000000-000","10/20/2017 9:36:39 AM","0000-00","0","no battery","V"
"10/20/2017","13:29:59","5","default","957498349","OXY5","140.351","min","153.661","μmol/L","Humid","21.227","deg","91191","µV","36.080","°C","1018.000","hPa","37.0","pmil","0","55.500","deg","20.000","°C","100.000","%a.s.","22.500","deg","20.000","°C","1013.000","hPa","0.861","-0.02056","0.00035","-0.00011","0","14.7","Humid","26.25","0","52.00","341989.13","SABD0000000001","AAV1.0.0.11","2.0.0.28","PSt7-10","000000-000","10/20/2017 9:36:39 AM","0000-00","0","no battery","V"
"10/20/2017","13:30:00","5","default","957498349","OXY5","140.368","min","153.630","μmol/L","Humid","21.228","deg","91185","µV","36.083","°C","1018.000","hPa","37.0","pmil","0","55.500","deg","20.000","°C","100.000","%a.s.","22.500","deg","20.000","°C","1013.000","hPa","0.861","-0.02056","0.00035","-0.00011","0","14.7","Humid","26.25","0","52.00","341991.40","SABD0000000001","AAV1.0.0.11","2.0.0.28","PSt7-10","000000-000","10/20/2017 9:36:39 AM","0000-00","0","no battery","V"
"10/20/2017","13:30:01","5","default","957498349","OXY5","140.385","min","153.570","μmol/L","Humid","21.230","deg","91233","µV","36.089","°C","1018.000","hPa","37.0","pmil","0","55.500","deg","20.000","°C","100.000","%a.s.","22.500","deg","20.000","°C","1013.000","hPa","0.861","-0.02056","0.00035","-0.00011","0","14.7","Humid","26.25","0","52.00","341988.83","SABD0000000001","AAV1.0.0.11","2.0.0.28","PSt7-10","000000-000","10/20/2017 9:36:39 AM","0000-00","0","no battery","V"
"10/20/2017","13:30:02","5","default","957498349","OXY5","140.401","min","153.663","μmol/L","Humid","21.231","deg","91227","µV","36.070","°C","1018.000","hPa","37.0","pmil","0","55.500","deg","20.000","°C","100.000","%a.s.","22.500","deg","20.000","°C","1013.000","hPa","0.861","-0.02056","0.00035","-0.00011","0","14.7","Humid","26.25","0","52.00","341992.48","SABD0000000001","AAV1.0.0.11","2.0.0.28","PSt7-10","000000-000","10/20/2017 9:36:39 AM","0000-00","0","no battery","V"
"10/20/2017","13:30:03","5","default","957498349","OXY5","140.418","min","153.635","μmol/L","Humid","21.233","deg","91239","µV","36.071","°C","1018.000","hPa","37.0","pmil","0","55.500","deg","20.000","°C","100.000","%a.s.","22.500","deg","20.000","°C","1013.000","hPa","0.861","-0.02056","0.00035","-0.00011","0","14.7","Humid","26.25","0","52.00","341986.98","SABD0000000001","AAV1.0.0.11","2.0.0.28","PSt7-10","000000-000","10/20/2017 9:36:39 AM","0000-00","0","no battery","V"
"10/20/2017","13:30:04","5","default","957498349","OXY5","140.435","min","153.595","μmol/L","Humid","21.234","deg","91246","µV","36.075","°C","1018.000","hPa","37.0","pmil","0","55.500","deg","20.000","°C","100.000","%a.s.","22.500","deg","20.000","°C","1013.000","hPa","0.861","-0.02056","0.00035","-0.00011","0","14.7","Humid","26.25","0","52.00","341991.48","SABD0000000001","AAV1.0.0.11","2.0.0.28","PSt7-10","000000-000","10/20/2017 9:36:39 AM","0000-00","0","no battery","V"
"10/20/2017","13:30:05","5","default","957498349","OXY5","140.451","min","153.549","μmol/L","Humid","21.233","deg","91225","µV","36.085","°C","1018.000","hPa","37.0","pmil","0","55.500","deg","20.000","°C","100.000","%a.s.","22.500","deg","20.000","°C","1013.000","hPa","0.861","-0.02056","0.00035","-0.00011","0","14.7","Humid","26.25","0","52.00","341976.45","SABD0000000001","AAV1.0.0.11","2.0.0.28","PSt7-10","000000-000","10/20/2017 9:36:39 AM","0000-00","0","no battery","V"
"10/20/2017","13:30:06","5","default","957498349","OXY5","140.468","min","153.627","μmol/L","Humid","21.228","deg","91230","µV","36.084","°C","1018.000","hPa","37.0","pmil","0","55.500","deg","20.000","°C","100.000","%a.s.","22.500","deg","20.000","°C","1013.000","hPa","0.861","-0.02056","0.00035","-0.00011","0","14.7","Humid","26.25","0","52.00","341986.50","SABD0000000001","AAV1.0.0.11","2.0.0.28","PSt7-10","000000-000","10/20/2017 9:36:39 AM","0000-00","0","no battery","V"
"10/20/2017","13:30:07","5","default","957498349","OXY5","140.485","min","153.596","μmol/L","Humid","21.230","deg","91228","µV","36.084","°C","1018.000","hPa","37.0","pmil","0","55.500","deg","20.000","°C","100.000","%a.s.","22.500","deg","20.000","°C","1013.000","hPa","0.861","-0.02056","0.00035","-0.00011","0","14.7","Humid","26.25","0","52.00","341969.24","SABD0000000001","AAV1.0.0.11","2.0.0.28","PSt7-10","000000-000","10/20/2017 9:36:39 AM","0000-00","0","no battery","V"
"10/20/2017","13:30:08","5","default","957498349","OXY5","140.501","min","153.664","μmol/L","Humid","21.229","deg","91230","µV","36.075","°C","1018.000","hPa","37.0","pmil","0","55.500","deg","20.000","°C","100.000","%a.s.","22.500","deg","20.000","°C","1013.000","hPa","0.861","-0.02056","0.00035","-0.00011","0","14.7","Humid","26.25","0","52.00","341972.00","SABD0000000001","AAV1.0.0.11","2.0.0.28","PSt7-10","000000-000","10/20/2017 9:36:39 AM","0000-00","0","no battery","V"
"10/20/2017","13:30:09","5","default","957498349","OXY5","140.518","min","153.670","μmol/L","Humid","21.229","deg","91243","µV","36.074","°C","1018.000","hPa","37.0","pmil","0","55.500","deg","20.000","°C","100.000","%a.s.","22.500","deg","20.000","°C","1013.000","hPa","0.861","-0.02056","0.00035","-0.00011","0","14.7","Humid","26.25","0","52.00","341970.96","SABD0000000001","AAV1.0.0.11","2.0.0.28","PSt7-10","000000-000","10/20/2017 9:36:39 AM","0000-00","0","no battery","V"
"10/20/2017","13:30:10","5","default","957498349","OXY5","140.535","min","153.594","μmol/L","Humid","21.229","deg","91228","µV","36.087","°C","1018.000","hPa","37.0","pmil","0","55.500","deg","20.000","°C","100.000","%a.s.","22.500","deg","20.000","°C","1013.000","hPa","0.861","-0.02056","0.00035","-0.00011","0","14.7","Humid","26.25","0","52.00","341979.75","SABD0000000001","AAV1.0.0.11","2.0.0.28","PSt7-10","000000-000","10/20/2017 9:36:39 AM","0000-00","0","no battery","V"
"10/20/2017","13:30:11","5","default","957498349","OXY5","140.551","min","153.752","μmol/L","Humid","21.230","deg","91228","µV","36.058","°C","1018.000","hPa","37.0","pmil","0","55.500","deg","20.000","°C","100.000","%a.s.","22.500","deg","20.000","°C","1013.000","hPa","0.861","-0.02056","0.00035","-0.00011","0","14.7","Humid","26.25","0","52.00","341972.73","SABD0000000001","AAV1.0.0.11","2.0.0.28","PSt7-10","000000-000","10/20/2017 9:36:39 AM","0000-00","0","no battery","V"
"10/20/2017","13:30:12","5","default","957498349","OXY5","140.568","min","153.567","μmol/L","Humid","21.233","deg","91219","µV","36.082","°C","1018.000","hPa","37.0","pmil","0","55.500","deg","20.000","°C","100.000","%a.s.","22.500","deg","20.000","°C","1013.000","hPa","0.861","-0.02056","0.00035","-0.00011","0","14.7","Humid","26.25","0","52.00","341977.21","SABD0000000001","AAV1.0.0.11","2.0.0.28","PSt7-10","000000-000","10/20/2017 9:36:39 AM","0000-00","0","no battery","V"
"10/20/2017","13:30:13","5","default","957498349","OXY5","140.585","min","153.484","μmol/L","Humid","21.234","deg","91227","µV","36.094","°C","1018.000","hPa","37.0","pmil","0","55.500","deg","20.000","°C","100.000","%a.s.","22.500","deg","20.000","°C","1013.000","hPa","0.861","-0.02056","0.00035","-0.00011","0","14.7","Humid","26.25","0","52.00","341974.41","SABD0000000001","AAV1.0.0.11","2.0.0.28","PSt7-10","000000-000","10/20/2017 9:36:39 AM","0000-00","0","no battery","V"
"10/20/2017","13:30:14","5","default","957498349","OXY5","140.601","min","153.499","μmol/L","Humid","21.231","deg","91210","µV","36.098","°C","1018.000","hPa","37.0","pmil","0","55.500","deg","20.000","°C","100.000","%a.s.","22.500","deg","20.000","°C","1013.000","hPa","0.861","-0.02056","0.00035","-0.00011","0","14.7","Humid","26.25","0","52.00","341973.63","SABD0000000001","AAV1.0.0.11","2.0.0.28","PSt7-10","000000-000","10/20/2017 9:36:39 AM","0000-00","0","no battery","V"
"10/20/2017","13:30:15","5","default","957498349","OXY5","140.622","min","153.694","μmol/L","Humid","21.229","deg","91220","µV","36.070","°C","1018.000","hPa","37.0","pmil","0","55.500","deg","20.000","°C","100.000","%a.s.","22.500","deg","20.000","°C","1013.000","hPa","0.861","-0.02056","0.00035","-0.00011","0","14.7","Humid","26.25","0","52.00","341987.28","SABD0000000001","AAV1.0.0.11","2.0.0.28","PSt7-10","000000-000","10/20/2017 9:36:39 AM","0000-00","0","no battery","V"
"10/20/2017","13:30:16","5","default","957498349","OXY5","140.635","min","153.528","μmol/L","Humid","21.236","deg","91211","µV","36.082","°C","1018.000","hPa","37.0","pmil","0","55.500","deg","20.000","°C","100.000","%a.s.","22.500","deg","20.000","°C","1013.000","hPa","0.861","-0.02056","0.00035","-0.00011","0","14.7","Humid","26.25","0","52.00","341969.17","SABD0000000001","AAV1.0.0.11","2.0.0.28","PSt7-10","000000-000","10/20/2017 9:36:39 AM","0000-00","0","no battery","V"
"10/20/2017","13:30:17","5","default","957498349","OXY5","140.652","min","153.657","μmol/L","Humid","21.230","deg","91209","µV","36.074","°C","1018.000","hPa","37.0","pmil","0","55.500","deg","20.000","°C","100.000","%a.s.","22.500","deg","20.000","°C","1013.000","hPa","0.861","-0.02056","0.00035","-0.00011","0","14.7","Humid","26.25","0","52.00","341961.61","SABD0000000001","AAV1.0.0.11","2.0.0.28","PSt7-10","000000-000","10/20/2017 9:36:39 AM","0000-00","0","no battery","V"
"10/20/2017","13:30:18","5","default","957498349","OXY5","140.668","min","153.462","μmol/L","Humid","21.231","deg","91211","µV","36.105","°C","1018.000","hPa","37.0","pmil","0","55.500","deg","20.000","°C","100.000","%a.s.","22.500","deg","20.000","°C","1013.000","hPa","0.861","-0.02056","0.00035","-0.00011","0","14.7","Humid","26.25","0","52.00","341968.88","SABD0000000001","AAV1.0.0.11","2.0.0.28","PSt7-10","000000-000","10/20/2017 9:36:39 AM","0000-00","0","no battery","V"
"10/20/2017","13:30:19","5","default","957498349","OXY5","140.685","min","153.664","μmol/L","Humid","21.232","deg","91202","µV","36.068","°C","1018.000","hPa","37.0","pmil","0","55.500","deg","20.000","°C","100.000","%a.s.","22.500","deg","20.000","°C","1013.000","hPa","0.861","-0.02056","0.00035","-0.00011","0","14.7","Humid","26.25","0","52.00","341957.87","SABD0000000001","AAV1.0.0.11","2.0.0.28","PSt7-10","000000-000","10/20/2017 9:36:39 AM","0000-00","0","no battery","V"
"10/20/2017","13:30:20","5","default","957498349","OXY5","140.702","min","153.593","μmol/L","Humid","21.233","deg","91204","µV","36.078","°C","1018.000","hPa","37.0","pmil","0","55.500","deg","20.000","°C","100.000","%a.s.","22.500","deg","20.000","°C","1013.000","hPa","0.861","-0.02056","0.00035","-0.00011","0","14.7","Humid","26.25","0","52.00","341966.26","SABD0000000001","AAV1.0.0.11","2.0.0.28","PSt7-10","000000-000","10/20/2017 9:36:39 AM","0000-00","0","no battery","V"
"10/20/2017","13:30:21","5","default","957498349","OXY5","140.718","min","153.671","μmol/L","Humid","21.230","deg","91203","µV","36.071","°C","1018.000","hPa","37.0","pmil","0","55.500","deg","20.000","°C","100.000","%a.s.","22.500","deg","20.000","°C","1013.000","hPa","0.861","-0.02056","0.00035","-0.00011","0","14.7","Humid","26.25","0","52.00","341952.82","SABD0000000001","AAV1.0.0.11","2.0.0.28","PSt7-10","000000-000","10/20/2017 9:36:39 AM","0000-00","0","no battery","V"
"10/20/2017","13:30:22","5","default","957498349","OXY5","140.735","min","153.651","μmol/L","Humid","21.226","deg","91205","µV","36.084","°C","1018.000","hPa","37.0","pmil","0","55.500","deg","20.000","°C","100.000","%a.s.","22.500","deg","20.000","°C","1013.000","hPa","0.861","-0.02056","0.00035","-0.00011","0","14.7","Humid","26.25","0","52.00","341969.41","SABD0000000001","AAV1.0.0.11","2.0.0.28","PSt7-10","000000-000","10/20/2017 9:36:39 AM","0000-00","0","no battery","V"
"10/20/2017","13:30:23","5","default","957498349","OXY5","140.752","min","153.587","μmol/L","Humid","21.229","deg","91202","µV","36.088","°C","1018.000","hPa","37.0","pmil","0","55.500","deg","20.000","°C","100.000","%a.s.","22.500","deg","20.000","°C","1013.000","hPa","0.861","-0.02056","0.00035","-0.00011","0","14.7","Humid","26.25","0","52.00","341969.85","SABD0000000001","AAV1.0.0.11","2.0.0.28","PSt7-10","000000-000","10/20/2017 9:36:39 AM","0000-00","0","no battery","V"
"10/20/2017","13:30:24","5","default","957498349","OXY5","140.768","min","153.572","μmol/L","Humid","21.234","deg","91210","µV","36.079","°C","1018.000","hPa","37.0","pmil","0","55.500","deg","20.000","°C","100.000","%a.s.","22.500","deg","20.000","°C","1013.000","hPa","0.861","-0.02056","0.00035","-0.00011","0","14.7","Humid","26.25","0","52.00","341979.09","SABD0000000001","AAV1.0.0.11","2.0.0.28","PSt7-10","000000-000","10/20/2017 9:36:39 AM","0000-00","0","no battery","V"
"10/20/2017","13:30:25","5","default","957498349","OXY5","140.785","min","153.602","μmol/L","Humid","21.229","deg","91207","µV","36.085","°C","1018.000","hPa","37.0","pmil","0","55.500","deg","20.000","°C","100.000","%a.s.","22.500","deg","20.000","°C","1013.000","hPa","0.861","-0.02056","0.00035","-0.00011","0","14.7","Humid","26.25","0","52.00","341982.83","SABD0000000001","AAV1.0.0.11","2.0.0.28","PSt7-10","000000-000","10/20/2017 9:36:39 AM","0000-00","0","no battery","V"
"10/20/2017","13:30:26","5","default","957498349","OXY5","140.802","min","153.618","μmol/L","Humid","21.232","deg","91211","µV","36.076","°C","1018.000","hPa","37.0","pmil","0","55.500","deg","20.000","°C","100.000","%a.s.","22.500","deg","20.000","°C","1013.000","hPa","0.861","-0.02056","0.00035","-0.00011","0","14.7","Humid","26.25","0","52.00","341973.38","SABD0000000001","AAV1.0.0.11","2.0.0.28","PSt7-10","000000-000","10/20/2017 9:36:39 AM","0000-00","0","no battery","V"
"10/20/2017","13:30:27","5","default","957498349","OXY5","140.818","min","153.560","μmol/L","Humid","21.231","deg","91209","µV","36.088","°C","1018.000","hPa","37.0","pmil","0","55.500","deg","20.000","°C","100.000","%a.s.","22.500","deg","20.000","°C","1013.000","hPa","0.861","-0.02056","0.00035","-0.00011","0","14.7","Humid","26.25","0","52.00","341968.56","SABD0000000001","AAV1.0.0.11","2.0.0.28","PSt7-10","000000-000","10/20/2017 9:36:39 AM","0000-00","0","no battery","V"
"10/20/2017","13:30:28","5","default","957498349","OXY5","140.835","min","153.613","μmol/L","Humid","21.227","deg","91209","µV","36.088","°C","1018.000","hPa","37.0","pmil","0","55.500","deg","20.000","°C","100.000","%a.s.","22.500","deg","20.000","°C","1013.000","hPa","0.861","-0.02056","0.00035","-0.00011","0","14.7","Humid","26.25","0","52.00","341974.55","SABD0000000001","AAV1.0.0.11","2.0.0.28","PSt7-10","000000-000","10/20/2017 9:36:39 AM","0000-00","0","no battery","V"
"10/20/2017","13:30:29","5","default","957498349","OXY5","140.852","min","153.687","μmol/L","Humid","21.228","deg","91212","µV","36.073","°C","1018.000","hPa","37.0","pmil","0","55.500","deg","20.000","°C","100.000","%a.s.","22.500","deg","20.000","°C","1013.000","hPa","0.861","-0.02056","0.00035","-0.00011","0","14.7","Humid","26.25","0","52.00","341962.93","SABD0000000001","AAV1.0.0.11","2.0.0.28","PSt7-10","000000-000","10/20/2017 9:36:39 AM","0000-00","0","no battery","V"
"10/20/2017","13:30:30","5","default","957498349","OXY5","140.868","min","153.701","μmol/L","Humid","21.230","deg","91204","µV","36.066","°C","1018.000","hPa","37.0","pmil","0","55.500","deg","20.000","°C","100.000","%a.s.","22.500","deg","20.000","°C","1013.000","hPa","0.861","-0.02056","0.00035","-0.00011","0","14.7","Humid","26.25","0","52.00","341971.85","SABD0000000001","AAV1.0.0.11","2.0.0.28","PSt7-10","000000-000","10/20/2017 9:36:39 AM","0000-00","0","no battery","V"
"10/20/2017","13:30:31","5","default","957498349","OXY5","140.885","min","153.728","μmol/L","Humid","21.229","deg","91205","µV","36.064","°C","1018.000","hPa","37.0","pmil","0","55.500","deg","20.000","°C","100.000","%a.s.","22.500","deg","20.000","°C","1013.000","hPa","0.861","-0.02056","0.00035","-0.00011","0","14.7","Humid","26.25","0","52.00","341970.04","SABD0000000001","AAV1.0.0.11","2.0.0.28","PSt7-10","000000-000","10/20/2017 9:36:39 AM","0000-00","0","no battery","V"
"10/20/2017","13:30:32","5","default","957498349","OXY5","140.902","min","153.494","μmol/L","Humid","21.235","deg","91203","µV","36.090","°C","1018.000","hPa","37.0","pmil","0","55.500","deg","20.000","°C","100.000","%a.s.","22.500","deg","20.000","°C","1013.000","hPa","0.861","-0.02056","0.00035","-0.00011","0","14.7","Humid","26.25","0","52.00","341963.69","SABD0000000001","AAV1.0.0.11","2.0.0.28","PSt7-10","000000-000","10/20/2017 9:36:39 AM","0000-00","0","no battery","V"
"10/20/2017","13:30:33","5","default","957498349","OXY5","140.918","min","153.688","μmol/L","Humid","21.229","deg","91207","µV","36.071","°C","1018.000","hPa","37.0","pmil","0","55.500","deg","20.000","°C","100.000","%a.s.","22.500","deg","20.000","°C","1013.000","hPa","0.861","-0.02056","0.00035","-0.00011","0","14.7","Humid","26.25","0","52.00","341973.17","SABD0000000001","AAV1.0.0.11","2.0.0.28","PSt7-10","000000-000","10/20/2017 9:36:39 AM","0000-00","0","no battery","V"
"10/20/2017","13:30:34","5","default","957498349","OXY5","140.935","min","153.581","μmol/L","Humid","21.233","deg","91203","µV","36.080","°C","1018.000","hPa","37.0","pmil","0","55.500","deg","20.000","°C","100.000","%a.s.","22.500","deg","20.000","°C","1013.000","hPa","0.861","-0.02056","0.00035","-0.00011","0","14.7","Humid","26.25","0","52.00","341958.48","SABD0000000001","AAV1.0.0.11","2.0.0.28","PSt7-10","000000-000","10/20/2017 9:36:39 AM","0000-00","0","no battery","V"
"10/20/2017","13:30:35","5","default","957498349","OXY5","140.952","min","153.668","μmol/L","Humid","21.230","deg","91204","µV","36.072","°C","1018.000","hPa","37.0","pmil","0","55.500","deg","20.000","°C","100.000","%a.s.","22.500","deg","20.000","°C","1013.000","hPa","0.861","-0.02056","0.00035","-0.00011","0","14.7","Humid","26.25","0","52.00","341967.56","SABD0000000001","AAV1.0.0.11","2.0.0.28","PSt7-10","000000-000","10/20/2017 9:36:39 AM","0000-00","0","no battery","V"
"10/20/2017","13:30:36","5","default","957498349","OXY5","140.968","min","153.544","μmol/L","Humid","21.236","deg","91203","µV","36.079","°C","1018.000","hPa","37.0","pmil","0","55.500","deg","20.000","°C","100.000","%a.s.","22.500","deg","20.000","°C","1013.000","hPa","0.861","-0.02056","0.00035","-0.00011","0","14.7","Humid","26.25","0","52.00","341962.06","SABD0000000001","AAV1.0.0.11","2.0.0.28","PSt7-10","000000-000","10/20/2017 9:36:39 AM","0000-00","0","no battery","V"
"10/20/2017","13:30:37","5","default","957498349","OXY5","140.985","min","153.532","μmol/L","Humid","21.233","deg","91204","µV","36.088","°C","1018.000","hPa","37.0","pmil","0","55.500","deg","20.000","°C","100.000","%a.s.","22.500","deg","20.000","°C","1013.000","hPa","0.861","-0.02056","0.00035","-0.00011","0","14.7","Humid","26.25","0","52.00","341970.17","SABD0000000001","AAV1.0.0.11","2.0.0.28","PSt7-10","000000-000","10/20/2017 9:36:39 AM","0000-00","0","no battery","V"
"10/20/2017","13:30:38","5","default","957498349","OXY5","141.002","min","153.468","μmol/L","Humid","21.234","deg","91207","µV","36.097","°C","1018.000","hPa","37.0","pmil","0","55.500","deg","20.000","°C","100.000","%a.s.","22.500","deg","20.000","°C","1013.000","hPa","0.861","-0.02056","0.00035","-0.00011","0","14.7","Humid","26.25","0","52.00","341972.47","SABD0000000001","AAV1.0.0.11","2.0.0.28","PSt7-10","000000-000","10/20/2017 9:36:39 AM","0000-00","0","no battery","V"
"10/20/2017","13:30:39","5","default","957498349","OXY5","141.018","min","153.620","μmol/L","Humid","21.234","deg","91193","µV","36.071","°C","1018.000","hPa","37.0","pmil","0","55.500","deg","20.000","°C","100.000","%a.s.","22.500","deg","20.000","°C","1013.000","hPa","0.861","-0.02056","0.00035","-0.00011","0","14.7","Humid","26.25","0","52.00","341961.78","SABD0000000001","AAV1.0.0.11","2.0.0.28","PSt7-10","000000-000","10/20/2017 9:36:39 AM","0000-00","0","no battery","V"
"10/20/2017","13:30:40","5","default","957498349","OXY5","141.035","min","153.628","μmol/L","Humid","21.231","deg","91199","µV","36.076","°C","1018.000","hPa","37.0","pmil","0","55.500","deg","20.000","°C","100.000","%a.s.","22.500","deg","20.000","°C","1013.000","hPa","0.861","-0.02056","0.00035","-0.00011","0","14.7","Humid","26.25","0","52.00","341968.54","SABD0000000001","AAV1.0.0.11","2.0.0.28","PSt7-10","000000-000","10/20/2017 9:36:39 AM","0000-00","0","no battery","V"
"10/20/2017","13:30:41","5","default","957498349","OXY5","141.052","min","153.520","μmol/L","Humid","21.232","deg","91201","µV","36.092","°C","1018.000","hPa","37.0","pmil","0","55.500","deg","20.000","°C","100.000","%a.s.","22.500","deg","20.000","°C","1013.000","hPa","0.861","-0.02056","0.00035","-0.00011","0","14.7","Humid","26.25","0","52.00","341959.16","SABD0000000001","AAV1.0.0.11","2.0.0.28","PSt7-10","000000-000","10/20/2017 9:36:39 AM","0000-00","0","no battery","V"
"10/20/2017","13:30:42","5","default","957498349","OXY5","141.068","min","153.593","μmol/L","Humid","21.232","deg","91188","µV","36.080","°C","1018.000","hPa","37.0","pmil","0","55.500","deg","20.000","°C","100.000","%a.s.","22.500","deg","20.000","°C","1013.000","hPa","0.861","-0.02056","0.00035","-0.00011","0","14.7","Humid","26.25","0","52.00","341962.95","SABD0000000001","AAV1.0.0.11","2.0.0.28","PSt7-10","000000-000","10/20/2017 9:36:39 AM","0000-00","0","no battery","V"
"10/20/2017","13:30:43","5","default","957498349","OXY5","141.085","min","153.624","μmol/L","Humid","21.233","deg","91192","µV","36.072","°C","1018.000","hPa","37.0","pmil","0","55.500","deg","20.000","°C","100.000","%a.s.","22.500","deg","20.000","°C","1013.000","hPa","0.861","-0.02056","0.00035","-0.00011","0","14.7","Humid","26.25","0","52.00","341973.06","SABD0000000001","AAV1.0.0.11","2.0.0.28","PSt7-10","000000-000","10/20/2017 9:36:39 AM","0000-00","0","no battery","V"
"10/20/2017","13:30:44","5","default","957498349","OXY5","141.102","min","153.666","μmol/L","Humid","21.229","deg","91190","µV","36.075","°C","1018.000","hPa","37.0","pmil","0","55.500","deg","20.000","°C","100.000","%a.s.","22.500","deg","20.000","°C","1013.000","hPa","0.861","-0.02056","0.00035","-0.00011","0","14.7","Humid","26.25","0","52.00","341967.27","SABD0000000001","AAV1.0.0.11","2.0.0.28","PSt7-10","000000-000","10/20/2017 9:36:39 AM","0000-00","0","no battery","V"
"10/20/2017","13:30:45","5","default","957498349","OXY5","141.118","min","153.716","μmol/L","Humid","21.230","deg","91186","µV","36.064","°C","1018.000","hPa","37.0","pmil","0","55.500","deg","20.000","°C","100.000","%a.s.","22.500","deg","20.000","°C","1013.000","hPa","0.861","-0.02056","0.00035","-0.00011","0","14.7","Humid","26.25","0","52.00","341972.15","SABD0000000001","AAV1.0.0.11","2.0.0.28","PSt7-10","000000-000","10/20/2017 9:36:39 AM","0000-00","0","no battery","V"
"10/20/2017","13:30:46","5","default","957498349","OXY5","141.135","min","153.583","μmol/L","Humid","21.234","deg","91197","µV","36.077","°C","1018.000","hPa","37.0","pmil","0","55.500","deg","20.000","°C","100.000","%a.s.","22.500","deg","20.000","°C","1013.000","hPa","0.861","-0.02056","0.00035","-0.00011","0","14.7","Humid","26.25","0","52.00","341968.82","SABD0000000001","AAV1.0.0.11","2.0.0.28","PSt7-10","000000-000","10/20/2017 9:36:39 AM","0000-00","0","no battery","V"
"10/20/2017","13:30:47","5","default","957498349","OXY5","141.152","min","153.515","μmol/L","Humid","21.235","deg","91193","µV","36.086","°C","1018.000","hPa","37.0","pmil","0","55.500","deg","20.000","°C","100.000","%a.s.","22.500","deg","20.000","°C","1013.000","hPa","0.861","-0.02056","0.00035","-0.00011","0","14.7","Humid","26.25","0","52.00","341962.12","SABD0000000001","AAV1.0.0.11","2.0.0.28","PSt7-10","000000-000","10/20/2017 9:36:39 AM","0000-00","0","no battery","V"
"10/20/2017","13:30:48","5","default","957498349","OXY5","141.168","min","153.471","μmol/L","Humid","21.233","deg","91192","µV","36.098","°C","1018.000","hPa","37.0","pmil","0","55.500","deg","20.000","°C","100.000","%a.s.","22.500","deg","20.000","°C","1013.000","hPa","0.861","-0.02056","0.00035","-0.00011","0","14.7","Humid","26.25","0","52.00","341967.91","SABD0000000001","AAV1.0.0.11","2.0.0.28","PSt7-10","000000-000","10/20/2017 9:36:39 AM","0000-00","0","no battery","V"
"10/20/2017","13:30:49","5","default","957498349","OXY5","141.185","min","153.661","μmol/L","Humid","21.230","deg","91193","µV","36.073","°C","1018.000","hPa","37.0","pmil","0","55.500","deg","20.000","°C","100.000","%a.s.","22.500","deg","20.000","°C","1013.000","hPa","0.861","-0.02056","0.00035","-0.00011","0","14.7","Humid","26.25","0","52.00","341968.66","SABD0000000001","AAV1.0.0.11","2.0.0.28","PSt7-10","000000-000","10/20/2017 9:36:39 AM","0000-00","0","no battery","V"
"10/20/2017","13:30:50","5","default","957498349","OXY5","141.202","min","153.582","μmol/L","Humid","21.235","deg","91198","µV","36.075","°C","1018.000","hPa","37.0","pmil","0","55.500","deg","20.000","°C","100.000","%a.s.","22.500","deg","20.000","°C","1013.000","hPa","0.861","-0.02056","0.00035","-0.00011","0","14.7","Humid","26.25","0","52.00","341953.75","SABD0000000001","AAV1.0.0.11","2.0.0.28","PSt7-10","000000-000","10/20/2017 9:36:39 AM","0000-00","0","no battery","V"
"10/20/2017","13:30:51","5","default","957498349","OXY5","141.218","min","153.396","μmol/L","Humid","21.235","deg","91195","µV","36.107","°C","1018.000","hPa","37.0","pmil","0","55.500","deg","20.000","°C","100.000","%a.s.","22.500","deg","20.000","°C","1013.000","hPa","0.861","-0.02056","0.00035","-0.00011","0","14.7","Humid","26.25","0","52.00","341954.96","SABD0000000001","AAV1.0.0.11","2.0.0.28","PSt7-10","000000-000","10/20/2017 9:36:39 AM","0000-00","0","no battery","V"
"10/20/2017","13:30:52","5","default","957498349","OXY5","141.235","min","153.553","μmol/L","Humid","21.233","deg","91198","µV","36.085","°C","1018.000","hPa","37.0","pmil","0","55.500","deg","20.000","°C","100.000","%a.s.","22.500","deg","20.000","°C","1013.000","hPa","0.861","-0.02056","0.00035","-0.00011","0","14.7","Humid","26.25","0","52.00","341961.12","SABD0000000001","AAV1.0.0.11","2.0.0.28","PSt7-10","000000-000","10/20/2017 9:36:39 AM","0000-00","0","no battery","V"
"10/20/2017","13:30:53","5","default","957498349","OXY5","141.252","min","153.629","μmol/L","Humid","21.229","deg","91194","µV","36.081","°C","1018.000","hPa","37.0","pmil","0","55.500","deg","20.000","°C","100.000","%a.s.","22.500","deg","20.000","°C","1013.000","hPa","0.861","-0.02056","0.00035","-0.00011","0","14.7","Humid","26.25","0","52.00","341970.37","SABD0000000001","AAV1.0.0.11","2.0.0.28","PSt7-10","000000-000","10/20/2017 9:36:39 AM","0000-00","0","no battery","V"
"10/20/2017","13:30:54","5","default","957498349","OXY5","141.268","min","153.566","μmol/L","Humid","21.235","deg","91195","µV","36.077","°C","1018.000","hPa","37.0","pmil","0","55.500","deg","20.000","°C","100.000","%a.s.","22.500","deg","20.000","°C","1013.000","hPa","0.861","-0.02056","0.00035","-0.00011","0","14.7","Humid","26.25","0","52.00","341956.22","SABD0000000001","AAV1.0.0.11","2.0.0.28","PSt7-10","000000-000","10/20/2017 9:36:39 AM","0000-00","0","no battery","V"
"10/20/2017","13:30:55","5","default","957498349","OXY5","141.285","min","153.619","μmol/L","Humid","21.232","deg","91193","µV","36.076","°C","1018.000","hPa","37.0","pmil","0","55.500","deg","20.000","°C","100.000","%a.s.","22.500","deg","20.000","°C","1013.000","hPa","0.861","-0.02056","0.00035","-0.00011","0","14.7","Humid","26.25","0","52.00","341959.29","SABD0000000001","AAV1.0.0.11","2.0.0.28","PSt7-10","000000-000","10/20/2017 9:36:39 AM","0000-00","0","no battery","V"
"10/20/2017","13:30:56","5","default","957498349","OXY5","141.302","min","153.617","μmol/L","Humid","21.234","deg","91185","µV","36.071","°C","1018.000","hPa","37.0","pmil","0","55.500","deg","20.000","°C","100.000","%a.s.","22.500","deg","20.000","°C","1013.000","hPa","0.861","-0.02056","0.00035","-0.00011","0","14.7","Humid","26.25","0","52.00","341957.12","SABD0000000001","AAV1.0.0.11","2.0.0.28","PSt7-10","000000-000","10/20/2017 9:36:39 AM","0000-00","0","no battery","V"
"10/20/2017","13:30:57","5","default","957498349","OXY5","141.318","min","153.574","μmol/L","Humid","21.233","deg","91195","µV","36.081","°C","1018.000","hPa","37.0","pmil","0","55.500","deg","20.000","°C","100.000","%a.s.","22.500","deg","20.000","°C","1013.000","hPa","0.861","-0.02056","0.00035","-0.00011","0","14.7","Humid","26.25","0","52.00","341963.20","SABD0000000001","AAV1.0.0.11","2.0.0.28","PSt7-10","000000-000","10/20/2017 9:36:39 AM","0000-00","0","no battery","V"
"10/20/2017","13:30:58","5","default","957498349","OXY5","141.335","min","153.535","μmol/L","Humid","21.236","deg","91195","µV","36.081","°C","1018.000","hPa","37.0","pmil","0","55.500","deg","20.000","°C","100.000","%a.s.","22.500","deg","20.000","°C","1013.000","hPa","0.861","-0.02056","0.00035","-0.00011","0","14.7","Humid","26.25","0","52.00","341958.95","SABD0000000001","AAV1.0.0.11","2.0.0.28","PSt7-10","000000-000","10/20/2017 9:36:39 AM","0000-00","0","no battery","V"
"10/20/2017","13:30:59","5","default","957498349","OXY5","141.352","min","153.654","μmol/L","Humid","21.229","deg","91191","µV","36.077","°C","1018.000","hPa","37.0","pmil","0","55.500","deg","20.000","°C","100.000","%a.s.","22.500","deg","20.000","°C","1013.000","hPa","0.861","-0.02056","0.00035","-0.00011","0","14.7","Humid","26.25","0","52.00","341949.87","SABD0000000001","AAV1.0.0.11","2.0.0.28","PSt7-10","000000-000","10/20/2017 9:36:39 AM","0000-00","0","no battery","V"
"10/20/2017","13:31:00","5","default","957498349","OXY5","141.368","min","153.600","μmol/L","Humid","21.232","deg","91193","µV","36.079","°C","1018.000","hPa","37.0","pmil","0","55.500","deg","20.000","°C","100.000","%a.s.","22.500","deg","20.000","°C","1013.000","hPa","0.861","-0.02056","0.00035","-0.00011","0","14.7","Humid","26.25","0","52.00","341941.21","SABD0000000001","AAV1.0.0.11","2.0.0.28","PSt7-10","000000-000","10/20/2017 9:36:39 AM","0000-00","0","no battery","V"
"10/20/2017","13:31:01","5","default","957498349","OXY5","141.384","min","153.603","μmol/L","Humid","21.234","deg","91191","µV","36.074","°C","1018.000","hPa","37.0","pmil","0","55.500","deg","20.000","°C","100.000","%a.s.","22.500","deg","20.000","°C","1013.000","hPa","0.861","-0.02056","0.00035","-0.00011","0","14.7","Humid","26.25","0","52.00","341943.07","SABD0000000001","AAV1.0.0.11","2.0.0.28","PSt7-10","000000-000","10/20/2017 9:36:39 AM","0000-00","0","no battery","V"
"10/20/2017","13:31:02","5","default","957498349","OXY5","141.401","min","153.632","μmol/L","Humid","21.229","deg","91190","µV","36.080","°C","1018.000","hPa","37.0","pmil","0","55.500","deg","20.000","°C","100.000","%a.s.","22.500","deg","20.000","°C","1013.000","hPa","0.861","-0.02056","0.00035","-0.00011","0","14.7","Humid","26.25","0","52.00","341943.83","SABD0000000001","AAV1.0.0.11","2.0.0.28","PSt7-10","000000-000","10/20/2017 9:36:39 AM","0000-00","0","no battery","V"
"10/20/2017","13:31:03","5","default","957498349","OXY5","141.418","min","153.672","μmol/L","Humid","21.235","deg","91178","µV","36.060","°C","1018.000","hPa","37.0","pmil","0","55.500","deg","20.000","°C","100.000","%a.s.","22.500","deg","20.000","°C","1013.000","hPa","0.861","-0.02056","0.00035","-0.00011","0","14.7","Humid","26.25","0","52.00","341950.62","SABD0000000001","AAV1.0.0.11","2.0.0.28","PSt7-10","000000-000","10/20/2017 9:36:39 AM","0000-00","0","no battery","V"
"10/20/2017","13:31:04","5","default","957498349","OXY5","141.435","min","153.608","μmol/L","Humid","21.237","deg","91196","µV","36.066","°C","1018.000","hPa","37.0","pmil","0","55.500","deg","20.000","°C","100.000","%a.s.","22.500","deg","20.000","°C","1013.000","hPa","0.861","-0.02056","0.00035","-0.00011","0","14.7","Humid","26.25","0","52.00","341956.77","SABD0000000001","AAV1.0.0.11","2.0.0.28","PSt7-10","000000-000","10/20/2017 9:36:39 AM","0000-00","0","no battery","V"
"10/20/2017","13:31:05","5","default","957498349","OXY5","141.452","min","153.551","μmol/L","Humid","21.236","deg","91188","µV","36.078","°C","1018.000","hPa","37.0","pmil","0","55.500","deg","20.000","°C","100.000","%a.s.","22.500","deg","20.000","°C","1013.000","hPa","0.861","-0.02056","0.00035","-0.00011","0","14.7","Humid","26.25","0","52.00","341953.94","SABD0000000001","AAV1.0.0.11","2.0.0.28","PSt7-10","000000-000","10/20/2017 9:36:39 AM","0000-00","0","no battery","V"
"10/20/2017","13:31:06","5","default","957498349","OXY5","141.468","min","153.650","μmol/L","Humid","21.232","deg","91182","µV","36.070","°C","1018.000","hPa","37.0","pmil","0","55.500","deg","20.000","°C","100.000","%a.s.","22.500","deg","20.000","°C","1013.000","hPa","0.861","-0.02056","0.00035","-0.00011","0","14.7","Humid","26.25","0","52.00","341954.84","SABD0000000001","AAV1.0.0.11","2.0.0.28","PSt7-10","000000-000","10/20/2017 9:36:39 AM","0000-00","0","no battery","V"
"10/20/2017","13:31:07","5","default","957498349","OXY5","141.485","min","153.605","μmol/L","Humid","21.231","deg","91186","µV","36.080","°C","1018.000","hPa","37.0","pmil","0","55.500","deg","20.000","°C","100.000","%a.s.","22.500","deg","20.000","°C","1013.000","hPa","0.861","-0.02056","0.00035","-0.00011","0","14.7","Humid","26.25","0","52.00","341947.71","SABD0000000001","AAV1.0.0.11","2.0.0.28","PSt7-10","000000-000","10/20/2017 9:36:39 AM","0000-00","0","no battery","V"
"10/20/2017","13:31:08","5","default","957498349","OXY5","141.504","min","153.689","μmol/L","Humid","21.234","deg","91196","µV","36.059","°C","1018.000","hPa","37.0","pmil","0","55.500","deg","20.000","°C","100.000","%a.s.","22.500","deg","20.000","°C","1013.000","hPa","0.861","-0.02056","0.00035","-0.00011","0","14.7","Humid","26.25","0","52.00","341960.56","SABD0000000001","AAV1.0.0.11","2.0.0.28","PSt7-10","000000-000","10/20/2017 9:36:39 AM","0000-00","0","no battery","V"
"10/20/2017","13:31:09","5","default","957498349","OXY5","141.518","min","153.609","μmol/L","Humid","21.234","deg","91182","µV","36.073","°C","1018.000","hPa","37.0","pmil","0","55.500","deg","20.000","°C","100.000","%a.s.","22.500","deg","20.000","°C","1013.000","hPa","0.861","-0.02056","0.00035","-0.00011","0","14.7","Humid","26.25","0","52.00","341954.15","SABD0000000001","AAV1.0.0.11","2.0.0.28","PSt7-10","000000-000","10/20/2017 9:36:39 AM","0000-00","0","no battery","V"
"10/20/2017","13:31:10","5","default","957498349","OXY5","141.535","min","153.634","μmol/L","Humid","21.236","deg","91183","µV","36.064","°C","1018.000","hPa","37.0","pmil","0","55.500","deg","20.000","°C","100.000","%a.s.","22.500","deg","20.000","°C","1013.000","hPa","0.861","-0.02056","0.00035","-0.00011","0","14.7","Humid","26.25","0","52.00","341958.84","SABD0000000001","AAV1.0.0.11","2.0.0.28","PSt7-10","000000-000","10/20/2017 9:36:39 AM","0000-00","0","no battery","V"
"10/20/2017","13:31:11","5","default","957498349","OXY5","141.552","min","153.526","μmol/L","Humid","21.235","deg","91158","µV","36.084","°C","1018.000","hPa","37.0","pmil","0","55.500","deg","20.000","°C","100.000","%a.s.","22.500","deg","20.000","°C","1013.000","hPa","0.861","-0.02056","0.00035","-0.00011","0","14.7","Humid","26.25","0","52.00","341939.37","SABD0000000001","AAV1.0.0.11","2.0.0.28","PSt7-10","000000-000","10/20/2017 9:36:39 AM","0000-00","0","no battery","V"
"10/20/2017","13:31:12","5","default","957498349","OXY5","141.568","min","153.495","μmol/L","Humid","21.235","deg","91159","µV","36.090","°C","1018.000","hPa","37.0","pmil","0","55.500","deg","20.000","°C","100.000","%a.s.","22.500","deg","20.000","°C","1013.000","hPa","0.861","-0.02056","0.00035","-0.00011","0","14.7","Humid","26.25","0","52.00","341930.81","SABD0000000001","AAV1.0.0.11","2.0.0.28","PSt7-10","000000-000","10/20/2017 9:36:39 AM","0000-00","0","no battery","V"
"10/20/2017","13:31:13","5","default","957498349","OXY5","141.585","min","153.380","μmol/L","Humid","21.237","deg","91171","µV","36.105","°C","1018.000","hPa","37.0","pmil","0","55.500","deg","20.000","°C","100.000","%a.s.","22.500","deg","20.000","°C","1013.000","hPa","0.861","-0.02056","0.00035","-0.00011","0","14.7","Humid","26.25","0","52.00","341928.92","SABD0000000001","AAV1.0.0.11","2.0.0.28","PSt7-10","000000-000","10/20/2017 9:36:39 AM","0000-00","0","no battery","V"
"10/20/2017","13:31:14","5","default","957498349","OXY5","141.602","min","153.608","μmol/L","Humid","21.236","deg","91165","µV","36.068","°C","1018.000","hPa","37.0","pmil","0","55.500","deg","20.000","°C","100.000","%a.s.","22.500","deg","20.000","°C","1013.000","hPa","0.861","-0.02056","0.00035","-0.00011","0","14.7","Humid","26.25","0","52.00","341934.74","SABD0000000001","AAV1.0.0.11","2.0.0.28","PSt7-10","000000-000","10/20/2017 9:36:39 AM","0000-00","0","no battery","V"
"10/20/2017","13:31:15","5","default","957498349","OXY5","141.618","min","153.593","μmol/L","Humid","21.231","deg","91158","µV","36.082","°C","1018.000","hPa","37.0","pmil","0","55.500","deg","20.000","°C","100.000","%a.s.","22.500","deg","20.000","°C","1013.000","hPa","0.861","-0.02056","0.00035","-0.00011","0","14.7","Humid","26.25","0","52.00","341933.17","SABD0000000001","AAV1.0.0.11","2.0.0.28","PSt7-10","000000-000","10/20/2017 9:36:39 AM","0000-00","0","no battery","V"
"10/20/2017","13:31:16","5","default","957498349","OXY5","141.635","min","153.666","μmol/L","Humid","21.228","deg","91161","µV","36.077","°C","1018.000","hPa","37.0","pmil","0","55.500","deg","20.000","°C","100.000","%a.s.","22.500","deg","20.000","°C","1013.000","hPa","0.861","-0.02056","0.00035","-0.00011","0","14.7","Humid","26.25","0","52.00","341944.68","SABD0000000001","AAV1.0.0.11","2.0.0.28","PSt7-10","000000-000","10/20/2017 9:36:39 AM","0000-00","0","no battery","V"
"10/20/2017","13:31:17","5","default","957498349","OXY5","141.651","min","153.575","μmol/L","Humid","21.232","deg","91160","µV","36.083","°C","1018.000","hPa","37.0","pmil","0","55.500","deg","20.000","°C","100.000","%a.s.","22.500","deg","20.000","°C","1013.000","hPa","0.861","-0.02056","0.00035","-0.00011","0","14.7","Humid","26.25","0","52.00","341938.62","SABD0000000001","AAV1.0.0.11","2.0.0.28","PSt7-10","000000-000","10/20/2017 9:36:39 AM","0000-00","0","no battery","V"
"10/20/2017","13:31:18","5","default","957498349","OXY5","141.669","min","153.618","μmol/L","Humid","21.235","deg","91158","µV","36.069","°C","1018.000","hPa","37.0","pmil","0","55.500","deg","20.000","°C","100.000","%a.s.","22.500","deg","20.000","°C","1013.000","hPa","0.861","-0.02056","0.00035","-0.00011","0","14.7","Humid","26.25","0","52.00","341934.88","SABD0000000001","AAV1.0.0.11","2.0.0.28","PSt7-10","000000-000","10/20/2017 9:36:39 AM","0000-00","0","no battery","V"
"10/20/2017","13:31:19","5","default","957498349","OXY5","141.685","min","153.616","μmol/L","Humid","21.231","deg","91162","µV","36.078","°C","1018.000","hPa","37.0","pmil","0","55.500","deg","20.000","°C","100.000","%a.s.","22.500","deg","20.000","°C","1013.000","hPa","0.861","-0.02056","0.00035","-0.00011","0","14.7","Humid","26.25","0","52.00","341932.41","SABD0000000001","AAV1.0.0.11","2.0.0.28","PSt7-10","000000-000","10/20/2017 9:36:39 AM","0000-00","0","no battery","V"
"10/20/2017","13:31:20","5","default","957498349","OXY5","141.705","min","153.592","μmol/L","Humid","21.240","deg","91172","µV","36.061","°C","1018.000","hPa","37.0","pmil","0","55.500","deg","20.000","°C","100.000","%a.s.","22.500","deg","20.000","°C","1013.000","hPa","0.861","-0.02056","0.00035","-0.00011","0","14.7","Humid","26.25","0","52.00","341948.42","SABD0000000001","AAV1.0.0.11","2.0.0.28","PSt7-10","000000-000","10/20/2017 9:36:39 AM","0000-00","0","no battery","V"
"10/20/2017","13:31:21","5","default","957498349","OXY5","141.718","min","153.605","μmol/L","Humid","21.233","deg","91166","µV","36.076","°C","1018.000","hPa","37.0","pmil","0","55.500","deg","20.000","°C","100.000","%a.s.","22.500","deg","20.000","°C","1013.000","hPa","0.861","-0.02056","0.00035","-0.00011","0","14.7","Humid","26.25","0","52.00","341937.66","SABD0000000001","AAV1.0.0.11","2.0.0.28","PSt7-10","000000-000","10/20/2017 9:36:39 AM","0000-00","0","no battery","V"
"10/20/2017","13:31:22","5","default","957498349","OXY5","141.734","min","153.588","μmol/L","Humid","21.236","deg","91159","µV","36.071","°C","1018.000","hPa","37.0","pmil","0","55.500","deg","20.000","°C","100.000","%a.s.","22.500","deg","20.000","°C","1013.000","hPa","0.861","-0.02056","0.00035","-0.00011","0","14.7","Humid","26.25","0","52.00","341951.73","SABD0000000001","AAV1.0.0.11","2.0.0.28","PSt7-10","000000-000","10/20/2017 9:36:39 AM","0000-00","0","no battery","V"
"10/20/2017","13:31:23","5","default","957498349","OXY5","141.751","min","153.541","μmol/L","Humid","21.232","deg","91180","µV","36.089","°C","1018.000","hPa","37.0","pmil","0","55.500","deg","20.000","°C","100.000","%a.s.","22.500","deg","20.000","°C","1013.000","hPa","0.861","-0.02056","0.00035","-0.00011","0","14.7","Humid","26.25","0","52.00","341947.92","SABD0000000001","AAV1.0.0.11","2.0.0.28","PSt7-10","000000-000","10/20/2017 9:36:39 AM","0000-00","0","no battery","V"
"10/20/2017","13:31:24","5","default","957498349","OXY5","141.768","min","153.681","μmol/L","Humid","21.230","deg","91174","µV","36.070","°C","1018.000","hPa","37.0","pmil","0","55.500","deg","20.000","°C","100.000","%a.s.","22.500","deg","20.000","°C","1013.000","hPa","0.861","-0.02056","0.00035","-0.00011","0","14.7","Humid","26.25","0","52.00","341939.09","SABD0000000001","AAV1.0.0.11","2.0.0.28","PSt7-10","000000-000","10/20/2017 9:36:39 AM","0000-00","0","no battery","V"
"10/20/2017","13:31:25","5","default","957498349","OXY5","141.784","min","153.511","μmol/L","Humid","21.236","deg","91175","µV","36.085","°C","1018.000","hPa","37.0","pmil","0","55.500","deg","20.000","°C","100.000","%a.s.","22.500","deg","20.000","°C","1013.000","hPa","0.861","-0.02056","0.00035","-0.00011","0","14.7","Humid","26.25","0","52.00","341941.60","SABD0000000001","AAV1.0.0.11","2.0.0.28","PSt7-10","000000-000","10/20/2017 9:36:39 AM","0000-00","0","no battery","V"
"10/20/2017","13:31:26","5","default","957498349","OXY5","141.801","min","153.505","μmol/L","Humid","21.236","deg","91157","µV","36.086","°C","1018.000","hPa","37.0","pmil","0","55.500","deg","20.000","°C","100.000","%a.s.","22.500","deg","20.000","°C","1013.000","hPa","0.861","-0.02056","0.00035","-0.00011","0","14.7","Humid","26.25","0","52.00","341951.72","SABD0000000001","AAV1.0.0.11","2.0.0.28","PSt7-10","000000-000","10/20/2017 9:36:39 AM","0000-00","0","no battery","V"
"10/20/2017","13:31:27","5","default","957498349","OXY5","141.818","min","153.586","μmol/L","Humid","21.230","deg","90756","µV","36.086","°C","1018.000","hPa","37.0","pmil","0","55.500","deg","20.000","°C","100.000","%a.s.","22.500","deg","20.000","°C","1013.000","hPa","0.861","-0.02056","0.00035","-0.00011","0","14.7","Humid","26.25","0","52.00","341943.53","SABD0000000001","AAV1.0.0.11","2.0.0.28","PSt7-10","000000-000","10/20/2017 9:36:39 AM","0000-00","0","no battery","V"
"10/20/2017","13:31:28","5","default","957498349","OXY5","141.834","min","153.615","μmol/L","Humid","21.232","deg","90835","µV","36.076","°C","1018.000","hPa","37.0","pmil","0","55.500","deg","20.000","°C","100.000","%a.s.","22.500","deg","20.000","°C","1013.000","hPa","0.861","-0.02056","0.00035","-0.00011","0","14.7","Humid","26.25","0","52.00","341946.07","SABD0000000001","AAV1.0.0.11","2.0.0.28","PSt7-10","000000-000","10/20/2017 9:36:39 AM","0000-00","0","no battery","V"
"10/20/2017","13:31:29","5","default","957498349","OXY5","141.851","min","153.566","μmol/L","Humid","21.236","deg","91029","µV","36.075","°C","1018.000","hPa","37.0","pmil","0","55.500","deg","20.000","°C","100.000","%a.s.","22.500","deg","20.000","°C","1013.000","hPa","0.861","-0.02056","0.00035","-0.00011","0","14.7","Humid","26.25","0","52.00","341941.32","SABD0000000001","AAV1.0.0.11","2.0.0.28","PSt7-10","000000-000","10/20/2017 9:36:39 AM","0000-00","0","no battery","V"
"10/20/2017","13:31:30","5","default","957498349","OXY5","141.868","min","153.508","μmol/L","Humid","21.232","deg","91090","µV","36.094","°C","1018.000","hPa","37.0","pmil","0","55.500","deg","20.000","°C","100.000","%a.s.","22.500","deg","20.000","°C","1013.000","hPa","0.861","-0.02056","0.00035","-0.00011","0","14.7","Humid","26.25","0","52.00","341934.24","SABD0000000001","AAV1.0.0.11","2.0.0.28","PSt7-10","000000-000","10/20/2017 9:36:39 AM","0000-00","0","no battery","V"
"10/20/2017","13:31:31","5","default","957498349","OXY5","141.884","min","153.558","μmol/L","Humid","21.234","deg","91187","µV","36.081","°C","1018.000","hPa","37.0","pmil","0","55.500","deg","20.000","°C","100.000","%a.s.","22.500","deg","20.000","°C","1013.000","hPa","0.861","-0.02056","0.00035","-0.00011","0","14.7","Humid","26.25","0","52.00","341940.44","SABD0000000001","AAV1.0.0.11","2.0.0.28","PSt7-10","000000-000","10/20/2017 9:36:39 AM","0000-00","0","no battery","V"
"10/20/2017","13:31:32","5","default","957498349","OXY5","141.901","min","153.576","μmol/L","Humid","21.235","deg","91211","µV","36.076","°C","1018.000","hPa","37.0","pmil","0","55.500","deg","20.000","°C","100.000","%a.s.","22.500","deg","20.000","°C","1013.000","hPa","0.861","-0.02056","0.00035","-0.00011","0","14.7","Humid","26.25","0","52.00","341937.30","SABD0000000001","AAV1.0.0.11","2.0.0.28","PSt7-10","000000-000","10/20/2017 9:36:39 AM","0000-00","0","no battery","V"
"10/20/2017","13:31:33","5","default","957498349","OXY5","141.918","min","153.606","μmol/L","Humid","21.234","deg","91249","µV","36.073","°C","1018.000","hPa","37.0","pmil","0","55.500","deg","20.000","°C","100.000","%a.s.","22.500","deg","20.000","°C","1013.000","hPa","0.861","-0.02056","0.00035","-0.00011","0","14.7","Humid","26.25","0","52.00","341942.28","SABD0000000001","AAV1.0.0.11","2.0.0.28","PSt7-10","000000-000","10/20/2017 9:36:39 AM","0000-00","0","no battery","V"
"10/20/2017","13:31:34","5","default","957498349","OXY5","141.934","min","153.631","μmol/L","Humid","21.234","deg","91281","µV","36.069","°C","1018.000","hPa","37.0","pmil","0","55.500","deg","20.000","°C","100.000","%a.s.","22.500","deg","20.000","°C","1013.000","hPa","0.861","-0.02056","0.00035","-0.00011","0","14.7","Humid","26.25","0","52.00","341930.85","SABD0000000001","AAV1.0.0.11","2.0.0.28","PSt7-10","000000-000","10/20/2017 9:36:39 AM","0000-00","0","no battery","V"
"10/20/2017","13:31:35","5","default","957498349","OXY5","141.951","min","153.654","μmol/L","Humid","21.235","deg","91286","µV","36.063","°C","1018.000","hPa","37.0","pmil","0","55.500","deg","20.000","°C","100.000","%a.s.","22.500","deg","20.000","°C","1013.000","hPa","0.861","-0.02056","0.00035","-0.00011","0","14.7","Humid","26.25","0","52.00","341947.17","SABD0000000001","AAV1.0.0.11","2.0.0.28","PSt7-10","000000-000","10/20/2017 9:36:39 AM","0000-00","0","no battery","V"
"10/20/2017","13:31:36","5","default","957498349","OXY5","141.968","min","153.568","μmol/L","Humid","21.234","deg","91300","µV","36.080","°C","1018.000","hPa","37.0","pmil","0","55.500","deg","20.000","°C","100.000","%a.s.","22.500","deg","20.000","°C","1013.000","hPa","0.861","-0.02056","0.00035","-0.00011","0","14.7","Humid","26.25","0","52.00","341922.58","SABD0000000001","AAV1.0.0.11","2.0.0.28","PSt7-10","000000-000","10/20/2017 9:36:39 AM","0000-00","0","no battery","V"
"10/20/2017","13:31:37","5","default","957498349","OXY5","141.984","min","153.578","μmol/L","Humid","21.237","deg","91296","µV","36.071","°C","1018.000","hPa","37.0","pmil","0","55.500","deg","20.000","°C","100.000","%a.s.","22.500","deg","20.000","°C","1013.000","hPa","0.861","-0.02056","0.00035","-0.00011","0","14.7","Humid","26.25","0","52.00","341939.37","SABD0000000001","AAV1.0.0.11","2.0.0.28","PSt7-10","000000-000","10/20/2017 9:36:39 AM","0000-00","0","no battery","V"
"10/20/2017","13:31:38","5","default","957498349","OXY5","142.001","min","153.616","μmol/L","Humid","21.234","deg","91311","µV","36.071","°C","1018.000","hPa","37.0","pmil","0","55.500","deg","20.000","°C","100.000","%a.s.","22.500","deg","20.000","°C","1013.000","hPa","0.861","-0.02056","0.00035","-0.00011","0","14.7","Humid","26.25","0","52.00","341935.50","SABD0000000001","AAV1.0.0.11","2.0.0.28","PSt7-10","000000-000","10/20/2017 9:36:39 AM","0000-00","0","no battery","V"
"10/20/2017","13:31:39","5","default","957498349","OXY5","142.018","min","153.523","μmol/L","Humid","21.235","deg","91338","µV","36.085","°C","1018.000","hPa","37.0","pmil","0","55.500","deg","20.000","°C","100.000","%a.s.","22.500","deg","20.000","°C","1013.000","hPa","0.861","-0.02056","0.00035","-0.00011","0","14.7","Humid","26.25","0","52.00","341927.20","SABD0000000001","AAV1.0.0.11","2.0.0.28","PSt7-10","000000-000","10/20/2017 9:36:39 AM","0000-00","0","no battery","V"
"10/20/2017","13:31:40","5","default","957498349","OXY5","142.034","min","153.513","μmol/L","Humid","21.233","deg","91375","µV","36.091","°C","1018.000","hPa","37.0","pmil","0","55.500","deg","20.000","°C","100.000","%a.s.","22.500","deg","20.000","°C","1013.000","hPa","0.861","-0.02056","0.00035","-0.00011","0","14.7","Humid","26.25","0","52.00","341934.66","SABD0000000001","AAV1.0.0.11","2.0.0.28","PSt7-10","000000-000","10/20/2017 9:36:39 AM","0000-00","0","no battery","V"
"10/20/2017","13:31:41","5","default","957498349","OXY5","142.051","min","153.584","μmol/L","Humid","21.236","deg","91121","µV","36.072","°C","1018.000","hPa","37.0","pmil","0","55.500","deg","20.000","°C","100.000","%a.s.","22.500","deg","20.000","°C","1013.000","hPa","0.861","-0.02056","0.00035","-0.00011","0","14.7","Humid","26.25","0","52.00","341929.31","SABD0000000001","AAV1.0.0.11","2.0.0.28","PSt7-10","000000-000","10/20/2017 9:36:39 AM","0000-00","0","no battery","V"
"10/20/2017","13:31:42","5","default","957498349","OXY5","142.068","min","153.599","μmol/L","Humid","21.237","deg","91054","µV","36.067","°C","1018.000","hPa","37.0","pmil","0","55.500","deg","20.000","°C","100.000","%a.s.","22.500","deg","20.000","°C","1013.000","hPa","0.861","-0.02056","0.00035","-0.00011","0","14.7","Humid","26.25","0","52.00","341936.85","SABD0000000001","AAV1.0.0.11","2.0.0.28","PSt7-10","000000-000","10/20/2017 9:36:39 AM","0000-00","0","no battery","V"
"10/20/2017","13:31:43","5","default","957498349","OXY5","142.084","min","153.582","μmol/L","Humid","21.230","deg","91024","µV","36.087","°C","1018.000","hPa","37.0","pmil","0","55.500","deg","20.000","°C","100.000","%a.s.","22.500","deg","20.000","°C","1013.000","hPa","0.861","-0.02056","0.00035","-0.00011","0","14.7","Humid","26.25","0","52.00","341931.62","SABD0000000001","AAV1.0.0.11","2.0.0.28","PSt7-10","000000-000","10/20/2017 9:36:39 AM","0000-00","0","no battery","V"
"10/20/2017","13:31:44","5","default","957498349","OXY5","142.101","min","153.564","μmol/L","Humid","21.238","deg","91035","µV","36.071","°C","1018.000","hPa","37.0","pmil","0","55.500","deg","20.000","°C","100.000","%a.s.","22.500","deg","20.000","°C","1013.000","hPa","0.861","-0.02056","0.00035","-0.00011","0","14.7","Humid","26.25","0","52.00","341929.48","SABD0000000001","AAV1.0.0.11","2.0.0.28","PSt7-10","000000-000","10/20/2017 9:36:39 AM","0000-00","0","no battery","V"
"10/20/2017","13:31:45","5","default","957498349","OXY5","142.118","min","153.507","μmol/L","Humid","21.233","deg","91080","µV","36.092","°C","1018.000","hPa","37.0","pmil","0","55.500","deg","20.000","°C","100.000","%a.s.","22.500","deg","20.000","°C","1013.000","hPa","0.861","-0.02056","0.00035","-0.00011","0","14.7","Humid","26.25","0","52.00","341935.86","SABD0000000001","AAV1.0.0.11","2.0.0.28","PSt7-10","000000-000","10/20/2017 9:36:39 AM","0000-00","0","no battery","V"
"10/20/2017","13:31:46","5","default","957498349","OXY5","142.135","min","153.668","μmol/L","Humid","21.235","deg","91080","µV","36.060","°C","1018.000","hPa","37.0","pmil","0","55.500","deg","20.000","°C","100.000","%a.s.","22.500","deg","20.000","°C","1013.000","hPa","0.861","-0.02056","0.00035","-0.00011","0","14.7","Humid","26.25","0","52.00","341937.93","SABD0000000001","AAV1.0.0.11","2.0.0.28","PSt7-10","000000-000","10/20/2017 9:36:39 AM","0000-00","0","no battery","V"
"10/20/2017","13:31:47","5","default","957498349","OXY5","142.151","min","153.693","μmol/L","Humid","21.234","deg","91070","µV","36.058","°C","1018.000","hPa","37.0","pmil","0","55.500","deg","20.000","°C","100.000","%a.s.","22.500","deg","20.000","°C","1013.000","hPa","0.861","-0.02056","0.00035","-0.00011","0","14.7","Humid","26.25","0","52.00","341936.35","SABD0000000001","AAV1.0.0.11","2.0.0.28","PSt7-10","000000-000","10/20/2017 9:36:39 AM","0000-00","0","no battery","V"
"10/20/2017","13:31:48","5","default","957498349","OXY5","142.168","min","153.557","μmol/L","Humid","21.235","deg","91083","µV","36.079","°C","1018.000","hPa","37.0","pmil","0","55.500","deg","20.000","°C","100.000","%a.s.","22.500","deg","20.000","°C","1013.000","hPa","0.861","-0.02056","0.00035","-0.00011","0","14.7","Humid","26.25","0","52.00","341940.83","SABD0000000001","AAV1.0.0.11","2.0.0.28","PSt7-10","000000-000","10/20/2017 9:36:39 AM","0000-00","0","no battery","V"
"10/20/2017","13:31:49","5","default","957498349","OXY5","142.185","min","153.420","μmol/L","Humid","21.239","deg","91121","µV","36.093","°C","1018.000","hPa","37.0","pmil","0","55.500","deg","20.000","°C","100.000","%a.s.","22.500","deg","20.000","°C","1013.000","hPa","0.861","-0.02056","0.00035","-0.00011","0","14.7","Humid","26.25","0","52.00","341928.38","SABD0000000001","AAV1.0.0.11","2.0.0.28","PSt7-10","000000-000","10/20/2017 9:36:39 AM","0000-00","0","no battery","V"
"10/20/2017","13:31:50","5","default","957498349","OXY5","142.201","min","153.489","μmol/L","Humid","21.239","deg","91128","µV","36.081","°C","1018.000","hPa","37.0","pmil","0","55.500","deg","20.000","°C","100.000","%a.s.","22.500","deg","20.000","°C","1013.000","hPa","0.861","-0.02056","0.00035","-0.00011","0","14.7","Humid","26.25","0","52.00","341929.12","SABD0000000001","AAV1.0.0.11","2.0.0.28","PSt7-10","000000-000","10/20/2017 9:36:39 AM","0000-00","0","no battery","V"
"10/20/2017","13:31:51","5","default","957498349","OXY5","142.218","min","153.569","μmol/L","Humid","21.234","deg","91120","µV","36.079","°C","1018.000","hPa","37.0","pmil","0","55.500","deg","20.000","°C","100.000","%a.s.","22.500","deg","20.000","°C","1013.000","hPa","0.861","-0.02056","0.00035","-0.00011","0","14.7","Humid","26.25","0","52.00","341913.04","SABD0000000001","AAV1.0.0.11","2.0.0.28","PSt7-10","000000-000","10/20/2017 9:36:39 AM","0000-00","0","no battery","V"
"10/20/2017","13:31:52","5","default","957498349","OXY5","142.235","min","153.528","μmol/L","Humid","21.236","deg","91138","µV","36.082","°C","1018.000","hPa","37.0","pmil","0","55.500","deg","20.000","°C","100.000","%a.s.","22.500","deg","20.000","°C","1013.000","hPa","0.861","-0.02056","0.00035","-0.00011","0","14.7","Humid","26.25","0","52.00","341923.19","SABD0000000001","AAV1.0.0.11","2.0.0.28","PSt7-10","000000-000","10/20/2017 9:36:39 AM","0000-00","0","no battery","V"
"10/20/2017","13:31:53","5","default","957498349","OXY5","142.251","min","153.618","μmol/L","Humid","21.234","deg","90914","µV","36.071","°C","1018.000","hPa","37.0","pmil","0","55.500","deg","20.000","°C","100.000","%a.s.","22.500","deg","20.000","°C","1013.000","hPa","0.861","-0.02056","0.00035","-0.00011","0","14.7","Humid","26.25","0","52.00","341915.47","SABD0000000001","AAV1.0.0.11","2.0.0.28","PSt7-10","000000-000","10/20/2017 9:36:39 AM","0000-00","0","no battery","V"
"10/20/2017","13:31:54","5","default","957498349","OXY5","142.268","min","153.611","μmol/L","Humid","21.233","deg","91175","µV","36.075","°C","1018.000","hPa","37.0","pmil","0","55.500","deg","20.000","°C","100.000","%a.s.","22.500","deg","20.000","°C","1013.000","hPa","0.861","-0.02056","0.00035","-0.00011","0","14.7","Humid","26.25","0","52.00","341914.10","SABD0000000001","AAV1.0.0.11","2.0.0.28","PSt7-10","000000-000","10/20/2017 9:36:39 AM","0000-00","0","no battery","V"
"10/20/2017","13:31:55","5","default","957498349","OXY5","142.285","min","153.533","μmol/L","Humid","21.235","deg","91154","µV","36.083","°C","1018.000","hPa","37.0","pmil","0","55.500","deg","20.000","°C","100.000","%a.s.","22.500","deg","20.000","°C","1013.000","hPa","0.861","-0.02056","0.00035","-0.00011","0","14.7","Humid","26.25","0","52.00","341933.89","SABD0000000001","AAV1.0.0.11","2.0.0.28","PSt7-10","000000-000","10/20/2017 9:36:39 AM","0000-00","0","no battery","V"
"10/20/2017","13:31:56","5","default","957498349","OXY5","142.301","min","153.509","μmol/L","Humid","21.241","deg","91152","µV","36.073","°C","1018.000","hPa","37.0","pmil","0","55.500","deg","20.000","°C","100.000","%a.s.","22.500","deg","20.000","°C","1013.000","hPa","0.861","-0.02056","0.00035","-0.00011","0","14.7","Humid","26.25","0","52.00","341918.90","SABD0000000001","AAV1.0.0.11","2.0.0.28","PSt7-10","000000-000","10/20/2017 9:36:39 AM","0000-00","0","no battery","V"
"10/20/2017","13:31:57","5","default","957498349","OXY5","142.318","min","153.660","μmol/L","Humid","21.235","deg","91162","µV","36.062","°C","1018.000","hPa","37.0","pmil","0","55.500","deg","20.000","°C","100.000","%a.s.","22.500","deg","20.000","°C","1013.000","hPa","0.861","-0.02056","0.00035","-0.00011","0","14.7","Humid","26.25","0","52.00","341912.78","SABD0000000001","AAV1.0.0.11","2.0.0.28","PSt7-10","000000-000","10/20/2017 9:36:39 AM","0000-00","0","no battery","V"
"10/20/2017","13:31:58","5","default","957498349","OXY5","142.335","min","153.484","μmol/L","Humid","21.238","deg","91163","µV","36.085","°C","1018.000","hPa","37.0","pmil","0","55.500","deg","20.000","°C","100.000","%a.s.","22.500","deg","20.000","°C","1013.000","hPa","0.861","-0.02056","0.00035","-0.00011","0","14.7","Humid","26.25","0","52.00","341931.96","SABD0000000001","AAV1.0.0.11","2.0.0.28","PSt7-10","000000-000","10/20/2017 9:36:39 AM","0000-00","0","no battery","V"
"10/20/2017","13:31:59","5","default","957498349","OXY5","142.351","min","153.561","μmol/L","Humid","21.235","deg","91158","µV","36.078","°C","1018.000","hPa","37.0","pmil","0","55.500","deg","20.000","°C","100.000","%a.s.","22.500","deg","20.000","°C","1013.000","hPa","0.861","-0.02056","0.00035","-0.00011","0","14.7","Humid","26.25","0","52.00","341920.69","SABD0000000001","AAV1.0.0.11","2.0.0.28","PSt7-10","000000-000","10/20/2017 9:36:39 AM","0000-00","0","no battery","V"
"10/20/2017","13:32:00","5","default","957498349","OXY5","142.368","min","153.640","μmol/L","Humid","21.235","deg","91157","µV","36.065","°C","1018.000","hPa","37.0","pmil","0","55.500","deg","20.000","°C","100.000","%a.s.","22.500","deg","20.000","°C","1013.000","hPa","0.861","-0.02056","0.00035","-0.00011","0","14.7","Humid","26.25","0","52.00","341916.92","SABD0000000001","AAV1.0.0.11","2.0.0.28","PSt7-10","000000-000","10/20/2017 9:36:39 AM","0000-00","0","no battery","V"
"10/20/2017","13:32:01","5","default","957498349","OXY5","142.385","min","153.649","μmol/L","Humid","21.230","deg","91160","µV","36.075","°C","1018.000","hPa","37.0","pmil","0","55.500","deg","20.000","°C","100.000","%a.s.","22.500","deg","20.000","°C","1013.000","hPa","0.861","-0.02056","0.00035","-0.00011","0","14.7","Humid","26.25","0","52.00","341921.60","SABD0000000001","AAV1.0.0.11","2.0.0.28","PSt7-10","000000-000","10/20/2017 9:36:39 AM","0000-00","0","no battery","V"
"10/20/2017","13:32:02","5","default","957498349","OXY5","142.409","min","153.477","μmol/L","Humid","21.238","deg","91169","µV","36.086","°C","1018.000","hPa","37.0","pmil","0","55.500","deg","20.000","°C","100.000","%a.s.","22.500","deg","20.000","°C","1013.000","hPa","0.861","-0.02056","0.00035","-0.00011","0","14.7","Humid","26.25","0","52.00","341942.46","SABD0000000001","AAV1.0.0.11","2.0.0.28","PSt7-10","000000-000","10/20/2017 9:36:39 AM","0000-00","0","no battery","V"
"10/20/2017","13:32:03","5","default","957498349","OXY5","142.418","min","153.556","μmol/L","Humid","21.238","deg","91148","µV","36.072","°C","1018.000","hPa","37.0","pmil","0","55.500","deg","20.000","°C","100.000","%a.s.","22.500","deg","20.000","°C","1013.000","hPa","0.861","-0.02056","0.00035","-0.00011","0","14.7","Humid","26.25","0","52.00","341897.07","SABD0000000001","AAV1.0.0.11","2.0.0.28","PSt7-10","000000-000","10/20/2017 9:36:39 AM","0000-00","0","no battery","V"
"10/20/2017","13:32:04","5","default","957498349","OXY5","142.435","min","153.618","μmol/L","Humid","21.232","deg","91156","µV","36.076","°C","1018.000","hPa","37.0","pmil","0","55.500","deg","20.000","°C","100.000","%a.s.","22.500","deg","20.000","°C","1013.000","hPa","0.861","-0.02056","0.00035","-0.00011","0","14.7","Humid","26.25","0","52.00","341912.94","SABD0000000001","AAV1.0.0.11","2.0.0.28","PSt7-10","000000-000","10/20/2017 9:36:39 AM","0000-00","0","no battery","V"
"10/20/2017","13:32:05","5","default","957498349","OXY5","142.452","min","153.601","μmol/L","Humid","21.236","deg","91160","µV","36.069","°C","1018.000","hPa","37.0","pmil","0","55.500","deg","20.000","°C","100.000","%a.s.","22.500","deg","20.000","°C","1013.000","hPa","0.861","-0.02056","0.00035","-0.00011","0","14.7","Humid","26.25","0","52.00","341906.45","SABD0000000001","AAV1.0.0.11","2.0.0.28","PSt7-10","000000-000","10/20/2017 9:36:39 AM","0000-00","0","no battery","V"
"10/20/2017","13:32:06","5","default","957498349","OXY5","142.468","min","153.582","μmol/L","Humid","21.239","deg","91156","µV","36.065","°C","1018.000","hPa","37.0","pmil","0","55.500","deg","20.000","°C","100.000","%a.s.","22.500","deg","20.000","°C","1013.000","hPa","0.861","-0.02056","0.00035","-0.00011","0","14.7","Humid","26.25","0","52.00","341921.69","SABD0000000001","AAV1.0.0.11","2.0.0.28","PSt7-10","000000-000","10/20/2017 9:36:39 AM","0000-00","0","no battery","V"
"10/20/2017","13:32:07","5","default","957498349","OXY5","142.485","min","153.502","μmol/L","Humid","21.234","deg","91164","µV","36.091","°C","1018.000","hPa","37.0","pmil","0","55.500","deg","20.000","°C","100.000","%a.s.","22.500","deg","20.000","°C","1013.000","hPa","0.861","-0.02056","0.00035","-0.00011","0","14.7","Humid","26.25","0","52.00","341916.75","SABD0000000001","AAV1.0.0.11","2.0.0.28","PSt7-10","000000-000","10/20/2017 9:36:39 AM","0000-00","0","no battery","V"
"10/20/2017","13:32:08","5","default","957498349","OXY5","142.502","min","153.523","μmol/L","Humid","21.239","deg","91155","µV","36.076","°C","1018.000","hPa","37.0","pmil","0","55.500","deg","20.000","°C","100.000","%a.s.","22.500","deg","20.000","°C","1013.000","hPa","0.861","-0.02056","0.00035","-0.00011","0","14.7","Humid","26.25","0","52.00","341914.57","SABD0000000001","AAV1.0.0.11","2.0.0.28","PSt7-10","000000-000","10/20/2017 9:36:39 AM","0000-00","0","no battery","V"
"10/20/2017","13:32:09","5","default","957498349","OXY5","142.518","min","153.587","μmol/L","Humid","21.237","deg","91154","µV","36.069","°C","1018.000","hPa","37.0","pmil","0","55.500","deg","20.000","°C","100.000","%a.s.","22.500","deg","20.000","°C","1013.000","hPa","0.861","-0.02056","0.00035","-0.00011","0","14.7","Humid","26.25","0","52.00","341915.11","SABD0000000001","AAV1.0.0.11","2.0.0.28","PSt7-10","000000-000","10/20/2017 9:36:39 AM","0000-00","0","no battery","V"
"10/20/2017","13:32:10","5","default","957498349","OXY5","142.535","min","153.539","μmol/L","Humid","21.233","deg","91160","µV","36.087","°C","1018.000","hPa","37.0","pmil","0","55.500","deg","20.000","°C","100.000","%a.s.","22.500","deg","20.000","°C","1013.000","hPa","0.861","-0.02056","0.00035","-0.00011","0","14.7","Humid","26.25","0","52.00","341907.12","SABD0000000001","AAV1.0.0.11","2.0.0.28","PSt7-10","000000-000","10/20/2017 9:36:39 AM","0000-00","0","no battery","V"
"10/20/2017","13:32:11","5","default","957498349","OXY5","142.552","min","153.409","μmol/L","Humid","21.242","deg","91157","µV","36.088","°C","1018.000","hPa","37.0","pmil","0","55.500","deg","20.000","°C","100.000","%a.s.","22.500","deg","20.000","°C","1013.000","hPa","0.861","-0.02056","0.00035","-0.00011","0","14.7","Humid","26.25","0","52.00","341912.83","SABD0000000001","AAV1.0.0.11","2.0.0.28","PSt7-10","000000-000","10/20/2017 9:36:39 AM","0000-00","0","no battery","V"
"10/20/2017","13:32:12","5","default","957498349","OXY5","142.568","min","153.450","μmol/L","Humid","21.239","deg","91150","µV","36.088","°C","1018.000","hPa","37.0","pmil","0","55.500","deg","20.000","°C","100.000","%a.s.","22.500","deg","20.000","°C","1013.000","hPa","0.861","-0.02056","0.00035","-0.00011","0","14.7","Humid","26.25","0","52.00","341914.81","SABD0000000001","AAV1.0.0.11","2.0.0.28","PSt7-10","000000-000","10/20/2017 9:36:39 AM","0000-00","0","no battery","V"
"10/20/2017","13:32:13","5","default","957498349","OXY5","142.585","min","153.476","μmol/L","Humid","21.239","deg","91153","µV","36.084","°C","1018.000","hPa","37.0","pmil","0","55.500","deg","20.000","°C","100.000","%a.s.","22.500","deg","20.000","°C","1013.000","hPa","0.861","-0.02056","0.00035","-0.00011","0","14.7","Humid","26.25","0","52.00","341916.23","SABD0000000001","AAV1.0.0.11","2.0.0.28","PSt7-10","000000-000","10/20/2017 9:36:39 AM","0000-00","0","no battery","V"
"10/20/2017","13:32:15","5","default","957498349","OXY5","142.611","min","153.542","μmol/L","Humid","21.237","deg","91170","µV","36.077","°C","1018.000","hPa","37.0","pmil","0","55.500","deg","20.000","°C","100.000","%a.s.","22.500","deg","20.000","°C","1013.000","hPa","0.861","-0.02056","0.00035","-0.00011","0","14.7","Humid","26.25","0","52.00","341954.41","SABD0000000001","AAV1.0.0.11","2.0.0.28","PSt7-10","000000-000","10/20/2017 9:36:39 AM","0000-00","0","no battery","V"
"10/20/2017","13:32:16","5","default","957498349","OXY5","142.635","min","153.476","μmol/L","Humid","21.238","deg","91165","µV","36.086","°C","1018.000","hPa","37.0","pmil","0","55.500","deg","20.000","°C","100.000","%a.s.","22.500","deg","20.000","°C","1013.000","hPa","0.861","-0.02056","0.00035","-0.00011","0","14.7","Humid","26.25","0","52.00","341950.16","SABD0000000001","AAV1.0.0.11","2.0.0.28","PSt7-10","000000-000","10/20/2017 9:36:39 AM","0000-00","0","no battery","V"
"10/20/2017","13:32:17","5","default","957498349","OXY5","142.657","min","153.435","μmol/L","Humid","21.241","deg","91156","µV","36.086","°C","1018.000","hPa","37.0","pmil","0","55.500","deg","20.000","°C","100.000","%a.s.","22.500","deg","20.000","°C","1013.000","hPa","0.861","-0.02056","0.00035","-0.00011","0","14.7","Humid","26.25","0","52.00","341960.75","SABD0000000001","AAV1.0.0.11","2.0.0.28","PSt7-10","000000-000","10/20/2017 9:36:39 AM","0000-00","0","no battery","V"
"10/20/2017","13:32:18","5","default","957498349","OXY5","142.668","min","153.493","μmol/L","Humid","21.239","deg","91148","µV","36.081","°C","1018.000","hPa","37.0","pmil","0","55.500","deg","20.000","°C","100.000","%a.s.","22.500","deg","20.000","°C","1013.000","hPa","0.861","-0.02056","0.00035","-0.00011","0","14.7","Humid","26.25","0","52.00","341918.75","SABD0000000001","AAV1.0.0.11","2.0.0.28","PSt7-10","000000-000","10/20/2017 9:36:39 AM","0000-00","0","no battery","V"
"10/20/2017","13:32:19","5","default","957498349","OXY5","142.688","min","153.520","μmol/L","Humid","21.240","deg","91158","µV","36.074","°C","1018.000","hPa","37.0","pmil","0","55.500","deg","20.000","°C","100.000","%a.s.","22.500","deg","20.000","°C","1013.000","hPa","0.861","-0.02056","0.00035","-0.00011","0","14.7","Humid","26.25","0","52.00","341932.51","SABD0000000001","AAV1.0.0.11","2.0.0.28","PSt7-10","000000-000","10/20/2017 9:36:39 AM","0000-00","0","no battery","V"
"10/20/2017","13:32:20","5","default","957498349","OXY5","142.702","min","153.537","μmol/L","Humid","21.240","deg","91147","µV","36.071","°C","1018.000","hPa","37.0","pmil","0","55.500","deg","20.000","°C","100.000","%a.s.","22.500","deg","20.000","°C","1013.000","hPa","0.861","-0.02056","0.00035","-0.00011","0","14.7","Humid","26.25","0","52.00","341911.30","SABD0000000001","AAV1.0.0.11","2.0.0.28","PSt7-10","000000-000","10/20/2017 9:36:39 AM","0000-00","0","no battery","V"
"10/20/2017","13:32:21","5","default","957498349","OXY5","142.718","min","153.497","μmol/L","Humid","21.237","deg","91149","µV","36.085","°C","1018.000","hPa","37.0","pmil","0","55.500","deg","20.000","°C","100.000","%a.s.","22.500","deg","20.000","°C","1013.000","hPa","0.861","-0.02056","0.00035","-0.00011","0","14.7","Humid","26.25","0","52.00","341937.26","SABD0000000001","AAV1.0.0.11","2.0.0.28","PSt7-10","000000-000","10/20/2017 9:36:39 AM","0000-00","0","no battery","V"
"10/20/2017","13:32:22","5","default","957498349","OXY5","142.734","min","153.444","μmol/L","Humid","21.241","deg","91150","µV","36.084","°C","1018.000","hPa","37.0","pmil","0","55.500","deg","20.000","°C","100.000","%a.s.","22.500","deg","20.000","°C","1013.000","hPa","0.861","-0.02056","0.00035","-0.00011","0","14.7","Humid","26.25","0","52.00","341916.18","SABD0000000001","AAV1.0.0.11","2.0.0.28","PSt7-10","000000-000","10/20/2017 9:36:39 AM","0000-00","0","no battery","V"
"10/20/2017","13:32:23","5","default","957498349","OXY5","142.758","min","153.609","μmol/L","Humid","21.238","deg","91159","µV","36.063","°C","1018.000","hPa","37.0","pmil","0","55.500","deg","20.000","°C","100.000","%a.s.","22.500","deg","20.000","°C","1013.000","hPa","0.861","-0.02056","0.00035","-0.00011","0","14.7","Humid","26.25","0","52.00","341941.17","SABD0000000001","AAV1.0.0.11","2.0.0.28","PSt7-10","000000-000","10/20/2017 9:36:39 AM","0000-00","0","no battery","V"
"10/20/2017","13:32:24","5","default","957498349","OXY5","142.768","min","153.671","μmol/L","Humid","21.238","deg","91148","µV","36.053","°C","1018.000","hPa","37.0","pmil","0","55.500","deg","20.000","°C","100.000","%a.s.","22.500","deg","20.000","°C","1013.000","hPa","0.861","-0.02056","0.00035","-0.00011","0","14.7","Humid","26.25","0","52.00","341893.77","SABD0000000001","AAV1.0.0.11","2.0.0.28","PSt7-10","000000-000","10/20/2017 9:36:39 AM","0000-00","0","no battery","V"
"10/20/2017","13:32:25","5","default","957498349","OXY5","142.784","min","153.566","μmol/L","Humid","21.235","deg","91147","µV","36.078","°C","1018.000","hPa","37.0","pmil","0","55.500","deg","20.000","°C","100.000","%a.s.","22.500","deg","20.000","°C","1013.000","hPa","0.861","-0.02056","0.00035","-0.00011","0","14.7","Humid","26.25","0","52.00","341908.01","SABD0000000001","AAV1.0.0.11","2.0.0.28","PSt7-10","000000-000","10/20/2017 9:36:39 AM","0000-00","0","no battery","V"
"10/20/2017","13:32:26","5","default","957498349","OXY5","142.801","min","153.473","μmol/L","Humid","21.239","deg","91144","µV","36.084","°C","1018.000","hPa","37.0","pmil","0","55.500","deg","20.000","°C","100.000","%a.s.","22.500","deg","20.000","°C","1013.000","hPa","0.861","-0.02056","0.00035","-0.00011","0","14.7","Humid","26.25","0","52.00","341902.57","SABD0000000001","AAV1.0.0.11","2.0.0.28","PSt7-10","000000-000","10/20/2017 9:36:39 AM","0000-00","0","no battery","V"
"10/20/2017","13:32:27","5","default","957498349","OXY5","142.818","min","153.535","μmol/L","Humid","21.235","deg","91153","µV","36.083","°C","1018.000","hPa","37.0","pmil","0","55.500","deg","20.000","°C","100.000","%a.s.","22.500","deg","20.000","°C","1013.000","hPa","0.861","-0.02056","0.00035","-0.00011","0","14.7","Humid","26.25","0","52.00","341911.60","SABD0000000001","AAV1.0.0.11","2.0.0.28","PSt7-10","000000-000","10/20/2017 9:36:39 AM","0000-00","0","no battery","V"
"10/20/2017","13:32:28","5","default","957498349","OXY5","142.834","min","153.544","μmol/L","Humid","21.239","deg","91148","µV","36.072","°C","1018.000","hPa","37.0","pmil","0","55.500","deg","20.000","°C","100.000","%a.s.","22.500","deg","20.000","°C","1013.000","hPa","0.861","-0.02056","0.00035","-0.00011","0","14.7","Humid","26.25","0","52.00","341915.77","SABD0000000001","AAV1.0.0.11","2.0.0.28","PSt7-10","000000-000","10/20/2017 9:36:39 AM","0000-00","0","no battery","V"
"10/20/2017","13:32:29","5","default","957498349","OXY5","142.851","min","153.572","μmol/L","Humid","21.235","deg","91140","µV","36.077","°C","1018.000","hPa","37.0","pmil","0","55.500","deg","20.000","°C","100.000","%a.s.","22.500","deg","20.000","°C","1013.000","hPa","0.861","-0.02056","0.00035","-0.00011","0","14.7","Humid","26.25","0","52.00","341905.12","SABD0000000001","AAV1.0.0.11","2.0.0.28","PSt7-10","000000-000","10/20/2017 9:36:39 AM","0000-00","0","no battery","V"
"10/20/2017","13:32:30","5","default","957498349","OXY5","142.868","min","153.557","μmol/L","Humid","21.238","deg","91151","µV","36.072","°C","1018.000","hPa","37.0","pmil","0","55.500","deg","20.000","°C","100.000","%a.s.","22.500","deg","20.000","°C","1013.000","hPa","0.861","-0.02056","0.00035","-0.00011","0","14.7","Humid","26.25","0","52.00","341906.80","SABD0000000001","AAV1.0.0.11","2.0.0.28","PSt7-10","000000-000","10/20/2017 9:36:39 AM","0000-00","0","no battery","V"
"10/20/2017","13:32:31","5","default","957498349","OXY5","142.884","min","153.564","μmol/L","Humid","21.234","deg","91150","µV","36.080","°C","1018.000","hPa","37.0","pmil","0","55.500","deg","20.000","°C","100.000","%a.s.","22.500","deg","20.000","°C","1013.000","hPa","0.861","-0.02056","0.00035","-0.00011","0","14.7","Humid","26.25","0","52.00","341898.30","SABD0000000001","AAV1.0.0.11","2.0.0.28","PSt7-10","000000-000","10/20/2017 9:36:39 AM","0000-00","0","no battery","V"
"10/20/2017","13:32:32","5","default","957498349","OXY5","142.901","min","153.435","μmol/L","Humid","21.239","deg","91151","µV","36.091","°C","1018.000","hPa","37.0","pmil","0","55.500","deg","20.000","°C","100.000","%a.s.","22.500","deg","20.000","°C","1013.000","hPa","0.861","-0.02056","0.00035","-0.00011","0","14.7","Humid","26.25","0","52.00","341906.88","SABD0000000001","AAV1.0.0.11","2.0.0.28","PSt7-10","000000-000","10/20/2017 9:36:39 AM","0000-00","0","no battery","V"
"10/20/2017","13:32:33","5","default","957498349","OXY5","142.918","min","153.603","μmol/L","Humid","21.238","deg","91147","µV","36.064","°C","1018.000","hPa","37.0","pmil","0","55.500","deg","20.000","°C","100.000","%a.s.","22.500","deg","20.000","°C","1013.000","hPa","0.861","-0.02056","0.00035","-0.00011","0","14.7","Humid","26.25","0","52.00","341906.27","SABD0000000001","AAV1.0.0.11","2.0.0.28","PSt7-10","000000-000","10/20/2017 9:36:39 AM","0000-00","0","no battery","V"
"10/20/2017","13:32:34","5","default","957498349","OXY5","142.934","min","153.582","μmol/L","Humid","21.237","deg","91146","µV","36.070","°C","1018.000","hPa","37.0","pmil","0","55.500","deg","20.000","°C","100.000","%a.s.","22.500","deg","20.000","°C","1013.000","hPa","0.861","-0.02056","0.00035","-0.00011","0","14.7","Humid","26.25","0","52.00","341901.87","SABD0000000001","AAV1.0.0.11","2.0.0.28","PSt7-10","000000-000","10/20/2017 9:36:39 AM","0000-00","0","no battery","V"
"10/20/2017","13:32:35","5","default","957498349","OXY5","142.951","min","153.563","μmol/L","Humid","21.238","deg","91153","µV","36.071","°C","1018.000","hPa","37.0","pmil","0","55.500","deg","20.000","°C","100.000","%a.s.","22.500","deg","20.000","°C","1013.000","hPa","0.861","-0.02056","0.00035","-0.00011","0","14.7","Humid","26.25","0","52.00","341913.90","SABD0000000001","AAV1.0.0.11","2.0.0.28","PSt7-10","000000-000","10/20/2017 9:36:39 AM","0000-00","0","no battery","V"
"10/20/2017","13:32:36","5","default","957498349","OXY5","142.968","min","153.441","μmol/L","Humid","21.241","deg","91145","µV","36.085","°C","1018.000","hPa","37.0","pmil","0","55.500","deg","20.000","°C","100.000","%a.s.","22.500","deg","20.000","°C","1013.000","hPa","0.861","-0.02056","0.00035","-0.00011","0","14.7","Humid","26.25","0","52.00","341904.44","SABD0000000001","AAV1.0.0.11","2.0.0.28","PSt7-10","000000-000","10/20/2017 9:36:39 AM","0000-00","0","no battery","V"
"10/20/2017","13:32:37","5","default","957498349","OXY5","142.984","min","153.473","μmol/L","Humid","21.241","deg","91147","µV","36.079","°C","1018.000","hPa","37.0","pmil","0","55.500","deg","20.000","°C","100.000","%a.s.","22.500","deg","20.000","°C","1013.000","hPa","0.861","-0.02056","0.00035","-0.00011","0","14.7","Humid","26.25","0","52.00","341897.87","SABD0000000001","AAV1.0.0.11","2.0.0.28","PSt7-10","000000-000","10/20/2017 9:36:39 AM","0000-00","0","no battery","V"
"10/20/2017","13:32:38","5","default","957498349","OXY5","143.001","min","153.672","μmol/L","Humid","21.234","deg","91145","µV","36.062","°C","1018.000","hPa","37.0","pmil","0","55.500","deg","20.000","°C","100.000","%a.s.","22.500","deg","20.000","°C","1013.000","hPa","0.861","-0.02056","0.00035","-0.00011","0","14.7","Humid","26.25","0","52.00","341904.64","SABD0000000001","AAV1.0.0.11","2.0.0.28","PSt7-10","000000-000","10/20/2017 9:36:39 AM","0000-00","0","no battery","V"
"10/20/2017","13:32:39","5","default","957498349","OXY5","143.018","min","153.503","μmol/L","Humid","21.240","deg","91148","µV","36.076","°C","1018.000","hPa","37.0","pmil","0","55.500","deg","20.000","°C","100.000","%a.s.","22.500","deg","20.000","°C","1013.000","hPa","0.861","-0.02056","0.00035","-0.00011","0","14.7","Humid","26.25","0","52.00","341891.90","SABD0000000001","AAV1.0.0.11","2.0.0.28","PSt7-10","000000-000","10/20/2017 9:36:39 AM","0000-00","0","no battery","V"
"10/20/2017","13:32:40","5","default","957498349","OXY5","143.034","min","153.498","μmol/L","Humid","21.239","deg","91144","µV","36.080","°C","1018.000","hPa","37.0","pmil","0","55.500","deg","20.000","°C","100.000","%a.s.","22.500","deg","20.000","°C","1013.000","hPa","0.861","-0.02056","0.00035","-0.00011","0","14.7","Humid","26.25","0","52.00","341887.27","SABD0000000001","AAV1.0.0.11","2.0.0.28","PSt7-10","000000-000","10/20/2017 9:36:39 AM","0000-00","0","no battery","V"
"10/20/2017","13:32:41","5","default","957498349","OXY5","143.051","min","153.552","μmol/L","Humid","21.243","deg","91145","µV","36.061","°C","1018.000","hPa","37.0","pmil","0","55.500","deg","20.000","°C","100.000","%a.s.","22.500","deg","20.000","°C","1013.000","hPa","0.861","-0.02056","0.00035","-0.00011","0","14.7","Humid","26.25","0","52.00","341891.90","SABD0000000001","AAV1.0.0.11","2.0.0.28","PSt7-10","000000-000","10/20/2017 9:36:39 AM","0000-00","0","no battery","V"
"10/20/2017","13:32:42","5","default","957498349","OXY5","143.068","min","153.566","μmol/L","Humid","21.242","deg","91146","µV","36.061","°C","1018.000","hPa","37.0","pmil","0","55.500","deg","20.000","°C","100.000","%a.s.","22.500","deg","20.000","°C","1013.000","hPa","0.861","-0.02056","0.00035","-0.00011","0","14.7","Humid","26.25","0","52.00","341895.55","SABD0000000001","AAV1.0.0.11","2.0.0.28","PSt7-10","000000-000","10/20/2017 9:36:39 AM","0000-00","0","no battery","V"
"10/20/2017","13:32:43","5","default","957498349","OXY5","143.084","min","153.580","μmol/L","Humid","21.239","deg","91145","µV","36.066","°C","1018.000","hPa","37.0","pmil","0","55.500","deg","20.000","°C","100.000","%a.s.","22.500","deg","20.000","°C","1013.000","hPa","0.861","-0.02056","0.00035","-0.00011","0","14.7","Humid","26.25","0","52.00","341888.14","SABD0000000001","AAV1.0.0.11","2.0.0.28","PSt7-10","000000-000","10/20/2017 9:36:39 AM","0000-00","0","no battery","V"
"10/20/2017","13:32:44","5","default","957498349","OXY5","143.101","min","153.474","μmol/L","Humid","21.243","deg","91152","µV","36.075","°C","1018.000","hPa","37.0","pmil","0","55.500","deg","20.000","°C","100.000","%a.s.","22.500","deg","20.000","°C","1013.000","hPa","0.861","-0.02056","0.00035","-0.00011","0","14.7","Humid","26.25","0","52.00","341906.46","SABD0000000001","AAV1.0.0.11","2.0.0.28","PSt7-10","000000-000","10/20/2017 9:36:39 AM","0000-00","0","no battery","V"
"10/20/2017","13:32:45","5","default","957498349","OXY5","143.118","min","153.511","μmol/L","Humid","21.239","deg","91155","µV","36.077","°C","1018.000","hPa","37.0","pmil","0","55.500","deg","20.000","°C","100.000","%a.s.","22.500","deg","20.000","°C","1013.000","hPa","0.861","-0.02056","0.00035","-0.00011","0","14.7","Humid","26.25","0","52.00","341904.30","SABD0000000001","AAV1.0.0.11","2.0.0.28","PSt7-10","000000-000","10/20/2017 9:36:39 AM","0000-00","0","no battery","V"
"10/20/2017","13:32:46","5","default","957498349","OXY5","143.135","min","153.503","μmol/L","Humid","21.238","deg","91149","µV","36.081","°C","1018.000","hPa","37.0","pmil","0","55.500","deg","20.000","°C","100.000","%a.s.","22.500","deg","20.000","°C","1013.000","hPa","0.861","-0.02056","0.00035","-0.00011","0","14.7","Humid","26.25","0","52.00","341907.55","SABD0000000001","AAV1.0.0.11","2.0.0.28","PSt7-10","000000-000","10/20/2017 9:36:39 AM","0000-00","0","no battery","V"
"10/20/2017","13:32:47","5","default","957498349","OXY5","143.151","min","153.529","μmol/L","Humid","21.240","deg","91149","µV","36.072","°C","1018.000","hPa","37.0","pmil","0","55.500","deg","20.000","°C","100.000","%a.s.","22.500","deg","20.000","°C","1013.000","hPa","0.861","-0.02056","0.00035","-0.00011","0","14.7","Humid","26.25","0","52.00","341905.31","SABD0000000001","AAV1.0.0.11","2.0.0.28","PSt7-10","000000-000","10/20/2017 9:36:39 AM","0000-00","0","no battery","V"
"10/20/2017","13:32:48","5","default","957498349","OXY5","143.168","min","153.538","μmol/L","Humid","21.237","deg","91153","µV","36.078","°C","1018.000","hPa","37.0","pmil","0","55.500","deg","20.000","°C","100.000","%a.s.","22.500","deg","20.000","°C","1013.000","hPa","0.861","-0.02056","0.00035","-0.00011","0","14.7","Humid","26.25","0","52.00","341903.38","SABD0000000001","AAV1.0.0.11","2.0.0.28","PSt7-10","000000-000","10/20/2017 9:36:39 AM","0000-00","0","no battery","V"
"10/20/2017","13:32:49","5","default","957498349","OXY5","143.185","min","153.429","μmol/L","Humid","21.240","deg","91141","µV","36.089","°C","1018.000","hPa","37.0","pmil","0","55.500","deg","20.000","°C","100.000","%a.s.","22.500","deg","20.000","°C","1013.000","hPa","0.861","-0.02056","0.00035","-0.00011","0","14.7","Humid","26.25","0","52.00","341892.41","SABD0000000001","AAV1.0.0.11","2.0.0.28","PSt7-10","000000-000","10/20/2017 9:36:39 AM","0000-00","0","no battery","V"
"10/20/2017","13:32:50","5","default","957498349","OXY5","143.201","min","153.533","μmol/L","Humid","21.239","deg","91154","µV","36.074","°C","1018.000","hPa","37.0","pmil","0","55.500","deg","20.000","°C","100.000","%a.s.","22.500","deg","20.000","°C","1013.000","hPa","0.861","-0.02056","0.00035","-0.00011","0","14.7","Humid","26.25","0","52.00","341892.61","SABD0000000001","AAV1.0.0.11","2.0.0.28","PSt7-10","000000-000","10/20/2017 9:36:39 AM","0000-00","0","no battery","V"
"10/20/2017","13:32:51","5","default","957498349","OXY5","143.218","min","153.480","μmol/L","Humid","21.237","deg","91146","µV","36.087","°C","1018.000","hPa","37.0","pmil","0","55.500","deg","20.000","°C","100.000","%a.s.","22.500","deg","20.000","°C","1013.000","hPa","0.861","-0.02056","0.00035","-0.00011","0","14.7","Humid","26.25","0","52.00","341899.65","SABD0000000001","AAV1.0.0.11","2.0.0.28","PSt7-10","000000-000","10/20/2017 9:36:39 AM","0000-00","0","no battery","V"
"10/20/2017","13:32:52","5","default","957498349","OXY5","143.235","min","153.526","μmol/L","Humid","21.236","deg","91149","µV","36.082","°C","1018.000","hPa","37.0","pmil","0","55.500","deg","20.000","°C","100.000","%a.s.","22.500","deg","20.000","°C","1013.000","hPa","0.861","-0.02056","0.00035","-0.00011","0","14.7","Humid","26.25","0","52.00","341900.65","SABD0000000001","AAV1.0.0.11","2.0.0.28","PSt7-10","000000-000","10/20/2017 9:36:39 AM","0000-00","0","no battery","V"
"10/20/2017","13:32:53","5","default","957498349","OXY5","143.251","min","153.473","μmol/L","Humid","21.242","deg","91153","µV","36.077","°C","1018.000","hPa","37.0","pmil","0","55.500","deg","20.000","°C","100.000","%a.s.","22.500","deg","20.000","°C","1013.000","hPa","0.861","-0.02056","0.00035","-0.00011","0","14.7","Humid","26.25","0","52.00","341899.47","SABD0000000001","AAV1.0.0.11","2.0.0.28","PSt7-10","000000-000","10/20/2017 9:36:39 AM","0000-00","0","no battery","V"
"10/20/2017","13:32:54","5","default","957498349","OXY5","143.268","min","153.511","μmol/L","Humid","21.240","deg","91150","µV","36.075","°C","1018.000","hPa","37.0","pmil","0","55.500","deg","20.000","°C","100.000","%a.s.","22.500","deg","20.000","°C","1013.000","hPa","0.861","-0.02056","0.00035","-0.00011","0","14.7","Humid","26.25","0","52.00","341902.11","SABD0000000001","AAV1.0.0.11","2.0.0.28","PSt7-10","000000-000","10/20/2017 9:36:39 AM","0000-00","0","no battery","V"
"10/20/2017","13:32:55","5","default","957498349","OXY5","143.285","min","153.535","μmol/L","Humid","21.238","deg","91145","µV","36.076","°C","1018.000","hPa","37.0","pmil","0","55.500","deg","20.000","°C","100.000","%a.s.","22.500","deg","20.000","°C","1013.000","hPa","0.861","-0.02056","0.00035","-0.00011","0","14.7","Humid","26.25","0","52.00","341889.76","SABD0000000001","AAV1.0.0.11","2.0.0.28","PSt7-10","000000-000","10/20/2017 9:36:39 AM","0000-00","0","no battery","V"
"10/20/2017","13:32:56","5","default","957498349","OXY5","143.301","min","153.466","μmol/L","Humid","21.240","deg","91150","µV","36.083","°C","1018.000","hPa","37.0","pmil","0","55.500","deg","20.000","°C","100.000","%a.s.","22.500","deg","20.000","°C","1013.000","hPa","0.861","-0.02056","0.00035","-0.00011","0","14.7","Humid","26.25","0","52.00","341901.20","SABD0000000001","AAV1.0.0.11","2.0.0.28","PSt7-10","000000-000","10/20/2017 9:36:39 AM","0000-00","0","no battery","V"
"10/20/2017","13:32:57","5","default","957498349","OXY5","143.318","min","153.594","μmol/L","Humid","21.238","deg","91150","µV","36.066","°C","1018.000","hPa","37.0","pmil","0","55.500","deg","20.000","°C","100.000","%a.s.","22.500","deg","20.000","°C","1013.000","hPa","0.861","-0.02056","0.00035","-0.00011","0","14.7","Humid","26.25","0","52.00","341905.19","SABD0000000001","AAV1.0.0.11","2.0.0.28","PSt7-10","000000-000","10/20/2017 9:36:39 AM","0000-00","0","no battery","V"
"10/20/2017","13:32:58","5","default","957498349","OXY5","143.335","min","153.536","μmol/L","Humid","21.238","deg","91150","µV","36.076","°C","1018.000","hPa","37.0","pmil","0","55.500","deg","20.000","°C","100.000","%a.s.","22.500","deg","20.000","°C","1013.000","hPa","0.861","-0.02056","0.00035","-0.00011","0","14.7","Humid","26.25","0","52.00","341892.40","SABD0000000001","AAV1.0.0.11","2.0.0.28","PSt7-10","000000-000","10/20/2017 9:36:39 AM","0000-00","0","no battery","V"
"10/20/2017","13:32:59","5","default","957498349","OXY5","143.351","min","153.590","μmol/L","Humid","21.240","deg","91146","µV","36.062","°C","1018.000","hPa","37.0","pmil","0","55.500","deg","20.000","°C","100.000","%a.s.","22.500","deg","20.000","°C","1013.000","hPa","0.861","-0.02056","0.00035","-0.00011","0","14.7","Humid","26.25","0","52.00","341901.23","SABD0000000001","AAV1.0.0.11","2.0.0.28","PSt7-10","000000-000","10/20/2017 9:36:39 AM","0000-00","0","no battery","V"
"10/20/2017","13:33:00","5","default","957498349","OXY5","143.368","min","153.440","μmol/L","Humid","21.246","deg","91151","µV","36.073","°C","1018.000","hPa","37.0","pmil","0","55.500","deg","20.000","°C","100.000","%a.s.","22.500","deg","20.000","°C","1013.000","hPa","0.861","-0.02056","0.00035","-0.00011","0","14.7","Humid","26.25","0","52.00","341895.10","SABD0000000001","AAV1.0.0.11","2.0.0.28","PSt7-10","000000-000","10/20/2017 9:36:39 AM","0000-00","0","no battery","V"
"10/20/2017","13:33:01","5","default","957498349","OXY5","143.385","min","153.582","μmol/L","Humid","21.238","deg","91147","µV","36.068","°C","1018.000","hPa","37.0","pmil","0","55.500","deg","20.000","°C","100.000","%a.s.","22.500","deg","20.000","°C","1013.000","hPa","0.861","-0.02056","0.00035","-0.00011","0","14.7","Humid","26.25","0","52.00","341888.41","SABD0000000001","AAV1.0.0.11","2.0.0.28","PSt7-10","000000-000","10/20/2017 9:36:39 AM","0000-00","0","no battery","V"
"10/20/2017","13:33:02","5","default","957498349","OXY5","143.401","min","153.696","μmol/L","Humid","21.238","deg","91145","µV","36.048","°C","1018.000","hPa","37.0","pmil","0","55.500","deg","20.000","°C","100.000","%a.s.","22.500","deg","20.000","°C","1013.000","hPa","0.861","-0.02056","0.00035","-0.00011","0","14.7","Humid","26.25","0","52.00","341886.04","SABD0000000001","AAV1.0.0.11","2.0.0.28","PSt7-10","000000-000","10/20/2017 9:36:39 AM","0000-00","0","no battery","V"
"10/20/2017","13:33:03","5","default","957498349","OXY5","143.418","min","153.573","μmol/L","Humid","21.241","deg","91152","µV","36.062","°C","1018.000","hPa","37.0","pmil","0","55.500","deg","20.000","°C","100.000","%a.s.","22.500","deg","20.000","°C","1013.000","hPa","0.861","-0.02056","0.00035","-0.00011","0","14.7","Humid","26.25","0","52.00","341896.70","SABD0000000001","AAV1.0.0.11","2.0.0.28","PSt7-10","000000-000","10/20/2017 9:36:39 AM","0000-00","0","no battery","V"
"10/20/2017","13:33:04","5","default","957498349","OXY5","143.435","min","153.514","μmol/L","Humid","21.241","deg","91157","µV","36.072","°C","1018.000","hPa","37.0","pmil","0","55.500","deg","20.000","°C","100.000","%a.s.","22.500","deg","20.000","°C","1013.000","hPa","0.861","-0.02056","0.00035","-0.00011","0","14.7","Humid","26.25","0","52.00","341888.31","SABD0000000001","AAV1.0.0.11","2.0.0.28","PSt7-10","000000-000","10/20/2017 9:36:39 AM","0000-00","0","no battery","V"
"10/20/2017","13:33:05","5","default","957498349","OXY5","143.451","min","153.531","μmol/L","Humid","21.236","deg","91149","µV","36.081","°C","1018.000","hPa","37.0","pmil","0","55.500","deg","20.000","°C","100.000","%a.s.","22.500","deg","20.000","°C","1013.000","hPa","0.861","-0.02056","0.00035","-0.00011","0","14.7","Humid","26.25","0","52.00","341902.05","SABD0000000001","AAV1.0.0.11","2.0.0.28","PSt7-10","000000-000","10/20/2017 9:36:39 AM","0000-00","0","no battery","V"
"10/20/2017","13:33:06","5","default","957498349","OXY5","143.468","min","153.591","μmol/L","Humid","21.238","deg","91144","µV","36.066","°C","1018.000","hPa","37.0","pmil","0","55.500","deg","20.000","°C","100.000","%a.s.","22.500","deg","20.000","°C","1013.000","hPa","0.861","-0.02056","0.00035","-0.00011","0","14.7","Humid","26.25","0","52.00","341889.49","SABD0000000001","AAV1.0.0.11","2.0.0.28","PSt7-10","000000-000","10/20/2017 9:36:39 AM","0000-00","0","no battery","V"
"10/20/2017","13:33:07","5","default","957498349","OXY5","143.485","min","153.538","μmol/L","Humid","21.242","deg","91155","µV","36.066","°C","1018.000","hPa","37.0","pmil","0","55.500","deg","20.000","°C","100.000","%a.s.","22.500","deg","20.000","°C","1013.000","hPa","0.861","-0.02056","0.00035","-0.00011","0","14.7","Humid","26.25","0","52.00","341894.53","SABD0000000001","AAV1.0.0.11","2.0.0.28","PSt7-10","000000-000","10/20/2017 9:36:39 AM","0000-00","0","no battery","V"
"10/20/2017","13:33:08","5","default","957498349","OXY5","143.501","min","153.467","μmol/L","Humid","21.239","deg","91156","µV","36.085","°C","1018.000","hPa","37.0","pmil","0","55.500","deg","20.000","°C","100.000","%a.s.","22.500","deg","20.000","°C","1013.000","hPa","0.861","-0.02056","0.00035","-0.00011","0","14.7","Humid","26.25","0","52.00","341880.33","SABD0000000001","AAV1.0.0.11","2.0.0.28","PSt7-10","000000-000","10/20/2017 9:36:39 AM","0000-00","0","no battery","V"
"10/20/2017","13:33:09","5","default","957498349","OXY5","143.518","min","153.449","μmol/L","Humid","21.242","deg","91148","µV","36.081","°C","1018.000","hPa","37.0","pmil","0","55.500","deg","20.000","°C","100.000","%a.s.","22.500","deg","20.000","°C","1013.000","hPa","0.861","-0.02056","0.00035","-0.00011","0","14.7","Humid","26.25","0","52.00","341880.37","SABD0000000001","AAV1.0.0.11","2.0.0.28","PSt7-10","000000-000","10/20/2017 9:36:39 AM","0000-00","0","no battery","V"
"10/20/2017","13:33:10","5","default","957498349","OXY5","143.535","min","153.456","μmol/L","Humid","21.244","deg","91164","µV","36.075","°C","1018.000","hPa","37.0","pmil","0","55.500","deg","20.000","°C","100.000","%a.s.","22.500","deg","20.000","°C","1013.000","hPa","0.861","-0.02056","0.00035","-0.00011","0","14.7","Humid","26.25","0","52.00","341895.20","SABD0000000001","AAV1.0.0.11","2.0.0.28","PSt7-10","000000-000","10/20/2017 9:36:39 AM","0000-00","0","no battery","V"
"10/20/2017","13:33:11","5","default","957498349","OXY5","143.551","min","153.480","μmol/L","Humid","21.241","deg","91154","µV","36.078","°C","1018.000","hPa","37.0","pmil","0","55.500","deg","20.000","°C","100.000","%a.s.","22.500","deg","20.000","°C","1013.000","hPa","0.861","-0.02056","0.00035","-0.00011","0","14.7","Humid","26.25","0","52.00","341887.88","SABD0000000001","AAV1.0.0.11","2.0.0.28","PSt7-10","000000-000","10/20/2017 9:36:39 AM","0000-00","0","no battery","V"
"10/20/2017","13:33:12","5","default","957498349","OXY5","143.568","min","153.456","μmol/L","Humid","21.246","deg","91153","µV","36.071","°C","1018.000","hPa","37.0","pmil","0","55.500","deg","20.000","°C","100.000","%a.s.","22.500","deg","20.000","°C","1013.000","hPa","0.861","-0.02056","0.00035","-0.00011","0","14.7","Humid","26.25","0","52.00","341891.38","SABD0000000001","AAV1.0.0.11","2.0.0.28","PSt7-10","000000-000","10/20/2017 9:36:39 AM","0000-00","0","no battery","V"
"10/20/2017","13:33:13","5","default","957498349","OXY5","143.585","min","153.550","μmol/L","Humid","21.239","deg","91152","µV","36.071","°C","1018.000","hPa","37.0","pmil","0","55.500","deg","20.000","°C","100.000","%a.s.","22.500","deg","20.000","°C","1013.000","hPa","0.861","-0.02056","0.00035","-0.00011","0","14.7","Humid","26.25","0","52.00","341879.89","SABD0000000001","AAV1.0.0.11","2.0.0.28","PSt7-10","000000-000","10/20/2017 9:36:39 AM","0000-00","0","no battery","V"
"10/20/2017","13:33:14","5","default","957498349","OXY5","143.601","min","153.469","μmol/L","Humid","21.244","deg","91152","µV","36.073","°C","1018.000","hPa","37.0","pmil","0","55.500","deg","20.000","°C","100.000","%a.s.","22.500","deg","20.000","°C","1013.000","hPa","0.861","-0.02056","0.00035","-0.00011","0","14.7","Humid","26.25","0","52.00","341868.63","SABD0000000001","AAV1.0.0.11","2.0.0.28","PSt7-10","000000-000","10/20/2017 9:36:39 AM","0000-00","0","no battery","V"
"10/20/2017","13:33:15","5","default","957498349","OXY5","143.618","min","153.534","μmol/L","Humid","21.240","deg","91152","µV","36.071","°C","1018.000","hPa","37.0","pmil","0","55.500","deg","20.000","°C","100.000","%a.s.","22.500","deg","20.000","°C","1013.000","hPa","0.861","-0.02056","0.00035","-0.00011","0","14.7","Humid","26.25","0","52.00","341898.54","SABD0000000001","AAV1.0.0.11","2.0.0.28","PSt7-10","000000-000","10/20/2017 9:36:39 AM","0000-00","0","no battery","V"
"10/20/2017","13:33:16","5","default","957498349","OXY5","143.635","min","153.513","μmol/L","Humid","21.242","deg","91153","µV","36.070","°C","1018.000","hPa","37.0","pmil","0","55.500","deg","20.000","°C","100.000","%a.s.","22.500","deg","20.000","°C","1013.000","hPa","0.861","-0.02056","0.00035","-0.00011","0","14.7","Humid","26.25","0","52.00","341884.15","SABD0000000001","AAV1.0.0.11","2.0.0.28","PSt7-10","000000-000","10/20/2017 9:36:39 AM","0000-00","0","no battery","V"
"10/20/2017","13:33:17","5","default","957498349","OXY5","143.651","min","153.422","μmol/L","Humid","21.244","deg","91150","µV","36.081","°C","1018.000","hPa","37.0","pmil","0","55.500","deg","20.000","°C","100.000","%a.s.","22.500","deg","20.000","°C","1013.000","hPa","0.861","-0.02056","0.00035","-0.00011","0","14.7","Humid","26.25","0","52.00","341878.94","SABD0000000001","AAV1.0.0.11","2.0.0.28","PSt7-10","000000-000","10/20/2017 9:36:39 AM","0000-00","0","no battery","V"
"10/20/2017","13:33:18","5","default","957498349","OXY5","143.675","min","153.591","μmol/L","Humid","21.237","deg","91161","µV","36.069","°C","1018.000","hPa","37.0","pmil","0","55.500","deg","20.000","°C","100.000","%a.s.","22.500","deg","20.000","°C","1013.000","hPa","0.861","-0.02056","0.00035","-0.00011","0","14.7","Humid","26.25","0","52.00","341903.34","SABD0000000001","AAV1.0.0.11","2.0.0.28","PSt7-10","000000-000","10/20/2017 9:36:39 AM","0000-00","0","no battery","V"
"10/20/2017","13:33:19","5","default","957498349","OXY5","143.685","min","153.534","μmol/L","Humid","21.242","deg","91148","µV","36.067","°C","1018.000","hPa","37.0","pmil","0","55.500","deg","20.000","°C","100.000","%a.s.","22.500","deg","20.000","°C","1013.000","hPa","0.861","-0.02056","0.00035","-0.00011","0","14.7","Humid","26.25","0","52.00","341866.94","SABD0000000001","AAV1.0.0.11","2.0.0.28","PSt7-10","000000-000","10/20/2017 9:36:39 AM","0000-00","0","no battery","V"
"10/20/2017","13:33:20","5","default","957498349","OXY5","143.702","min","153.530","μmol/L","Humid","21.240","deg","91154","µV","36.072","°C","1018.000","hPa","37.0","pmil","0","55.500","deg","20.000","°C","100.000","%a.s.","22.500","deg","20.000","°C","1013.000","hPa","0.861","-0.02056","0.00035","-0.00011","0","14.7","Humid","26.25","0","52.00","341878.57","SABD0000000001","AAV1.0.0.11","2.0.0.28","PSt7-10","000000-000","10/20/2017 9:36:39 AM","0000-00","0","no battery","V"
"10/20/2017","13:33:21","5","default","957498349","OXY5","143.718","min","153.652","μmol/L","Humid","21.241","deg","91151","µV","36.049","°C","1018.000","hPa","37.0","pmil","0","55.500","deg","20.000","°C","100.000","%a.s.","22.500","deg","20.000","°C","1013.000","hPa","0.861","-0.02056","0.00035","-0.00011","0","14.7","Humid","26.25","0","52.00","341887.24","SABD0000000001","AAV1.0.0.11","2.0.0.28","PSt7-10","000000-000","10/20/2017 9:36:39 AM","0000-00","0","no battery","V"
"10/20/2017","13:33:22","5","default","957498349","OXY5","143.735","min","153.489","μmol/L","Humid","21.244","deg","91158","µV","36.070","°C","1018.000","hPa","37.0","pmil","0","55.500","deg","20.000","°C","100.000","%a.s.","22.500","deg","20.000","°C","1013.000","hPa","0.861","-0.02056","0.00035","-0.00011","0","14.7","Humid","26.25","0","52.00","341885.00","SABD0000000001","AAV1.0.0.11","2.0.0.28","PSt7-10","000000-000","10/20/2017 9:36:39 AM","0000-00","0","no battery","V"
"10/20/2017","13:33:23","5","default","957498349","OXY5","143.752","min","153.429","μmol/L","Humid","21.245","deg","91160","µV","36.077","°C","1018.000","hPa","37.0","pmil","0","55.500","deg","20.000","°C","100.000","%a.s.","22.500","deg","20.000","°C","1013.000","hPa","0.861","-0.02056","0.00035","-0.00011","0","14.7","Humid","26.25","0","52.00","341888.46","SABD0000000001","AAV1.0.0.11","2.0.0.28","PSt7-10","000000-000","10/20/2017 9:36:39 AM","0000-00","0","no battery","V"
"10/20/2017","13:33:24","5","default","957498349","OXY5","143.768","min","153.457","μmol/L","Humid","21.240","deg","91158","µV","36.084","°C","1018.000","hPa","37.0","pmil","0","55.500","deg","20.000","°C","100.000","%a.s.","22.500","deg","20.000","°C","1013.000","hPa","0.861","-0.02056","0.00035","-0.00011","0","14.7","Humid","26.25","0","52.00","341892.93","SABD0000000001","AAV1.0.0.11","2.0.0.28","PSt7-10","000000-000","10/20/2017 9:36:39 AM","0000-00","0","no battery","V"
"10/20/2017","13:33:25","5","default","957498349","OXY5","143.785","min","153.469","μmol/L","Humid","21.244","deg","91152","µV","36.073","°C","1018.000","hPa","37.0","pmil","0","55.500","deg","20.000","°C","100.000","%a.s.","22.500","deg","20.000","°C","1013.000","hPa","0.861","-0.02056","0.00035","-0.00011","0","14.7","Humid","26.25","0","52.00","341879.78","SABD0000000001","AAV1.0.0.11","2.0.0.28","PSt7-10","000000-000","10/20/2017 9:36:39 AM","0000-00","0","no battery","V"
"10/20/2017","13:33:26","5","default","957498349","OXY5","143.802","min","153.563","μmol/L","Humid","21.246","deg","91156","µV","36.052","°C","1018.000","hPa","37.0","pmil","0","55.500","deg","20.000","°C","100.000","%a.s.","22.500","deg","20.000","°C","1013.000","hPa","0.861","-0.02056","0.00035","-0.00011","0","14.7","Humid","26.25","0","52.00","341880.19","SABD0000000001","AAV1.0.0.11","2.0.0.28","PSt7-10","000000-000","10/20/2017 9:36:39 AM","0000-00","0","no battery","V"
"10/20/2017","13:33:27","5","default","957498349","OXY5","143.818","min","153.483","μmol/L","Humid","21.241","deg","91156","µV","36.078","°C","1018.000","hPa","37.0","pmil","0","55.500","deg","20.000","°C","100.000","%a.s.","22.500","deg","20.000","°C","1013.000","hPa","0.861","-0.02056","0.00035","-0.00011","0","14.7","Humid","26.25","0","52.00","341885.01","SABD0000000001","AAV1.0.0.11","2.0.0.28","PSt7-10","000000-000","10/20/2017 9:36:39 AM","0000-00","0","no battery","V"
"10/20/2017","13:33:28","5","default","957498349","OXY5","143.835","min","153.432","μmol/L","Humid","21.247","deg","91149","µV","36.072","°C","1018.000","hPa","37.0","pmil","0","55.500","deg","20.000","°C","100.000","%a.s.","22.500","deg","20.000","°C","1013.000","hPa","0.861","-0.02056","0.00035","-0.00011","0","14.7","Humid","26.25","0","52.00","341879.72","SABD0000000001","AAV1.0.0.11","2.0.0.28","PSt7-10","000000-000","10/20/2017 9:36:39 AM","0000-00","0","no battery","V"
"10/20/2017","13:33:29","5","default","957498349","OXY5","143.852","min","153.508","μmol/L","Humid","21.243","deg","91149","µV","36.069","°C","1018.000","hPa","37.0","pmil","0","55.500","deg","20.000","°C","100.000","%a.s.","22.500","deg","20.000","°C","1013.000","hPa","0.861","-0.02056","0.00035","-0.00011","0","14.7","Humid","26.25","0","52.00","341872.09","SABD0000000001","AAV1.0.0.11","2.0.0.28","PSt7-10","000000-000","10/20/2017 9:36:39 AM","0000-00","0","no battery","V"
"10/20/2017","13:33:30","5","default","957498349","OXY5","143.868","min","153.500","μmol/L","Humid","21.245","deg","91153","µV","36.065","°C","1018.000","hPa","37.0","pmil","0","55.500","deg","20.000","°C","100.000","%a.s.","22.500","deg","20.000","°C","1013.000","hPa","0.861","-0.02056","0.00035","-0.00011","0","14.7","Humid","26.25","0","52.00","341883.57","SABD0000000001","AAV1.0.0.11","2.0.0.28","PSt7-10","000000-000","10/20/2017 9:36:39 AM","0000-00","0","no battery","V"
"10/20/2017","13:33:31","5","default","957498349","OXY5","143.891","min","153.484","μmol/L","Humid","21.240","deg","91162","µV","36.080","°C","1018.000","hPa","37.0","pmil","0","55.500","deg","20.000","°C","100.000","%a.s.","22.500","deg","20.000","°C","1013.000","hPa","0.861","-0.02056","0.00035","-0.00011","0","14.7","Humid","26.25","0","52.00","341891.12","SABD0000000001","AAV1.0.0.11","2.0.0.28","PSt7-10","000000-000","10/20/2017 9:36:39 AM","0000-00","0","no battery","V"
"10/20/2017","13:33:32","5","default","957498349","OXY5","143.901","min","153.633","μmol/L","Humid","21.237","deg","91140","µV","36.062","°C","1018.000","hPa","37.0","pmil","0","55.500","deg","20.000","°C","100.000","%a.s.","22.500","deg","20.000","°C","1013.000","hPa","0.861","-0.02056","0.00035","-0.00011","0","14.7","Humid","26.25","0","52.00","341870.98","SABD0000000001","AAV1.0.0.11","2.0.0.28","PSt7-10","000000-000","10/20/2017 9:36:39 AM","0000-00","0","no battery","V"
"10/20/2017","13:33:33","5","default","957498349","OXY5","143.918","min","153.462","μmol/L","Humid","21.245","deg","91151","µV","36.072","°C","1018.000","hPa","37.0","pmil","0","55.500","deg","20.000","°C","100.000","%a.s.","22.500","deg","20.000","°C","1013.000","hPa","0.861","-0.02056","0.00035","-0.00011","0","14.7","Humid","26.25","0","52.00","341872.13","SABD0000000001","AAV1.0.0.11","2.0.0.28","PSt7-10","000000-000","10/20/2017 9:36:39 AM","0000-00","0","no battery","V"
"10/20/2017","13:33:34","5","default","957498349","OXY5","143.935","min","153.521","μmol/L","Humid","21.243","deg","91153","µV","36.066","°C","1018.000","hPa","37.0","pmil","0","55.500","deg","20.000","°C","100.000","%a.s.","22.500","deg","20.000","°C","1013.000","hPa","0.861","-0.02056","0.00035","-0.00011","0","14.7","Humid","26.25","0","52.00","341875.71","SABD0000000001","AAV1.0.0.11","2.0.0.28","PSt7-10","000000-000","10/20/2017 9:36:39 AM","0000-00","0","no battery","V"
"10/20/2017","13:33:35","5","default","957498349","OXY5","143.951","min","153.571","μmol/L","Humid","21.241","deg","91157","µV","36.063","°C","1018.000","hPa","37.0","pmil","0","55.500","deg","20.000","°C","100.000","%a.s.","22.500","deg","20.000","°C","1013.000","hPa","0.861","-0.02056","0.00035","-0.00011","0","14.7","Humid","26.25","0","52.00","341867.83","SABD0000000001","AAV1.0.0.11","2.0.0.28","PSt7-10","000000-000","10/20/2017 9:36:39 AM","0000-00","0","no battery","V"
"10/20/2017","13:33:36","5","default","957498349","OXY5","143.968","min","153.547","μmol/L","Humid","21.243","deg","91146","µV","36.062","°C","1018.000","hPa","37.0","pmil","0","55.500","deg","20.000","°C","100.000","%a.s.","22.500","deg","20.000","°C","1013.000","hPa","0.861","-0.02056","0.00035","-0.00011","0","14.7","Humid","26.25","0","52.00","341865.73","SABD0000000001","AAV1.0.0.11","2.0.0.28","PSt7-10","000000-000","10/20/2017 9:36:39 AM","0000-00","0","no battery","V"
"10/20/2017","13:33:37","5","default","957498349","OXY5","143.985","min","153.476","μmol/L","Humid","21.246","deg","91151","µV","36.067","°C","1018.000","hPa","37.0","pmil","0","55.500","deg","20.000","°C","100.000","%a.s.","22.500","deg","20.000","°C","1013.000","hPa","0.861","-0.02056","0.00035","-0.00011","0","14.7","Humid","26.25","0","52.00","341864.85","SABD0000000001","AAV1.0.0.11","2.0.0.28","PSt7-10","000000-000","10/20/2017 9:36:39 AM","0000-00","0","no battery","V"
"10/20/2017","13:33:38","5","default","957498349","OXY5","144.001","min","153.387","μmol/L","Humid","21.244","deg","91152","µV","36.087","°C","1018.000","hPa","37.0","pmil","0","55.500","deg","20.000","°C","100.000","%a.s.","22.500","deg","20.000","°C","1013.000","hPa","0.861","-0.02056","0.00035","-0.00011","0","14.7","Humid","26.25","0","52.00","341882.56","SABD0000000001","AAV1.0.0.11","2.0.0.28","PSt7-10","000000-000","10/20/2017 9:36:39 AM","0000-00","0","no battery","V"
"10/20/2017","13:33:39","5","default","957498349","OXY5","144.018","min","153.632","μmol/L","Humid","21.240","deg","91154","µV","36.055","°C","1018.000","hPa","37.0","pmil","0","55.500","deg","20.000","°C","100.000","%a.s.","22.500","deg","20.000","°C","1013.000","hPa","0.861","-0.02056","0.00035","-0.00011","0","14.7","Humid","26.25","0","52.00","341871.97","SABD0000000001","AAV1.0.0.11","2.0.0.28","PSt7-10","000000-000","10/20/2017 9:36:39 AM","0000-00","0","no battery","V"
"10/20/2017","13:33:40","5","default","957498349","OXY5","144.035","min","153.574","μmol/L","Humid","21.246","deg","91159","µV","36.050","°C","1018.000","hPa","37.0","pmil","0","55.500","deg","20.000","°C","100.000","%a.s.","22.500","deg","20.000","°C","1013.000","hPa","0.861","-0.02056","0.00035","-0.00011","0","14.7","Humid","26.25","0","52.00","341878.48","SABD0000000001","AAV1.0.0.11","2.0.0.28","PSt7-10","000000-000","10/20/2017 9:36:39 AM","0000-00","0","no battery","V"
"10/20/2017","13:33:41","5","default","957498349","OXY5","144.051","min","153.534","μmol/L","Humid","21.242","deg","91162","µV","36.067","°C","1018.000","hPa","37.0","pmil","0","55.500","deg","20.000","°C","100.000","%a.s.","22.500","deg","20.000","°C","1013.000","hPa","0.861","-0.02056","0.00035","-0.00011","0","14.7","Humid","26.25","0","52.00","341865.79","SABD0000000001","AAV1.0.0.11","2.0.0.28","PSt7-10","000000-000","10/20/2017 9:36:39 AM","0000-00","0","no battery","V"
"10/20/2017","13:33:42","5","default","957498349","OXY5","144.068","min","153.436","μmol/L","Humid","21.244","deg","91162","µV","36.079","°C","1018.000","hPa","37.0","pmil","0","55.500","deg","20.000","°C","100.000","%a.s.","22.500","deg","20.000","°C","1013.000","hPa","0.861","-0.02056","0.00035","-0.00011","0","14.7","Humid","26.25","0","52.00","341868.34","SABD0000000001","AAV1.0.0.11","2.0.0.28","PSt7-10","000000-000","10/20/2017 9:36:39 AM","0000-00","0","no battery","V"
"10/20/2017","13:33:43","5","default","957498349","OXY5","144.085","min","153.461","μmol/L","Humid","21.244","deg","91158","µV","36.074","°C","1018.000","hPa","37.0","pmil","0","55.500","deg","20.000","°C","100.000","%a.s.","22.500","deg","20.000","°C","1013.000","hPa","0.861","-0.02056","0.00035","-0.00011","0","14.7","Humid","26.25","0","52.00","341874.46","SABD0000000001","AAV1.0.0.11","2.0.0.28","PSt7-10","000000-000","10/20/2017 9:36:39 AM","0000-00","0","no battery","V"
"10/20/2017","13:33:44","5","default","957498349","OXY5","144.101","min","153.407","μmol/L","Humid","21.246","deg","91159","µV","36.079","°C","1018.000","hPa","37.0","pmil","0","55.500","deg","20.000","°C","100.000","%a.s.","22.500","deg","20.000","°C","1013.000","hPa","0.861","-0.02056","0.00035","-0.00011","0","14.7","Humid","26.25","0","52.00","341867.02","SABD0000000001","AAV1.0.0.11","2.0.0.28","PSt7-10","000000-000","10/20/2017 9:36:39 AM","0000-00","0","no battery","V"
"10/20/2017","13:33:45","5","default","957498349","OXY5","144.118","min","153.548","μmol/L","Humid","21.242","deg","91164","µV","36.064","°C","1018.000","hPa","37.0","pmil","0","55.500","deg","20.000","°C","100.000","%a.s.","22.500","deg","20.000","°C","1013.000","hPa","0.861","-0.02056","0.00035","-0.00011","0","14.7","Humid","26.25","0","52.00","341873.97","SABD0000000001","AAV1.0.0.11","2.0.0.28","PSt7-10","000000-000","10/20/2017 9:36:39 AM","0000-00","0","no battery","V"
"10/20/2017","13:33:46","5","default","957498349","OXY5","144.135","min","153.471","μmol/L","Humid","21.243","deg","91152","µV","36.075","°C","1018.000","hPa","37.0","pmil","0","55.500","deg","20.000","°C","100.000","%a.s.","22.500","deg","20.000","°C","1013.000","hPa","0.861","-0.02056","0.00035","-0.00011","0","14.7","Humid","26.25","0","52.00","341867.33","SABD0000000001","AAV1.0.0.11","2.0.0.28","PSt7-10","000000-000","10/20/2017 9:36:39 AM","0000-00","0","no battery","V"
"10/20/2017","13:33:47","5","default","957498349","OXY5","144.151","min","153.470","μmol/L","Humid","21.244","deg","91162","µV","36.073","°C","1018.000","hPa","37.0","pmil","0","55.500","deg","20.000","°C","100.000","%a.s.","22.500","deg","20.000","°C","1013.000","hPa","0.861","-0.02056","0.00035","-0.00011","0","14.7","Humid","26.25","0","52.00","341878.99","SABD0000000001","AAV1.0.0.11","2.0.0.28","PSt7-10","000000-000","10/20/2017 9:36:39 AM","0000-00","0","no battery","V"
"10/20/2017","13:33:48","5","default","957498349","OXY5","144.168","min","153.561","μmol/L","Humid","21.241","deg","91153","µV","36.064","°C","1018.000","hPa","37.0","pmil","0","55.500","deg","20.000","°C","100.000","%a.s.","22.500","deg","20.000","°C","1013.000","hPa","0.861","-0.02056","0.00035","-0.00011","0","14.7","Humid","26.25","0","52.00","341882.60","SABD0000000001","AAV1.0.0.11","2.0.0.28","PSt7-10","000000-000","10/20/2017 9:36:39 AM","0000-00","0","no battery","V"
"10/20/2017","13:33:49","5","default","957498349","OXY5","144.185","min","153.442","μmol/L","Humid","21.247","deg","91156","µV","36.070","°C","1018.000","hPa","37.0","pmil","0","55.500","deg","20.000","°C","100.000","%a.s.","22.500","deg","20.000","°C","1013.000","hPa","0.861","-0.02056","0.00035","-0.00011","0","14.7","Humid","26.25","0","52.00","341871.86","SABD0000000001","AAV1.0.0.11","2.0.0.28","PSt7-10","000000-000","10/20/2017 9:36:39 AM","0000-00","0","no battery","V"
"10/20/2017","13:33:50","5","default","957498349","OXY5","144.201","min","153.469","μmol/L","Humid","21.244","deg","91162","µV","36.073","°C","1018.000","hPa","37.0","pmil","0","55.500","deg","20.000","°C","100.000","%a.s.","22.500","deg","20.000","°C","1013.000","hPa","0.861","-0.02056","0.00035","-0.00011","0","14.7","Humid","26.25","0","52.00","341876.40","SABD0000000001","AAV1.0.0.11","2.0.0.28","PSt7-10","000000-000","10/20/2017 9:36:39 AM","0000-00","0","no battery","V"
"10/20/2017","13:33:51","5","default","957498349","OXY5","144.218","min","153.446","μmol/L","Humid","21.249","deg","91161","µV","36.065","°C","1018.000","hPa","37.0","pmil","0","55.500","deg","20.000","°C","100.000","%a.s.","22.500","deg","20.000","°C","1013.000","hPa","0.861","-0.02056","0.00035","-0.00011","0","14.7","Humid","26.25","0","52.00","341879.56","SABD0000000001","AAV1.0.0.11","2.0.0.28","PSt7-10","000000-000","10/20/2017 9:36:39 AM","0000-00","0","no battery","V"
"10/20/2017","13:33:52","5","default","957498349","OXY5","144.235","min","153.407","μmol/L","Humid","21.246","deg","91162","µV","36.079","°C","1018.000","hPa","37.0","pmil","0","55.500","deg","20.000","°C","100.000","%a.s.","22.500","deg","20.000","°C","1013.000","hPa","0.861","-0.02056","0.00035","-0.00011","0","14.7","Humid","26.25","0","52.00","341881.45","SABD0000000001","AAV1.0.0.11","2.0.0.28","PSt7-10","000000-000","10/20/2017 9:36:39 AM","0000-00","0","no battery","V"
"10/20/2017","13:33:53","5","default","957498349","OXY5","144.252","min","153.532","μmol/L","Humid","21.244","deg","91154","µV","36.062","°C","1018.000","hPa","37.0","pmil","0","55.500","deg","20.000","°C","100.000","%a.s.","22.500","deg","20.000","°C","1013.000","hPa","0.861","-0.02056","0.00035","-0.00011","0","14.7","Humid","26.25","0","52.00","341864.76","SABD0000000001","AAV1.0.0.11","2.0.0.28","PSt7-10","000000-000","10/20/2017 9:36:39 AM","0000-00","0","no battery","V"
"10/20/2017","13:33:54","5","default","957498349","OXY5","144.268","min","153.626","μmol/L","Humid","21.244","deg","91129","µV","36.046","°C","1018.000","hPa","37.0","pmil","0","55.500","deg","20.000","°C","100.000","%a.s.","22.500","deg","20.000","°C","1013.000","hPa","0.861","-0.02056","0.00035","-0.00011","0","14.7","Humid","26.25","0","52.00","341866.55","SABD0000000001","AAV1.0.0.11","2.0.0.28","PSt7-10","000000-000","10/20/2017 9:36:39 AM","0000-00","0","no battery","V"
"10/20/2017","13:33:55","5","default","957498349","OXY5","144.285","min","153.509","μmol/L","Humid","21.244","deg","91183","µV","36.066","°C","1018.000","hPa","37.0","pmil","0","55.500","deg","20.000","°C","100.000","%a.s.","22.500","deg","20.000","°C","1013.000","hPa","0.861","-0.02056","0.00035","-0.00011","0","14.7","Humid","26.25","0","52.00","341849.72","SABD0000000001","AAV1.0.0.11","2.0.0.28","PSt7-10","000000-000","10/20/2017 9:36:39 AM","0000-00","0","no battery","V"
"10/20/2017","13:33:56","5","default","957498349","OXY5","144.302","min","153.481","μmol/L","Humid","21.248","deg","91180","µV","36.062","°C","1018.000","hPa","37.0","pmil","0","55.500","deg","20.000","°C","100.000","%a.s.","22.500","deg","20.000","°C","1013.000","hPa","0.861","-0.02056","0.00035","-0.00011","0","14.7","Humid","26.25","0","52.00","341857.65","SABD0000000001","AAV1.0.0.11","2.0.0.28","PSt7-10","000000-000","10/20/2017 9:36:39 AM","0000-00","0","no battery","V"
"10/20/2017","13:33:57","5","default","957498349","OXY5","144.318","min","153.596","μmol/L","Humid","21.243","deg","90854","µV","36.054","°C","1018.000","hPa","37.0","pmil","0","55.500","deg","20.000","°C","100.000","%a.s.","22.500","deg","20.000","°C","1013.000","hPa","0.861","-0.02056","0.00035","-0.00011","0","14.7","Humid","26.25","0","52.00","341875.61","SABD0000000001","AAV1.0.0.11","2.0.0.28","PSt7-10","000000-000","10/20/2017 9:36:39 AM","0000-00","0","no battery","V"
"10/20/2017","13:33:58","5","default","957498349","OXY5","144.335","min","153.466","μmol/L","Humid","21.245","deg","90820","µV","36.071","°C","1018.000","hPa","37.0","pmil","0","55.500","deg","20.000","°C","100.000","%a.s.","22.500","deg","20.000","°C","1013.000","hPa","0.861","-0.02056","0.00035","-0.00011","0","14.7","Humid","26.25","0","52.00","341871.01","SABD0000000001","AAV1.0.0.11","2.0.0.28","PSt7-10","000000-000","10/20/2017 9:36:39 AM","0000-00","0","no battery","V"
"10/20/2017","13:33:59","5","default","957498349","OXY5","144.352","min","153.533","μmol/L","Humid","21.246","deg","90817","µV","36.057","°C","1018.000","hPa","37.0","pmil","0","55.500","deg","20.000","°C","100.000","%a.s.","22.500","deg","20.000","°C","1013.000","hPa","0.861","-0.02056","0.00035","-0.00011","0","14.7","Humid","26.25","0","52.00","341873.01","SABD0000000001","AAV1.0.0.11","2.0.0.28","PSt7-10","000000-000","10/20/2017 9:36:39 AM","0000-00","0","no battery","V"
"10/20/2017","13:34:00","5","default","957498349","OXY5","144.368","min","153.601","μmol/L","Humid","21.246","deg","90802","µV","36.046","°C","1018.000","hPa","37.0","pmil","0","55.500","deg","20.000","°C","100.000","%a.s.","22.500","deg","20.000","°C","1013.000","hPa","0.861","-0.02056","0.00035","-0.00011","0","14.7","Humid","26.25","0","52.00","341873.99","SABD0000000001","AAV1.0.0.11","2.0.0.28","PSt7-10","000000-000","10/20/2017 9:36:39 AM","0000-00","0","no battery","V"
"10/20/2017","13:34:01","5","default","957498349","OXY5","144.385","min","153.540","μmol/L","Humid","21.241","deg","90802","µV","36.068","°C","1018.000","hPa","37.0","pmil","0","55.500","deg","20.000","°C","100.000","%a.s.","22.500","deg","20.000","°C","1013.000","hPa","0.861","-0.02056","0.00035","-0.00011","0","14.7","Humid","26.25","0","52.00","341872.18","SABD0000000001","AAV1.0.0.11","2.0.0.28","PSt7-10","000000-000","10/20/2017 9:36:39 AM","0000-00","0","no battery","V"
"10/20/2017","13:34:02","5","default","957498349","OXY5","144.402","min","153.415","μmol/L","Humid","21.248","deg","90802","µV","36.073","°C","1018.000","hPa","37.0","pmil","0","55.500","deg","20.000","°C","100.000","%a.s.","22.500","deg","20.000","°C","1013.000","hPa","0.861","-0.02056","0.00035","-0.00011","0","14.7","Humid","26.25","0","52.00","341860.61","SABD0000000001","AAV1.0.0.11","2.0.0.28","PSt7-10","000000-000","10/20/2017 9:36:39 AM","0000-00","0","no battery","V"
"10/20/2017","13:34:03","5","default","957498349","OXY5","144.418","min","153.279","μmol/L","Humid","21.246","deg","90800","µV","36.101","°C","1018.000","hPa","37.0","pmil","0","55.500","deg","20.000","°C","100.000","%a.s.","22.500","deg","20.000","°C","1013.000","hPa","0.861","-0.02056","0.00035","-0.00011","0","14.7","Humid","26.25","0","52.00","341867.91","SABD0000000001","AAV1.0.0.11","2.0.0.28","PSt7-10","000000-000","10/20/2017 9:36:39 AM","0000-00","0","no battery","V"
"10/20/2017","13:34:04","5","default","957498349","OXY5","144.435","min","153.536","μmol/L","Humid","21.247","deg","90810","µV","36.055","°C","1018.000","hPa","37.0","pmil","0","55.500","deg","20.000","°C","100.000","%a.s.","22.500","deg","20.000","°C","1013.000","hPa","0.861","-0.02056","0.00035","-0.00011","0","14.7","Humid","26.25","0","52.00","341864.40","SABD0000000001","AAV1.0.0.11","2.0.0.28","PSt7-10","000000-000","10/20/2017 9:36:39 AM","0000-00","0","no battery","V"
"10/20/2017","13:34:05","5","default","957498349","OXY5","144.452","min","153.446","μmol/L","Humid","21.244","deg","90806","µV","36.077","°C","1018.000","hPa","37.0","pmil","0","55.500","deg","20.000","°C","100.000","%a.s.","22.500","deg","20.000","°C","1013.000","hPa","0.861","-0.02056","0.00035","-0.00011","0","14.7","Humid","26.25","0","52.00","341867.94","SABD0000000001","AAV1.0.0.11","2.0.0.28","PSt7-10","000000-000","10/20/2017 9:36:39 AM","0000-00","0","no battery","V"
"10/20/2017","13:34:06","5","default","957498349","OXY5","144.468","min","153.406","μmol/L","Humid","21.245","deg","90799","µV","36.081","°C","1018.000","hPa","37.0","pmil","0","55.500","deg","20.000","°C","100.000","%a.s.","22.500","deg","20.000","°C","1013.000","hPa","0.861","-0.02056","0.00035","-0.00011","0","14.7","Humid","26.25","0","52.00","341878.88","SABD0000000001","AAV1.0.0.11","2.0.0.28","PSt7-10","000000-000","10/20/2017 9:36:39 AM","0000-00","0","no battery","V"
"10/20/2017","13:34:07","5","default","957498349","OXY5","144.485","min","153.457","μmol/L","Humid","21.246","deg","90800","µV","36.070","°C","1018.000","hPa","37.0","pmil","0","55.500","deg","20.000","°C","100.000","%a.s.","22.500","deg","20.000","°C","1013.000","hPa","0.861","-0.02056","0.00035","-0.00011","0","14.7","Humid","26.25","0","52.00","341863.48","SABD0000000001","AAV1.0.0.11","2.0.0.28","PSt7-10","000000-000","10/20/2017 9:36:39 AM","0000-00","0","no battery","V"
"10/20/2017","13:34:08","5","default","957498349","OXY5","144.502","min","153.517","μmol/L","Humid","21.243","deg","90802","µV","36.067","°C","1018.000","hPa","37.0","pmil","0","55.500","deg","20.000","°C","100.000","%a.s.","22.500","deg","20.000","°C","1013.000","hPa","0.861","-0.02056","0.00035","-0.00011","0","14.7","Humid","26.25","0","52.00","341868.42","SABD0000000001","AAV1.0.0.11","2.0.0.28","PSt7-10","000000-000","10/20/2017 9:36:39 AM","0000-00","0","no battery","V"
"10/20/2017","13:34:09","5","default","957498349","OXY5","144.518","min","153.556","μmol/L","Humid","21.242","deg","90806","µV","36.063","°C","1018.000","hPa","37.0","pmil","0","55.500","deg","20.000","°C","100.000","%a.s.","22.500","deg","20.000","°C","1013.000","hPa","0.861","-0.02056","0.00035","-0.00011","0","14.7","Humid","26.25","0","52.00","341865.86","SABD0000000001","AAV1.0.0.11","2.0.0.28","PSt7-10","000000-000","10/20/2017 9:36:39 AM","0000-00","0","no battery","V"
"10/20/2017","13:34:10","5","default","957498349","OXY5","144.535","min","153.541","μmol/L","Humid","21.244","deg","90793","µV","36.061","°C","1018.000","hPa","37.0","pmil","0","55.500","deg","20.000","°C","100.000","%a.s.","22.500","deg","20.000","°C","1013.000","hPa","0.861","-0.02056","0.00035","-0.00011","0","14.7","Humid","26.25","0","52.00","341847.72","SABD0000000001","AAV1.0.0.11","2.0.0.28","PSt7-10","000000-000","10/20/2017 9:36:39 AM","0000-00","0","no battery","V"
"10/20/2017","13:34:11","5","default","957498349","OXY5","144.552","min","153.386","μmol/L","Humid","21.247","deg","90801","µV","36.080","°C","1018.000","hPa","37.0","pmil","0","55.500","deg","20.000","°C","100.000","%a.s.","22.500","deg","20.000","°C","1013.000","hPa","0.861","-0.02056","0.00035","-0.00011","0","14.7","Humid","26.25","0","52.00","341838.83","SABD0000000001","AAV1.0.0.11","2.0.0.28","PSt7-10","000000-000","10/20/2017 9:36:39 AM","0000-00","0","no battery","V"
"10/20/2017","13:34:12","5","default","957498349","OXY5","144.568","min","153.472","μmol/L","Humid","21.250","deg","90799","µV","36.058","°C","1018.000","hPa","37.0","pmil","0","55.500","deg","20.000","°C","100.000","%a.s.","22.500","deg","20.000","°C","1013.000","hPa","0.861","-0.02056","0.00035","-0.00011","0","14.7","Humid","26.25","0","52.00","341862.84","SABD0000000001","AAV1.0.0.11","2.0.0.28","PSt7-10","000000-000","10/20/2017 9:36:39 AM","0000-00","0","no battery","V"
"10/20/2017","13:34:13","5","default","957498349","OXY5","144.585","min","153.485","μmol/L","Humid","21.244","deg","90801","µV","36.070","°C","1018.000","hPa","37.0","pmil","0","55.500","deg","20.000","°C","100.000","%a.s.","22.500","deg","20.000","°C","1013.000","hPa","0.861","-0.02056","0.00035","-0.00011","0","14.7","Humid","26.25","0","52.00","341886.84","SABD0000000001","AAV1.0.0.11","2.0.0.28","PSt7-10","000000-000","10/20/2017 9:36:39 AM","0000-00","0","no battery","V"
"10/20/2017","13:34:14","5","default","957498349","OXY5","144.602","min","153.654","μmol/L","Humid","21.243","deg","90800","µV","36.044","°C","1018.000","hPa","37.0","pmil","0","55.500","deg","20.000","°C","100.000","%a.s.","22.500","deg","20.000","°C","1013.000","hPa","0.861","-0.02056","0.00035","-0.00011","0","14.7","Humid","26.25","0","52.00","341860.16","SABD0000000001","AAV1.0.0.11","2.0.0.28","PSt7-10","000000-000","10/20/2017 9:36:39 AM","0000-00","0","no battery","V"
"10/20/2017","13:34:15","5","default","957498349","OXY5","144.618","min","153.448","μmol/L","Humid","21.249","deg","90805","µV","36.065","°C","1018.000","hPa","37.0","pmil","0","55.500","deg","20.000","°C","100.000","%a.s.","22.500","deg","20.000","°C","1013.000","hPa","0.861","-0.02056","0.00035","-0.00011","0","14.7","Humid","26.25","0","52.00","341847.03","SABD0000000001","AAV1.0.0.11","2.0.0.28","PSt7-10","000000-000","10/20/2017 9:36:39 AM","0000-00","0","no battery","V"
"10/20/2017","13:34:16","5","default","957498349","OXY5","144.635","min","153.503","μmol/L","Humid","21.247","deg","90799","µV","36.060","°C","1018.000","hPa","37.0","pmil","0","55.500","deg","20.000","°C","100.000","%a.s.","22.500","deg","20.000","°C","1013.000","hPa","0.861","-0.02056","0.00035","-0.00011","0","14.7","Humid","26.25","0","52.00","341852.27","SABD0000000001","AAV1.0.0.11","2.0.0.28","PSt7-10","000000-000","10/20/2017 9:36:39 AM","0000-00","0","no battery","V"
"10/20/2017","13:34:17","5","default","957498349","OXY5","144.652","min","153.572","μmol/L","Humid","21.247","deg","90798","µV","36.048","°C","1018.000","hPa","37.0","pmil","0","55.500","deg","20.000","°C","100.000","%a.s.","22.500","deg","20.000","°C","1013.000","hPa","0.861","-0.02056","0.00035","-0.00011","0","14.7","Humid","26.25","0","52.00","341858.30","SABD0000000001","AAV1.0.0.11","2.0.0.28","PSt7-10","000000-000","10/20/2017 9:36:39 AM","0000-00","0","no battery","V"
"10/20/2017","13:34:18","5","default","957498349","OXY5","144.668","min","153.675","μmol/L","Humid","21.243","deg","90799","µV","36.040","°C","1018.000","hPa","37.0","pmil","0","55.500","deg","20.000","°C","100.000","%a.s.","22.500","deg","20.000","°C","1013.000","hPa","0.861","-0.02056","0.00035","-0.00011","0","14.7","Humid","26.25","0","52.00","341869.03","SABD0000000001","AAV1.0.0.11","2.0.0.28","PSt7-10","000000-000","10/20/2017 9:36:39 AM","0000-00","0","no battery","V"
"10/20/2017","13:34:19","5","default","957498349","OXY5","144.685","min","153.503","μmol/L","Humid","21.248","deg","90804","µV","36.058","°C","1018.000","hPa","37.0","pmil","0","55.500","deg","20.000","°C","100.000","%a.s.","22.500","deg","20.000","°C","1013.000","hPa","0.861","-0.02056","0.00035","-0.00011","0","14.7","Humid","26.25","0","52.00","341861.68","SABD0000000001","AAV1.0.0.11","2.0.0.28","PSt7-10","000000-000","10/20/2017 9:36:39 AM","0000-00","0","no battery","V"
"10/20/2017","13:34:20","5","default","957498349","OXY5","144.702","min","153.354","μmol/L","Humid","21.249","deg","90796","µV","36.081","°C","1018.000","hPa","37.0","pmil","0","55.500","deg","20.000","°C","100.000","%a.s.","22.500","deg","20.000","°C","1013.000","hPa","0.861","-0.02056","0.00035","-0.00011","0","14.7","Humid","26.25","0","52.00","341853.23","SABD0000000001","AAV1.0.0.11","2.0.0.28","PSt7-10","000000-000","10/20/2017 9:36:39 AM","0000-00","0","no battery","V"
"10/20/2017","13:34:21","5","default","957498349","OXY5","144.718","min","153.314","μmol/L","Humid","21.245","deg","90798","µV","36.097","°C","1018.000","hPa","37.0","pmil","0","55.500","deg","20.000","°C","100.000","%a.s.","22.500","deg","20.000","°C","1013.000","hPa","0.861","-0.02056","0.00035","-0.00011","0","14.7","Humid","26.25","0","52.00","341856.08","SABD0000000001","AAV1.0.0.11","2.0.0.28","PSt7-10","000000-000","10/20/2017 9:36:39 AM","0000-00","0","no battery","V"
"10/20/2017","13:34:22","5","default","957498349","OXY5","144.735","min","153.582","μmol/L","Humid","21.244","deg","90802","µV","36.054","°C","1018.000","hPa","37.0","pmil","0","55.500","deg","20.000","°C","100.000","%a.s.","22.500","deg","20.000","°C","1013.000","hPa","0.861","-0.02056","0.00035","-0.00011","0","14.7","Humid","26.25","0","52.00","341843.36","SABD0000000001","AAV1.0.0.11","2.0.0.28","PSt7-10","000000-000","10/20/2017 9:36:39 AM","0000-00","0","no battery","V"
"10/20/2017","13:34:23","5","default","957498349","OXY5","144.752","min","153.430","μmol/L","Humid","21.248","deg","90804","µV","36.070","°C","1018.000","hPa","37.0","pmil","0","55.500","deg","20.000","°C","100.000","%a.s.","22.500","deg","20.000","°C","1013.000","hPa","0.861","-0.02056","0.00035","-0.00011","0","14.7","Humid","26.25","0","52.00","341857.21","SABD0000000001","AAV1.0.0.11","2.0.0.28","PSt7-10","000000-000","10/20/2017 9:36:39 AM","0000-00","0","no battery","V"
"10/20/2017","13:34:24","5","default","957498349","OXY5","144.768","min","153.531","μmol/L","Humid","21.245","deg","90804","µV","36.060","°C","1018.000","hPa","37.0","pmil","0","55.500","deg","20.000","°C","100.000","%a.s.","22.500","deg","20.000","°C","1013.000","hPa","0.861","-0.02056","0.00035","-0.00011","0","14.7","Humid","26.25","0","52.00","341863.18","SABD0000000001","AAV1.0.0.11","2.0.0.28","PSt7-10","000000-000","10/20/2017 9:36:39 AM","0000-00","0","no battery","V"
"10/20/2017","13:34:25","5","default","957498349","OXY5","144.785","min","153.476","μmol/L","Humid","21.248","deg","90800","µV","36.062","°C","1018.000","hPa","37.0","pmil","0","55.500","deg","20.000","°C","100.000","%a.s.","22.500","deg","20.000","°C","1013.000","hPa","0.861","-0.02056","0.00035","-0.00011","0","14.7","Humid","26.25","0","52.00","341845.72","SABD0000000001","AAV1.0.0.11","2.0.0.28","PSt7-10","000000-000","10/20/2017 9:36:39 AM","0000-00","0","no battery","V"
"10/20/2017","13:34:26","5","default","957498349","OXY5","144.802","min","153.445","μmol/L","Humid","21.246","deg","90803","µV","36.072","°C","1018.000","hPa","37.0","pmil","0","55.500","deg","20.000","°C","100.000","%a.s.","22.500","deg","20.000","°C","1013.000","hPa","0.861","-0.02056","0.00035","-0.00011","0","14.7","Humid","26.25","0","52.00","341863.82","SABD0000000001","AAV1.0.0.11","2.0.0.28","PSt7-10","000000-000","10/20/2017 9:36:39 AM","0000-00","0","no battery","V"
"10/20/2017","13:34:27","5","default","957498349","OXY5","144.818","min","153.469","μmol/L","Humid","21.246","deg","90800","µV","36.068","°C","1018.000","hPa","37.0","pmil","0","55.500","deg","20.000","°C","100.000","%a.s.","22.500","deg","20.000","°C","1013.000","hPa","0.861","-0.02056","0.00035","-0.00011","0","14.7","Humid","26.25","0","52.00","341850.54","SABD0000000001","AAV1.0.0.11","2.0.0.28","PSt7-10","000000-000","10/20/2017 9:36:39 AM","0000-00","0","no battery","V"
"10/20/2017","13:34:28","5","default","957498349","OXY5","144.835","min","153.515","μmol/L","Humid","21.250","deg","90803","µV","36.051","°C","1018.000","hPa","37.0","pmil","0","55.500","deg","20.000","°C","100.000","%a.s.","22.500","deg","20.000","°C","1013.000","hPa","0.861","-0.02056","0.00035","-0.00011","0","14.7","Humid","26.25","0","52.00","341847.36","SABD0000000001","AAV1.0.0.11","2.0.0.28","PSt7-10","000000-000","10/20/2017 9:36:39 AM","0000-00","0","no battery","V"
"10/20/2017","13:34:29","5","default","957498349","OXY5","144.852","min","153.411","μmol/L","Humid","21.249","deg","90805","µV","36.071","°C","1018.000","hPa","37.0","pmil","0","55.500","deg","20.000","°C","100.000","%a.s.","22.500","deg","20.000","°C","1013.000","hPa","0.861","-0.02056","0.00035","-0.00011","0","14.7","Humid","26.25","0","52.00","341851.27","SABD0000000001","AAV1.0.0.11","2.0.0.28","PSt7-10","000000-000","10/20/2017 9:36:39 AM","0000-00","0","no battery","V"
"10/20/2017","13:34:30","5","default","957498349","OXY5","144.868","min","153.450","μmol/L","Humid","21.250","deg","90798","µV","36.062","°C","1018.000","hPa","37.0","pmil","0","55.500","deg","20.000","°C","100.000","%a.s.","22.500","deg","20.000","°C","1013.000","hPa","0.861","-0.02056","0.00035","-0.00011","0","14.7","Humid","26.25","0","52.00","341843.73","SABD0000000001","AAV1.0.0.11","2.0.0.28","PSt7-10","000000-000","10/20/2017 9:36:39 AM","0000-00","0","no battery","V"
"10/20/2017","13:34:31","5","default","957498349","OXY5","144.885","min","153.445","μmol/L","Humid","21.245","deg","90802","µV","36.075","°C","1018.000","hPa","37.0","pmil","0","55.500","deg","20.000","°C","100.000","%a.s.","22.500","deg","20.000","°C","1013.000","hPa","0.861","-0.02056","0.00035","-0.00011","0","14.7","Humid","26.25","0","52.00","341862.41","SABD0000000001","AAV1.0.0.11","2.0.0.28","PSt7-10","000000-000","10/20/2017 9:36:39 AM","0000-00","0","no battery","V"
"10/20/2017","13:34:32","5","default","957498349","OXY5","144.902","min","153.575","μmol/L","Humid","21.246","deg","90810","µV","36.050","°C","1018.000","hPa","37.0","pmil","0","55.500","deg","20.000","°C","100.000","%a.s.","22.500","deg","20.000","°C","1013.000","hPa","0.861","-0.02056","0.00035","-0.00011","0","14.7","Humid","26.25","0","52.00","341846.82","SABD0000000001","AAV1.0.0.11","2.0.0.28","PSt7-10","000000-000","10/20/2017 9:36:39 AM","0000-00","0","no battery","V"
"10/20/2017","13:34:33","5","default","957498349","OXY5","144.918","min","153.522","μmol/L","Humid","21.247","deg","90798","µV","36.057","°C","1018.000","hPa","37.0","pmil","0","55.500","deg","20.000","°C","100.000","%a.s.","22.500","deg","20.000","°C","1013.000","hPa","0.861","-0.02056","0.00035","-0.00011","0","14.7","Humid","26.25","0","52.00","341856.52","SABD0000000001","AAV1.0.0.11","2.0.0.28","PSt7-10","000000-000","10/20/2017 9:36:39 AM","0000-00","0","no battery","V"
"10/20/2017","13:34:34","5","default","957498349","OXY5","144.935","min","153.469","μmol/L","Humid","21.250","deg","90805","µV","36.059","°C","1018.000","hPa","37.0","pmil","0","55.500","deg","20.000","°C","100.000","%a.s.","22.500","deg","20.000","°C","1013.000","hPa","0.861","-0.02056","0.00035","-0.00011","0","14.7","Humid","26.25","0","52.00","341861.55","SABD0000000001","AAV1.0.0.11","2.0.0.28","PSt7-10","000000-000","10/20/2017 9:36:39 AM","0000-00","0","no battery","V"
"10/20/2017","13:34:35","5","default","957498349","OXY5","144.951","min","153.586","μmol/L","Humid","21.243","deg","90804","µV","36.055","°C","1018.000","hPa","37.0","pmil","0","55.500","deg","20.000","°C","100.000","%a.s.","22.500","deg","20.000","°C","1013.000","hPa","0.861","-0.02056","0.00035","-0.00011","0","14.7","Humid","26.25","0","52.00","341846.57","SABD0000000001","AAV1.0.0.11","2.0.0.28","PSt7-10","000000-000","10/20/2017 9:36:39 AM","0000-00","0","no battery","V"
"10/20/2017","13:34:36","5","default","957498349","OXY5","144.968","min","153.505","μmol/L","Humid","21.247","deg","90800","µV","36.060","°C","1018.000","hPa","37.0","pmil","0","55.500","deg","20.000","°C","100.000","%a.s.","22.500","deg","20.000","°C","1013.000","hPa","0.861","-0.02056","0.00035","-0.00011","0","14.7","Humid","26.25","0","52.00","341847.15","SABD0000000001","AAV1.0.0.11","2.0.0.28","PSt7-10","000000-000","10/20/2017 9:36:39 AM","0000-00","0","no battery","V"
"10/20/2017","13:34:37","5","default","957498349","OXY5","144.984","min","153.472","μmol/L","Humid","21.248","deg","90801","µV","36.063","°C","1018.000","hPa","37.0","pmil","0","55.500","deg","20.000","°C","100.000","%a.s.","22.500","deg","20.000","°C","1013.000","hPa","0.861","-0.02056","0.00035","-0.00011","0","14.7","Humid","26.25","0","52.00","341833.83","SABD0000000001","AAV1.0.0.11","2.0.0.28","PSt7-10","000000-000","10/20/2017 9:36:39 AM","0000-00","0","no battery","V"
"10/20/2017","13:34:38","5","default","957498349","OXY5","145.001","min","153.450","μmol/L","Humid","21.250","deg","90804","µV","36.062","°C","1018.000","hPa","37.0","pmil","0","55.500","deg","20.000","°C","100.000","%a.s.","22.500","deg","20.000","°C","1013.000","hPa","0.861","-0.02056","0.00035","-0.00011","0","14.7","Humid","26.25","0","52.00","341859.74","SABD0000000001","AAV1.0.0.11","2.0.0.28","PSt7-10","000000-000","10/20/2017 9:36:39 AM","0000-00","0","no battery","V"
"10/20/2017","13:34:39","5","default","957498349","OXY5","145.018","min","153.433","μmol/L","Humid","21.244","deg","90806","µV","36.079","°C","1018.000","hPa","37.0","pmil","0","55.500","deg","20.000","°C","100.000","%a.s.","22.500","deg","20.000","°C","1013.000","hPa","0.861","-0.02056","0.00035","-0.00011","0","14.7","Humid","26.25","0","52.00","341847.14","SABD0000000001","AAV1.0.0.11","2.0.0.28","PSt7-10","000000-000","10/20/2017 9:36:39 AM","0000-00","0","no battery","V"
"10/20/2017","13:34:40","5","default","957498349","OXY5","145.034","min","153.395","μmol/L","Humid","21.248","deg","90798","µV","36.076","°C","1018.000","hPa","37.0","pmil","0","55.500","deg","20.000","°C","100.000","%a.s.","22.500","deg","20.000","°C","1013.000","hPa","0.861","-0.02056","0.00035","-0.00011","0","14.7","Humid","26.25","0","52.00","341840.42","SABD0000000001","AAV1.0.0.11","2.0.0.28","PSt7-10","000000-000","10/20/2017 9:36:39 AM","0000-00","0","no battery","V"
"10/20/2017","13:34:41","5","default","957498349","OXY5","145.051","min","153.484","μmol/L","Humid","21.250","deg","90797","µV","36.056","°C","1018.000","hPa","37.0","pmil","0","55.500","deg","20.000","°C","100.000","%a.s.","22.500","deg","20.000","°C","1013.000","hPa","0.861","-0.02056","0.00035","-0.00011","0","14.7","Humid","26.25","0","52.00","341839.44","SABD0000000001","AAV1.0.0.11","2.0.0.28","PSt7-10","000000-000","10/20/2017 9:36:39 AM","0000-00","0","no battery","V"
"10/20/2017","13:34:42","5","default","957498349","OXY5","145.068","min","153.411","μmol/L","Humid","21.248","deg","90809","µV","36.073","°C","1018.000","hPa","37.0","pmil","0","55.500","deg","20.000","°C","100.000","%a.s.","22.500","deg","20.000","°C","1013.000","hPa","0.861","-0.02056","0.00035","-0.00011","0","14.7","Humid","26.25","0","52.00","341857.47","SABD0000000001","AAV1.0.0.11","2.0.0.28","PSt7-10","000000-000","10/20/2017 9:36:39 AM","0000-00","0","no battery","V"
"10/20/2017","13:34:43","5","default","957498349","OXY5","145.084","min","153.325","μmol/L","Humid","21.250","deg","90805","µV","36.084","°C","1018.000","hPa","37.0","pmil","0","55.500","deg","20.000","°C","100.000","%a.s.","22.500","deg","20.000","°C","1013.000","hPa","0.861","-0.02056","0.00035","-0.00011","0","14.7","Humid","26.25","0","52.00","341832.10","SABD0000000001","AAV1.0.0.11","2.0.0.28","PSt7-10","000000-000","10/20/2017 9:36:39 AM","0000-00","0","no battery","V"
"10/20/2017","13:34:44","5","default","957498349","OXY5","145.101","min","153.367","μmol/L","Humid","21.251","deg","90809","µV","36.074","°C","1018.000","hPa","37.0","pmil","0","55.500","deg","20.000","°C","100.000","%a.s.","22.500","deg","20.000","°C","1013.000","hPa","0.861","-0.02056","0.00035","-0.00011","0","14.7","Humid","26.25","0","52.00","341848.50","SABD0000000001","AAV1.0.0.11","2.0.0.28","PSt7-10","000000-000","10/20/2017 9:36:39 AM","0000-00","0","no battery","V"
"10/20/2017","13:34:46","5","default","957498349","OXY5","145.138","min","153.565","μmol/L","Humid","21.246","deg","90831","µV","36.052","°C","1018.000","hPa","37.0","pmil","0","55.500","deg","20.000","°C","100.000","%a.s.","22.500","deg","20.000","°C","1013.000","hPa","0.861","-0.02056","0.00035","-0.00011","0","14.7","Humid","26.25","0","52.00","341901.93","SABD0000000001","AAV1.0.0.11","2.0.0.28","PSt7-10","000000-000","10/20/2017 9:36:39 AM","0000-00","0","no battery","V"
"10/20/2017","13:34:47","5","default","957498349","OXY5","145.152","min","153.499","μmol/L","Humid","21.250","deg","90818","µV","36.054","°C","1018.000","hPa","37.0","pmil","0","55.500","deg","20.000","°C","100.000","%a.s.","22.500","deg","20.000","°C","1013.000","hPa","0.861","-0.02056","0.00035","-0.00011","0","14.7","Humid","26.25","0","52.00","341877.69","SABD0000000001","AAV1.0.0.11","2.0.0.28","PSt7-10","000000-000","10/20/2017 9:36:39 AM","0000-00","0","no battery","V"
"10/20/2017","13:34:48","5","default","957498349","OXY5","145.168","min","153.421","μmol/L","Humid","21.250","deg","90819","µV","36.067","°C","1018.000","hPa","37.0","pmil","0","55.500","deg","20.000","°C","100.000","%a.s.","22.500","deg","20.000","°C","1013.000","hPa","0.861","-0.02056","0.00035","-0.00011","0","14.7","Humid","26.25","0","52.00","341872.48","SABD0000000001","AAV1.0.0.11","2.0.0.28","PSt7-10","000000-000","10/20/2017 9:36:39 AM","0000-00","0","no battery","V"

"Date","Time","delta_t","Device_Serial","Channel","User","Annotation"
